25 75
25 10154
25 1653
50 5296
25 1610
25 24063
25 25
50 175
25 1464
25 1283
50 2331
100 4688
25 282
25 2255
25 75
49 19382
25 25
25 75
75 499
50 5210
50 100
50 75
75 1200
25 50
25 150
50 172
25 325
25 3648
75 25
25 3798
25 25
50 3615
50 7454
100 325
50 150
25 50
25 100
25 275
50 25
25 6956
25 1452
25 50
25 1966
25 75
25 1377
175 25
25 1806
25 10166
25 427
25 25
25 1627
50 40
388 50
25 25
25 3522
100 3729
25 501
75 50
25 2775
25 5632
25 25
25 225
25 1601
25 150
25 275
25 172
25 25
25 4416
25 100
125 75
50 65688
25 978
50 926
25 836
75 7848
175 7831
25 4153
25 726
50 25
25 3892
50 156
25 11653
25 1951
50 13106
200 175
25 2487
25 192
25 951
50 25
25 50
25 2052
25 4420
25 4429
25 50
25 451
50 2307
25 225
25 4405
25 200
25 3194
150 5129
25 50
25 50
25 574
25 976
25 150
25 1444
25 5044
25 10654
25 75
25 239
125 4685
25 271
50 100
50 53
25 4349
25 50
25 4225
50 2721
25 225
25 175
25 2229
50 75
25 25
25 150
25 175
221 230
25 6936
25 877
25 250
25 125
25 152
25 75
200 75
25 1177
25 2833
25 125
50 225
25 50
25 2445
25 154
125 705
25 1602
25 171
25 3605
25 75
25 8826
25 1807
50 1172
25 1043
25 5030
150 1051
25 526
50 6267
175 666
25 200
25 2120
25 876
25 776
75 200
25 1519
50 1150
25 803
200 175
25 175
25 50
60 17525
100 75
75 6620
25 9424
200 6404
50 1215
25 229
25 75
25 75
25 2555
50 780
75 75
50 25
25 2411
75 75
25 7926
25 174
125 150
75 175
25 25
25 50
75 25
25 2493
25 2576
25 1202
25 460
25 432
25 100
30 50
25 812
25 25
25 7288
50 75
175 1027
25 1809
25 200
25 298
54 1252
25 779
25 3283
25 200
99 165
25 375
25 2376
75 191
25 50
25 125
25 401
25 2926
125 125
50 1852
50 25
25 254
25 25
25 1669
25 4023
25 1928
25 199
75 21965
75 1516
25 75
25 704
25 982
50 245
50 7256
25 300
25 189
25 3438
50 175
75 175
25 100
25 4988
25 2695
25 50
50 13467
25 3275
50 50
25 926
25 525
25 1857
50 150
25 1437
25 125
25 75
25 25
25 376
50 50
25 385
50 1404
25 279
25 2332
50 75
25 2783
75 50
25 37
50 4848
25 125
25 878
25 250
125 50
25 1478
25 50
25 1680
25 1102
75 5643
25 175
25 25
25 159
50 25
25 75
25 25
50 3723
25 2279
75 50
46 50
50 25
25 451
50 9442
175 225
125 2955
25 1416
25 879
25 50
125 1302
125 25
100 150
25 50
25 1603
50 50
25 570
25 4074
25 1352
25 25
25 3145
25 951
25 50
25 2943
25 2366
25 3010
50 162
50 50
25 1228
25 125
50 2004
50 235
25 176
50 50
50 3962
25 1059
50 75
50 4360
75 25
25 101
150 46
50 125
373 492
25 127
50 4262
50 8965
25 825
25 2598
25 25
25 2306
50 4241
89 125
25 1060
50 25
25 421
25 1793
25 2880
25 1077
25 1457
25 2063
25 75
50 426
25 50
150 8656
25 175
25 375
25 175
50 7294
25 8100
25 17799
50 1721
50 2521
50 1569
25 509
25 5621
25 6144
49 4450
25 3363
25 3314
50 187
75 75
25 2564
50 10261
75 1224
25 174
25 50
25 100
42 150
25 601
25 225
25 2099
25 100
25 2003
50 829
25 4831
25 2211
25 1277
25 1045
25 75
25 5881
25 1808
50 100
25 3702
25 25
75 25
150 400
25 492
25 1458
25 200
25 50
25 3879
75 1506
25 226
25 25
25 50
25 175
25 9709
25 184
25 1753
50 175
25 6028
175 578
100 150
25 2733
25 2053
25 25
50 180
25 3350
75 75
50 87
150 2925
25 11901
25 1174
25 376
25 476
50 200
25 151
25 3925
50 726
25 1735
25 50
75 1007
64 18484
25 2202
25 233
25 197
75 75
50 25
25 75
25 1059
25 175
25 25
25 9545
100 530
25 4909
25 1569
50 605
25 8071
25 499
25 225
70 778
25 175
55 2638
25 651
25 75
204 50
25 50
25 250
25 329
25 4586
25 2531
25 674
50 175
50 6180
25 120
25 225
75 676
250 601
25 2400
25 432
50 692
25 426
25 25
3894 25630
25 951
50 1779
25 50
25 2788
100 100
50 25
50 3127
25 100
25 50
50 16257
25 8547
150 125
25 25
25 225
25 822
115 4334
25 100
25 17515
25 50
50 150
25 275
50 50
25 11694
75 2429
25 1537
25 6861
50 175
50 25
25 22183
75 2052
50 1954
25 1942
75 25
25 376
8548 25
25 75
50 615
50 100
25 178
25 50
25 25
25 150
25 193
25 4029
25 2414
25 301
25 3326
25 375
25 125
26 6190
50 50
25 50
25 877
25 250
25 150
25 180
25 275
25 25
25 25
25 25
150 1427
25 75
25 10010
50 75
25 13152
75 50
100 3250
25 125
50 3523
25 175
75 751
25 100
175 2402
25 1501
25 100
25 125
50 50
25 25
175 2197
25 11271
25 724
25 25
50 5809
25 403
50 50
25 177
25 5666
50 8938
50 50
228 5730
25 50
100 50
50 125
75 125
25 225
25 325
25 566
25 150
25 148
25 9029
25 1222
25 2138
25 25610
25 211
25 558
50 50
25 6996
175 50
25 50
25 1804
25 351
125 4691
25 676
100 75
25 1306
25 7169
50 158
25 25
50 403
100 1009
25 200
25 75
50 1247
25 1392
50 200
25 10795
25 351
25 50
25 50
25 892
50 5446
25 2829
25 112
50 5922
25 300
178 25
175 25
50 100
25 198
25 100
150 217
25 169
25 1468
25 225
25 4566
50 3010
25 342
25 153
25 1652
1281 175
50 300
25 6290
25 2217
100 175
25 7691
50 50
100 1404
50 1068
50 125
75 409
25 1369
25 526
25 75
75 25
25 100
25 125
25 6688
25 1299
100 2694
741 5056
25 150
50 8839
25 250
25 547
50 150
25 1869
25 275
50 18194
25 4686
25 236
50 52
25 258
75 7199
25 876
25 75
25 476
25 1027
25 255
25 3751
50 50
50 3413
75 175
269 201
25 526
25 125
25 2506
25 3326
50 17343
25 7991
25 10844
75 4300
100 75
25 75
25 1863
25 2054
50 5681
25 300
175 167
50 976
25 75
25 2203
25 9790
25 1037
25 75
25 874
25 5146
75 175
25 7514
25 183
25 100
75 3093
50 25
224 1760
25 627
125 75
75 301
125 2645
50 50
25 901
25 50
25 3416
25 1578
25 2682
50 25
25 50
25 75
50 50
75 75
75 100
50 1794
25 125
50 726
100 877
175 1778
25 2106
25 100
25 2032
25 3662
25 75
75 1002
25 396
25 1227
25 11877
75 2149
75 5725
25 3065
50 1904
25 14798
25 150
50 878
25 671
25 50
75 1553
25 44952
25 333
125 28076
25 351
25 2983
25 1835
25 100
50 25
25 25
50 428
25 3522
25 1873
25 1653
25 3134
25 100
50 2647
25 8244
25 75
75 196
50 20515
50 50
25 951
25 100
25 2173
175 1553
25 75
25 376
25 75
25 1227
50 13251
25 5818
50 50
25 5775
50 125
25 5991
75 75
25 3520
222 9070
25 125
25 75
25 125
25 1077
50 25
50 1302
25 125
25 1728
25 1178
35 9887
25 150
25 175
25 4439
25 3224
25 23710
50 2942
25 7991
50 7444
25 88
75 3677
25 50
25 569
25 451
25 16406
25 15411
25 726
25 25
25 150
25 25
125 75
50 100
25 879
25 25
50 175
25 5873
25 301
25 150
25 1829
25 185
50 75
50 75
125 2403
25 26715
25 630
25 2331
44 50
50 50
25 50
25 2354
25 468
1015 828
25 150
536 7676
75 50
25 125
25 349
50 457
25 125
25 276
25 50
25 25
25 1479
50 85
25 25
25 6122
25 168
50 933
25 1652
50 7078
50 8166
25 50
25 136005
25 226
50 5497
25 200
100 601
25 219
50 175
25 25
25 1765
25 125
25 1680
50 75
25 25
50 175
100 50
75 10674
25 1152
50 75
50 9529
125 25
75 225
25 50
25 1679
25 426
226 725
25 50
25 50
25 187
25 25
25 50
25 50
25 7815
25 154
25 368
25 75
25 4318
50 1906
50 1703
25 100
25 7703
50 2750
25 150
25 5065
25 125
25 175
50 50
25 494
225 50
25 3495
50 2204
25 9555
100 25
25 3661
25 1225
25 275
50 1647
50 1986
25 10447
200 637
50 1664
50 50
25 25
25 75
25 4567
25 150
25 25
25 125
25 2794
25 3850
25 25
50 252
50 3333
25 50
75 175
25 25
25 5593
50 72
50 951
50 628
50 25
25 100
25 4473
25 1378
25 75
25 300
25 50
25 6881
25 2979
175 50
25 200
25 500
25 300
50 3634
25 9615
25 175
25 178
25 3604
25 826
50 1059
25 6502
25 75
50 30314
25 3681
25 5373
25 252
75 71
25 25
25 258
75 50
25 1888
25 10097
50 17140
100 1534
100 75
25 150
25 276
75 420
25 5423
25 390
50 476
25 25
25 100
25 25
50 11167
46 50
125 8764
25 626
25 25
25 10075
50 1415
25 4030
50 100
25 3575
25 102777
25 2678
50 3266
25 275
25 8310
35 4308
125 300
25 1826
50 1129
25 3646
25 150
50 726
50 150
50 21677
75 1127
25 239
25 501
25 1287
50 8499
50 1246
75 6490
25 50
25 1227
25 176
25 75
25 1154
25 2781
25 125
50 75
75 100
150 2450
25 175
50 1595
25 50
25 150
25 155
150 6495
25 501
25 230
46 3772
25 6253
25 175
25 781
125 75
25 2910
50 226
211 329
25 1845
25 7298
25 1885
50 426
25 100
50 175
25 50
75 20252
50 526
25 100
25 3697
25 150
25 50
25 798
25 4369
25 75
50 50
25 25
50 1581
50 484
25 50
50 3332
25 2722
208 250
25 3336
50 300
25 926
50 951
75 7881
25 225
25 2201
25 175
50 25162
25 100
25 36396
50 50
25 5361
25 10727
25 2847
50 1777
75 4551
100 25
25 175
25 14132
25 25
25 8525
25 150
100 2606
100 155
25 50
25 926
25 4828
25 50
25 125
100 648
75 1476
50 175
25 2279
25 401
50 226
25 4790
173 276
25 50
25 50
25 75
25 25
25 473
25 7418
25 926
25 3550
175 250
50 25
25 10877
25 75
50 50
25 125
25 3118
25 125
25 3009
25 2955
75 225
25 1344
25 100
200 25
25 729
25 9157
25 3594
25 1594
381 2374
25 1869
25 1885
25 69754
50 175
50 75
25 11578
50 75
50 75
25 4808
75 300
50 1439
25 75
75 200
25 1236
25 125
25 849
75 1433
50 565
25 15572
232 1027
50 75
25 7046
50 5760
25 426
50 376
25 6956
25 4591
25 401
75 1983
25 1227
25 25
175 151
25 75
25 25
75 51
25 1001
25 75
25 5140
25 168
75 9212
210 50
25 1807
25 50
25 199
200 50
25 849
100 3994
25 1822
25 25
50 174
25 25
50 751
25 100
25 186
75 3239
50 1327
25 1227
25 15359
50 150
25 50
100 25
25 4099
25 50
75 7454
150 626
50 50
25 726
25 200
25 2491
25 1378
25 75
50 2612
156 3340
25 250
25 3306
25 25
25 50
25 75
25 881
25 75
25 8108
25 976
25 200
175 75
25 25
100 125
75 250
50 125475
100 50
25 1929
50 100
511 225
50 1052
25 195
25 523
25 713
25 3793
150 3333
150 1280
25 101
75 50
25 5543
25 153
25 3608
50 426
25 991
25 376
75 50
25 25
50 75
25 50
25 2644
50 168
25 150
25 2380
25 12357
25 50
150 25
25 50
25 10586
175 329
25 24455
25 225
25 3508
125 75
125 609
25 2032
25 275
25 874
25 596
75 75
50 25
50 1252
25 12586
25 3441
50 551
75 2124
50 150
25 174
125 175
50 1679
25 50
150 18252
50 1152
25 3077
25 75
50 100
50 25
25 5036
25 12027
25 125
25 326
75 75
50 4423
1128 1377
50 191
50 1202
25 178
50 5869
25 32507
200 9942
50 651
125 50
100 1154
75 3633
25 266
25 50
125 175
25 227
25 651
100 9885
175 2302
125 749
25 50
75 51
75 2016
50 2412
25 16251
25 17250
25 225
50 1527
50 7591
25 351
50 2657
25 125
25 50
25 50
50 2384
50 150
25 150
25 490
25 1928
50 100
25 401
25 632
25 125
75 3890
50 50
25 2177
25 2852
25 100
25 12286
25 250
25 649
150 100
150 4504
25 20466
75 376
25 175
25 899
25 50
25 175
128 21175
25 75
25 2398
50 8682
25 25
25 225
75 25
25 377
25 5127
25 50
25 626
25 50
50 13135
25 100
25 9863
25 1587
25 2434
36 100
25 475
25 2863
25 82020
25 175
50 4570
25 75
25 75
50 3110
50 1195
25 1335
50 50
25 5336
25 150
25 213
75 289
25 1969
225 6672
25 150
50 2530
25 326
25 10325
25 25
75 175
25 50
50 175
25 100
25 11631
50 6241
25 25
517 815
25 544
50 50
50 1786
25 3007
25 25
25 11050
25 8080
25 25
25 50
25 166
25 778
75 168
50 175
25 75
50 97
25 100
75 15184
25 187
50 268
50 201
50 13080
6549 25
25 50
25 4410
25 1427
75 75
25 2054
25 60
175 1353
25 3592
25 50
100 50
25 26583
50 1456
50 50
25 800
50 50
25 100
25 2846
25 4272
25 226
75 251
50 25
25 50
25 2494
25 326
25 5039
227 112
25 25
75 175
25 25
25 1432
25 249
25 275
25 175
25 225
75 4998
25 5395
25 676
25 3498
100 275
25 184
221 1562
25 81
25 682
75 1627
25 150
50 615
25 3812
25 3514
50 25
200 125
25 4178
25 2693
25 141
25 9188
25 250
25 783
100 2721
50 526
25 50
50 225
25 904
100 200
25 100
25 150
50 926
25 1016
50 150
25 75
25 4586
75 25
125 9117
25 179
25 50
50 75
125 200
25 1953
25 350
75 1452
50 225
25 167
25 1605
100 2149
25 175
25 100
25 25
25 150
25 2394
25 946
25 824
25 75
25 175
25 2822
25 459
25 227
25 1255
25 238
25 151
25 100
25 3910
25 775
50 3974
50 1502
25 6839
50 175
25 5677
25 11197
25 1028
200 790
25 50
25 3631
150 466
75 50
25 50
50 50
25 50
25 3187
25 4879
25 3970
25 5280
150 125
50 25
25 3104
100 1078
25 75
50 724
50 1430
50 5247
50 364
25 2361
25 175
75 8140
25 189
25 7848
25 776
150 876
25 50
175 10439
25 150
75 125
50 2513
25 50
25 1483
50 3263
115 225
25 174
25 204
25 1630
25 376
25 1153
125 2640
29 1224
25 25
25 250
25 1202
25 50
50 222
25 25
25 1590
25 75
25 200
25 2505
50 1077
25 551
25 100
200 248
25 150
25 3737
25 525
25 776
25 25
50 314
100 476
25 451
25 150
25 125
25 1080
25 652
25 75
25 1238
25 50
75 180
50 175
133 751
50 5010
25 25
25 826
25 13508
50 300
50 12800
50 25
25 529
25 4858
75 75
50 827
108 75
25 415
25 175
25 25
175 50
25 276
25 186
25 75
25 6337
89 225
25 50
25 75
50 608
30 314
25 1347
25 423
25 876
50 75
25 529
50 50
25 50
125 184
50 50
25 6637
100 2871
25 175
25 873
50 50
100 6212
25 50
25 50
50 194
25 136
25 5648
25 774
50 175
25 39
25 451
25 25
50 175
50 50
75 271
25 240
25 125
75 820
75 2632
100 2176
25 3925
150 75
50 4336
25 100
50 870
50 25
50 31901
125 11748
25 397
25 4180
25 2975
25 1024
50 125
25 375
25 50
25 3281
25 184
25 5679
50 810
25 25
25 5123
52 928
25 125
75 1302
25 50
25 2429
50 215
25 6348
25 1450
25 238
25 6476
25 125
50 40
25 3468
31 5307
25 41
75 5095
25 799
175 225
25 200
25 157
100 75
100 75
25 50
75 4696
25 75
125 125
25 225
25 2022
50 100
75 25
175 25
25 1852
25 15915
25 167
25 25
25 501
75 25
50 9743
25 375
25 4449
25 2903
25 75
25 8190
50 25
50 175
50 100
125 2842
25 7410
25 125
25 367
200 4013
50 3459
25 200
50 776
25 7960
25 5226
25 4022
25 2453
25 2514
100 72
25 4372
75 551
25 100
50 2028
25 150
25 200
25 1327
25 200
50 150
25 15510
50 2937
25 125
50 75
50 7660
50 1711
50 48
25 100
25 75
50 180
25 1612
50 25
25 75
50 6819
25 75
75 1838
50 150
75 25
25 1651
75 1343
25 1277
25 2344
25 1177
25 175
25 38515
25 10231
50 25
25 603
50 726
100 776
25 418
50 200
50 50
50 50
50 200
75 3318
25 75
25 11880
50 1991
25 50
114 376
50 225
25 958
25 125
25 180
25 4978
50 100
50 25
25 609
75 100
25 39974
50 2367
25 11688
25 50
25 150
50 25
25 75
50 125
25 384
25 155
25 20641
1017 5885
75 246
25 225
127 25
50 1166
31 942
25 1801
175 776
25 1134
50 426
50 7395
26 851
25 12212
50 13467
25 2429
25 3942
100 125
25 1553
50 12065
25 976
100 1484
50 626
50 375
25 3355
50 2085
25 301
25 100
421 50
75 3135
50 75
25 150
25 2203
25 50
25 25
25 125
75 476
25 75
25 350
25 100
25 100
25 150
25 698
125 75
25 25
125 4379
25 165
50 1586
25 275
25 100
75 1127
25 25
50 5920
25 100
25 269
115 212
50 3830
75 50
125 25
25 125
75 213
25 50
175 152
25 12168
50 8821
25 75
25 75
25 325
50 8011
25 50
50 125
25 601
25 100
25 5446
25 4156
25 194
25 275
25 150
25 6165
25 1717
50 4407
379 3416
25 173
25 291
25 50
178 25
25 977
25 117
25 951
25 33
25 175
25 630
100 2767
75 438
25 50
25 100
25 152
25 1491
50 1673
25 8178
50 101
25 601
100 5733
25 1928
25 1409
150 25
100 401
1049 75
25 4736
25 976
25 25
25 2866
25 25
175 13930
25 75
25 50
25 216
25 288
75 4024
75 1543
50 1379
25 1821
50 150
25 25
25 25
25 200
50 4387
25 8099
25 151
50 2680
25 275
25 1200
25 4693
150 225
25 351
25 29
25 668
25 651
25 25
25 11580
25 234
25 363
250 50
25 688
273 175
175 2698
50 1853
100 4787
25 6688
25 4164
25 16681
25 2319
25 1129
25 2005
150 50
25 1580
25 1928
25 376
25 2895
75 75
75 551
25 309
25 10654
25 401
25 350
50 2355
50 4824
25 50
37 1077
50 225
55 780
50 116
50 75
100 50
144 75
25 25
25 25
200 2878
25 200
25 2280
75 17583
25 1271
25 2127
25 6028
50 3146
50 50
25 426
25 740
50 100
25 150
25 275
25 4083
25 1731
50 25
50 125
50 7674
50 250
50 25
25 25
50 75
50 125
75 37470
50 50
25 1409
25 100
125 50
25 4829
25 75
50 326
25 50
75 5609
25 1372
25 2598
25 1807
25 175
50 50
25 125
50 2674
25 300
25 75
50 451
25 7045
50 205
25 180
25 4115
25 480
25 4785
417 2939
75 6548
50 6746
25 25
75 50
75 50
25 2869
25 150
25 50
25 676
25 1070
50 21650
276 75
50 200
25 50
25 4503
25 75
25 50
25 6727
25 2103
25 3086
25 150
50 195
50 476
25 250
100 150
25 75
50 50
200 3718
1631 100
53 6200
25 5595
25 50
50 50
25 75
50 50
25 1711
50 125
25 4308
75 175
25 50
25 668
100 608
25 544
100 25
25 72
50 100
50 29735
25 851
25 75
25 25
25 8064
25 196
25 2498
25 150
50 3748
25 165
50 300
50 689
25 3299
25 125
100 184
25 3006
53 36802
25 1057
50 183
25 5299
25 75
50 1204
25 150
25 1588
150 99
50 6562
25 75
150 1340
50 175
579 1178
125 250
25 25
50 301
75 5680
25 989
25 5600
25 2535
25 44
25 175
25 25
25 501
25 336
50 9388
50 2144
25 175
25 25
25 1652
100 100
25 175
25 4794
25 2805
50 12266
75 75
25 150
100 75
50 75
25 175
25 1704
25 6027
25 25
25 128
50 100
50 187
25 2786
149 831
25 4335
1476 2053
50 275
25 386
50 1629
25 871
100 2343
25 3523
50 200
50 50
25 175
214 25
25 25
25 175
25 525
25 50
25 50
100 1444
50 50
50 100
25 100
25 75
50 25
25 4155
79 1153
25 1198
286 50
34 676
25 75
50 7260
25 2373
75 13629
25 4466
25 476
50 50
25 3549
25 1152
25 1002
50 1131
100 75
25 5827
25 175
25 150
25 1661
25 171
25 1127
50 3309
25 4302
25 675
25 175
50 4810
25 4318
25 908
25 100
25 11614
25 10375
50 476
25 2686
25 125
25 25
75 2912
25 100
25 1019
50 75
25 776
25 525
25 75
50 1353
25 186
25 983
50 11090
25 501
50 100
75 7462
25 250
25 75
25 2773
25 75
50 833
75 3604
25 50
25 50
25 75
125 860
25 100
25 143771
25 176
25 75
50 25
25 1479
25 25
50 125
29 2766
25 50
25 25
125 75
25 150
50 10415
50 1127
50 701
25 25
25 2005
50 1078
50 3583
100 25718
25 1819
25 901
25 2359
25 50
125 1401
25 198
50 206
25 100
25 25
478 1805
150 148
25 75
29 25
25 125
25 385
25 3328
25 2556
50 6497
25 1010
25 50
25 1051
25 719
25 1484
25 4383
25 166
25 25
25 175
150 75
50 300
25 225
25 4423
25 200
100 75
25 150
25 952
125 3196
64 75
25 6554
25 379
50 33
75 50
25 9309
50 200
25 171
25 275
100 5405
75 100
25 1304
50 653
75 125
225 50
25 675
25 75
25 50
25 8213
25 189
25 6944
46 442
25 75
25 325
50 15828
50 9736
150 125
25 8534
50 160
125 1932
25 1500
25 10587
54 50
25 175
50 6880
25 202
25 2717
75 218
25 3588
50 180
50 4672
25 3532
25 5115
25 6523
50 5483
25 185
25 25
25 75
25 25
25 219
25 1052
50 1152
25 175
175 200
25 3646
25 2598
75 175
25 12125
25 220
25 150
50 727
25 100
25 22891
75 683
50 601
25 8962
50 100
25 1021
50 1151
25 25
25 25
25 6249
25 50
93 1434
25 384
29 2686
25 2254
25 2956
25 682
25 25
25 50
150 945
25 17760
25 3746
100 457
75 2951
53 100
25 578
25 150
25 75
25 326
25 25
25 175
25 952
295 75
25 3271
25 346
25 190
25 479
50 1695
25 275
75 3298
25 125
250 150
25 50
25 11280
25 851
150 2650
50 50
25 200
25 1658
25 6377
50 589
25 451
50 3921
25 554
25 2081
50 7504
25 3820
50 325
25 1032
75 1403
25 275
175 175
25 75
25 8161
50 150
25 50
25 175
25 748
25 4362
50 100
25 75
25 125
25 279
50 50
25 8210
25 133402
25 117
25 2217
25 526
75 5351
50 125
25 12775
50 175
25 476
25 653
75 372
25 50
125 25
25 477
75 225
50 6238
75 150
50 11971
25 105661
50 75
25 11725
175 676
25 50
25 75
25 75
25 2156
25 50
25 2040
25 25
25 211
50 4227
25 100
75 7791
25 1952
75 347
25 425
50 1278
25 354
75 751
25 705
25 190
50 337
50 5910
50 724
25 100
25 50
50 2547
25 901
25 3292
25 75
50 173
50 125
25 198
25 4365
25 100
25 303
25 208
75 75
25 551
100 4487
25 200
50 12424
25 100
25 107
25 12619
25 902
25 50
50 2608
25 2367
25 1789
25 120
25 25604
25 300
25 7211
25 25
25 1760
25 50
50 75
100 2807
25 651
25 1553
25 626
25 4626
25 1452
25 1101
75 1195
50 1402
50 100
75 10363
25 200
25 2349
25 6859
25 178
50 4282
25 7420
25 526
25 75
25 26
51 1819
75 168
25 100
25 25
25 100
125 126
25 175
50 2849
100 300
25 476
25 25
25 175
25 50
25 50
25 25
25 36281
50 52
50 526
25 4678
25 951
25 100
130 125
25 525
25 977
25 1777
125 327
25 31774
25 175
25 75
50 5792
75 751
25 50
25 275
25 6035
25 1929
25 1416
25 1963
25 1448
25 197
125 100
75 150
100 1052
25 3097
526 951
25 451
100 50
25 75
25 1204
50 75
50 7559
75 1868
50 3797
25 5290
75 2028
25 350
125 3739
50 5526
25 1252
25 150
25 2305
25 1952
25 300
50 2649
75 25
25 225
150 25
25 800
50 175
50 9401
25 3150
25 3185
25 17204
25 191
100 727
50 8410
25 100
26 154
25 100
25 526
100 100
175 50
25 4333
25 150
25 977
200 8255
25 25
25 75
50 2389
25 1139
25 15886
25 7020
25 1002
75 150
25 906
50 1003
50 799
25 197
25 175
25 200
75 2029
25 13344
125 6692
25 3345
150 349
25 175
25 125
25 25
25 6855
25 25
25 5687
50 426
7817 1686
25 158
175 1646
125 150
25 50
25 100
125 200
25 107
85 100
25 2483
25 14226
25 922
25 726
200 2644
25 175
25 25
25 2029
25 2402
50 50
25 183
25 75
75 828
25 1421
25 275
25 50
50 225
25 50
50 50
25 6300
50 50
50 13370
50 379
25 100
25 578
25 50
25 101
25 1327
25 989
25 424
25 169
25 73
50 3667
25 275
25 3936
25 626
75 75
50 200
50 25
50 1289
50 11100
25 75
25 444
25 25
50 1631
25 4453
25 184
25 200
25 525
50 1002
25 2090
25 686
25 75
25 7130
50 50
25 852
25 198
25 3364
25 4695
25 1982
25 25
25 234
50 125
25 100
223 5207
25 1538
50 86
75 1889
25 641
25 175
25 75
25 2023
228 402
25 4741
25 50
25 224
100 23611
25 4731
25 200
50 6629
50 568
50 931
25 551
25 275
25 1305
75 150
55 25
25 1252
100 225
25 150
25 5330
25 225
25 1582
25 50
25 1227
75 5094
175 25
25 150
25 16508
25 2106
25 250
50 3187
50 7441
25 11642
25 1432
25 375
50 75
50 947
25 501
75 225
50 8059
125 125
25 75
25 50
25 14838
25 16258
25 157
25 351
75 1487
50 3106
25 852
75 50
50 1694
25 125
50 403
25 2057
50 25
25 100
75 12492
50 601
75 15668
25 2394
50 50
25 1694
25 75
25 76
25 851
50 75
25 25
25 75
71 11978
125 75
50 150
25 9451
25 2102
66 50
75 50
50 75
25 275
25 100
100 25
25 1094
25 426
100 2945
25 325
25 1792
25 503
25 25
25 3919
25 234
25 829
75 511
50 3510
25 125
25 1352
150 1061
50 75
25 175
25 7556
25 75
50 2835
50 5736
25 25
100 2124
25 150
25 75
50 1204
25 25
75 550
75 25
25 50
25 175
25 302
25 25
25 5131
50 1361
25 25
50 2361
121 8108
25 75
227 175
75 351
25 200
25 29423
116 6143
25 3671
25 3275
25 75
25 501
25 14584
75 677
25 4789
25 279
50 50
25 50
75 75
25 75
25 125
25 175
25 350
25 50
25 526
50 75
50 239
75 25
25 476
50 100
50 170
25 16378
25 100
50 150
50 50
75 75
25 933
25 1737
25 551
25 6828
25 50
25 50
75 50
75 25
25 1921
25 1565
25 175
85 12118
50 125
25 305
75 1178
25 551
100 50
25 100
50 276
75 3157
25 1282
25 3041
25 150
75 50
25 50
50 1652
25 25
50 3722
25 100
50 1859
25 50
25 1363
25 25
25 4086
25 125
25 5847
25 451
25 75
25 2037
100 25
25 50
25 190
25 351
25 1753
25 50
25 403
175 25
75 25
150 14460
25 125
25 100
25 25
75 476
25 50
50 12267
25 235
25 25
25 2540
25 6974
25 50
25 100
226 125
25 763
25 100
25 578
50 4545
175 25
25 100
50 951
25 1057
25 50
25 1279
25 2868
25 194
25 7481
25 75
25 479
75 4979
50 300
75 50
50 19111
75 200
100 317
25 3888
50 4035
50 1636
75 1627
25 50
25 331
50 526
25 7355
25 75
25 251
25 2504
25 12390
50 25
25 150
50 572
25 4998
25 75
25 25
25 7053
25 25
50 13827
25 150
25 96528
25 1492
50 25
25 951
125 25
50 50
25 43
25 13997
75 375
25 25
50 1246
25 275
25 651
75 100
150 75
25 100
75 10188
25 150
25 5649
50 75
50 100
25 163
25 2617
50 214
25 3345
50 175
50 207
399 596
50 50
25 25
25 250
25 1566
25 25
25 2229
25 150
25 851
25 75
25 1258
25 1125
100 1438
25 200
75 150
25 642
50 2152
25 751
25 3720
50 8049
50 25
50 114701
50 6860
25 11687
50 16580
50 75
25 751
25 100
76 174
25 898
25 501
25 1766
25 175
25 9527
25 50
25 250
25 4247
75 1082
25 655
25 1202
50 4934
25 25
150 175
25 1853
25 126
75 5236
75 5923
25 25
25 75
25 25
25 25
25 5959
25 1939
25 32081
25 1951
100 50
25 174
50 75
25 275
25 497
25 100
25 25
25 12836
25 239
6866 175
50 1252
25 8575
25 6280
25 25
228 125
25 4078
75 75
50 427
50 351
25 2673
37 150
25 2581
25 75
25 7084
25 125
25 125
25 191
25 150
25 3050
100 5122
50 5617
50 651
50 2000
75 25
61 12353
25 576
25 25
25 900
25 250
25 10366
25 1216
25 1277
25 153
25 1980
25 150
25 3126
25 25
50 100
25 3103
25 10288
25 2420
25 100
25 100
25 957
25 3681
75 75
25 426
55 1333
75 3706
175 1027
25 7281
75 1981
106 451
25 2231
118 1668
25 25
25 251
50 778
25 2228
25 125
25 252
25 150
25 351
25 25
25 3122
175 3007
150 50
25 70
25 451
25 1202
25 75
50 3806
25 877
25 1803
25 701
25 429
75 1666
25 150
100 756
25 3535
25 1884
50 25
75 125
25 175
25 50
50 1698
75 175
25 50
25 75
25 751
25 2450
25 726
25 188
150 154
25 1252
50 351
25 125
50 828
25 4857
75 1109
25 1774
25 50
25 702
75 125
25 83335
25 50
25 2879
25 25
25 100
25 175
25 125
25 3782
50 474
25 6397
25 10624
25 2959
25 3140
50 4898
25 823
25 1734
75 188
25 4561
75 100
25 3698
25 13526
25 25
75 3879
50 2109
25 8467
75 976
25 2114
25 8014
25 3679
51 654
1309 1027
75 2630
100 1555
25 9058
100 6390
25 25
281 1077
75 6512
25 464
25 106652
75 75
25 105788
25 100
25 25
50 25
25 4259
25 100
50 401
25 99
25 15738
25 100
50 96
25 150
75 25
50 851
50 1102
25 50
25 125
25 5567
25 125
175 776
25 365
25 25
75 70007
100 559
25 125
25 25
50 502
25 50
50 8067
25 175
50 351
175 175
25 5215
25 25
25 5158
100 697
100 100
150 75
25 2635
25 22319
25 3336
25 125
25 150
25 75
25 3013
75 100
25 373
25 3442
25 1312
25 228
25 1353
25 50
25 50
25 25
50 984
50 175
25 601
25 14250
200 516
25 4028
25 626
25 50
25 184
25 6862
50 50
25 25
25 150
50 50
25 531
150 676
75 175
50 25
25 155
25 8105
25 831
75 1401
25 175
100 12990
25 5403
25 3049
25 200
25 770
334 14270
25 75
25 2155
25 73
25 250
25 2006
25 75
25 75
25 3818
25 1133
25 585
25 9037
25 25
25 50
75 50
50 50
25 7839
75 17719
25 2606
25 75
30 25
25 676
25 2109
25 25
25 178
25 300
25 129811
25 25
50 150
150 4261
25 50
25 1079
25 25
50 2429
25 125
200 4412
25 1994
25 165
25 3459
25 1679
28 25
25 125
25 526
50 4351
25 25
25 125
25 25
25 3412
25 1302
50 125
75 100
50 3493
25 25
25 576
75 301
243 75
25 3851
100 50
50 225
50 1628
25 175
25 50
25 25
25 751
50 3697
25 150
25 100
61 11171
75 180
25 25
25 325
25 50
50 125
50 250
25 1857
25 76
25 150
25 11521
50 998
25 250
25 100
25 3199
25 5975
25 100
50 200
50 50
25 2074
75 25
25 75
50 302
50 902
25 860
25 1352
25 300
25 25
1068 351
25 25
50 2198
25 138
25 75
25 19390
25 25
75 6035
25 1982
25 490
25 701
25 2044
25 7182
50 25
265 5916
25 201
25 3561
75 100
50 11106
150 50
50 326
25 4259
50 3187
25 2052
75 100
50 551
25 1376
100 172
25 25
25 200
100 50
175 10052
125 75
25 1256
25 250
50 50
25 150
25 676
75 205
25 75
25 125
50 175
25 2760
25 1266
25 275
125 50
25 3927
25 1311
25 25
25 2654
50 1702
25 181
25 1241
25 25
25 5322
25 1001
25 25
50 879
25 1027
106 150
25 75
25 876
25 2924
25 3055
25 75
25 100
394 1801
50 186
50 300
25 75
25 3783
25 1923
25 50
75 2655
25 14278
25 2959
50 50
75 50
25 264
25 196
25 601
75 200
175 1702
175 125
50 2398
25 25
50 851
192 50
50 75
25 3401
25 25
25 5030
75 275
25 576
25 3463
100 8425
50 50
25 11446
50 100
50 50
25 175
75 3648
25 25
25 2243
25 802
25 75
75 1400
25 25
25 125
25 285
25 470
25 5179
25 9461
25 152
25 4403
25 3119
25 301
125 904
150 50
25 50
25 8956
25 25
50 8630
75 7246
25 551
25 55
25 8658
25 7966
25 1619
25 25
25 222
25 75
86 3389
50 381
25 75
140 45296
25 451
25 225
25 4478
25 178
25 3783
25 1363
25 50
25 365
25 3164
25 1834
50 409
25 1483
25 175
25 5290
50 75
75 126
25 281
50 8448
25 179
150 50
25 250
150 1896
25 50
25 125
50 50
150 11043
125 3178
31 5044
25 25
25 1821
50 2123
246 727
25 125
25 1488
25 4090
25 75
225 801
175 827
25 572
25 75
75 1002
50 4501
25 100
50 1267
200 113618
25 50
50 75
25 25
25 526
50 5983
75 627
50 25
25 50
25 13005
25 510
25 4384
25 50
257 130
25 152
25 25
25 6575
25 25
25 1111
125 409
25 25
25 100
25 100
125 75
50 526
50 50
25 2973
50 125
25 1879
25 2232
25 1487
75 50
50 18011
25 1699
25 25
25 8781
25 175
25 25
50 3228
124 125
75 5708
100 1467
25 100
25 50
25 7544
25 5741
25 100
25 1573
25 1406
125 6509
25 1176
25 4145
50 125
25 150
25 171
125 535
25 1442
25 13755
50 1853
50 933
25 10555
25 25
25 100
25 267
50 3053
25 1528
50 75
25 3891
25 2794
75 3908
25 15394
50 2228
25 75
25 2079
25 778
175 1327
25 25
25 4138
25 100
25 274
75 10935
25 177
75 150
25 30560
25 75
25 50
75 25
75 75
25 228
25 754
25 6532
25 561
25 158
25 50
25 244
25 11920
50 4490
25 25
50 1017
50 398
50 210
25 624
25 501
25 2201
375 17946
25 2304
50 250
25 6912
75 216
25 2529
25 50
75 2476
25 5091
25 250
75 175
25 403
25 359
25 1698
181 50
25 125
25 3985
25 168
100 276
25 2145
50 100
25 1033
25 351
25 75
25 175
25 9913
25 10048
25 125
50 1838
25 2420
50 2884
25 577
25 50
25 225
50 150
50 3375
25 13194
25 4825
25 75
75 50
50 1391
25 82850
25 2177
25 100
75 375
50 3416
50 8016
25 25
25 225
25 26
50 5138
25 1352
50 25
227 100
25 125
25 100
25 75
25 239
25 525
75 1606
25 757
25 3564
25 2029
50 50
25 50
50 2740
25 75
25 50
50 822
25 985
50 192
25 1437
25 10097
25 4693
25 3721
50 5978
50 6045
25 1352
25 53589
25 2749
100 75
25 3961
25 200
25 1661
25 50
50 6342
25 1668
50 3333
25 25
25 229
225 75
25 50
25 651
25 100
25 75
50 228
50 2395
25 192
25 2572
25 151
25 175
25 25
25 75
75 175
25 1053
25 872
25 180
125 9088
25 316
25 50
25 20968
50 8827
50 727
25 75
75 52
125 1126
50 3867
50 5766
75 651
25 175
25 175
25 1490
25 16958
100 25
25 25
50 1031
75 25
448 2455
100 401
25 175
25 81
25 5318
75 3322
75 75
25 9794
100 2182
25 150
25 6164
25 2191
25 100
25 6430
25 150
25 326
25 75
25 5882
25 25
50 4835
25 250
75 59
25 2683
25 3063
25 175
25 25
25 225
25 200
25 25
25 125
50 1119
50 25
75 903
25 184
25 457
25 50
25 25
25 426
25 25
25 50
50 254
25 383
25 412
25 1063
25 75
100 483
25 25
25 128
25 275
25 50
25 2729
25 802
50 450
25 175
25 196
25 300
50 476
25 1427
25 976
25 832
25 1400
25 75
25 175
25 50
25 150
125 100
25 3687
25 1029
25 50
25 122
150 8612
175 175
50 1302
25 651
50 125
25 451
25 751
25 2005
25 3071
25 1716
225 27150
25 9958
25 200
25 3181
25 427
25 3024
50 8170
48 376
50 123
25 100
25 1211
25 1302
50 13084
75 11992
25 25
25 125
25 2718
25 4390
50 1957
25 75
25 153
25 150
75 3261
25 1880
25 5759
50 150
50 1888
50 4661
25 100
50 75
75 50
50 251
125 877
25 320
25 75
25 275
75 125
25 977
100 323
25 25
25 6429
25 50
25 1127
25 9184
25 125
25 3864
25 578
25 5506
25 1352
50 125
75 50
25 200
50 218
25 75
50 2254
25 2743
25 8125
25 2187
25 555
50 1002
25 2091
25 896
50 75
75 2733
25 75
25 267
25 574
25 2175
200 2189
25 25
100 225
25 50
75 175
25 75
50 1553
25 175
25 75
25 175
50 250
100 10481
100 50
25 211
25 150
25 12042
25 3724
75 275
25 4812
150 50
25 125
25 25
25 1335
25 150
25 25
25 250
25 832
25 1506
25 177
50 225
25 1630
25 25
25 15425
50 3003
25 25
25 16215
71 100
25 50
25 5508
25 2708
34 200
50 347
50 1969
25 3395
25 1401
25 150
25 401
50 9931
25 2063
25 376
50 50
25 9709
75 376
100 125
25 3332
25 1331
25 4604
25 50
25 6486
25 150
25 126
50 15816
25 100
50 225
25 175
25 112
50 25
25 3367
25 4198
50 1327
25 4469
25 75
25 10583
25 8063
50 16152
25 50
25 351
25 209
50 1002
50 175
100 1391
25 125
25 9134
50 465
50 2843
50 3220
50 175
150 175
25 1787
25 7566
25 351
50 681
227 886
150 75
50 234
25 100
50 11528
25 1026
25 301
25 6611
50 175
25 2034
25 1279
50 75
25 75
150 53
25 50
50 4548
25 50
25 1705
25 2198
25 175
75 3569
25 125
25 4508
25 1227
25 100
200 25
50 1004
50 3166
25 9069
25 2670
50 1261
25 3548
25 351
50 1426
25 75
50 150
125 137
25 4300
25 100
222 1321
25 225
25 3657
50 727
25 1152
25 50
50 1415
25 2135
25 1503
75 25
25 275
150 2299
50 201
75 2534
75 25
25 3247
25 1512
75 75
25 25
25 6264
25 179
125 75
75 100
25 320
25 76
25 2753
50 100
25 349
25 1903
25 9686
75 200
25 2126
75 3772
25 14044
25 100
25 1608
25 6850
75 50
50 25
25 75
50 225
25 1072
75 125
25 100
50 1378
50 175
380 3295
50 9042
25 25
25 1871
25 1302
25 9799
25 99
25 1064
50 401
25 535
100 175
50 2519
150 75
200 150
50 2683
50 150
25 7025
25 75
881 3760
25 301
25 200
50 25
25 6642
50 7433
227 75
25 1423
25 301
25 604
25 125
25 2018
50 1870
100 26
50 376
50 4770
50 1288
25 1640
100 50
50 4556
25 25
25 1202
25 551
25 75
25 2443
25 150
25 3473
25 210
25 353
25 50
25 31601
25 75
25 3308
50 4229
25 13494
100 75
50 15821
50 520
50 25
25 3617
25 174
50 4748
29 25
50 200
150 50
25 1411
25 515
50 426
50 2956
25 125
50 426
125 200
50 100
25 6416
25 8577
25 607
25 651
25 100
25 2915
25 1533
25 401
25 167
25 107513
75 4634
25 67171
50 1028
75 4796
25 2634
50 75
75 50
75 125
25 275
25 476
25 2455
25 1002
25 75
25 150
25 976
25 75
25 75
100 696
25 75
50 25
25 1470
25 125
25 1940
25 34011
75 100
25 75
25 976
75 3008
25 423
75 10144
25 25
25 868
25 9931
25 251
25 25
25 25
50 8846
25 150
25 2866
25 504
75 539
263 751
25 176
25 1133
25 614
25 3769
50 1077
25 776
25 4911
25 5167
25 325
25 222
75 7129
50 194
25 1615
25 4156
73 15599
175 191
75 4069
25 4982
75 175
25 150
75 224
25 200
25 4859
50 175
25 4478
25 1824
25 100
75 175
25 420
25 100
25 50
25 250
25 1117
25 4051
25 3926
25 276
25 5871
25 125
25 25
25 150
25 51
75 173
175 67
25 50
25 25
150 526
25 5534
25 25
50 50
25 125
25 25
25 75
25 50
25 50
125 680
25 626
25 1795
25 601
125 175
50 13051
25 248
99 426
25 4777
50 4897
25 4072
175 175
25 4628
25 2383
25 75
25 125
25 50
25 7375
25 676
25 301
50 3969
50 6287
25 350
25 2282
50 683
50 25
50 150
25 75
25 4262
25 25
25 958
270 4943
25 2415
100 876
75 11978
25 1792
25 1574
25 25
25 100
50 351
25 1661
100 25
25 75
50 175
75 3124
75 150
75 100
25 7357
25 50
25 187
25 100
25 125
25 426
25 25
25 50
50 50
25 4946
98 6383
75 2133
25 6834
50 75
25 556
25 526
25 4088
50 75
25 125
125 152
25 125
50 2314
75 25
75 382
25 25
25 8365
25 7083
25 100
25 150
25 14879
50 75
25 426
50 3481
25 200
75 6408
25 75
25 75
100 4881
25 25
363 300
25 7311
25 50
25 1552
25 2255
25 244
25 8211
25 2680
25 1732
25 1427
25 1164
25 1154
25 8773
25 125
50 100
25 2530
25 551
25 6433
100 130
75 2847
25 50
25 105
25 50
25 23021
50 4519
25 2624
50 167
50 426
25 85
25 701
25 4682
25 163
25 230
125 9216
50 125
75 50
100 1452
50 3316
75 125
25 656
25 25
25 675
25 75
25 3058
100 1863
75 4574
200 6102
25 150
25 2978
25 25
50 1078
75 25
25 250
25 50
100 2699
25 1219
75 901
25 25
175 50
50 150
25 175
25 25
25 576
50 100
25 175
50 50
25 25
25 100
50 75
50 795
150 207
25 75
25 2199
125 854
25 50
50 4341
25 6295
25 5784
50 15996
25 3868
25 905
50 600
25 1885
125 14034
75 5332
25 3888
50 8782
25 25
25 75
102 125
25 1070
75 100
25 276
50 25
52 9956
75 54
25 113
25 1504
25 5456
25 192
25 125
75 4682
25 570
25 229
125 1620
25 421
50 150
75 186
29 21147
50 25
25 75
25 12752
25 150
25 5753
50 6087
100 826
50 1430
25 90
25 7815
25 1052
25 9650
25 12084
75 551
25 531
25 5416
50 1102
25 2128
72 626
50 901
75 5934
50 150
25 1404
50 5389
75 2229
75 5767
150 4324
50 225
25 16948
25 1938
25 50
25 5720
50 2313
25 125
25 50
225 2508
50 175
100 25
25 358
50 50
25 256
25 25
50 401
25 100
75 275
150 150
25 402
25 776
25 50
25 3994
25 75
25 125
25 827
25 5868
25 5356
25 4288
25 711
50 182
25 75
25 300
25 75
25 75
25 150
50 100
25 50
25 75
25 497
25 327
50 200
50 125
25 2774
50 150
25 2688
50 5650
25 1427
25 2604
25 9118
75 75
25 1527
50 25
25 7365
25 50
25 766
25 1527
50 4702
50 3058
75 951
25 538
50 16635
25 175
50 50
25 150
25 2254
25 25
25 25
25 1026
25 1822
25 426
25 751
125 1704
25 1905
25 173
50 651
25 100
50 150
25 351
50 1500
25 3576
25 25
50 75
25 776
25 25
25 651
75 50
50 276
25 4693
25 183
25 425
25 325
50 100
25 5591
50 164
25 1177
25 45657
50 325
1421 175
75 4006
25 50
50 50
25 100
25 100
25 702
200 75
25 1202
25 5131
75 324
25 275
25 125
25 175
75 1702
50 3832
25 50
25 75
25 2662
25 93
25 3740
25 4543
75 1127
75 225
50 150
25 175
25 2657
50 1155
100 197
25 12692
25 626
25 50
25 75
25 25
25 25
25 1171
75 1352
25 2310
25 1907
50 476
25 7712
25 25
50 9059
50 2334
50 125
50 1254
25 250
25 2102
25 177
75 2149
25 2747
50 200
25 50
25 150
50 1008
25 50
25 150
50 1929
25 175
25 212
25 1714
25 25
25 3562
25 177
25 898
75 5240
25 2805
293 2542
25 25
100 2198
25 4181
25 239
50 75
25 277
75 8955
25 150
50 626
50 225
75 25
25 200
25 250
50 25
25 3775
50 21311
25 50
25 277
25 225
50 8329
25 278
175 50
25 150
132 4868
25 50
176 1509
25 324
50 1775
50 5464
25 259
25 1226
25 7331
50 50
25 2162
246 75
25 25
100 3121
25 2499
25 426
25 150
50 50
25 399
25 175
25 3862
25 75
25 960
50 25
25 351
25 1602
50 276
150 2471
25 93
25 75
25 180
25 25
50 10420
75 75
25 2163
25 200
50 175
25 3343
75 275
25 226
75 175
75 100
25 11199
50 1730
50 50
25 3760
50 1302
50 251
50 526
50 4721
25 2904
25 5587
25 2731
25 9009
25 75
25 4508
50 9678
25 2795
25 75
25 75
50 75
50 5724
125 861
75 1001
25 225
50 301
25 50
100 50
25 2229
25 9308
25 125
50 1773
25 4844
25 100
25 2107
25 683
25 275
50 401
50 75
25 199
25 100
25 25
25 256
25 125
25 100
75 376
25 2650
25 100
50 146
25 8985
100 1186
25 10737
25 1014
125 75
75 50
25 1603
25 2753
75 63
25 5415
50 50
50 50
25 2308
25 50
25 1131
25 75
25 63
25 75
50 25
25 25
25 8627
25 1702
25 3286
50 3247
50 1370
25 1177
25 75
50 2669
25 421
25 5261
25 183
50 75
50 50
25 201
75 25
75 4632
25 927
25 75
75 540
25 3677
25 2034
25 19441
50 4011
50 5858
50 150
25 50
25 549
25 2052
75 50
25 200
50 826
25 15417
113 5635
25 2571
25 175
25 2053
25 2748
50 3350
25 100
25 175
50 150
25 4532
25 175
25 3744
25 6528
75 25
50 14269
25 180
150 125
25 50
50 175
25 706
50 4324
25 50
275 25
50 4450
75 2574
25 125
75 375
50 125
50 776
50 5781
50 157
50 4294
50 926
25 50
50 1066
25 4478
50 526
25 75
64 100
25 329
25 50
25 75
100 50
25 1102
75 100
25 25
25 3630
50 5303
25 302
25 572
25 150
25 64878
25 769
25 1114
75 150
50 50
25 175
25 2365
25 75
25 2880
125 50
75 1277
25 15186
100 1981
25 324
25 1617
25 75
25 251
25 50
75 75
25 3638
25 20600
50 15437
175 1279
25 1316
25 225
25 411
25 1048
25 3302
25 1546
4896 125
50 265
25 1178
50 75
25 2692
175 14455
25 50
50 175
25 50
75 50
25 100
50 8603
75 4892
50 275
369 125
25 75
25 4530
25 8516
25 50
25 150
75 2089
200 3700
50 275
25 5061
25 267
50 1506
25 25
50 4301
50 2479
25 64
75 25
25 25
25 8960
25 3380
50 985
25 9261
25 5517
75 2305
25 1880
150 926
25 800
25 8637
50 225
25 399
25 1679
25 17341
175 1077
25 151
75 50
25 8749
1415 100
50 28284
25 4125
75 191
25 9854
150 25
41 1806
25 401
25 4913
25 6449
50 75
50 1745
25 1629
175 175
25 75
75 225
25 75
25 1462
25 3876
25 150
30 5838
75 997
346 1543
50 1878
50 1983
406 12410
25 175
25 75
25 2904
25 2146
50 9429
111 100
25 1782
25 17778
125 526
25 2057
25 1602
25 7940
75 2487
25 190
36 200
25 6639
25 50
25 50
25 125
25 3381
25 1852
25 2304
25 1233
25 1783
25 50
25 1183
25 211
119 6167
50 4450
25 50
25 14822
25 7051
25 150
25 25
25 25
25 75
25 200
25 376
25 13964
25 5069
25 633
75 5838
75 1352
50 1964
25 951
25 150
50 422
50 17518
25 75
25 150
25 200
75 12963
25 1652
25 10695
25 860
75 150
50 11716
25 250
25 75
25 4742
50 1202
25 2357
25 150
25 1606
484 4023
25 25
25 380
50 601
75 2176
75 11096
25 50
25 50
25 901
25 262
50 50
25 25
50 100
75 656
25 2125
25 150
25 986
25 4225
25 933
25 8935
25 189
25 927
75 175
50 375
75 3278
25 2931
25 125
25 1336
25 2307
25 125
50 7203
25 426
50 50
25 240
100 4398
25 11276
25 75
75 150
50 1829
41 75
150 4457
50 674
150 100
125 180
25 100
25 221
25 175
25 195
25 5539
50 566
125 316
25 2461
125 3398
50 375
25 7664
25 75
25 904
75 1604
50 75
100 10314
25 100
25 75
25 50
25 25
25 75
25 4918
25 125
25 879
75 7436
25 25
25 50
25 75
50 451
25 3078
25 125
50 175
25 125
25 75
25 320
50 75
50 3432
25 1152
25 1420
25 225
125 50
125 13936
25 9246
25 100
75 2075
125 175
50 1277
50 526
50 238
550 50
100 1505
75 1002
25 4251
25 2357
25 8803
25 6665
50 601
25 211
100 1731
25 376
50 2229
25 2111
50 182
100 150
125 6576
25 626
25 4484
25 5089
50 326
25 225
50 125
25 5332
50 176
25 6995
50 14829
25 376
25 236
25 25
25 25
50 25
50 50
25 1795
25 1906
97 150
25 25
50 75
50 25
50 12046
25 2729
25 14052
50 1352
253 977
25 4012
25 842
25 16263
25 1254
50 28209
25 129
25 325
175 36863
25 125
25 180
50 3247
25 7947
25 6087
25 2811
50 25
100 100
25 3702
100 275
25 75
25 250
25 125
75 768
25 1404
25 75
25 563
50 168
25 751
55 175
50 4769
25 1754
25 1375
25 500
25 984
25 150
25 175
31 250
25 50
25 1376
50 75
50 908
25 275
25 50
25 926
50 1197
100 25
25 75
25 1679
25 25
25 2939
25 473
50 1478
25 1026
50 6255
25 75
25 3764
25 551
25 156
25 50
75 75
50 3456
50 75
25 2813
50 1127
25 1377
50 5717
100 395
50 601
125 125
75 249
25 225
50 100
25 25
25 4526
225 50
251 125
50 75
25 1569
25 2071
25 451
25 100
25 10800
25 1242
25 1327
25 1152
25 50
125 426
25 780
25 1944
25 3158
75 4871
25 476
25 8060
25 25
25 1434
25 100
25 1953
521 50
25 150
25 13703
25 225
25 175
25 289
25 4200
25 75
75 75
25 2130
50 25
50 1128
25 31612
25 3250
25 827
75 150
25 2170
25 2382
50 75
25 220
25 2377
50 1785
25 850
25 1787
25 2173
25 747
25 2669
75 1177
25 705
50 200
25 50
25 758
125 401
25 426
25 561
25 5553
25 9321
25 25
50 14267
25 50
25 8978
25 7608
25 150
25 4823
25 3979
75 1819
50 152
25 125
25 151
25 776
50 5748
50 922
25 150
25 8876
25 794
25 2331
50 200
25 2736
25 5135
25 751
25 150
25 3964
25 5377
100 50
25 401
25 3307
50 125
25 7523
25 200
25 75
25 250
25 6646
25 75
75 626
50 100
50 3732
125 1467
25 1077
25 50
25 175
25 1795
50 33630
25 2760
25 2844
25 1077
25 926
50 7926
75 1077
25 4396
25 75
25 3914
25 172
25 175
25 2261
25 250
50 6901
25 7075
25 2688
34 250
25 655
50 275
25 75
25 1227
25 25
25 100
25 2146
25 99
25 50
75 200
25 576
200 225
75 150
25 225
101 3421
50 50
25 25
25 1656
50 7767
25 50
25 25
25 4884
25 75
25 2688
75 150
25 25
175 616
25 2492
25 6481
150 150
25 75
50 2279
25 979
25 218
50 4150
25 9195
26 150
50 4871
530 1919
25 4132
25 401
125 1778
25 4257
225 1735
50 150
25 11718
25 501
25 25
100 150
25 25
25 1946
25 75
75 347
25 2199
25 751
25 501
25 150
75 847
25 75
25 8711
25 5915
50 50
632 2686
25 75
25 2952
75 3966
25 1929
25 180
50 1352
50 1001
25 344
25 175
25 1001
25 100
695 150
25 5526
25 50
25 876
50 75
25 501
75 1753
25 75
25 180
100 15579
25 326
25 25
50 200
50 1052
25 927
25 50
25 1001
25 4015
50 199
25 6771
75 100
25 25
50 5269
25 50
25 1147
25 167
739 50
50 25
75 225
50 585
25 7516
100 7118
25 175
25 125
25 5271
75 23529
25 376
25 150
25 1671
25 1806
25 3849
100 125
25 2439
50 1227
75 5227
150 1740
50 150
25 2104
25 100
25 10418
50 50
25 175
100 75
200 4088
25 1989
50 125
75 1378
25 690
75 5199
25 175
176 11893
50 150
50 2644
25 326
25 75
75 75
25 1604
263 276
25 3126
25 1252
25 5725
28 1152
25 50
25 225
50 2016
125 7518
25 1210
25 2774
75 125
25 6666
25 25
25 75
75 75
125 926
50 75
25 1929
50 551
75 2146
50 50
25 167
25 4084
50 334
25 25
25 1553
50 50
25 25
25 6241
200 200
25 6830
25 75
25 32266
25 350
25 25
25 50
25 228
25 6337
50 355
25 180
25 3571
50 75
25 987
25 175
75 576
163 2800
100 2035
50 50
50 3337
175 225
50 125
25 1788
25 25
25 276
25 1603
25 125
25 50
25 85167
50 75
25 25
25 150
25 75
50 50
150 1292
25 1127
25 501
25 476
100 3340
50 175
75 1176
25 50
25 11080
114 401
150 75
251 2097
25 1256
50 504
50 176
25 1378
25 2648
75 7098
25 25
25 726
25 25
25 1102
25 2569
25 25
50 150
25 1983
25 100
75 10063
25 4115
250 25
25 7757
50 3548
25 3818
100 75
25 25
25 9610
75 2956
50 6088
50 826
25 4400
50 3258
25 752
25 1064
50 177
25 170
25 50
25 1122
25 100
50 176
25 175
25 9030
25 125
25 25
50 9377
25 131
125 355
75 8624
50 29
275 3217
50 2511
50 28
25 3860
25 150
25 1754
25 25
150 50
100 1001
25 175
75 674
25 150
25 250
50 50
25 3062
50 150
25 3669
25 1269
25 157
25 1702
50 50
25 586
50 221
25 588
50 75
25 25618
25 11747
25 1739
25 50
25 175
50 25
25 827
50 1883
116 6182
175 25
25 4940
50 50
50 25
50 150
50 9977
25 178
25 25
50 301
25 200
25 553
100 200
50 25
25 4073
25 25
25 50
26 4356
50 150
25 173
25 200
25 55
25 75
100 7354
25 100
25 756
50 125
25 902
25 576
25 1215
50 12564
25 2306
25 1530
25 1740
25 951
75 373
25 75
25 1702
25 250
25 25
25 1277
25 25
50 50
25 4244
25 25
25 1500
25 442
259 952
50 150
50 427
25 1184
25 50
150 438
75 651
25 25
50 8110
50 25
25 75
75 586
25 440
25 1852
25 601
75 25810
50 840
25 175
75 3886
25 75
50 375
25 31146
50 1428
75 25
25 3463
25 25
120 50
75 25
75 75
50 150
50 8150
75 150
50 2714
100 125
25 2240
125 203
125 75
25 176
25 552
25 178
25 829
25 2150
50 656
25 175
150 3754
25 100
50 7067
25 275
25 2189
25 5187
25 4964
50 181
50 225
25 2138
25 501
250 50
25 175
25 1511
25 250
25 25
25 701
75 9230
25 5873
50 256
25 25
25 3171
50 25
119 210
50 3970
25 101
25 100
50 1903
175 50
25 3800
25 529
25 25
25 10820
75 350
25 1445
25 25
25 175
75 801
50 16394
25 4750
25 314
25 1507
75 6926
25 13778
25 375
75 1649
25 188
25 2495
25 1126
75 4559
25 125
75 2075
50 183
25 150
50 276
25 35749
25 325
75 1021
50 100
25 50
226 626
25 50
25 7144
25 75
54 431
25 6330
25 275
25 175
50 6776
25 200
25 1281
25 150
25 150
125 926
25 6983
75 1427
50 2048
25 9311
25 25
25 882
25 4590
25 1933
50 175
50 225
75 1001
175 50
75 25
75 1378
25 50
25 50
25 618
25 150
25 3207
25 4351
25 877
25 4068
25 50
75 50
75 25
50 100
25 25
50 50
50 125
25 50
25 1527
50 50
25 674
25 50
25 4654
100 25
874 3858
75 276
25 373
25 7009
25 175
25 5219
100 25
50 402
25 150
50 476
25 1252
25 3059
25 100
100 26
25 25
25 1341
25 927
25 25
140 551
25 75
50 1501
25 75
50 1693
25 150
25 4891
25 75
100 2162
50 2488
75 175
50 14364
50 50
25 25
50 50
25 977
25 50
25 325
25 200
25 150
25 19239
25 25
25 982
25 75
50 452
26 2305
200 7081
25 75
25 2329
25 174
25 906
25 262
25 25
25 611
25 150
25 5015
25 25
25 781
25 13329
25 2828
25 1653
25 50
75 526
53 4981
25 4412
25 446
25 100
25 275
25 25
25 1342
25 75
25 601
25 250
25 25
75 1431
227 150
50 6314
75 75
100 175
25 25
25 125
50 25
50 75
25 25
25 1429
25 25
549 4458
100 10495
25 150
25 275
50 112302
25 191
25 100
50 289
25 9413
25 131
25 5671
50 1528
50 1872
150 100
125 150
1133 25
25 2863
25 4283
25 12656
25 6352
25 25
25 3833
25 2393
50 25
25 9156
50 476
100 25
25 7092
100 4801
25 587
175 25
25 100
25 2729
50 8111
50 25
50 150
50 75
50 3542
25 751
25 150
25 876
25 377
25 4633
25 877
50 2781
25 1277
100 302
25 473
25 438
175 75
75 150
50 279
50 225
250 100
25 75
25 4633
25 225
25 3663
100 5064
25 100
25 2686
25 2854
125 8628
25 125
25 1079
25 300
25 51
25 3016
25 50
25 228
100 250
50 503
50 1025
50 1621
335 1427
125 1620
25 3746
25 3185
25 454
175 175
50 25
50 2918
25 2777
100 172
75 1552
50 50
50 2577
25 230
25 100
25 2103
50 100
50 50
25 629
50 1529
25 5400
50 4218
25 9790
75 20717
25 5464
25 7208
75 1550
25 8039
25 1142
59 2715
100 50
25 704
25 1102
50 50
25 1904
50 175
75 21181
25 75
25 125
25 125
25 927
25 75
75 2514
50 100
25 222
50 60186
50 275
25 50
25 2648
25 125
25 552
25 75
618 1782
25 442
50 884
25 150
25 25
25 175
75 50
75 5487
25 1375
25 75
50 946
25 2553
25 175
25 9271
125 402
25 1086
25 1573
50 5768
25 493
25 175
25 1373
50 3695
25 50
25 1732
25 100
25 250
100 25
50 4481
25 12071
25 1311
25 1185
25 25
25 353
25 50
811 1079
150 150
50 50
75 13778
25 2559
25 151
25 50
25 25
25 175
75 125
50 12700
25 349
25 1625
25 2580
25 25
25 2710
25 75
25 100
25 1570
50 100
25 25
25 461
25 7282
25 12299
104 50
25 25
50 175
25 150
25 2219
25 6532
25 1352
228 989
25 376
25 2334
100 4685
50 25
25 25
25 187
25 2859
50 75
25 551
25 426
25 2356
175 1929
100 674
67 2142
25 25
25 150
25 250
50 1393
25 75
25 4482
150 25
50 50
25 401
50 5268
50 2116
25 94
25 3314
25 701
25 50
25 981
50 50
75 751
25 286
25 3273
25 75
50 1199
25 376
25 175
25 175
75 50
25 100
50 25
50 3432
25 50
50 901
25 100
25 75
25 100
50 1777
25 25
25 426
25 2219
125 2253
25 125
25 15202
25 166
75 426
100 4457
50 8413
25 4018
25 150
25 1755
25 776
25 2970
50 270
25 140
25 209
25 802
25 150
50 175
50 813
75 4330
25 651
25 1378
25 10224
25 171
25 3447
25 4864
25 75
50 1002
25 418
25 75
50 15004
25 50
25 2229
25 3859
25 25
25 24471
25 3974
75 75
125 601
50 25
100 216
25 4223
25 75
25 1417
50 1569
50 100
25 100
25 2961
25 7089
25 5527
50 100
25 50
50 178
50 75
50 3898
25 75
25 3500
25 50
25 4463
25 75
100 25
25 128
50 25
50 959
25 2815
50 1389
25 75
25 6573
25 1628
25 6891
25 25
50 2542
50 246
25 190
75 765
50 3174
25 50
25 926
25 2427
104 25
75 2619
50 5010
198 175
100 827
25 50
25 6793
50 1352
25 75
25 11384
25 3349
50 1212
25 2281
50 153
25 175
25 1982
50 401
50 75
25 50
50 275
50 75
75 50
75 5469
25 150
50 25
50 25
75 601
50 426
75 17804
75 3659
25 898
25 2296
75 175
25 25
25 391
75 551
25 50
25 2913
25 125
25 375
25 976
25 100
25 11078
25 1478
25 3322
25 5974
25 125
50 75
175 2522
25 75
25 251
25 75
25 25
25 405
25 3264
25 6491
25 3077
50 799
50 200
25 25
75 1353
50 25
25 12359
25 4775
50 25
25 946
75 2741
25 125
25 25
25 651
25 125
25 50
25 426
25 973
25 199
50 1622
50 50
25 75
25 5044
25 324
25 576
28 5702
25 251
25 1843
25 3729
25 2768
25 9740
25 404
25 75
25 558
25 184
104 150
25 5542
25 1657
25 601
50 125
25 501
25 1719
25 25
75 125
25 29
25 150
75 3242
50 626
25 125
25 19732
50 3359
25 75
50 250
25 1022
25 824
25 75
50 1178
150 50
50 76
50 150
25 1723
25 8487
493 225
50 376
50 2713
25 7435
25 4936
50 50
25 3504
25 1332
25 3073
100 3040
250 25
25 139
50 1857
25 927
25 250
25 905
25 25
25 6938
25 1076
75 75
25 11984
25 100
25 50
25 200
50 1307
50 75
25 4667
75 100
50 50
25 50
25 175
25 250
25 125
25 276
25 3011
75 75
25 2808
75 204
1057 15384
75 75
50 3472
25 25
25 150
50 275
50 50
100 3790
25 100
25 301
25 75
25 50
25 50
75 25
25 200
25 851
75 776
25 200
175 182
25 7883
25 1310
25 426
25 751
25 1087
25 552
100 100
25 768
25 125
25 3517
25 1002
25 125
25 75
50 2054
75 9620
25 25
25 25
25 6952
25 476
25 3832
200 175
25 450
100 2282
50 125
50 100
25 8678
25 301
25 325
25 100
75 3064
25 776
75 226
25 125
25 175
50 9609
25 2841
50 1560
50 300
25 2452
25 25
25 952
50 25
50 150
25 7061
25 155
25 9106
25 183
50 3073
239 100
387 23371
36 175
25 25
25 1117
175 4908
25 178
25 3336
25 1728
75 75
25 50
25 25
50 150
25 4148
25 6933
50 1209
25 7145
150 697
75 50
50 1532
25 25
76 1202
50 211
50 927
200 2151
50 250
25 13037
25 19301
25 25
25 25
25 75
50 75
150 860
25 2434
25 33153
25 326
36 1293
50 125
25 1127
75 225
50 6412
25 1616
25 4017
100 6318
25 100
25 150
25 25
50 401
25 243
75 376
50 200
25 7743
25 6046
25 175
50 2732
50 3425
50 802
25 8079
25 2644
50 50
175 6499
25 2265
25 16508
126 529
150 1064
25 150
50 300
25 1826
25 25
25 451
25 100
25 2432
25 429
25 178
25 100
25 4294
25 776
155 25
25 1907
25 50
25 50
125 100
125 75
25 324
25 5402
125 75
62 6631
25 75
25 25
25 2173
25 1156
25 2329
125 4034
25 175
25 201
25 1929
25 50
25 75
25 2174
43 250
25 4263
25 50
25 4060
25 160
50 1090
50 12350
50 25
50 1315
25 225
50 275
125 25
25 126999
25 100
25 907
25 526
25 75
50 189
50 605
50 50
75 50
25 50
25 25
75 125
25 2841
25 2521
25 2710
25 200
25 451
25 1908
25 75
25 250
125 6649
25 151
25 150
75 426
37 200
25 525
50 426
75 283
25 75
25 175
25 175
50 4750
25 50
75 276
25 75
25 122654
175 1046
25 2254
200 200
25 225
25 204
50 601
25 419
50 125
25 3945
25 75
25 208
25 2228
25 6123
25 183
200 75
25 551
50 250
25 886
25 225
150 125
25 75
25 8048
113 1652
56 25
25 150
25 1372
25 125
25 6547
50 126
85 660
50 75
25 150
175 25
25 13052
25 50
25 276
25 275
25 75
100 127
25 5669
25 125
50 3840
50 2604
75 50
25 75
100 150
25 1427
25 450
25 5221
25 75
25 125
50 10705
25 2521
25 3513
25 12361
25 11796
25 4989
25 100
75 150
25 8516
25 150
25 50
25 175
25 25
25 757
176 175
26 75
25 25
25 927
25 2450
75 2319
25 1558
25 150
50 7212
75 75
50 3677
25 2787
50 578
178 200
50 225
50 175
25 1001
25 7257
25 1602
25 75
50 50
150 8822
25 411
75 175
150 304
25 848
25 75
75 2456
25 1929
25 580
50 6652
25 2761
25 10016
25 100
75 401
50 1121
75 9579
50 150
50 1584
25 25
25 388
75 10316
25 4124
25 1327
25 175
50 901
25 1990
25 3397
25 175
25 5201
75 75
50 25
50 175
27 25
175 2183
75 3430
25 190
25 29353
25 5835
25 75
25 501
25 125
75 1277
25 50
25 50
50 5876
25 569
75 679
25 12198
25 355
25 175
25 13540
25 215
25 26
200 249
25 326
100 1992
25 175
25 175
25 25
25 225
25 826
25 898
100 25
50 4006
25 1928
75 821
25 6312
25 125
25 100
25 75
50 80
25 3453
25 100
25 125
25 50
75 7509
25 175
25 169
50 25
25 75
25 3413
25 1680
25 9619
125 125
25 25
50 1378
25 25
25 351
25 50
75 225
150 50
25 3920
100 2005
25 1252
25 4744
25 428
25 150
50 25
25 16031
25 17008
25 2835
75 701
25 25
75 7913
25 200
125 7844
25 510
25 1353
25 1228
1085 1353
50 1032
25 50
25 3799
25 150
50 453
75 200
100 23487
25 150
25 2021
175 301
75 50
25 325
50 326
50 4118
125 3260
50 75
50 2530
25 325
50 351
50 275
100 501
25 150
125 751
25 100
25 100
25 75
75 15077
25 276
50 175
25 210
50 601
25 2565
50 75
200 1520
25 75
100 150
25 75
25 95
25 430
50 5692
25 225
50 657
25 41
25 75
50 5887
75 7789
25 25
100 2431
25 5930
25 100
25 50
75 175
50 50
50 200
25 10281
25 100
25 4187
250 50
50 25
50 2554
25 4570
100 751
50 50
25 194
50 100
25 50
50 676
25 8762
100 1077
25 779
25 1534
75 326
25 4051
25 2653
25 200
25 75
25 3430
75 3508
25 50
25 3264
25 25
75 50
25 75
100 1252
75 2209
50 1400
50 37357
25 27563
379 6570
50 75
25 75
25 1951
25 10243
25 3855
75 7084
25 4998
25 728
75 127
50 426
75 150
50 226
50 4097
50 7544
288 3556
25 70
75 200
175 150
25 14157
25 50
25 75
25 2498
25 2360
25 118
75 50
25 50
25 75
25 2980
25 1302
50 100
25 551
50 75
50 3479
25 4851
25 5142
25 701
25 8853
25 150
50 70458
25 3183
45 1177
25 1527
25 1227
50 507
25 75
25 2812
25 5779
125 25
125 1155
75 376
25 1201
50 399
25 376
25 6575
25 921
25 2528
25 2901
25 50
25 25
50 5495
25 191
25 626
75 676
75 75
25 75
25 362
25 1119
25 325
50 1691
100 307
25 225
25 2534
50 4553
25 251
25 100
50 1471
25 1328
25 21784
25 100
25 3094
25 228
50 14820
125 50
75 401
25 75
25 439
25 757
25 2399
50 4216
25 50
50 24621
25 701
25 50
25 976
50 14574
75 50
25 220
50 9399
25 350
25 152
50 250
25 25
25 1028
25 150
25 3021
50 2063
25 2811
25 1851
25 396
25 1204
25 1613
25 1660
125 25
25 26697
75 50
25 100
25 4725
25 75
25 125
25 302
759 2364
25 25
50 1725
25 4083
25 249
25 4274
25 125
25 250
25 75
25 1052
845 1159
25 50
25 11677
50 12258
25 1955
147 1955
50 2821
175 1906
25 801
25 3548
150 100
25 50
50 229
25 651
25 2531
25 186
25 125
25 50
25 50
100 1177
75 3138
25 5266
25 4062
25 676
50 426
25 5001
25 2392
25 25
25 150
25 552
25 2424
25 275
25 1035
50 50
25 876
25 468
25 3362
25 50
50 100
100 1744
25 6477
75 2344
517 376
25 12974
25 25
25 3752
25 1028
50 5330
25 2416
25 25
25 4887
50 2664
101 75
25 25
25 100
25 13931
75 286
183 7738
25 262
125 1190
25 25
150 25
25 8186
25 50
25 2329
25 6306
50 150
25 75
125 175
100 2271
47 178
25 75
25 250
25 1042
25 4522
25 1352
25 1895
50 50
25 301
25 25
226 50
100 5107
25 3636
25 263
25 75
75 25
25 2095
25 50
50 2106
25 150
50 182
50 2456
125 1245
25 52
25 8609
25 75
25 25
25 75
75 1535
25 25
25 1401
150 331
25 8317
50 25
25 125
25 360
25 1657
25 1060
75 28
25 75
25 250
50 50
50 1161
25 25
100 1959
50 150
75 14694
50 4124
25 1177
75 927
50 3700
25 9654
25 175
25 11857
50 1808
25 3530
75 50
25 401
50 926
75 125
25 50
25 7432
25 1302
25 3152
50 8349
50 4175
50 4465
25 10543
25 756
25 676
25 206
25 631
25 50
25 3544
50 3784
50 50
176 177
25 3371
25 300
25 25
50 437
25 1091
125 4123
25 775
25 9083
50 451
25 180
100 75
25 753
50 704
25 9339
25 5314
50 100
25 4882
50 8356
125 1806
50 239
25 200
25 879
50 2918
50 225
50 4289
25 401
25 301
100 224
50 175
100 14514
25 3212
251 1363
25 75
25 8078
25 7839
75 50
175 5659
25 4233
25 703
25 175
25 776
25 3118
50 75
25 200
50 50
25 375
25 25
25 2096
100 7830
50 100
25 150
25 25
25 9299
25 50
25 1011
25 674
100 2733
25 1315
25 426
25 226
25 300
25 6390
125 218
25 1014
25 967
25 301
25 3426
25 6637
75 150
25 6108
25 100
50 75
50 2032
25 2499
50 975
125 2124
50 1552
25 4623
25 75
100 100
25 1144
25 75
25 12683
25 75
25 4808
50 11611
25 5657
125 2423
75 125
25 5839
25 150
25 2533
50 491
75 7315
25 50
125 1753
25 1804
50 168
50 911
50 8061
25 1433
25 75
25 232
25 314
50 1078
25 1356
50 926
25 150
50 475
50 125
125 3669
100 25
50 16410
25 390
200 960
25 3330
25 150
25 1188
50 1478
75 239
25 25
50 50
50 2495
50 175
100 2153
25 1732
100 6561
75 25
50 50
25 250
25 3662
25 50
184 125
25 525
75 210
50 724
25 125
50 50
25 1201
25 532
50 971
25 242
25 50
25 25
50 3952
25 75
50 177
25 4951
25 177
25 125
50 50
25 275
25 50
25 10437
25 32343
50 9583
25 4102
50 3109
25 10709
50 125
25 977
25 225
25 25
25 8909
75 480
25 1579
25 1039
25 12750
25 2605
50 702
25 100
98 250
25 9187
25 13381
25 3252
50 75
50 576
25 200
25 9705
25 776
25 50
50 242
25 1800
25 25
25 75
25 50
226 1679
25 50
100 5706
25 240
25 931
25 460
25 125
25 7170
25 576
50 2609
25 2817
50 1276
25 1429
25 2187
25 375
50 1916
75 17683
25 1581
25 75
50 4237
25 32
25 644
50 2533
25 2417
25 50
25 5109
25 4740
25 1613
50 125
25 169
25 4532
25 1967
25 2850
25 75
25 25
50 150
25 175
25 150
50 1934
25 50
25 824
25 1567
50 75
50 4219
25 5210
50 150
25 25
75 576
25 75
25 545
25 3608
25 821
125 50
25 501
25 1401
25 75
125 175
50 2517
25 180
25 12241
25 4793
25 576
75 3494
25 25
25 50
111 25
212 1713
25 147
175 100
50 816
50 12522
25 50
25 25
25 1131
25 3257
50 25
75 75
25 4067
50 5063
25 50
50 191
50 1152
50 8553
25 1530
50 627
75 3009
25 977
25 3410
25 1346
25 225
25 50
25 300
25 50
25 376
25 2184
50 13312
50 25
25 12656
25 2354
50 125
75 125
25 3945
25 75
25 100
25 757
25 50
25 75
25 25
100 25
25 175
25 125
25 2432
50 125
50 1009
25 551
25 50
75 75
50 25
25 34450
50 175
25 684
50 3490
25 4483
25 231
25 3353
25 793
25 2776
25 3189
50 826
25 50
25 1365
75 75
25 1756
50 326
75 3480
25 6401
50 50
25 301
25 4366
25 50
25 250
25 5849
50 50
25 75
50 50
25 25
50 5414
50 200
25 175
25 1307
25 25
234 100
75 376
50 350
25 6109
75 3611
100 4268
25 275
75 2759
100 1427
25 1663
25 3008
75 1777
25 50
25 25
25 50
75 848
25 175
75 25
25 374
25 1285
25 75
25 5510
25 3009
75 2504
50 50
50 1077
25 364
25 2172
25 3443
50 157
25 100
25 1030
75 602
25 25
25 14614
25 4334
75 150
25 325
50 50
25 6773
50 2199
50 1102
25 879
25 10273
50 75
25 2003
25 125
25 1452
25 100
97 3333
25 926
25 5204
25 2787
25 25
25 3170
25 50
25 125
25 150
25 196
25 127
50 175
50 193
25 132
174 50
25 1527
25 166
25 2357
50 1034
50 751
25 175
25 1153
25 200
25 4603
75 2511
25 25
25 451
25 300
150 1245
25 2170
25 50
200 251
25 1679
50 75
25 25
25 326
75 175
25 125
25 25
50 4809
50 6270
25 54
25 3772
25 50
25 10975
50 1142
25 851
25 4516
25 175
25 2685
50 29300
50 376
50 4566
25 306
25 6358
25 181
25 25
25 501
25 50
50 225
25 883
75 2654
75 12022
25 3161
25 50
25 2689
50 4066
25 93
50 6914
25 25
50 21305
25 13293
25 11789
25 209
50 75
50 200
50 75
25 977
25 250
25 4805
75 400
25 3030
25 976
25 9361
25 326
25 275
75 3863
50 952
100 225
25 175
25 50
50 799
25 501
75 9245
25 32
25 14386
25 3282
125 476
50 4336
221 100
50 3432
50 75
50 904
25 2780
25 65
25 451
25 127
50 1702
53 75
25 75
25 1051
50 382
50 25
25 724
100 6930
75 2420
25 25
5052 3943
25 10071
25 25
75 175
25 2785
25 726
25 175
25 75
75 5376
25 1427
25 6638
125 2910
50 2825
125 2351
25 3120
75 250
125 150
25 100
175 151
25 1426
25 3430
25 487
75 75
25 9933
25 1972
25 6194
25 1361
25 1609
25 200
25 6624
25 2459
25 3245
25 754
50 576
75 25
25 6380
100 75
50 200
25 150
25 6540
50 3529
25 275
25 702
50 100
50 1282
25 150
25 631
25 25
50 94
25 53353
25 50
25 444
75 25
25 1074
25 1102
25 50
25 3421
25 5688
25 2471
25 2531
25 1332
514 2326
25 1496
99 842
75 150
56 25
50 6659
25 2685
25 50
25 50
25 75
25 3568
50 275
100 1906
25 209
25 175
25 415
50 200
25 3078
25 6716
25 651
50 162
50 125
50 26
50 275
50 376
265 8152
50 776
25 2492
25 4670
25 25
25 176
75 176
50 50
50 50
25 248
25 125
50 5184
25 674
282 50
25 5511
75 1740
25 2076
25 2957
27 25
25 1675
25 1113
25 75
25 726
25 25
46 3939
175 300
25 3143
25 1232
25 325
25 100
25 25
25 2813
25 13771
25 2437
25 75
25 1952
25 3625
25 401
50 4167
25 525
25 2597
25 2795
50 1682
50 1928
25 25
25 179
25 401
25 213
75 1561
575 75
100 25
25 100
25 175
50 25
25 25
50 1697
50 50
25 25
25 8674
25 1429
25 711
75 848
25 698
50 1971
25 2828
50 9404
25 977
25 125
50 1277
100 1819
25 980
25 1731
25 675
25 150
25 1714
25 181
25 150
25 3214
50 7872
50 217
50 6543
25 9102
25 3743
75 1202
249 300
25 2765
25 10519
25 5739
25 1210
25 1776
50 126
25 1280
50 125
25 4023
50 28206
25 250
50 301
25 675
25 3380
25 100
75 234
25 75
25 10005
25 3112
25 25
25 351
25 1632
75 200
25 75
25 6349
25 25
25 376
25 75
50 2603
25 239
50 545
25 2096
75 2463
25 3722
25 3474
25 250
25 2052
75 977
25 679
25 50
100 1401
50 15086
25 3861
25 627
25 1020
50 1027
120 200
25 2053
25 245
25 250
25 50
25 25
50 6734
25 75
50 239
25 275
35 10213
25 1706
125 200
50 1905
25 731
25 4041
25 100
75 3536
25 8631
50 458
25 50
25 175
25 50
25 25
25 2229
50 4623
50 50
25 75
25 642
25 601
25 100
50 185
125 527
25 25
25 376
75 2077
25 6317
25 150
25 104
75 150
25 3741
25 172
25 2508
50 1150
25 75
25 225
25 25
50 473
25 7001
25 3820
50 771
25 214
100 100
50 5046
25 175
75 50
125 599
25 1111
25 2349
25 275
25 1427
50 7466
50 75
25 25
50 170
25 1234
25 876
50 438
150 1828
75 350
25 75
25 776
25 100
50 5755
50 25
25 1095
25 50
25 75
25 861
25 323
125 36435
50 4855
25 1152
25 208
25 4983
25 205
25 75
25 3569
75 3628
25 771
25 4092
25 2492
25 25
100 175
25 225
50 75
25 175
25 2730
100 4331
45 50
25 701
50 3083
25 100
329 451
25 2028
25 50
25 376
25 936
25 8969
75 3058
25 100
25 4063
25 6700
25 3688
50 150
25 50
50 3178
25 175
25 1538
100 676
25 13930
25 3878
25 1001
50 4532
25 407
25 526
25 25
175 3823
50 39611
25 100
75 325
25 12037
25 6370
50 103
50 25
50 421
175 12765
50 1117
50 3164
25 1514
50 75
25 25
25 200
25 17118
25 51
25 300
100 70
100 75
25 50
25 12344
175 50
25 2607
25 25
25 3301
50 4883
75 1102
50 25
25 1265
50 601
25 161
50 50
25 617
25 100
75 200
25 25
25 2139
50 3460
25 5978
50 1314
25 926
25 25
25 701
792 501
25 1955
100 75
75 8365
50 125
25 385
25 265
25 100
25 52
25 50
50 50
75 2863
75 676
25 1794
25 1622
25 3563
25 55
50 225
25 25
50 175
25 25
25 50
25 150
75 25
25 50
25 1553
25 1239
25 175
200 7905
25 75
25 125
25 75
25 50
199 552
75 50
50 75
25 23345
269 50
25 776
25 50
50 4256
25 2109
25 200
25 1506
25 1264
75 5607
25 25
25 989
50 3927
75 15317
25 125
150 3123
25 175
25 501
50 1436
50 150
25 2346
25 150
25 116
50 250
50 175
25 25
25 651
25 75
25 1184
25 591
125 25
25 150
50 1241
25 1308
25 1231
50 2012
50 2632
100 181
25 6478
25 25
25 3167
25 340
25 2422
50 1152
100 20499
25 100
75 10389
25 25
100 3205
25 476
50 100
25 4814
125 100
50 75
25 1127
25 75
50 25
25 200
50 14980
25 7440
25 851
25 6281
25 6526
25 175
25 16632
25 180
25 189
75 3017
75 1352
25 3829
125 75
25 5039
45 150
25 25
50 75
25 13501
50 574
131 275
367 6299
25 175
25 3694
25 325
25 25
25 275
25 703
25 150
25 250
25 1354
50 75
50 175
25 959
25 927
25 9211
25 800
25 2425
25 251
50 1891
25 1722
75 326
25 25
1462 3139
25 50
25 100
25 6195
25 3967
25 2185
25 2516
25 12217
25 3846
75 7137
25 10491
75 50
25 21575
75 7761
25 25
25 3151
25 200
25 4229
25 193
25 150
25 150
50 50
69 301
75 5390
100 95555
50 1789
25 3232
25 75
50 8894
75 50
75 106838
50 343
250 150
25 4150
25 25
50 2655
25 175
50 50
100 17394
50 25
25 75
75 3175
25 15105
100 75
25 2143
25 151
25 5865
25 175
25 3002
75 1177
25 25
25 175
25 2729
25 75
25 6321
50 801
25 125
25 10459
50 1905
50 1177
25 303
25 150
50 4362
25 5066
75 3250
25 4195
25 206
50 219
25 125
50 3724
50 275
25 3232
25 891
25 39
125 10480
50 175
100 25
50 876
25 526
25 75
25 125
25 4861
25 2028
25 1318
25 15638
25 1590
146 25
33 376
50 3842
25 984
25 551
50 25
25 1427
75 601
25 1804
25 100
25 180
25 327
25 3789
25 176
25 1102
25 50
50 175
50 1377
25 9483
50 10363
25 528
25 2529
25 848
25 88
25 6438
25 2780
25 3494
50 1102
25 150
25 2532
25 408
25 250
25 76
25 597
25 126
25 12570
25 15458
25 50
25 1776
25 9440
50 64
25 4190
25 382
25 5117
25 4615
25 8813
100 142
50 125
25 75
50 325
75 257
50 100
100 1309
25 150
50 307
25 25
25 3684
75 25
25 426
50 1679
175 125
75 14078
25 50
50 11890
25 1708
25 75
25 15465
25 125
50 150
25 1919
25 54
25 50
25 139
712 50
25 175
25 100
100 275
25 212
50 184
25 182
25 200
25 1602
25 50
25 4208
25 275
50 34658
25 150
25 310
75 150
50 1573
25 5718
25 10567
25 151
25 50
50 20635
25 667
27 5154
25 363
25 1195
50 50
50 1133
25 1947
25 2299
50 50
25 2137
25 200
75 125
25 20202
50 175
90 225
25 8132
50 31
25 125
25 551
50 4922
50 2142
25 1852
25 25
25 7632
25 25
25 1902
75 652
25 382
75 50
25 142
25 506
50 433
25 1368
25 72
125 1628
25 1177
125 5230
50 172
25 50
25 254
25 150
25 175
25 11007
125 4077
50 427
75 301
25 305
25 1438
75 951
25 576
25 100
25 1321
25 1862
50 225
25 150
25 1753
175 75
25 75
25 1817
50 6056
25 1821
25 481
25 200
25 150
25 50
25 25
25 138
303 151
25 2212
25 723
100 13135
25 2832
125 3332
75 75
25 300
25 6854
25 2556
50 901
25 50
25 360
25 125
50 300
25 6109
25 3499
25 6332
25 1675
25 2633
50 1127
50 2760
25 100
50 75
75 25
25 4979
53 401
25 3301
84 125
29 2228
50 50
25 672
142 3878
25 851
50 701
25 50
25 365
50 8362
25 754
25 29485
25 200
25 223
25 50
75 1249
25 200
50 651
50 2784
50 175
25 4117
25 478
75 9577
25 5313
25 13327
25 50
25 25
25 25
125 15326
1403 376
273 50
25 100
64 5584
25 189
25 50
25 7870
25 3232
25 25
125 4596
75 100
25 951
50 1478
25 798
50 100
25 150
25 75
25 50
50 25
25 439
50 291
25 1658
25 3906
25 50
50 701
50 175
25 4021
25 3949
25 25
25 2270
25 200
25 25
77 601
25 3365
25 276
100 1863
75 50
25 50
25 2638
25 75
25 246
50 125
25 1483
25 1928
25 50
25 50
175 264
25 125
25 175
25 26
50 75
25 4370
25 33
25 283
50 659
25 6750
25 7544
50 3140
100 676
75 1565
50 854
100 353
25 2479
25 1450
50 350
25 75
25 2894
25 275
25 8111
75 150
100 42149
100 501
25 1729
25 175
25 175
25 1928
25 25
50 75
25 164
50 1295
175 75
25 50
25 6015
25 123523
25 1981
372 451
50 2914
50 150
25 507
25 250
100 50
25 8651
25 173
50 158
25 2638
116 278
25 75
25 50
25 2864
48 400
50 175
25 603
25 701
50 7265
50 50
35 50
100 75
25 231
125 25
25 3996
50 75
25 2774
50 50
25 225
25 50
25 2521
100 576
256 4238
25 75
25 2325
25 16684
25 952
25 75
25 25
25 175
50 501
25 100
25 1077
25 10615
50 206
25 3256
25 3487
50 4259
50 10772
25 300
50 3620
50 25
25 182
25 176
25 25
50 100
25 300
100 209
25 50
50 50
25 100
50 1259
25 1885
25 6275
175 50
25 5493
25 200
200 50
25 1855
25 4819
25 12111
25 1564
25 2913
25 7119
212 3529
75 401
25 8442
50 858
25 78
25 350
25 12741
50 326
50 1302
175 301
25 150
50 2402
25 9024
25 5151
25 3893
25 50
25 25
25 175
100 851
25 25
25 75
25 701
240 25
25 2089
25 1428
25 150
125 2978
75 426
50 25
75 175
50 224
25 4500
25 150
25 200
25 150
125 3111
25 25
25 1853
25 10211
25 3332
50 2972
50 150
25 25
75 150
25 1502
25 50
100 50
25 184
125 601
25 25
25 5200
25 275
25 75
100 175
25 350
50 2647
25 225
25 2752
25 175
25 1513
125 25
25 25
51 6121
25 146
50 150
75 676
25 9050
50 1472
25 165
75 125
25 75
50 150
75 150
228 553
50 1592
25 25
25 360
25 50
50 50
75 2825
25 1706
25 1832
25 1753
100 75
50 2562
25 588
25 25
25 4438
25 376
75 1581
150 3144
25 75
100 25
50 715
25 1333
25 100
25 50
25 15869
25 2101
25 325
25 225
75 14853
50 25
25 4601
25 9133
75 154
25 351
25 8310
50 175
25 125
25 150
50 3953
25 2352
75 100
50 2582
50 453
25 551
50 150
25 175
50 401
25 225
50 125
50 726
225 3253
25 100
25 175
25 250
25 175
100 75
25 75
25 6235
25 3338
75 150
25 159
75 428
25 478
25 125
125 828
25 50
100 175
25 690
100 75
150 106039
175 4794
50 6679
25 419
100 204
25 727
75 12477
25 309
25 325
316 250
25 100
150 75
25 1002
50 125
25 20195
25 2878
50 50
75 1319
25 3357
25 526
25 100
50 50
25 1208
925 1378
25 402
100 1227
25 1780
25 75
25 5246
25 75
25 175
25 1982
25 363
25 450
25 8032
50 1302
25 2053
25 50
25 651
25 2085
75 222
25 11821
25 5292
25 1737
25 25
25 501
115 4457
50 25
785 100
25 17715
25 407
25 1425
50 1429
25 200
25 4049
25 50
25 3091
25 75
25 3009
50 1987
25 1155
25 7772
75 25
50 231
100 50
25 6082
25 3659
25 1738
33 1127
25 313
25 25
25 1089
25 1451
25 501
25 4542
50 300
25 75
50 3879
25 150
50 25
25 11434
25 1052
75 577
50 1652
25 50
50 2086
50 6522
25 75
75 200
25 4440
25 125
25 401
75 150
25 175
349 75
25 125
25 150
25 25
25 376
25 25
50 260
25 129
50 25
25 1709
50 283
125 1302
25 150
75 2979
75 25
25 150
25 2356
25 88
25 798
25 578
50 6113
25 75
25 50
25 150
25 125
25 125
25 225
150 75
25 465
25 100
25 6833
75 1706
25 2443
100 175
78 75
50 3129
25 23857
50 25
25 6780
95 14393
25 150
50 50
25 50
50 1601
50 12619
50 150
25 50
50 3010
25 799
50 175
25 25
50 100
75 8336
25 401
25 424
125 25
50 3137
25 1553
25 3604
25 3635
50 1573
150 4113
50 150
25 1452
75 125
25 13081
50 4055
25 833
25 50
25 150
50 426
25 3656
25 25
25 3545
50 300
50 760
25 4187
50 50
125 5217
150 610
50 25
25 3689
25 100
25 3970
25 421
25 4447
25 150
50 150
25 83808
25 102
75 1336
50 5011
25 261
25 3952
25 4878
25 1199
25 1352
25 676
50 50
25 8455
50 75
25 100
25 175
25 379
25 6116
25 250
50 5332
25 125
25 125
25 75
50 50
75 5282
25 1171
25 200
50 2972
75 9347
25 75
25 389
25 200
25 50
25 50
25 75
50 50
25 75
25 100
50 5831
25 2955
50 5588
25 1807
25 238
25 416
25 25
25 20557
25 1427
50 50
50 25
25 1070
50 50
221 1079
25 1580
25 350
50 6094
75 1615
25 4323
25 50
25 2768
25 25
25 1951
25 688
25 2351
25 25
75 2658
50 4682
25 100
25 776
50 175
50 3892
25 851
25 2455
25 2173
233 1653
25 4442
50 978
25 50
25 99
25 75
25 1213
25 25
4690 173
25 2272
25 75
50 125
25 9201
25 1405
98 642
150 4844
25 150
125 200
50 128
50 2485
125 8394
25 139
25 2811
25 150
25 6866
25 1261
25 776
25 150
25 703
25 1130
25 601
25 11725
50 376
25 976
25 75
50 7309
175 125
50 50
25 14124
50 246
25 100
50 578
25 9072
50 648
25 25
50 6049
25 576
25 200
25 10675
25 250
25 476
25 75
50 1505
25 14387
25 300
25 559
50 386
100 3534
25 75
262 25
25 576
25 150
25 156
25 301
25 326
25 1804
50 651
50 1764
25 1662
75 2618
50 75
25 14699
100 200
25 5416
25 851
150 2332
25 2452
50 4771
25 8565
25 7397
50 4627
143 5043
752 50
25 50
25 2577
100 125
25 351
25 25
25 2416
25 137
50 225
25 54
25 14360
25 401
25 150
25 175
25 1050
75 2732
50 100
75 618
25 2920
50 50
25 3153
25 75
75 1602
25 8065
25 2960
25 175
25 569
100 1893
25 126
25 175
25 653
25 75
25 9427
25 125
25 2795
50 1908
50 653
25 250
25 2115
25 5234
75 100
50 1806
25 400
25 3214
50 50
50 2306
25 150
50 200
25 50
25 1229
75 3982
376 4170
25 175
25 6040
25 75
50 25
25 150
25 150
25 25
50 275
25 25
25 3238
25 4668
25 25
25 181
25 25
100 2295
25 200
25 25
25 1127
25 150
50 50
25 5180
25 50
25 877
50 225
50 285
175 163
25 2540
50 156
25 8337
75 50
227 2529
125 1363
25 75
50 1278
125 100
25 2204
75 75
25 1645
25 1596
25 20032
25 75
50 3163
75 2450
50 175
100 25
25 8367
25 13321
51 100
75 2003
25 6024
75 10169
50 326
75 129
25 937
25 25
25 368
25 1082
25 27659
25 200
25 1054
75 1352
25 5584
25 229
25 2943
25 727
25 451
50 125
25 2769
25 50
25 826
25 451
716 150
25 2255
50 75
146 5087
25 2054
50 205
25 75
25 354
25 50
50 275
25 2045
25 304
25 50
50 1177
25 6061
150 150
25 150
25 381
25 1045
50 2582
50 50
25 13627
25 50
25 25
25 899
75 125
25 392
337 1227
50 1359
125 125
100 2914
25 777
25 1377
25 1023
25 10976
50 225
50 200
25 225
25 4868
25 150
75 100
25 50
50 4416
75 10497
25 977
25 1433
25 1349
25 3359
25 879
25 410
50 7288
200 501
25 3538
50 1613
125 1853
25 25228
25 182
25 25
50 4895
25 25
25 351
50 9783
100 11829
25 175
50 1860
25 9017
25 2344
50 2511
50 776
50 704
25 100
25 776
25 175
25 1988
25 50
50 7706
50 75
25 14532
25 275
25 3929
100 150
25 25
50 75
25 76
50 5311
50 1494
50 751
150 351
50 1262
25 100
50 1404
75 2673
50 75
25 278
25 515
25 3624
50 50
50 1730
100 25
25 3724
25 75
50 3766
25 225
25 1314
25 202
25 251
25 2814
25 25
25 150
25 2587
25 301
75 3602
50 25
25 159
25 1308
25 424
125 25
25 175
113 13033
25 3632
50 7727
25 50
25 150
50 25
25 7578
47 1622
50 10296
25 3338
25 175
25 526
25 125
25 1378
25 75
25 50
50 1227
75 5068
75 1177
25 150
25 651
50 4786
175 2402
50 206
50 475
25 191
50 50
25 2950
25 6801
25 903
50 225
1260 301
75 150
25 102
25 1202
25 1901
25 25
75 3384
25 100
25 10298
134 2385
25 217
25 25
25 3081
25 175
100 25104
25 100
75 50
25 75
25 1307
100 100
25 75
50 3885
25 1049
25 384
50 2512
25 809
25 526
25 3433
150 501
25 1137
25 75
25 401
25 75
25 4386
50 4494
75 125
25 108454
50 376
25 2562
50 125
25 275
50 539
25 2782
25 174
150 2371
100 125
25 100
25 211
25 15071
34 166
25 6565
25 1282
127 300
50 50
50 200
59 177
50 1226
25 75
25 30802
50 5124
50 25
25 1705
25 376
125 125
50 75
25 21580
50 1227
50 150
50 225
25 100
25 792
25 4436
25 75
50 3004
25 9764
29 200
25 345
175 326
25 1102
50 439
50 401
25 1659
25 175
25 7257
25 8410
25 5778
50 75
50 75
25 75
75 776
25 4876
25 777
25 25
25 171
25 25
25 75
50 176
25 100
25 5525
75 5026
231 2050
25 50
25 636
25 324
50 5143
50 1969
25 259
25 166
25 200
125 30354
25 25
75 2640
25 551
50 50
25 75
25 2533
25 150
25 200
25 75
25 5628
25 225
25 5660
25 25
25 2254
75 175
25 300
25 576
50 3329
125 50
50 25
25 218
100 927
25 10237
25 651
100 4592
75 150
25 8016
25 1196
50 51443
75 5646
61 150
25 150
50 1277
25 201
25 2650
25 275
5609 2434
25 12938
50 3610
25 801
25 200
25 181
25 365
125 150
25 351
25 1534
25 25
25 693
50 150
25 25
25 8015
25 150
50 150
25 75
25 12124
25 375
25 25
25 100
50 209
25 6143
25 3594
25 3821
25 2330
125 3061
25 207
75 175
75 3291
25 25
25 6981
25 5025
25 1531
25 250
175 3277
50 25
25 100
50 576
25 4300
50 384
25 50
25 25
25 362
50 50
25 3549
25 75
25 7834
25 3885
50 758
75 75
25 75
25 651
50 4690
75 250
25 75
50 1315
25 1227
25 50
25 3884
25 3225
50 3972
25 263
125 75
25 100
175 747
25 4443
50 15314
50 2320
25 50
50 398
342 25
50 276
50 175
25 3237
50 75
25 304
25 50
25 954
25 25
25 2628
25 2729
25 243
175 39135
25 9505
50 50
25 1408
25 1427
25 684
25 2096
25 163
25 704
75 1328
25 5297
125 351
25 150
25 50
175 2609
25 954
25 3700
25 50
125 151
25 502
25 4799
25 1924
50 2051
25 50
50 50
25 3525
25 175
25 725
25 776
50 179
25 1904
25 251
25 4129
125 3413
251 25
25 50
25 125
25 50
25 8165
25 4275
25 100
50 161
150 75
100 100
50 1885
25 25
959 1422
25 3024
75 1652
75 25
25 2719
25 100
25 175
25 6139
50 75
25 75
25 125
100 1775
25 250
25 7879
25 3749
25 351
25 250
150 125
25 2380
25 376
25 1523
50 75
25 1005
173 2177
25 175
25 9225
25 3409
50 1474
100 474
150 75
50 2305
25 325
50 75
50 4901
25 401
50 3445
25 4563
25 100
25 75
25 1539
25 25
25 726
100 1283
25 125
25 3407
99 2099
50 50
25 17775
100 100
25 50
70 2204
50 1652
100 200
25 2430
25 4488
25 147
25 2449
25 132
25 188
25 250
25 75
150 15417
25 951
25 101
50 25
25 179
25 150
125 207
75 25
466 626
25 9574
25 9052
25 3467
50 1201
25 752
25 1033
50 927
25 821
25 3467
75 927
25 1982
25 125
25 5236
25 926
50 75
25 4615
25 190
50 250
25 2465
25 476
125 14934
25 75
50 727
25 100
50 930
100 726
75 525
25 75
25 146
50 219
25 175
25 13672
250 457
25 50
50 2465
25 6403
25 200
25 75
1154 3712
50 8375
25 1877
25 479
75 5107
25 125
25 75
25 11634
25 50
25 25
50 75
75 9781
25 501
25 1280
125 10034
25 75
25 325
25 551
50 1478
25 212
25 9013
25 226
25 21295
25 25
2300 75
100 256
25 2963
25 4695
25 16184
25 6288
50 325
150 526
25 1271
50 50
25 175
125 418
50 401
150 999
25 25
50 27615
25 11065
75 5802
25 2220
50 5638
25 7555
25 4294
25 150
25 150
25 1454
25 100
25 3279
25 88525
50 1077
25 175
25 75
25 115
25 75
25 11735
50 676
50 150
25 1313
50 800
25 776
175 25
25 75
25 25
25 75
50 50
25 3429
50 1363
50 116216
75 24205
25 175
31 8016
50 12887
25 1378
50 75
50 8355
25 601
25 230
50 1703
25 1154
50 1653
25 175
50 75
25 100
75 4272
25 351
50 29479
25 4457
87 56
25 50
50 33
50 275
370 250
25 175
25 260
25 75
75 100
50 25
25 1063
50 198
77 3675
25 2213
25 160
50 104
25 175
25 18608
25 3426
25 7419
50 50
25 4329
25 4884
50 220
25 252
25 551
25 976
25 4148
25 8344
25 175
25 150
50 2798
25 212
25 25
25 158
25 626
25 1469
25 150
25 26
25 2085
25 2877
25 7655
25 1400
25 75
50 50
25 125
50 904
25 476
25 3532
50 175
25 175
25 1341
25 10206
75 191
25 50
25 125
25 2100
25 951
25 3760
50 38
25 3183
175 175
25 77
25 253
50 250
25 255
75 509
25 150
25 626
25 1805
33 50
75 476
50 2149
25 214
25 1127
25 21150
75 25
50 200
