175 31
25 50
25 200
25 250
75 125
50 175
25 50
50 376
50 125
50 175
100 50
75 50
25 776
100 50
75 601
125 271
25 100
50 100
25 326
189 125
50 200
125 75
100 881
75 125
50 50
55 50
50 1887
75 26
25 75
50 350
50 75
50 25
50 11736
125 25
100 125
50 300
50 1923
25 2284
75 75
25 100
50 680
150 50
25 119
175 50
50 25
50 1987
25 150
75 400
50 25
25 125
50 2173
75 175
50 75
25 225
125 25
50 100
104 401
50 250
25 426
25 100
50 951
25 250
50 539
50 25
25 50
50 2048
75 50
100 150
25 1027
100 1152
100 25
25 150
125 125
25 200
50 75
25 906
25 25
50 119
125 75
75 225
50 200
100 451
100 50
100 25
273 75
50 199
25 150
50 50
25 125
50 75
225 676
150 426
125 2781
50 423
125 275
50 150
75 2889
125 25
25 400
75 100
200 175
75 25
25 100
25 2039
50 100
25 100
25 825
50 1527
125 125
75 626
75 50
100 250
25 275
25 100
50 25
150 50
50 50
25 50
25 25
50 25
25 250
100 275
25 275
125 626
75 25
25 25
50 25
50 25
50 25
75 426
243 75
75 232
50 699
50 25
25 150
50 75
50 676
100 25
125 75
100 25
125 954
75 576
25 125
50 50
200 6247
125 524
50 150
50 124
50 100
125 25
25 25
25 90
50 75
50 2369
125 125
50 25
50 75
150 100
50 551
25 225
75 696
100 100
50 50
25 175
350 292
75 25
125 56
50 5034
50 368
50 125
25 200
50 75
25 25
25 50
75 25
75 426
75 175
50 50
25 50
50 75
150 50
58 75
25 50
125 25
25 25
175 25
125 376
376 451
56 125
50 25
25 75
25 651
25 50
125 25
100 50
150 25
50 722
25 200
202 75
25 75
100 301
125 100
200 100
25 50
75 453
103 150
25 65
25 50
25 130
50 25
50 150
150 1001
25 225
125 75
25 2458
50 175
125 576
25 577
376 25
25 101
25 579
25 200
100 150
50 501
25 175
50 50
200 25
25 275
25 25
175 200
25 50
50 75
25 25
351 275
25 701
25 75
25 95
75 50
25 776
100 25
25 92
75 75
200 797
25 5176
50 50
50 426
25 75
25 50
25 50
25 150
50 75
25 526
50 75
175 851
25 175
25 75
75 125
300 50
25 25
50 50
50 50
125 150
75 848
25 25
125 50
125 150
25 150
50 876
225 636
50 50
25 75
150 25
50 2370
50 946
25 25
344 50
200 25
50 1784
25 225
50 3287
100 75
75 150
125 676
25 486
75 25
50 250
175 100
75 325
100 1600
476 225
25 75
100 50
25 980
200 676
50 125
25 25
275 1049
25 275
25 225
50 25
125 401
81 75
25 651
242 100
25 125
25 125
50 175
50 225
100 25
75 125
50 376
50 175
25 526
75 100
25 2251
25 25
25 100
25 50
100 50
150 50
50 100
50 125
50 25
25 50
25 100
25 175
50 50
25 75
75 125
75 50
100 25
50 199
50 50
25 134
25 125
75 75
50 200
50 275
25 25
25 226
100 1808
250 225
25 25
25 50
25 876
75 301
150 976
25 150
87 226
125 446
25 50
50 25
50 2421
25 50
25 50
25 25
25 704
25 102
25 275
100 2245
125 100
50 50
150 100
150 175
25 1077
25 25
50 75
25 551
25 75
50 100
75 125
25 1178
25 25
50 2125
50 226
50 125
35 75
50 1465
25 652
25 876
100 351
25 702
75 50
50 50
75 25
50 50
50 50
75 938
125 25
467 75
75 25
25 75
25 75
75 973
100 25
50 50
25 125
25 776
128 1378
50 200
25 50
25 175
75 75
75 25
25 501
50 251
25 25
50 250
25 75
125 701
25 25
75 250
50 82
50 25
25 25
25 376
100 25
25 200
25 3412
25 25
25 376
50 100
75 25
100 25
50 727
25 401
207 125
107 50
75 25
25 200
25 100
25 25
25 225
25 100
225 50
75 100
50 372
25 150
50 902
50 150
50 125
50 75
50 225
75 50
100 25
50 426
150 155
25 25
25 25
25 25
50 50
75 2681
125 401
25 50
25 75
25 25
125 200
56 50
25 75
100 129
25 50
50 751
150 25
25 250
75 175
25 50
125 50
25 25
200 75
498 50
50 25
25 117
250 25
50 200
275 626
25 804
50 1159
25 50
100 25
75 25
75 250
25 232
125 408
75 351
100 125
75 1480
50 50
25 150
505 125
107 25
50 225
50 75
25 75
50 100
25 342
100 150
25 100
25 75
50 1776
50 50
50 50
50 175
50 25
25 150
25 100
25 1825
25 697
25 175
50 300
50 50
25 184
50 2000
25 26
25 25
50 158
125 25
25 75
50 50
75 50
328 50
25 25
50 25
100 100
150 818
125 25
125 50
75 225
125 100
150 1727
25 25
473 175
50 401
25 125
25 25
125 75
125 25
25 50
25 38
50 325
125 50
75 150
50 150
50 150
25 50
25 25
25 50
100 150
25 175
25 1474
175 209
50 28
50 100
25 175
25 125
50 25
150 125
25 51
301 25
25 75
150 50
50 25
25 50
125 426
175 25
50 100
25 225
50 175
75 25
25 50
25 175
100 3198
25 426
75 146
25 75
50 200
50 100
125 175
25 3603
100 75
225 200
50 451
75 276
25 451
25 275
50 50
300 75
200 25
25 200
25 50
100 801
50 75
84 575
125 6726
100 150
50 726
445 4925
50 50
50 401
25 75
301 250
275 776
25 951
204 175
50 150
25 50
301 25
25 200
100 50
50 75
25 3152
50 175
50 150
50 3131
50 250
125 25
25 175
75 50
50 250
75 816
25 701
25 676
125 50
125 100
101 25
25 150
25 501
100 10544
50 26
125 75
81 75
50 75
401 802
25 125
75 25
50 626
100 225
25 25
50 25
276 175
50 117
125 412
50 75
75 9936
75 501
25 25
250 25
50 125
25 200
25 50
50 150
175 200
175 1322
175 248
50 313
25 50
75 476
125 100
50 175
125 25
25 25
25 50
25 200
50 200
75 275
50 225
75 175
50 25
50 150
61 125
25 150
50 175
50 200
25 75
50 125
25 876
25 50
50 309496
25 75
250 50
25 225
75 25
200 75
75 25
25 75
75 50
25 50
50 1311
50 50
50 1813
25 100
225 100
25 398
175 50
75 175
25 50
25 301
25 275
50 25
25 1860
100 200
100 1651
25 100
198 75
25 25
50 48
50 701
50 1727
25 354
100 25
50 1372
25 250
186 75
100 50
50 25
50 252
25 226
50 100
50 50
50 250
50 25
25 350
25 25
100 150
75 1311
50 826
200 25
200 25
50 25
50 50
75 175
51 25
75 341
50 381
25 100
100 290
257 100
50 670
75 125
25 75
75 50
50 501
50 25
75 250
75 50
125 100
225 25
75 25
25 125
75 676
150 25
125 175
25 100
25 964
50 1373
25 27
50 75
25 526
25 50
75 1125
25 2687
75 231
125 125
50 200
125 1225
25 25
25 25
50 676
25 25
100 31
50 84
50 150
276 25
50 75
75 25
25 801
50 274
75 4792
38 50
150 405
101 25
25 378
50 1103
50 250
50 350
50 651
125 25
25 125
50 150
50 100
200 5357
25 1285
25 25
265 726
75 75
25 50
125 674
50 2970
25 100
50 2322
50 626
26 100
125 3149
100 125
25 200
25 3206
25 50
100 275
25 150
125 25
59 50
25 75
25 25
25 25
50 225
75 401
25 125
25 125
25 50
50 75
25 75
25 100
176 150
50 100
75 125
50 125
60 50
50 25
225 80
50 75
50 50
50 2838
50 741
125 25
326 25
100 50
75 1101
50 75
50 676
261 150
50 25
100 25
148 25
100 8320
75 150
225 150
125 25
100 50
50 75
25 426
50 250
50 25
50 25
125 98
25 50
125 200
25 326
25 25
125 1890
75 25
75 50
75 50
25 125
50 150
125 225
351 150
175 651
25 376
50 382
25 3205
25 100
75 25
100 50
150 50
50 50
25 5460
50 75
25 275
150 175
25 75
50 25
50 25
50 25
401 50
25 50
75 3596
75 75
50 150
75 75
50 1401
100 259
125 1631
25 50
100 100
150 674
50 75
75 100
150 75
1186 1002
100 183
51 150
25 25
25 25
125 275
25 50
25 176
50 251
150 75
50 325
150 250
175 150
25 1307
75 275
200 100
75 155
50 225
50 25
50 50
100 150
50 50
25 25
50 351
75 50
100 1377
100 100
50 4231
25 250
25 50
25 25
25 175
25 71
150 1499
25 75
25 275
25 701
75 25
75 75
150 100
75 125
25 1438
125 25
150 300
50 3766
25 50
50 3048
25 50
25 25
125 104
150 25
75 50
75 125
25 1545
50 175
100 100
25 501
50 738
25 25
25 250
25 50
150 25
25 552
25 25
50 845
75 25
50 32
200 25
125 50
100 101
100 125
276 175
106 75
100 2986
25 25
125 25
50 426
50 2915
25 50
25 100
50 901
100 100
75 360
50 3511
351 137
25 199
25 33
25 225
100 25
50 75
25 175
50 25
426 25
25 25
50 25
25 4933
50 25
175 793
50 638
150 75
550 25
25 50
25 325
75 250
276 50
25 200
25 25
25 277
50 150
25 100
100 2105
50 877
150 25
75 100
25 43
25 125
25 100
125 25
75 50
50 100
100 1074
476 100
75 350
100 526
25 701
75 225
50 476
50 100
75 25
100 25
50 3823
25 50
50 1048
50 501
125 175
25 902
50 25
50 551
50 25
100 75
25 5523
76 225
75 125
125 25
25 2915
25 101
25 25
50 375
50 101
125 401
50 50
225 5586
125 175
100 150
50 75
50 144
43 125
317 25
25 25
100 75
50 100
50 25
25 75
25 5440
338 626
25 250
25 100
100 50
25 3185
25 603
25 25
50 6117
25 125
50 100
50 25
50 100
101 100
50 50
75 376
25 50
50 635
50 626
50 50
25 25
50 426
25 50
50 25
75 200
25 50
100 501
100 25
25 350
1220 125
125 225
25 25
175 50
175 100
25 150
175 25
25 50
175 150
50 501
25 225
25 25
75 501
25 125
150 100
25 25
25 25
75 100
377 25
100 375
50 100
50 200
225 25
50 322
25 75
150 150
125 200
25 719
25 200
125 150
25 735
25 351
175 1051
100 125
75 926
25 100
25 50
25 75
75 1180
75 25
276 676
25 75
100 1126
25 775
25 50
25 300
25 200
75 25
25 1210
25 75
25 526
25 620
75 200
75 150
75 25
205 2589
25 25
155 7483
25 100
50 25
75 275
75 100
50 100
25 75
175 175
100 200
350 25
75 25
25 578
50 25
50 50
50 100
25 1611
25 100
125 200
25 25
342 25
25 79
542 1028
150 75
50 50
25 968
25 100
50 250
50 25
50 35
50 50
50 401
100 25
75 189
50 25
50 50
25 626
25 100
75 25
100 29
25 301
25 204
25 100
100 25
125 325
100 25
100 1728
100 50
25 25
25 50
125 125
50 325
50 175
25 100
25 25
50 779
25 2469
125 25
449 225
25 50
25 75
50 125
225 926
50 30
225 75
25 243
100 1258
25 4646
25 50
50 150
75 25
200 100
50 200
790 221
135 25
25 225
75 150
50 25
50 25
25 579
50 2684
50 2750
25 401
100 75
100 25
125 50
25 150
75 25
100 225
100 5662
75 150
50 253
25 401
50 100
75 303
25 351
25 5348
25 25
125 351
200 301
100 150
25 3993
401 25
50 275
50 50
50 25
100 150
25 25
25 3022
25 25
25 125
25 100
25 25
25 25
150 25
125 100
50 362
25 100
50 75
25 50
50 1519
50 200
153 75
50 100
50 75
75 25
125 100
175 125
25 75
25 25
50 645
206 275
25 50
50 988
150 25
25 100
25 175
125 200
50 75
50 50
50 25
25 451
25 125
175 200
50 225
100 150
50 25
50 150
667 275
25 601
50 25
25 25
100 566
75 175
25 175
25 651
150 1134
25 792
25 326
25 75
25 75
125 325
25 50
150 1257
175 75
25 1656
200 75
50 75
50 157
50 401
50 50
50 451
25 25
50 200
50 200
50 25
125 25
175 25
50 25
150 25
50 150
175 50
75 626
25 75
75 175
50 75
75 50
175 50
25 4003
50 100
25 326
275 401
50 75
25 50
25 61
50 50
125 125
50 100
125 50
219 25
25 325
25 50
75 75
50 50
719 75
25 225
75 701
25 676
25 25
50 1180
75 276
75 25
125 50
25 25
25 55
50 75
50 401
25 150
25 150
364 157
25 150
75 50
100 663
100 25
75 25
125 150
50 75
50 250
50 50
75 50
150 75
100 25
75 25
50 150
25 125
125 351
25 33
25 226
25 25
175 25
100 50
25 2566
100 25
25 50
25 25
25 325
125 194
50 854
25 25
50 50
75 25
25 26
75 275
25 50
71 779
125 75
25 351
100 125
25 57
125 50
75 125
75 150
225 25
50 189
25 3052
300 25
75 50
25 202
100 50
75 25
1202 25
50 344
175 125
75 25
25 175
125 100
100 50
100 25
25 55
25 326
25 325
50 25
25 75
50 420
351 50
25 25
150 3089
200 175
25 25
351 100
50 601
25 994
50 50
100 75
75 125
75 75
50 50
100 75
25 2076
75 25
25 75
75 50
25 225
50 131
150 100
25 25
100 75
75 50
25 50
125 901
50 25
50 225
25 25
125 175
25 25
25 75
125 1051
25 801
50 25
25 9919
25 100
175 426
125 225
460 350
175 50
50 952
150 986
50 75
100 25
75 50
351 1794
50 75
100 25
25 100
125 8889
25 601
100 50
50 25
25 75
25 50
25 100
25 76
125 25
75 100
25 50
50 75
275 75
50 851
565 75
75 300
25 50
100 100
50 50
25 175
50 682
150 153
25 246
125 75
100 25
25 75
100 100
50 100
50 75
50 376
50 150
125 72
125 1726
50 175
25 275
100 1180
50 1810
50 1609
150 50
75 50
125 150
100 1052
50 526
50 101
50 75
25 250
25 2479
125 75
25 25
25 50
50 1010
521 976
50 25
25 50
25 29
75 1608
50 100
25 275
50 25
75 326
75 8579
25 56
100 601
175 1486
175 125
50 275
25 25
25 100
150 275
50 225
100 75
25 100
100 25
50 809
50 175
50 150
25 125
100 175
200 802
50 25
255 300
100 125
25 75
25 100
100 25
50 100
50 25
50 100
75 140
25 50
100 451
125 75
125 25
25 526
25 25
50 443
250 75
125 175
100 576
140 50
100 200
100 50
50 175
50 476
250 300
25 26
75 401
25 1027
25 75
99 2297
125 125
100 200
25 978
50 175
25 25
100 175
25 25
25 175
25 25
75 376
50 25
50 100
25 1349
25 50
250 501
50 53
50 3826
25 25
25 3488
50 50
225 50
50 125
50 150
125 250
50 200
75 50
100 150
25 250
25 278
50 1744
100 100
25 125
25 25
25 866
25 25
100 25
25 150
412 901
25 1480
25 75
75 200
25 275
427 75
25 25
50 175
25 1084
50 175
25 25
50 50
50 1106
25 125
25 751
25 32
50 676
225 150
75 25
25 50
50 50
150 50
150 319
25 433
25 75
25 50
25 75
75 2955
225 25
50 75
100 449
25 100
25 1103
125 1448
25 64
125 50
317 25
150 601
25 50
25 25
331 125
50 25
50 25
25 826
50 901
50 175
351 100
150 726
50 75
50 401
25 25
50 100
100 125
25 150
125 100
100 351
25 50
125 926
25 50
50 454
50 125
50 200
25 75
25 45
50 125
50 25
175 75
25 125
250 25
50 376
75 25
50 25
25 26
25 75
50 200
25 50
25 325
25 641
25 50
50 150
75 75
153 300
100 75
125 75
50 476
266 250
50 75
50 25
25 225
25 125
225 50
25 25
75 25
75 256
73 50
125 1531
25 25
451 75
25 25
25 250
50 25
225 329
301 75
75 803
50 207
25 75
25 1152
25 2543
25 100
125 25
25 100
75 25
50 2797
276 75
50 551
25 25
50 225
50 50
50 100
94 1621
50 376
100 25
250 200
25 526
100 100
100 250
54 50
125 6826
50 50
50 526
145 75
50 189
425 150
75 301
25 50
50 83
50 250
451 25
25 50
25 25
200 219
25 25
75 25
75 125
25 372
25 50
50 25
50 826
100 25
100 1102
25 50
74 831
75 75
50 476
50 701
225 200
75 1255
125 25
150 25
50 25
100 200
100 1927
537 701
125 100
125 50
75 150
150 50
50 100
300 50
75 75
75 25
25 693
179 1155
50 75
125 2478
25 401
25 25
25 26
50 75
50 801
50 25
50 651
125 301
25 75
100 100
50 25
25 50
143 826
100 225
25 25
75 476
275 578
75 852
50 175
50 50
25 150
100 50
75 985
50 25
25 1460
25 25
25 25
150 150
75 225
25 75
25 250
175 225
25 476
25 150
75 50
50 1265
50 25
50 100
200 100
50 25
25 125
50 125
25 209
275 2929
75 374
25 851
25 2906
25 75
100 175
25 25
50 1312
25 200
50 175
25 3929
25 150
100 75
175 25
50 75
125 25
25 75
25 351
50 876
154 100
75 451
55 175
25 157
50 25
25 25
50 50
75 526
175 50
25 250
50 25
175 864
50 501
50 175
225 150
25 175
25 25
50 150
50 150
50 651
351 150
50 75
100 75
25 25
150 176
25 25
75 25
50 25
25 75
100 25
150 501
492 75
56 25
50 75
200 60
100 50
25 100
175 100
50 767
100 225
25 8248
25 476
25 75
100 25
50 1026
50 125
175 25
100 75
125 1188
50 405
125 50
250 175
50 326
75 25
175 25
50 25
301 75
50 25
50 150
50 577
100 125
25 75
25 50
25 75
50 1362
75 75
50 25
50 551
50 626
25 50
401 2300
50 780
50 576
25 50
50 250
50 25
25 125
150 25
575 4997
175 150
50 229
25 150
50 125
276 75
74 2607
50 75
25 1799
50 25
50 801
225 28
75 46
50 25
25 50
50 221
50 50
256 25
125 25
125 125
50 4993
50 100
50 75
25 50
50 242
25 751
50 551
25 451
75 400
50 25
25 300
25 401
50 635
226 25
50 50
125 50
225 509
50 150
50 125
275 2446
50 1269
25 100
50 100
50 200
50 25
50 125
25 576
50 25
100 50
125 75
100 25
125 626
150 250
25 25
150 25
250 980
150 350
125 776
100 100
125 14508
125 175
200 100
75 125
25 100
50 100
25 415
50 25
100 100
468 292
200 25
125 75
50 100
25 125
75 601
50 75
50 351
50 464
50 50
100 50
50 175
100 25
25 50
50 476
75 526
25 626
556 100
25 50
100 176
100 75
125 25
50 25
50 8283
25 25
25 25
100 25
125 50
50 25
25 75
25 25
50 50
50 1073
75 376
25 526
50 50
50 200
125 50
200 1751
50 2002
125 100
50 25
25 75
125 100
125 125
100 25
75 25
50 25
125 25
50 201
150 108
50 25
125 476
125 81
25 25
50 125
25 551
75 228
476 551
50 601
100 601
50 25
25 25
218 50
25 1170
50 528
25 65
150 401
175 207
175 225
175 375
100 225
25 5912
50 150
25 25
25 150
25 25
100 25
100 776
25 200
125 143
125 125
125 100
50 809
25 5812
75 100
75 225
25 25
75 100
25 526
50 726
75 125
25 75
100 100
25 225
50 1741
50 50
25 626
50 50
25 75
25 25
50 75
50 25
25 876
25 175
25 175
100 25
25 175
25 75
50 75
150 25
150 229
125 25
25 694
25 203
50 105
150 75
100 351
100 50
50 25
25 175
50 944
125 50
50 25
25 251
250 200
75 250
50 50
50 75
25 200
75 3089
50 676
50 877
519 100
25 501
50 529
25 50
225 25
50 150
50 851
50 75
50 50
330 200
25 25
100 300
50 75
75 776
25 1582
50 75
50 25
125 801
75 50
75 1982
50 276
100 401
25 200
50 200
50 47
100 125
238 501
125 504
25 150
50 25
75 203
75 551
50 231
159 25
50 125
150 426
25 75
100 175
150 25
150 25
50 175
656 25
50 125
75 810
200 100
125 169
50 75
50 25
50 100
50 100
100 375
25 676
100 226
100 225
72 801
50 25
332 25
25 25
25 175
125 150
50 526
476 75
25 25
25 50
25 405
75 426
534 401
25 225
50 1701
25 250
25 75
25 75
150 175
25 676
100 202
257 960
25 25
50 692
75 100
50 25
25 526
100 175
75 50
75 25
125 25
75 50
326 687
125 200
175 178
25 705
25 50
275 75
50 150
25 50
175 1157
100 1497
25 773
75 25
25 75
25 251
50 25
50 100
50 225
175 25
25 25
50 150
25 25
50 651
75 3651
50 25
50 1080
50 651
25 25
277 25
50 25
50 3373
25 25
511 25
175 501
25 25
50 150
25 25
125 200
50 50
50 200
25 877
25 50
150 107
25 175
100 125
50 25
150 175
250 7042
125 75
75 50
75 451
175 3245
25 50
50 50
25 50
125 25
100 75
25 150
100 25
75 376
50 50
100 380
50 775
25 175
50 100
200 100
100 179
25 476
25 381
25 125
100 700
25 75
25 1277
50 175
200 150
50 5739
50 75
225 175
100 25
25 25
50 25
25 100
25 150
25 1052
25 200
50 75
692 80
25 25
125 1732
50 576
50 50
25 375
25 125
25 100
25 25
50 1804
50 275
25 1382
175 75
100 25
25 25
100 25
25 25
25 225
25 3395
75 25
75 25
50 100
50 200
50 551
325 175
125 150
75 1198
25 50
50 25
50 551
25 75
75 50
25 100
100 60
100 351
25 150
50 1053
125 200
50 5730
43 25
25 100
50 25
25 25
50 211
125 200
300 125
189 50
50 504
25 75
75 125
25 1069
100 175
25 2714
50 100
25 584
175 75
175 50
329 75
150 574
25 423
100 125
50 100
75 818
25 25
50 50
75 326
125 325
627 125
25 175
25 100
100 25
25 172
350 75
50 50
50 1287
100 25
25 25
150 75
25 25
117 25
50 287
104 25
25 351
100 293
125 802
50 6772
125 50
317 250
25 175
25 25
50 75
351 150
50 250
150 50
125 50
25 25
75 375
100 158
125 125
125 200
25 25
50 200
50 476
100 9404
25 175
50 462
75 25
153 75
75 1379
75 75
50 25
25 275
25 50
175 1402
175 225
25 471
50 25
150 75
125 25
25 504
50 50
25 200
125 751
25 25
401 25
50 200
100 50
25 25
25 275
125 25
50 50
50 150
225 751
50 225
200 200
100 50
25 75
125 25
75 726
50 25
50 125
125 175
50 25
25 50
75 323
50 275
25 50
100 50
25 351
50 50
25 651
50 120
25 100
25 607
25 601
50 75
25 250
50 200
50 100
175 25
251 25
25 50
125 808
50 50
25 50
75 275
75 25
50 50
50 801
25 2983
25 50
25 356
25 100
25 702
100 25
75 25
25 50
100 225
232 2138
50 50
25 50
50 75
25 953
75 350
100 1213
25 75
50 260
50 25
301 150
25 195
25 175
138 200
25 25
50 159
25 100
25 50
25 50
25 200
50 175
50 150
200 25
75 175
25 476
225 50
50 451
25 25
125 25
225 25
50 25
50 75
75 240
100 75
50 175
125 25
25 25
77 926
50 50
75 250
75 1891
75 374
301 326
225 838
25 75
100 50
25 125
150 159
250 75
50 2262
125 250
50 150
50 108
50 100
25 501
100 50
25 134
150 182
75 50
75 25
100 50
50 876
100 175
50 75
50 426
25 3993
25 25
50 75
100 75
180 200
300 200
75 25
225 25
350 181
150 426
50 125
25 50
125 50
50 150
100 501
125 881
25 50
75 100
50 826
25 25
25 100
25 100
100 125
50 8833
25 25
50 376
125 25
150 225
150 25
100 175
100 801
75 376
25 171
50 25
50 200
376 175
50 50
50 250
25 855
50 50
100 826
25 25
25 125
125 150
100 237
25 1400
25 25
25 200
75 551
25 484
100 125
903 25
25 50
25 25
100 50
75 100
100 125
76 802
100 676
100 200
50 150
75 25
100 250
125 701
25 150
75 1349
125 5787
25 25
50 100
50 418
50 25
25 125
25 298
100 50
50 225
75 100
300 1889
50 1952
50 25
100 175
25 125
50 780
75 125
25 168
50 25
100 250
100 50
25 166
50 75
25 125
100 175
75 25
50 301
50 25
50 4796
100 25
25 1748
150 25
25 228
25 726
25 401
150 501
50 52
50 50
175 100
50 165
50 454
25 9017
50 32
125 25
50 175
25 75
50 275
175 50
125 300
25 25
25 25
75 25
25 30
25 150
25 1323
25 25
125 25
125 25
25 100
301 125
50 100
25 1933
25 25
226 170
50 175
225 470
175 351
25 700
175 25
25 526
50 726
25 25
50 479
125 125
25 27
25 200
62 551
50 50
50 25
100 551
25 225
50 75
75 175
50 25
150 601
100 199
125 200
25 25
51 50
25 175
50 200
175 325
125 350
50 125
50 826
125 100
125 576
200 75
75 100
25 125
763 1099
150 225
25 50
25 435
25 200
75 75
25 1103
50 25
50 50
150 100
50 301
50 75
50 1071
125 100
25 25
50 50
25 25
179 25
25 125
100 125
25 150
125 125
75 75
100 50
75 150
50 127
125 175
250 1027
50 25
50 225
25 225
75 326
50 50
75 688
75 376
75 175
125 100
25 150
200 3573
25 225
50 25
276 100
125 601
50 312
25 3149
100 25
50 75
75 125
25 50
150 751
50 451
50 351
25 476
25 25
175 50
75 25
25 25
150 103
50 401
75 50
225 66
100 4896
25 2603
50 1705
100 175
100 952
50 125
100 100
50 100
50 5785
175 175
125 75
25 200
25 181
25 75
425 100
50 4304
125 50
486 25
50 200
50 25
50 25
50 4188
250 75
75 56
50 175
25 125
75 311
75 100
447 25
75 100
125 1729
25 5215
100 682
50 75
50 50
25 6673
50 25
25 401
25 100
50 300
75 75
50 576
75 670
50 1772
25 1074
215 25
25 1077
125 75
551 50
50 25
125 1103
175 25
59 75
50 50
25 2205
25 679
597 125
125 276
75 801
25 75
200 225
125 58
25 826
50 200
25 25
100 2407
300 1075
25 75
100 551
50 225
25 125
25 50
50 25
175 1445
25 914
150 150
75 50
50 776
75 100
102 25
100 230
276 325
25 50
50 25
125 4941
50 50
25 351
25 150
50 50
25 25
50 125
25 225
125 676
100 75
200 125
50 75
150 25
25 225
150 651
125 50
25 50
50 25
25 50
125 215
25 125
75 25
622 175
25 50
100 50
50 225
50 25
50 212
125 50
25 5522
50 150
144 250
50 8954
25 25
50 25
25 25
535 25
75 25
50 426
75 150
50 125
25 25
100 75
125 125
50 225
25 225
25 50
150 25
25 179
175 75
25 25
125 75
50 50
25 25
100 50
50 100
100 25
50 25
25 75
25 376
250 25
225 50
292 200
50 50
150 25
125 25
25 275
100 150
100 25
50 551
25 3671
50 200
619 293
100 175
25 175
25 25
25 250
125 5132
25 75
50 100
50 175
200 1380
25 2088
25 50
50 75
75 25
50 25
150 45
25 50
300 75
100 25
25 25
50 748
25 25
50 125
25 50
25 1487
25 225
100 25
75 50
25 100
25 25
50 25
50 125
225 21290
25 25
50 25
25 25
50 225
50 75
25 25
50 676
100 75
50 25
125 125
100 401
50 476
25 25
175 75
150 250
50 125
25 75
25 851
166 126
25 401
75 231
100 175
50 25
75 1715
25 25
637 50
125 25
50 150
100 726
50 125
50 50
25 373
25 100
250 25
100 50
25 125
50 876
50 50
25 50
125 526
100 275
50 953
50 100
75 175
75 50
25 526
25 3553
50 225
100 25
50 100
25 25
50 601
150 25
50 75
50 150
75 25
150 197
25 2053
50 876
25 25
125 102
75 100
50 326
25 1362
50 776
25 834
426 476
50 275
125 50
75 221
50 250
50 225
25 50
25 1011
25 150
50 39
25 95
50 125
75 25
50 175
50 1468
25 100
25 50
100 25
100 25
150 100
25 75
25 150
75 50
100 25
50 306
100 125
175 253
50 50
25 75
150 50
50 25
25 25
277 100
175 902
225 50
25 517
175 150
50 100
150 25
25 25
75 25
25 25
100 125
250 100
50 50
125 100
50 125
50 50
25 50
251 250
25 25
25 100
50 50
50 125
100 105
50 100
100 376
25 25
50 25
50 25
50 100
491 7467
25 25
100 676
50 50
25 50
50 329
50 225
200 125
50 175
25 175
25 451
100 25
50 776
476 75
75 225
75 50
100 689
25 25
25 125
50 50
50 200
50 50
225 125
75 100
50 25
125 75
150 25
25 25
75 25
75 225
100 501
75 25
100 25
100 501
50 225
25 130
50 901
75 25
50 125
25 25
25 426
50 50
50 175
25 200
25 437
25 225
940 25
25 50
50 75
125 1178
150 25
50 50
25 701
25 2739
25 50
50 150
25 25
100 28
150 175
100 301
100 593
50 75
175 75
25 101
125 125
75 326
75 50
50 50
50 254
50 1077
25 100
50 902
50 175
252 2356
50 209
50 821
50 50
75 25
25 75
25 150
25 1099
25 3416
150 75
25 75
25 150
50 2003
25 250
25 1544
25 25
100 25
100 2320
175 275
225 150
125 2779
75 1080
50 726
25 25
25 1270
50 601
125 150
50 125
25 25
50 125
250 25
25 25
50 100
25 50
50 212
25 25
25 424
25 560
25 125
25 100
125 200
25 25
50 211
50 25
50 50
50 3340
25 50
25 426
50 25
75 100
25 25
100 125
100 375
50 301
50 200
25 678
838 125
25 100
125 100
50 150
75 726
25 1348
50 100
130 25
25 50
25 150
25 125
598 150
150 901
50 125
50 25
25 50
25 25
125 1280
50 150
25 1600
25 50
2805 75
25 25
25 125
25 25
150 300
50 150
175 75
226 50
25 175
50 50
25 1386
125 651
150 37
50 75
25 150
75 994
25 50
50 200
25 25
50 927
50 75
25 610
100 826
50 50
4589 175
25 51
50 100
50 225
125 25
25 25
100 175
150 1560
25 451
25 150
50 25
50 250
276 25
50 125
75 33
25 727
50 425
50 75
50 551
100 50
75 150
150 150
535 50
25 567
50 125
125 25
100 266
50 75
25 125
25 438
25 250
150 8491
125 150
50 25
100 301
25 100
25 225
25 25
225 225
100 221
100 25
225 728
25 926
57 1702
25 75
50 25
175 9110
50 75
50 175
175 576
25 50
25 125
500 25
125 125
75 1409
550 726
75 326
50 100
25 100
125 50
75 100
100 63
25 125
25 50
225 25
50 75
75 75
75 25
225 25
50 676
225 25
25 75
75 1400
75 100
50 25
50 1270
25 809
50 150
50 125
269 376
150 50
50 150
50 943
125 100
50 25
75 25
25 100
75 50
50 426
75 100
50 1147
25 350
25 476
125 426
25 150
225 150
75 200
25 75
25 25
326 75
25 2078
150 175
25 225
175 776
75 100
25 150
125 75
250 100
301 200
100 325
75 801
50 25
100 125
25 75
50 25
225 150
50 50
125 150
175 400
25 25
125 100
50 979
175 476
25 25
25 926
25 1212
25 200
150 175
75 1999
150 100
25 150
25 200
50 366
25 892
25 25
50 50
25 300
50 150
25 125
200 4693
25 150
50 50
175 25
175 150
25 150
50 25
125 177
25 778
75 50
75 25
25 175
25 125
75 451
50 551
100 50
50 75
125 25
300 75
78 827
25 25
325 225
270 175
25 25
125 50
75 1223
75 75
25 150
175 75
25 1723
25 50
100 225
175 150
25 25
25 25
100 250
75 426
50 75
100 150
50 50
25 75
25 451
25 150
50 350
25 806
50 150
25 25
100 526
50 276
25 726
25 1027
50 125
25 902
100 75
125 1014
100 100
221 15739
25 36
125 25
25 776
50 82
125 688
50 25
321 4959
50 150
25 100
50 225
50 25
25 150
25 25
275 849
83 50
25 2233
25 150
50 265
25 7043
50 225
100 200
175 50
50 25
125 25
50 226
25 25
100 452
125 50
25 301
125 50
50 575
25 25
50 1254
25 200
25 50
25 125
25 1788
100 175
25 225
25 1069
75 829
25 100
100 100
25 225
50 125
75 150
75 25
100 50
50 250
25 615
50 786
175 50
50 351
25 726
75 100
75 853
50 476
125 50
50 75
50 50
25 25
25 150
50 76
75 125
25 100
50 125
310 50
25 150
125 632
150 100
25 50
50 50
50 75
50 175
50 976
559 75
50 50
50 50
125 3036
25 1416
75 25
225 225
50 50
150 175
50 1002
75 1861
50 3239
124 75
25 5157
150 65
25 125
50 1056
25 219
25 75
25 75
150 11294
25 50
25 626
100 638
134 100
100 25
25 25
25 836
50 150
100 275
51 200
25 100
25 25
75 75
50 350
50 25
125 601
50 455
25 301
50 426
25 176
50 25
75 100
25 50
100 75
50 426
50 728
175 125
50 728
25 125
25 2995
175 325
125 701
50 1538
50 25
25 25
25 25
75 501
25 25
50 75
50 150
100 50
175 3763
100 182
50 2318
100 100
25 476
202 25
75 25
75 25
50 50
25 376
50 2070
75 1211
25 150
125 25
125 50
50 376
150 25
50 75
50 1021
25 677
50 705
50 75
100 150
25 2391
125 300
25 75
25 25
25 551
50 100
100 75
125 50
50 150
25 25
125 526
25 34
50 25
301 50
25 25
50 1569
694 75
50 25
50 551
25 125
100 2444
75 2650
25 25
325 100
352 175
100 25
50 125
25 591
75 217
50 50
50 94
555 300
50 955
50 150
100 126
75 476
50 1474
25 50
50 325
25 100
100 100
50 25
25 7642
125 225
50 1088
25 626
25 100
125 25
25 50
50 175
368 150
50 1608
534 50
50 2667
25 50
25 50
50 676
341 175
225 25
50 776
50 100
50 50
85 178
50 175
25 275
75 100
25 50
50 150
100 150
50 25
50 3313
275 125
177 701
125 75
75 12154
25 3796
50 50
25 851
50 50
75 1458
25 50
50 25
50 401
50 1005
175 25
25 25
25 25
100 25
100 1730
25 25
50 412
100 225
25 32
125 150
50 50
50 175
200 50
175 25
50 77
25 75
25 75
25 25
50 6153
50 50
25 25
50 125
100 200
125 125
125 300
75 293
200 25
50 100
81 351
50 150
50 125
25 50
50 50
125 25
100 75
100 1128
50 50
50 25
25 225
125 25
150 25
25 25
75 56
25 25
225 376
175 125
125 125
25 25
50 653
125 25
100 275
100 25
100 50
75 25
25 9695
25 25
25 350
75 25
225 175
25 25
75 576
75 401
100 50
125 704
50 777
75 25
25 50
25 50
150 676
50 75
50 25
175 200
100 300
300 200
25 218
50 2114
25 456
100 200
100 301
50 1884
125 871
25 75
50 26
25 25
25 25
125 25
25 1287
25 1380
50 75
50 75
100 25
100 25
50 426
25 50
125 2704
50 100
50 100
25 82
50 2452
25 175
25 50
342 25
50 818
25 1911
100 1604
25 325
50 433
125 100
125 25
25 25
100 25
50 225
75 802
25 325
25 681
50 378
25 75
75 100
50 25
75 1715
25 100
25 50
75 3798
50 50
75 75
75 762
75 75
75 125
25 75
25 75
696 934
25 50
150 551
25 2455
100 25
75 676
25 276
100 25
50 751
125 1221
25 29
1549 200
279 100
131 25
75 4079
75 50
25 93
25 8545
25 75
100 50
25 75
25 1514
25 25
50 50
428 86
25 1127
125 100
25 150
100 25
25 50
25 225
25 125
25 150
25 25
50 225
50 590
75 100
50 100
50 50
50 25
50 2766
50 806
50 175
50 18372
375 462
100 25
25 50
150 100
25 50
25 551
100 25
25 125
452 150
50 50
25 150
50 726
150 1646
50 200
50 175
25 638
25 301
50 50
25 50
100 175
50 150
100 25
50 25
50 25
75 50
50 50
301 1655
25 2049
75 225
25 97
25 1378
25 4543
25 150
50 876
75 25
25 75
100 125
100 695
125 175
150 25
100 75
50 200
100 25
50 25
25 50
75 50
25 100
75 176
50 100
125 275
50 50
75 25
50 25
100 200
25 120
25 25
125 50
25 200
25 751
50 50
25 1128
25 100
50 25
100 100
50 207
50 50
125 200
50 75
150 25
100 50
125 25
50 322
50 250
125 25
75 25
100 50
50 14065
25 250
125 551
125 25
302 375
25 275
25 75
125 676
50 75
50 25
25 50
351 330
125 50
25 50
25 2506
125 3568
50 1643
50 401
931 125
25 25
50 75
75 516
50 25
50 100
50 25
100 75
25 200
420 9993
75 200
75 12084
50 100
50 25
125 100
75 75
50 2185
50 50
50 801
25 75
50 150
50 25
50 801
50 25
203 75
75 325
25 175
75 25
150 1002
25 50
25 125
25 25
372 25
5052 175
25 50
75 100
25 350
251 50
50 75
125 100
1925 25
50 351
125 225
75 25
50 300
25 50
125 200
125 25
125 2309
175 1514
25 50
100 75
50 125
150 25
50 200
125 225
50 50
75 25
74 225
100 25
50 50
25 26
50 75
25 86
50 701
125 957
25 552
25 2406
50 25
25 75
100 125
25 175
50 100
50 1007
125 1442
75 1564
100 301
53 25
25 25
584 25
100 2270
100 200
125 110
50 75
50 476
100 25
75 225
50 25
25 150
125 175
125 243
50 275
50 50
125 75
25 200
125 75
50 25
25 2476
50 259
476 301
100 2002
125 200
275 25
50 376
50 25
50 50
50 300
50 25
718 225
25 125
125 125
25 50
542 676
50 57
225 376
25 150
50 125
50 451
150 8981
25 75
100 175
25 150
150 175
50 25
25 150
200 25
25 175
225 25
25 1346
150 25
50 350
25 100
25 175
50 503
25 1102
50 150
300 100
25 551
275 97
25 25
25 2176
196 176
25 50
150 726
25 100
50 786
25 75
50 58
100 75
276 75
75 100
100 25
25 25
50 75
25 676
50 175
50 75
75 25
75 125
75 751
75 200
50 294
75 100
296 25
25 50
50 1278
25 100
50 150
50 25
25 25
50 164
50 25
125 25
276 50
25 2110
25 150
50 100
175 376
50 250
82 777
25 25
25 175
150 174
25 25
50 125
100 125
225 25
25 926
25 75
175 175
50 25
50 50
25 927
25 25
25 125
100 69
584 150
200 75
25 50
50 778
50 25
100 601
50 50
125 25
25 5544
25 1027
50 25
509 1127
25 25
75 276
125 979
25 125
25 227
100 125
50 150
25 75
25 200
25 25
50 100
25 100
25 25
98 25
25 451
50 715
25 50
25 150
55 100
225 50
50 25
175 125
125 75
25 25
50 50
50 150
125 7001
50 375
50 701
125 501
75 50
125 25
25 2343
225 125
355 50
25 125
25 25
50 100
25 25
25 25
100 50
50 25
50 3458
25 253
50 25
610 100
50 175
788 351
25 125
52 226
25 25
75 50
125 150
50 250
150 75
175 75
50 200
50 226
50 75
75 25
75 752
225 1554
25 150
225 25
25 351
50 207
25 326
50 8487
100 25
325 2956
100 451
25 50
25 25
25 150
50 301
75 478
25 14780
100 25
25 1153
125 1871
75 2371
25 150
150 100
75 75
100 50
50 1413
50 50
150 175
50 33
100 50
100 50
50 150
100 31
200 50
50 175
25 551
25 25
25 75
50 100
25 200
25 100
75 75
25 25
125 25
125 100
25 476
25 25
134 200
93 965
25 481
50 50
75 150
75 813
50 50
25 50
125 4815
75 75
25 25
25 139
50 175
25 50
175 276
50 25
75 25
25 50
50 125
25 676
175 25
426 2577
175 50
225 150
451 25
275 50
25 5585
25 1552
25 158
203 75
100 50
100 50
50 75
25 250
50 50
50 1009
125 125
100 703
25 150
25 50
25 200
75 75
25 100
25 50
25 288
100 75
50 75
25 853
75 50
100 700
150 25
125 75
25 50
50 175
75 75
50 25
50 125
50 125
25 4276
25 687
75 50
100 25
100 175
25 25
25 62
150 76
75 150
50 876
25 175
50 5833
50 476
75 50
25 576
150 175
25 200
75 75
25 50
125 227
476 845
75 25
75 744
324 275
25 125
50 376
75 50
100 125
25 304
50 25
165 50
25 350
25 588
100 200
50 276
25 25
175 125
25 228
100 299
50 25
50 75
125 160
125 100
100 50
25 50
25 250
50 50
75 651
75 100
75 25
125 751
50 75
75 381
225 376
25 551
25 100
50 7579
50 764
25 330
25 100
125 726
50 1915
25 75
100 200
374 352
50 301
25 75
50 25
150 25
251 1169
25 175
100 50
150 100
451 25
25 1430
25 976
50 476
25 25
100 175
25 801
50 50
25 75
25 100
25 2265
25 1089
326 25
25 50
125 75
50 175
301 75
250 150
25 25
225 50
150 175
50 225
175 25
25 100
150 75
50 50
50 50
50 125
125 25
50 50
125 75
25 125
38 50
25 200
25 576
150 50
50 601
50 125
100 225
75 100
175 75
530 125
150 125
51 1735
50 25
50 150
75 75
50 25
100 25
50 1859
50 100
25 25
200 150
75 25
50 751
50 75
50 2033
25 150
25 200
100 182
75 25
25 225
25 25
50 175
50 701
25 50
75 801
110 42
150 125
75 284
125 100
100 75
150 776
50 175
25 626
50 50
50 100
50 75
50 576
25 821
250 501
50 50
50 50
75 25
75 150
75 25
25 50
50 177415
25 225
125 808
25 125
100 125
25 100
50 325
50 25
50 50
125 25
25 75
25 376
125 67
25 200
25 50
221 125
225 185
250 637
25 200
25 153
25 300
25 75
25 250
25 150
125 236
100 250
25 175
151 401
50 125
100 626
25 25
25 401
25 3860
50 175
50 25
25 75
100 200
25 25
100 50
250 125
50 67
50 300
225 901
50 25
50 50
75 200
25 7661
25 100
125 250
267 276
50 250
50 50
25 275
25 75
75 36
25 25
25 50
25 25
50 100
50 125
50 50
225 150
100 100
50 851
50 150
74 250
25 50
50 125
25 1011
25 1591
100 52
75 125
50 326
50 75
25 110
25 50
25 401
25 100
25 301
50 376
100 200
25 50
77 25
25 376
100 426
25 100
25 50
175 1594
25 75
150 25
25 150
25 25
150 33
25 50
25 75
225 50
25 125
25 75
50 175
50 1056
25 2749
25 225
100 102
200 100
75 75
25 25
25 2954
201 125
50 350042
25 50
25 28
50 301
50 25
25 50
25 200
50 100
25 25
50 75
50 53
25 50
25 25
50 231
75 25
184 1115
75 75
50 25
175 351
75 25
50 50
75 1037
50 75
35 50
75 300
25 25
585 1027
50 25
50 50
75 175
25 250
125 1261
50 75
50 616
100 200
25 175
25 75
100 451
75 75
125 175
146 100
25 25
476 100
50 1315
125 125
125 75
125 351
50 100
50 97
200 100
175 150
50 100
200 728
75 239
50 137
100 25
50 150
25 175
50 175
50 125
50 75
100 75
50 125
25 350
75 275
25 25
75 25
25 676
50 75
25 1127
25 25
75 225
50 50
25 25
200 250
36 5001
225 75
25 25
175 50
100 651
100 876
25 5199
25 701
51 826
75 851
25 25
25 25
25 75
50 125
50 710
150 225
25 676
25 380
75 782
25 175
50 27442
50 125
250 576
125 50
75 451
50 106
150 25
25 3669
55 248
25 2134
50 201
75 25
25 25
25 25
25 1845
25 75
125 476
50 150
25 932
25 250
25 200
125 25
50 25
25 150
50 751
25 576
25 25
25 25
25 175
50 50
50 75
50 125
25 100
25 100
50 50
25 25
25 25
50 150
25 25
50 50
25 200
25 75
25 25
50 25
50 25
175 25
125 150
25 526
610 876
50 25
75 8034
158 7468
50 200
100 25
25 25
50 100
25 50
50 376
125 100
25 225
100 25
25 250
25 200
75 125
50 426
25 50
612 175
75 175
25 193
50 100
50 150
25 275
25 130
126 125
50 25
25 601
25 829
200 25
50 175
25 25
25 333
25 25
25 25
50 25
125 1926
50 75
25 275
51 2284
50 50
50 264
25 25
50 2416
70 50
50 4300
75 25
29 25
25 100
50 77
150 225
100 25
150 300
50 200
200 100
25 323
25 25
25 50
25 125
100 76
225 75
225 75
3729 50
125 5075
25 776
75 350
75 601
100 25
1244 125
25 100
50 50
100 476
150 175
25 426
25 109
25 451
25 100
50 74
25 125
25 25
75 25
125 50
100 25
75 576
25 50
25 50
50 50
25 75
25 702
246 1060
50 50
125 125
50 1103
100 676
25 75
100 29
25 200
50 376
50 75
50 225
100 778
50 100
25 25
50 100
75 75
50 200
100 501
100 50
25 100
50 701
100 150
25 75
75 50
50 50
50 276
50 100
100 250
50 125
25 50
25 188
25 75
50 50
75 651
100 150
50 150
25 100
50 25
50 334205
25 25
125 50
50 200
50 25
25 25
50 7653
25 125
100 100
75 125
75 25
300 626
50 501
75 250
50 25
559 25
50 100
25 200
25 125
225 7213
351 25
50 75
50 573
25 125
50 2532
75 605
50 1968
25 125
50 75
125 25
225 476
125 75
100 75
200 50
50 100
275 150
25 1152
125 75
275 75
25 108
50 1103
50 225
50 25
125 701
25 75
25 25
125 5468
100 275
125 50
100 225
498 25
25 175
50 75
50 50
25 50
50 75
25 676
100 25
25 25
50 25
52 150
25 25
50 652
25 25
175 100
100 50
175 275
150 50
175 75
50 233
50 75
75 281
25 175
50 300
125 376
25 50
25 426
200 75
125 25
25 926
50 25
100 817
50 50
75 25
250 200
50 476
25 351
250 100
25 25
125 75
25 25
125 25
75 200
50 13792
50 25
100 100
75 275
150 275
25 25
150 50
730 25
50 5319
75 75
25 551
75 1343
50 621
125 25
25 125
125 451
75 426
25 25
75 50
50 50
25 200
50 200
25 100
150 526
51 1367
125 751
51 25
50 25
25 50
25 300
50 75
25 375
50 25
75 175
25 125
50 100
50 175
25 131
50 156
50 50
100 1229
75 401
50 125
75 1668
25 653
50 100
124 150
25 225
175 150
25 75
50 977
25 25
25 58
50 75
25 14952
125 2367
50 50
25 196
100 353
100 25
100 125
50 100
25 125
46 25
50 25
2015 150
25 326
175 125
50 200
50 325
25 50
25 100
50 8097
75 3817
25 185
100 25
201 175
50 125
50 2840
50 75
75 225
25 275
611 50
50 25
50 150
25 801
75 2013
50 25
25 50
25 175
25 50
50 75
75 100
125 451
50 25
50 351
25 25
50 25
125 25
25 25
25 100
25 100
25 75
100 25
50 75
25 50
25 200
50 125
100 25
25 929
25 150
125 150
50 25
75 50
125 116
250 1079
25 676
50 402
50 200
25 75
50 100
25 25
25 451
125 100
25 175
25 25
125 25
25 883
75 175
25 75
50 676
125 25
125 150
25 225
150 326
175 151
50 926
50 50
152 50
25 125
50 225
25 25
125 100
50 100
50 275
75 25
25 1267
125 75
50 851
75 75
75 1600
50 156
307 100
25 826
50 250
125 25
50 50
50 50
100 50
50 75
25 25
175 25
25 75
100 50
75 150
25 125
50 676
75 5888
25 250
75 25
25 676
50 25
50 125
50 1689
25 75
50 75
125 125
50 125
25 1350
75 125
25 5349
125 150
50 50
225 75
100 50
50 3564
25 1080
50 699
25 50
25 150
100 25
100 122
100 25
25 876
912 175
50 798
25 75
50 4284
25 75
50 25
100 252
200 100
25 25
100 25
25 175
200 776
491 426
75 75
25 50
100 25
125 75
25 972
50 25
537 100
226 150
50 125
125 276
50 50
50 175
50 35
25 175
75 1373
25 601
150 1513
25 225
328 225
50 25
25 200
75 259
25 50
255 175
50 25
50 326
25 50
75 50
75 1562
150 250
25 25
50 476
50 150
150 75
25 75
25 634
25 200
50 1052
25 175
50 100
75 25
50 75
50 150
50 25
25 225
150 25
175 876
25 175
50 75
25 25
50 25
250 199
75 125
50 1732
25 200
25 476
25 50
25 301
100 225
50 50
100 250
50 130
25 175
25 251
125 5671
50 626
106 570
50 1230
25 50
50 100
105 826
100 25
25 5622
25 50
25 25
25 100
28 130
75 50
25 75
25 300
50 25
75 50
25 2978
392 125
50 1001
100 855
25 125
25 2805
25 300
175 651
25 125
25 25
50 175
75 738
75 25
25 250
50 150
250 250
75 25
125 25
695 616
50 955
25 25
25 50
25 125
25 25
175 25
25 25
50 50
25 300
25 86
25 25
25 292
25 300
100 50
25 1002
325 75
50 50
25 1087
50 50
25 175
25 150
100 50
340 378
75 75
50 75
75 50
100 50
25 125
25 322
25 125
50 50
50 150
25 301
25 146
50 2383
25 75
50 876
125 50
150 845
50 478
150 100
25 125
25 25
100 175
25 4806
50 150
25 25
50 200
50 275
125 50
25 250
25 25
50 25
50 100
100 325
100 150
100 2479
50 150
25 759
125 275
75 98
100 250
518 278
175 25
25 25
25 301
50 75
50 727
200 75
25 75
225 25
25 451
25 200
50 1557
75 50
25 250
25 225
200 75
25 150
25 1306
50 25
25 150
50 1102
25 1102
25 1617
75 25
25 901
108 250
25 175
75 300
25 100
25 50
125 125
75 255
150 25
225 2654
25 501
150 33
25 75
50 864
50 125
50 25
25 100
725 582
25 175
25 50
100 50
50 50
125 25
100 1164
25 50
325 851
25 25
25 75
125 200
75 100
100 75
25 100
50 2897
50 4012
25 75
25 25
150 175
59 50
25 25
25 150
75 75
83 50
25 1027
25 25
25 100
25 411
25 75
25 586
225 100
100 25
25 50
25 871
25 1864
50 65
50 50
25 33
50 801
25 25
125 200
175 876
50 1532
276 25
100 25
25 75
25 75
25 300
175 376
50 1339
50 50
50 125
50 100
100 676
50 25
200 2065
32 50
100 50
50 1967
25 1253
100 234
50 75
275 476
75 325
50 3058
175 275
50 601
25 2964
150 125
100 226
50 150
100 100
100 75
25 50
25 75
25 426
25 225
25 50
75 50
25 75
50 175
25 175
100 1903
125 100
250 150
163 75
25 150
75 401
25 676
36 2232
25 25
25 684
50 75
150 150
100 25
356 175
25 300
74 300
25 752
25 25
75 50
75 50
325 125
50 25
100 250
100 50
376 100
50 75
75 25
100 25
25 175
50 50
326 50
175 75
25 718
50 100
56 200
75 50
50 75
75 200
50 50
200 480
25 25
50 50
50 100
50 2201
25 2097
25 476
197 25
300 25
25 100
50 25
25 100
25 25
25 50
50 2609
25 100
125 45
50 25
25 1103
50 200
75 551
25 25
50 150
25 28
75 75
25 167
150 150
50 2653
50 14219
123 1037
282 50
125 150
250 25
50 776
50 300
50 100
100 25
50 125
100 870
25 100
25 75
25 1154
50 2079
50 70
25 75
75 187
50 50
50 1745
200 50
175 150
50 100
25 588
25 2285
25 4776
25 150
50 200
25 1890
175 25
175 100
25 100
25 84
75 75
50 3138
225 25
50 25
100 25
200 1182
25 952
50 25
50 1537
75 1007
50 50
100 39
50 50
25 75
125 75
25 501
25 30
351 971
50 25
25 25
75 25
25 50
25 75
75 75
25 100
25 300
150 802
175 75
25 200
50 851
25 100
50 1565
25 75
300 851
50 175
25 28
25 200
25 376
75 25
175 25
25 551
50 100
75 150
75 25
25 25
25 100
75 1497
100 276
50 25
25 100
50 125
50 25
50 175
25 376
75 75
50 250
25 100
25 135
50 326
25 25
50 25
50 808
75 100
25 25
50 125
300 472
100 50
125 25
25 175
25 25
50 276
75 125
25 1213
351 50
75 50
25 25
75 25
75 476
75 100
325 551
25 25
75 326
75 50
25 50
50 1233
25 125
125 107
75 50
25 25
25 326
25 50
125 125
50 2473
25 598
50 801
25 898
25 176
50 25
25 75
125 320
50 376
50 50
75 50
25 202
55 25
25 100
25 25
50 251
225 25
50 25
25 125
275 75
50 75
50 278
75 205
75 175
150 100
50 75
493 75
25 25
200 125
50 150
50 50
100 50
75 25
50 225
125 4280
25 701
50 350
50 1127
25 50
25 75
25 150
75 25
50 375
25 25
75 75
225 50
125 50
225 75
1527 75
25 276
50 50
25 100
25 75
50 50
25 1821
50 1573
150 75
50 25
50 175
25 100
50 150
50 1892
25 56
25 100
25 50
50 75
25 175
100 75
100 351
50 175
50 75
150 75
25 150
50 125
93 25
75 25
25 25
75 25
75 100
100 200
25 100
100 601
75 77
25 175
25 50
25 25
50 25
25 150
25 175
25 701
25 50
25 25
25 25
25 25
25 893
50 176
50 729
150 1456
100 437
50 1110
75 50
100 100
25 476
50 50
543 50
50 125
50 175
225 250
50 58
75 175
50 926
50 100
25 50
50 451
50 150
25 50
25 25
25 476
75 676
63 25
75 50
25 1605
50 75
75 25
75 626
125 25
25 516
50 100
50 25
50 125
175 75
125 175
25 75
100 1103
50 125
25 527
189 175
25 75
125 150
75 875
275 3427
50 25
175 425
25 729
100 401
25 150
100 25
75 125
125 125
50 726
25 533
25 209
50 50
100 3195
50 50
25 25
25 100
175 50
50 25
275 401
225 350
630 191
325 75
25 125
75 50
50 1080
25 125
50 801
25 1506
25 50
50 150
276 477
125 225
25 75
75 150
25 50
75 50
50 100
250 25
25 150
150 75
125 240
25 50
25 125
100 75
75 2612
25 50
25 75
50 25
75 200
25 125
100 25
25 3804
693 301
125 2542
25 1027
75 25
50 1166
150 25
25 47
50 75
100 3597
25 75
75 125
125 1152
50 253
512 25
50 125
75 75
50 839
100 100
25 300
125 25
25 225
50 2740
25 200
25 150
150 50
300 75
25 25
25 150
100 75
150 25
25 225
25 150
50 125
125 526
50 50
75 501
25 351
50 175
25 325
50 1180
25 252
297 626
25 50
100 275
25 3157
50 442
110 50
74 25
100 50
25 100
25 325
50 426
50 1712
25 1428
25 25
125 626
125 25
275 676
50 75
50 50
100 200
25 25
50 25
75 729
125 1504
25 75
75 125
50 25
75 2718
25 1443
50 501
75 50
25 25
125 5678
29 50
75 175
50 25
100 125
50 125
25 250
50 50
178 476
50 376
50 25
25 25
50 50
50 250
150 25
100 25
75 125
75 222
25 25
225 225
50 100
100 25
50 50
125 100
75 639
50 125
75 501
75 392
25 213
25 301
25 728
25 200
125 50
50 125
25 323
25 2554
25 150
75 1798
125 125
100 25
75 100
150 826
50 331
100 50
100 1293
125 234
75 801
50 300
175 150
50 300
100 75
125 25
25 454
50 25
150 1969
125 626
100 299
50 451
25 802
50 763
50 25
75 100
25 225
125 75
25 1827
50 25
50 150
1172 50
50 1470
25 175
25 50
351 50
191 325
50 125
125 175
125 75
25 150
25 25
125 25
25 319
100 251
75 100
75 25
50 50
25 25
25 451
150 50
25 75
50 150
75 3572
75 50
25 75
50 25
150 20757
50 100
50 25
100 75
50 125
75 25
25 801
73 2859
50 5821
50 150
100 25
25 125
50 125
589 50
25 576
25 25
100 25
360 300
25 4659
50 805
100 25
25 855
465 178
100 883
50 50
25 551
25 125
25 75
50 25
25 401
25 25
25 276
25 50
25 256
150 50
50 200
326 100
50 125
50 25
100 250
25 75
50 351
25 426
50 626
25 951
25 75
401 1167
100 392
75 1142
100 275
50 551
25 150
25 50
75 1809
50 100
25 483
50 230
25 25
25 100
25 100
25 25
294 50
50 150
50 953
25 25
50 125
50 125
175 100
25 7552
100 50
50 150
75 50
25 50
50 75
100 25
25 551
25 125
50 150
25 551
50 150
75 476
25 100
200 75
25 300
25 50
50 1224
428 175
25 75
100 1223
100 25
75 125
50 25
50 150
150 75
50 50
25 100
25 50
50 150
50 7897
75 150
125 25
25 75
275 100
50 105
50 200
50 288
75 200
125 701
50 501
25 22172
125 451
50 1063
25 375
50 175
100 451
548 4238
25 475
792 275
300 50
250 25
100 150
25 50
218 100
476 2149
25 25
125 25
25 401
25 375
150 25
25 25
103 25
200 200
50 150
50 375
50 250
637 150
50 100
50 326
125 125
50 50
50 125
125 275
401 476
100 101
25 77
50 1726
25 25
25 175
125 125
25 50
50 50
225 25
200 401
100 100
50 175
50 382
25 25
50 1964
25 25
75 50
25 200
25 75
50 75
75 150
75 50
50 476
100 175
50 25
75 50
25 476
75 25
25 25
25 105
50 50
125 125
50 25
25 25
25 50
150 125
25 110
25 1590
25 100
25 25
75 1080
75 250
50 225
25 100
25 300
200 25
25 1102
75 351
50 75
25 250
50 175
150 50
25 75
127 276
75 150
25 99
50 50
25 100
25 50
225 25
275 50
25 100
50 175
100 927
125 50
100 150
250 175
25 25
175 25
75 25
25 200
50 175
100 75
50 25
25 1988
125 75
25 25
50 150
225 125
50 25
100 75
25 25
246 50
200 25
25 100
50 100
43 300
100 150
50 50
50 75
25 1238
50 150
25 25
100 676
100 50
100 392
25 25
100 25
100 50
25 25
25 125
200 121
125 50
125 150
25 100
100 150
100 25
25 100
50 401
50 676
125 75
100 50
100 25
225 275
100 1455
125 125
50 25
50 2737
50 451
25 25
25 50
25 100
25 100
134 25
250 301
50 101
75 75
25 50
50 25
50 50
75 75
25 25
50 50
50 100
175 2971
50 226
50 456
25 26
25 1714
75 250
300 776
100 125
25 225
25 25
125 125
25 50
100 447
25 25
25 551
1171 750
50 50
125 276
50 401
50 25
25 453
50 125
50 400
75 100
25 175
100 50
25 38
75 175
50 25
25 75
250 701
25 100
50 1335
50 25
50 231
175 150
75 200
100 31
25 1465
125 2051
25 25
25 25
25 150
25 50
25 50
25 125
75 376
25 25
25 50
75 100
50 601
100 1382
50 175
25 25
50 1493
25 175
75 100
225 1380
75 50
126 325
100 951
276 125
25 25
50 476
75 100
150 50
25 50
100 75
50 75
75 57
75 25
50 1027
25 300
75 50
887 50
50 351
50 175
25 821
50 50
75 56
25 50
75 651
175 2017
50 75
351 100
150 25
50 353
300 50
75 1313
250 401
50 125
50 225
50 50
225 225
125 25
50 50
25 100
25 50
200 401
25 50
75 175
276 75
175 167
25 150
216 50
50 618
125 606
75 125
25 217
25 50
75 25
75 200
50 150
25 826
50 199
50 50
25 31
75 626
25 171
225 150
25 981
50 150
50 25
50 2184
25 50
125 1118
50 100
25 50
25 1051
200 125
25 100
251 30
75 150
75 1916
50 200
25 1860
25 225
50 75
50 300
50 35991
50 225
125 50
25 596
50 50
150 100
50 100
275 2193
25 25
50 75
75 551
434 100
50 926
25 1176
100 752
50 376
50 50
200 225
25 50
175 300
50 251
25 25
364 50
125 25
75 401
100 100
50 577
50 626
28 25
50 75
100 1599
100 25
25 351
92 1464
225 1256
50 50
25 351
100 50
50 100
25 1009
50 25
25 5022
75 125
50 376
25 25
76 150
150 175
50 50
25 150
150 50
75 50
25 50
50 551
75 100
100 150
100 50
451 160
25 426
100 25
50 25
50 3448
75 50
25 119
100 196
75 150
50 75
25 175
50 50
50 125
225 275
50 50
150 100
25 50
75 25
25 100
25 50
25 25
75 50
100 175
100 25
50 25
50 100
75 654
50 50
74 50
175 25
25 351
250 25
25 1457
25 300
50 25
175 75
25 4799
50 75
25 175
25 225
50 75
250 476
25 100
25 401
50 726
25 50
125 200
50 50
75 25
50 221
50 250
75 175
50 50
25 100
25 125
25 75
50 27
50 353
75 25
50 476
147 25
25 50
25 200
125 1509
69 250
25 1027
50 1482
100 200
50 125
25 225
50 601
50 426
50 125
67 1102
25 125
25 501
50 125
319 50
250 25
250 50
50 75
25 175
25 200
50 125
50 50
50 75
50 25
25 501
25 25
25 125
25 25
125 2698
100 200
50 25
50 902
25 1535
25 50
100 150
50 75
50 150
225 100
100 231
150 250
25 56
25 125
125 100
150 175
326 25
75 404
50 50
139 50
25 851
25 25
25 551
75 50
25 51
100 75
100 100
100 275
25 75
50 50
50 1427
50 2207
100 75
225 267
25 73
75 225
100 50
25 1102
75 38
31 25
50 25
25 25
50 701
25 275
538 805
75 200
75 952
50 50
50 250
75 25
25 25
193 125
25 59
250 603
401 50
75 50
25 50
150 50
25 75
25 125
25 25
50 926
175 25
100 726
75 25
25 150
25 100
75 25
25 25
50 105
75 776
25 50
50 25
150 50
488 25
25 25
50 25
200 147
25 332
50 50
25 25
25 655
50 200
25 75
100 751
50 50
50 50
75 25
175 101
225 75
744 75
1004 25
125 576
32 75
200 57
25 50
25 75
50 853
50 92
25 250
125 1389
75 125
25 104
125 200
25 103
50 826
50 651
50 651
50 50
25 50
25 25
25 50
125 50
50 275
50 200
125 29
50 829
25 25
75 75
152 150
125 100
175 1410
300 603
50 75
75 125
50 100
75 25
25 25
75 100
25 50
50 200
359 64
325 150
125 50
75 451
75 25
50 150
125 25
75 300
150 25
100 75
50 50
25 50
175 25
75 25
50 100
150 25
25 1458
50 125
25 125
125 59
25 50
25 326
25 100
205 25
25 25
150 25
56 50
25 50
138 200
25 25
50 50
50 451
25 376
75 275
50 326
25 50
50 75
75 50
100 1416
25 1592
50 2419
50 25
25 75
383 75
175 150
125 576
100 351
50 551
25 2036
25 56
125 676
50 350
50 150
75 776
50 826
325 827
25 50
50 25
51 50
50 25
200 125
50 75
25 75
473 63
100 50
100 276
50 100
50 80
50 2125
175 25
75 526
100 751
75 77
100 125
100 252
50 150
25 476
25 25
50 25
125 100
75 75
225 50
100 100
25 100
225 50
175 99
50 225
50 25
25 125
50 150
351 25
75 25
50 100
125 376
250 100
150 150
150 75
125 25
25 100
25 100
50 25
150 667
50 50
75 100
25 75
125 577
25 572
25 25
25 200
125 826
50 50
50 530
25 325
50 125
50 125
1848 125
150 100
50 25
149 75
150 25
25 75
25 175
150 451
25 25
25 275
125 276
50 175
50 728
25 125
276 25
50 57
75 75
150 125
100 76
100 25
75 25
50 176
100 225
50 460
50 150
50 175
100 25
50 100
75 175
25 50
150 376
175 2144
50 100
25 11312
275 79
401 393
25 2471
100 75
50 75
25 127
50 626
25 25
25 175
100 200
50 1469
25 476
225 75
25 175
50 2201
25 125
100 676
25 150
50 123
75 25
25 626
100 75
50 31
25 4245
25 25
78 25
50 25
25 150
50 75
50 75
75 25
25 275
75 100
75 100
25 75
25 116
75 75
200 651
351 401
25 150
50 14920
25 67
25 100
50 376
50 275
125 300
209 50
401 150
150 50
50 25
50 50
25 75
217 726
25 220
125 775
50 25
25 275
75 150
50 25
25 125
50 75
125 200
75 279
50 150
25 100
50 25
100 626
50 150
25 75
50 25
25 326
25 50
25 25
100 375
175 225
125 627
125 50
125 777
25 225
100 301
325 314
25 275
200 2087
50 2988
150 175
50 125
25 1023
100 75
100 100
25 175
125 51
50 426
50 951
25 200
25 2627
50 50
104 300
175 125
50 1102
25 25
100 175
125 100
50 50
25 9951
25 1867
50 25
25 75
250 212
50 50
25 5872
50 100
50 8975
125 2476
75 2214
25 25
50 326
25 175
25 225
25 75
225 25
25 225
25 25
25 75
25 25
25 25
25 125
50 666
175 676
50 50
50 526
75 1838
75 50
25 139
50 4042
25 25
25 100
50 100
100 401
50 275
75 676
25 25
50 25
50 25
75 50
50 276
50 250
25 50
50 50
50 351
50 2805
25 326
50 25
100 150
25 25
25 100
75 50
50 100
897 651
25 100
50 25
25 75
75 870
50 100
225 137
50 50
50 83
75 351
627 275
25 50
50 175
25 50
51 153
339 501
25 150
50 25
50 75
50 325
50 851
25 50
50 2819
25 25
50 100
25 125
25 200
225 25
25 25
25 100
100 146
25 25
25 25
125 150
25 50
50 25
50 75
25 1008
175 177
75 25
25 50
75 810
100 25
200 125
25 50
75 150
100 25
25 175
25 25
25 75
50 150
225 126
75 25
25 25
25 50
75 526
50 100
50 522
25 642
100 100
50 2086
75 75
426 25
50 25
75 75
100 50
25 125
100 200
275 50
2544 50
25 50
50 626
25 25
100 576
75 125
75 476
75 100
25 25
25 150
200 25
100 50
50 25
250 125
50 25
50 50
50 25
75 200
50 150
75 225
75 125
108 831
25 100
75 50
75 125
300 376
25 100
25 75
75 50
25 25
125 200
59 25
76 75
50 27
175 150
25 501
50 25
50 200
50 250
100 75
50 100
230 25
50 25
25 50
50 175
25 676
50 50
50 300
50 175
100 50
75 50
75 50
75 25
25 25
50 2840
75 11777
100 25
100 50
25 1551
100 175
369 150
25 125
276 225
225 125
50 150
50 50
50 150
25 25
75 25
50 25
737 198
25 25
25 100
175 100
125 25
50 701
75 3683
25 175
75 100
25 50
25 276
75 125
150 206
25 125
25 301
25 776
225 75
50 726
50 351
125 150
100 1329
125 424
125 275
50 50
125 50
25 737
25 676
125 29
50 25
25 125
401 50
50 826
75 250
25 100
25 25
50 25
50 25
125 100
75 109
100 225
150 50
301 25
25 650
100 125
50 476
50 200
556 25
200 25
175 25
25 400
50 200
50 1882
25 125
741 75
25 326
25 125
75 150
100 4226
50 25
25 25
25 50
25 125
25 186
50 25
25 230
50 25
50 25
75 25
50 125
25 75
50 200
25 50
25 856
443 50
75 50
25 82
50 150
25 225
100 25
50 426
226 3453
50 1275
25 200
125 1102
25 25
25 25
100 65
425 50
25 100
50 75
150 50
25 175
50 25
25 50
100 150
192 1266
50 200
125 100
50 275
200 200
100 29
25 50
50 676
50 125
25 539
50 50
25 50
50 1788
25 225
100 676
75 100
50 100
175 75
325 50
25 25
50 75
151 225
50 25
50 25
100 25
25 75
100 50
150 651
476 451
326 127
25 1585
25 100
25 50
150 50
25 401
338 50
100 125
125 50
25 75
175 175
149 50
100 10122
75 601
125 351
25 75
100 175
25 175
175 100
50 1072
50 50
50 50
25 75
125 1411
50 182
50 25
25 200
50 426
75 50
125 25
175 901
25 376
100 25
50 25
25 652
50 530
50 75
125 200
25 50
25 75
50 100
390 75
50 40
100 150
25 50
25 50
50 50
25 25
25 50
25 1712
25 48
25 465
50 25
50 150
50 175
100 175
25 426
100 25
25 25
50 75
50 75
25 75
25 50
150 375
25 50
50 125
325 150
100 2301
50 968
50 526
125 576
50 6267
100 125
50 125
75 150
50 1979
200 125
25 25
25 25
25 100
50 1073
75 175
50 2321
75 726
50 351
25 902
100 175
75 100
50 100
50 150
50 813
50 1329
25 100
125 75
50 175
25 300
25 601
50 25
50 75
25 175
25 421
251 189
25 1052
25 25
25 1811
25 150
125 150
25 100
50 25
25 250
150 726
75 50
25 225
2847 25
125 1483
125 1664
25 50
25 624
25 25
175 25
25 751
75 150
225 75
25 250
25 131
25 259
100 78
200 50
50 25
25 2938
225 25
75 75
252 401
50 876
50 25
25 5592
225 50
25 75
100 2123
25 25
25 25
225 25
25 301
75 75
125 25
50 25
25 25
275 1787
25 25
25 150
50 150
125 326
26 25
50 626
50 6026
25 476
50 175
680 100
25 576
25 150
25 25
100 451
25 25
50 50
25 624
25 25
125 1076
75 25
25 175
25 75
275 50
150 25
25 100
125 75
275 25
50 225
25 1218
75 175
50 50
331 947
25 499
50 9251
50 601
50 1244
75 225
25 25
50 50
25 25
100 319
150 25
371 501
25 376
50 175
25 175
100 25
50 300
125 200
221 401
50 325
50 75
25 50
100 83
25 75
50 452
50 181
175 50
50 200
50 50
75 375
50 100
50 25
25 150
25 326
100 50
125 125
25 75
25 125
25 705
25 225
25 75
25 50
50 350
25 376
50 50
25 25
50 50
25 301
100 150
25 401
50 25
25 250
75 751
50 203
25 75
50 2702
125 125
75 175
25 50
50 125
75 401
50 25
50 25
50 25
25 50
125 175
25 25
50 50
75 100
125 917
100 50
25 50
25 75
50 125
629 115
50 250
50 3101
125 175
250 50
50 1123
100 100
125 50
50 641
125 50
25 50
50 125
50 100
150 75
100 50
50 25
225 133
75 150
50 50
50 2186
25 4444
50 100
25 150
100 620
75 100
25 250
50 1265
200 275
175 25
75 50
80 75
25 175
50 25
75 25
25 606
50 50
50 25
50 50
75 50
161 175
50 150
75 100
75 8796
75 50
75 300
50 125
50 401
125 526
25 25
25 100
175 25
25 50
50 75
50 822
25 75
326 25
25 2382
25 75
25 150
276 2112
25 983
25 150
50 25
75 25
200 75
225 75
25 50
100 325
25 50
642 685
50 25
50 576
125 150
50 77
25 25
493 250
100 75
25 75
845 100
50 175
25 75
239 50
25 25
50 326
50 75
108 902
25 50
200 25
29 200
50 50
50 25
25 50
50 25
100 175
451 25
75 75
50 426
25 250
50 25
25 773
25 50
25 200
25 50
50 125
75 601
75 100
25 250
25 951
50 150
50 75
125 100
150 25
50 701
50 116
25 25
125 75
50 200
50 225
75 651
25 200
25 125
125 1503
50 75
50 300
50 100
50 225
50 199
50 275
25 376
50 50
25 150
50 75
200 1751
150 999
50 376
25 25
150 125
25 280
50 16838
376 125
25 75
50 25
100 25
25 175
50 2568
125 1432
25 50
100 50
75 75
225 409
50 451
300 75
100 100
50 125
50 75
50 100
50 125
50 701
50 75
75 125
50 175
25 2707
211 100
50 455
50 25
376 175
25 25
25 175
100 601
25 250
25 175
25 25
25 175
100 250
25 751
125 75
75 701
25 228
250 50
50 75
75 4654
25 1010
25 25
150 976
50 50
25 25
50 100
25 125
25 50
175 401
225 455
50 25
100 100
100 100
125 50
75 25
125 50
75 50
25 75
25 1612
125 350
25 376
50 501
25 25
25 50
50 1103
50 50
50 125
25 50
275 25
25 50
250 175
50 200
150 50
25 50
25 125
125 150
75 25
75 50
50 57
100 75
25 250
25 25
50 25
50 50
25 818
100 127
1022 25
175 50
25 50
226 75
25 506
331 50
100 25
25 75
25 1812
68 401
50 300
75 208
50 25
25 175
50 150
50 175
75 275
25 52
75 25
25 25
25 764
25 376
25 125
75 2236
25 326
50 87
75 50
25 25
50 25
225 615
125 25
175 150
25 501
25 76
50 25
125 25
100 200
225 2014
484 175
50 100
100 210
276 75
100 75
50 10142
50 25
75 25
150 1599
50 303
50 25
25 75
75 1572
25 25
100 25
50 689
25 75
25 251
100 751
25 50
25 326
50 100
200 50
50 150
25 175
50 451
50 25
150 50
50 25
391 25
50 902
75 100
50 150
25 25
25 25
50 25
100 150
100 150
50 175
25 526
50 75
125 826
25 979
25 3168
50 75
75 381
25 50
4252 50
25 100
25 100
50 25
100 225
25 100
50 351
25 100
100 50
25 25
50 63
25 3182
75 50
50 25
25 50
50 25
75 125
25 1623
150 451
75 225
156 50
50 125
75 200
25 100
50 350
50 175
100 75
75 50
100 50
25 50
100 75
75 3833
125 50
50 125
75 175
50 56
25 25
100 1910
75 238
25 25
75 75
50 100
125 125
150 25
125 225
75 175
25 25
50 2346
200 250
50 25
50 250
50 1291
100 125
50 25
50 1103
75 100
25 25
50 50
50 50
50 175
50 25
100 601
25 100
50 150
50 50
75 25
100 25
25 200
125 323
60 100
200 1551
25 175
250 3984
50 150
150 50
125 1730
75 50
25 75
25 25
25 50
50 301
50 125
75 200
50 50
25 25
250 175
125 75
25 25
25 125
25 50
50 50
50 25
25 75
25 25
50 100
75 25
50 25
50 25
50 251
668 276
25 9959
50 25
175 150
50 50
25 325
50 476
100 426
125 25
75 25
25 125
25 952
75 50
75 50
25 997
100 25
75 177
75 50
50 175
50 25
150 125
25 50
25 175
50 225
225 524
100 50
225 100
125 75
75 2539
50 344
75 25
100 50
50 980
50 175
75 50
50 50
401 102
25 1494
100 125
25 75
275 225
175 25
25 215
25 1378
50 50
250 100
25 75
175 25
150 701
25 25
25 12997
25 7029
25 50
50 100
100 100
125 50
100 150
139 100
25 25
25 25
50 199
25 25
100 626
25 25
25 50
25 976
100 198
25 125
75 1089
50 100
1071 50
75 150
25 1337
100 250
50 25
50 100
25 25
100 50
50 75
125 125
25 100
125 100
100 25
25 50
25 50
125 175
75 75
25 50
25 250
25 175
25 1299
25 125
50 50
50 150
25 75
50 720
25 25
50 50
25 153
25 25
191 100
25 50
50 175
50 100
50 125
50 25
25 50
50 1070
25 34
25 626
25 400
25 175
50 1262
225 576
50 275
50 1055
50 4785
50 50
25 125
25 244
75 25
25 106
125 175
100 25
25 1986
25 125
125 243
150 25
50 25
50 50
50 275
25 150
50 3427
75 25
175 150
100 75
50 100
25 75
75 726
50 100
250 325
25 100
50 25
25 100
75 50
50 50
75 25
25 100
75 100
50 25
50 200
25 50
50 50
25 776
25 75
25 25
50 6163
25 25
965 1149
25 75
25 75
50 203
25 50
75 50
25 25
75 200
25 250
50 200
50 25
150 200
53 75
50 100
426 200
25 179
75 125
50 2341
50 1182
50 25
50 626
175 140
50 25
100 150
25 275
25 25
25 476
50 806
50 25
50 100
75 75
25 175
100 75
175 150
50 351
150 25
50 75
25 125
75 275
75 25
75 50
50 50
50 325
75 275
125 426
125 75
25 150
476 351
25 587
50 100
125 50
25 6211
75 428
25 276
50 2354
125 375
50 2587
50 14122
125 951
50 376
50 100
100 925
50 31
125 100
225 75
50 1317
75 100
50 100
25 1052
50 50
125 175
25 326
100 225
25 75
150 301
276 150
50 1052
25 1098
50 25
125 50
100 79
50 150
50 2118
25 25
50 67
50 25
25 50
175 75
50 25
50 150
150 25
25 588
50 25
25 476
50 184
75 25
25 225
50 901
75 25
202 25
50 150
125 154
75 50
25 100
75 25
25 701
50 730
25 50
100 75
25 25
150 626
50 1066
150 150
50 175
25 75
50 476
75 1381
75 50
50 25
50 50
75 426
50 776
175 200
75 25
50 75
25 50
75 125
25 100
50 775
125 125
276 175
75 100
25 1149
25 75
100 2696
125 726
50 25
971 25
250 1849
125 202
225 55
25 38
50 75
125 150
125 501
50 1317
25 3692
25 75
125 50
290 50
75 826
200 51
125 1360
25 125
125 50
50 150
125 902
75 150
25 75
25 125
50 200
150 138
50 1083
75 150
125 32
50 225
25 25
25 726
125 350
75 25
25 75
50 293
175 125
75 50
100 100
25 654
25 50
75 150
50 100
25 150
50 1057
25 25
100 25
150 25
50 501
25 50
25 225
351 25
25 25
200 200
493 32
25 50
25 437
50 50
125 50
50 1263
25 50
25 476
125 1448
50 175
25 401
75 225
161 75
50 501
50 50
75 200
50 125
25 801
251 150
50 25
75 100
68 50
50 476
25 75
25 583
175 25
202 75
50 175
50 75
25 150
25 50
100 25
25 6117
25 25
100 551
125 100
25 125
25 150
125 125
25 75
25 75
25 281
50 75
125 777
25 100
25 2728
100 476
50 75
25 200
542 151
125 516
25 100
125 25
275 65
25 162
25 250
175 2530
50 376
25 75
50 25
75 150
25 485
125 25
25 175
50 25
25 75
50 100
125 1888
25 125
25 1996
50 275
100 50
25 2553
50 2946
25 75
125 100
75 74
150 25
50 125
25 50
125 25
25 125
25 150
25 853
150 100
75 25
50 1013
25 25
50 150
50 225
50 100
50 479
100 25
75 225
25 225
75 604
75 100
25 150
100 25
75 125
225 250
300 150
125 100
25 25
125 25
50 250
50 300
125 50
150 175
25 150
100 1028
50 25
75 25
75 25
75 50
25 75
50 752
150 50
175 50
75 50
419 25
25 100
100 19561
50 1898
125 25
200 100
225 726
50 320
25 3375
50 125
75 75
50 50
50 301
25 7042
75 401
50 25
50 25
75 200
50 25
463 1863
25 25
75 100
125 100
125 926
150 225
25 25
100 1564
100 75
75 150
75 175
276 150
25 25
25 1656
50 25
125 376
100 833
25 50
50 50
25 50
225 1430
50 75
50 25
50 75
25 377
25 175
75 25
75 50
100 476
50 981
100 50
275 75
125 50
75 351
50 25
50 25
350 50
50 225
75 75
25 25
50 125
75 2591
75 50
25 383
125 150
50 1067
150 25
50 370
25 150
75 574
175 1524
75 501
300 125
50 25
25 25
25 25
434 1246
25 210
25 821
50 50
25 175
75 152
25 100
50 153
25 50
50 25
25 501
25 50
425 25
75 7255
25 38
25 484
50 5997
25 25
25 75
50 383
100 25
25 1259
50 125
75 25
25 125
50 200
50 125
100 25
25 25
25 726
100 25
25 50
125 25
25 50
50 75
125 478
100 200
50 75
25 25
50 551
50 50
25 25
101 275
75 75
150 601
75 351
125 25
50 1032
25 626
25 200
50 125
50 2107
125 40
50 75
100 701
25 100
25 175
125 125
25 1308
50 25
50 276
25 100
100 7140
50 326
25 7735
425 2004
25 200
25 276
25 501
50 50
100 50
50 25
50 25
75 25
50 1896
25 50
50 150
50 25
50 150
50 50
25 75
25 150
50 100
50 125
25 125
25 50
25 25
100 250
25 400
75 25
25 150
25 224
100 701
75 401
50 635
25 100
75 2350
75 25
200 225
50 50
175 50
25 100
125 100
50 25
50 75
25 5934
50 175
100 50
75 200
125 25
25 50
250 75
50 50
75 175
100 25
25 102
50 50
57 175
50 25
125 250
50 25
25 150
25 2487
50 376
50 351
125 25
75 50
25 100
50 125
588 25
25 50
25 25
75 25
25 150
50 1493
25 4265
202 50
75 303
25 50
301 150
75 50
325 75
50 150
25 125
75 275
50 25
4767 50
276 150
25 50
50 25
150 175
75 25
50 25
481 4214
25 25
100 1449
50 50
75 75
25 75
225 301
25 1652
532 75
25 2883
338 25
351 275
25 25
25 25
50 1408
50 526
50 100
577 233
426 100
25 75
50 125
225 175
25 175
200 1328
25 200
25 888
25 200
75 75
100 117
50 977
125 50
25 1322
25 50
175 25
25 25
25 225
271 52
203 200
50 175
175 851
25 150
25 125
75 351
50 250
50 801
100 75
100 275
50 62
25 25
25 50
25 125
25 175
25 103
25 426
25 883
50 2058
25 50
50 426
50 1287
100 228
50 25
25 100
50 351
75 100
25 125
25 25
50 75
50 426
25 75
25 150
25 626
75 578
25 25
100 6373
50 100
25 129
50 75
150 125
102 50
50 25
25 100
25 100
100 25
125 25
25 2084
30 50
25 125
150 25
125 728
337 50
51 25
75 50
225 2466
100 300
75 25
25 200
50 250
150 25
25 25
683 125
50 125
50 100
75 927
50 200
50 25
25 50
100 100
125 325
25 25
50 175
25 75
499 576
787 25
75 535
50 701
25 100
100 25
25 1244
150 125
50 50
200 1837
100 25
25 50
125 25
325 1162
150 353
100 175
25 150
150 100
25 408
25 100
50 100
50 50
25 150
125 50
75 827
25 75
125 2078
125 50
25 75
125 150
150 626
50 164
225 50
25 50
125 75
50 100
25 75
250 25
25 250
50 50
150 100
175 552
150 150
225 75
25 729
75 25
25 25
175 100
25 50
25 50
134 200
25 25
50 125
50 50
75 1829
50 1504
150 497
179 100
50 1779
100 25
100 25
150 50
175 75
25 7267
100 225
50 225
50 526
25 75
50 50
175 125
100 100
150 50
25 150
25 8788
150 125
50 251
25 175
128 541
25 582
200 75
125 125
25 50
100 878
125 75
50 501
100 50
25 751
25 75
50 50
150 100
50 25
25 4462
125 16768
25 526
175 75
25 25
50 25
150 25
225 175
25 108
251 526
75 401
100 200
75 976
115 968
25 142
25 50
25 1190
50 50
25 25
25 8042
25 1594
25 426
100 726
25 50
25 25
25 25
100 325
125 689
75 104
25 100
75 25
225 50
100 25
125 50
150 679
100 200
25 902
25 100
75 1864
25 25
25 75
50 376
125 150
75 50
100 225
100 25
25 4056
175 150
100 75
325 125
100 25
25 25
25 100
25 75
25 501
75 75
50 501
75 25
25 75
470 50
25 250
25 125
50 75
50 351
50 50
25 80
100 736
75 176
50 50
75 1210
50 50
25 25
300 125
25 505
25 100
25 25
50 125
50 125
125 25
25 175
125 751
25 25
25 225
125 50
50 150
200 100
50 25
25 505
25 25
25 25
50 25
100 326
75 50
25 726
25 123
25 25
25 125
50 25
25 697
125 25
50 25
25 150
25 75
169 50
25 206
25 25
100 28
125 75
50 150
25 175
25 25
25 1724
50 75
25 50
125 50
25 50
125 501
25 150
25 902
150 25
100 4167
127 25
50 50
50 150
25 25
25 50
100 75
50 50
25 175
75 25
25 75
50 250
75 25
175 126
25 225
50 50
50 108
50 601
25 202
50 75
25 50
25 100
75 75
175 299
225 978
100 25
100 150
25 200
50 25
75 175
25 226
225 125
50 75
25 275
25 25
25 25
25 225
150 2037
50 125
50 251
125 25
301 50
25 601
50 175
100 100
75 25
250 1060
50 50
75 776
25 706
50 1131
25 75
100 50
25 25
25 50
100 50
50 100
225 25
50 25
25 25
50 75
50 374
25 100
125 100
25 297
50 150
100 25
75 606
25 75
100 501
25 528
50 75
25 50
25 125
25 148
25 25
25 25
50 422
50 376
50 175
100 501
50 25
25 125
50 25
25 551
50 326
90 50
175 251
150 25
125 125
50 526
25 75
50 1383
25 77
50 75
275 200
100 25
50 25
50 100
100 100
25 100
25 75
100 476
50 25
75 75
50 628
50 100
75 890
25 175
200 150
25 75
25 236
25 25
150 978
25 3862
50 86
25 200
50 100
50 139
50 175
25 100
100 127
50 75
75 376
50 154
75 25
25 726
125 226
25 75
100 50
175 776
100 902
50 25
25 75
50 125
50 235
300 25
100 31
25 75
375 50
54 25
50 175
25 407
25 751
225 225
25 175
125 150
50 50
25 25
100 50
50 1830
50 50
50 75
25 175
25 351
175 25
25 325
50 50
75 326
100 1210
125 25
75 1127
75 843
50 75
25 100
100 75
25 526
100 25
25 410
175 50
25 50
50 25
50 75
25 125
25 75
25 25
200 751
528 25
75 150
50 25
326 576
25 50
50 75
25 387
25 350
150 376
75 391
225 1153
100 50
25 100
75 351
50 200
125 125
511 25
50 50
25 188
25 1001
100 50
50 50
150 2228
75 25
50 125
25 401
75 125
50 75
50 100
25 49
125 227
25 200
75 125
25 50
25 25
25 977
50 451
125 25
75 4316
50 75
25 75
50 175
25 50
125 150
75 50
100 1339
50 75
25 50
50 50
125 25
75 261
25 851
25 206
75 726
85 1799
100 25
175 25
25 25
50 25
75 225
250 200
125 79
100 225
25 75
25 35
225 50
25 801
25 100
75 2121
125 802
50 75
225 350
75 867
50 75
482 175
25 150
25 25
50 952
50 1733
50 321
100 25
50 427
401 25
50 125
50 819
75 125
75 125
100 451
25 150
75 876
250 75
25 1908
50 225
25 25
300 25
150 100
50 1247
25 5048
25 25
50 25
25 25
100 175
375 25
100 376
75 385
25 50
150 576
25 50
90 50
125 225
25 150
100 75
521 25
100 86
25 250
175 50
426 300
50 175
50 400
50 25
300 50
25 50
25 736
50 175
25 25
100 50
50 367
50 250
125 25
50 100
50 25
125 50
184 75
125 1307
25 376
25 150
225 75
25 50
125 706
50 175
25 100
275 50
25 25
175 12725
225 50
150 50
50 401
50 50
25 25
150 2574
50 75
75 200
100 25
125 214
100 25
50 75
25 100
25 25
25 175
50 75
50 84
50 25
25 302
50 75
50 25
50 100
25 691
50 25
50 303
326 50
50 676
25 507
75 75
125 75
50 50
175 2675
100 50
450 1077
50 275
50 25
29 200
25 1183
75 250
25 150
451 2202
25 325
25 100
75 7510
25 100
150 50
50 25
50 1017
25 107
49 25
50 150
25 100
50 100
50 25
125 100
150 50
75 75
75 200
50 100
25 125
75 50
225 50
376 50
50 75
175 150
25 50
25 50
125 25
25 25
50 6679
50 125
50 150
75 50
25 100
297 50
125 751
25 476
25 325
100 25
50 351
25 2288
125 125
50 100
125 426
25 50
75 578
27 150
150 25
100 325
50 1058
25 50
25 125
75 175
25 1103
50 50
25 75
25 175
50 33
75 259
75 1241
667 629
75 225
50 50
75 100
25 100
75 25
134 25
50 50
25 1144
25 100
75 376
75 976
25 640
50 508
100 25
25 701
50 351
50 125
100 225
104 50
82 717
25 225
25 25
25 1305
50 1606
25 75
75 254
100 75
50 25
25 401
25 300
50 50
50 41
25 25
100 934
375 50
100 75
25 25
25 225
100 3051
25 25
50 100
175 50
50 200
25 376
50 1102
225 826
100 175
75 25
125 150
50 25
351 1852
175 150
25 150
100 150
100 25
351 75
50 50
50 50
641 75
50 1529
526 50
564 1023
175 75
25 75
50 5254
50 50
50 75
75 933
50 200
25 326
25 25
50 25
75 602
202 50
25 100
25 25
50 75
25 398
125 301
25 25
75 25
100 150
25 250
125 50
50 225
50 100
150 200
50 200
150 225
50 50
25 75
107 100
50 125
25 1990
75 200
150 100
25 100
100 125
50 100
125 200
553 226
250 125
150 1931
25 50
25 977
25 175
30 75
100 351
100 125
50 1223
50 601
25 75
50 125
75 25
25 50
50 1491
75 25
50 375
50 1637
50 75
25 150
25 150
25 51
50 52
100 25
25 401
125 609
175 75
125 100
25 801
50 125
729 75
50 150
547 50
150 75
50 25
25 50
100 2396
300 850
100 396
25 528
75 100
291 200
25 25
50 376
50 75
25 2570
25 75
125 25
25 5958
25 175
100 1081
100 25
50 75
100 291
100 304
25 200
260 100
50 150
147 32
50 50
75 25
50 100
25 2302
25 751
25 25
175 50
100 25
80 642
175 276
25 125
75 25
25 676
150 676
50 376
300 25
50 200
50 75
100 827
50 629
25 150
50 75
75 801
125 225
75 75
50 50
75 75
75 200
50 341
100 108
100 501
25 350
25 50
25 125
25 125
25 100
225 191
50 125
25 25
25 75
25 25
50 50
50 50
25 676
25 25
50 75
225 351
50 75
50 275
979 50
25 75
25 125
25 175
50 25
50 901
25 50
75 3441
25 551
256 927
75 300
25 25
100 75
25 50
100 70
25 576
1093 100
50 103
200 50
101 25
25 11349
25 225
25 694
25 275
150 281
125 25
25 125
50 25
50 50
25 125
50 125
50 3618
25 1170
200 50
50 1081
25 1773
147 402
50 25
25 401
150 50
75 125
74 100
225 25
25 400
250 75
50 50
50 50
250 150
25 50
100 100
301 652
25 75
200 75
100 589
100 25
125 1479
25 426
125 75
50 1145
100 25
25 50
25 25
25 150
50 249
50 50
568 25
50 902
50 75
53 25
75 100
25 227
25 25
100 228
25 25
225 25
75 7971
50 175
125 100
200 200
75 25
125 2223
25 726
25 75
25 25
25 476
25 150
50 25
100 175
50 50
50 25
225 200
50 350
175 25
150 1568
50 225
50 25
25 625
75 376
175 25
25 401
25 426
25 75
75 150
50 50
50 576
25 4748
25 50
50 4711
50 937
25 50
50 29
125 175
50 676
50 75
25 125
150 601
50 50
125 50
25 175
50 225
50 50
25 175
50 175
339 231
25 25
25 1157
50 876
225 4522
100 175
183 25
25 125
62 75
25 25
50 50
125 125
50 25
25 25
150 476
150 150
50 150
125 225
75 901
25 25
50 426
25 696
50 1152
75 50
50 25
100 200
125 2216
50 150
301 100
25 109
100 75
125 25
75 3785
25 150
50 476
100 125
50 100
143 25
75 1970
25 100
100 125
25 75
125 3042
100 808
25 25
50 150
250 175
75 25
350 626
75 25
64 150
25 25
50 751
125 25
25 104
25 230
50 100
50 50
25 25
75 50
100 75
50 651
25 50
25 25
50 125
125 150
50 326
125 125
50 300
50 225
25 75
50 50
75 455
28 469
270 577
225 6838
225 25
25 200
326 50
75 25
50 25
100 31
566 25
50 1060
50 100
50 326
50 2922
25 125
150 125
75 225
189 576
25 125
50 75
175 125
25 1892
75 25
25 1289
75 25
75 356
25 602
50 50
50 75
50 25
50 25
100 2592
25 502
100 25
50 50
25 943
25 458
50 543
125 150
50 526
75 50
25 75
25 100
100 25
75 125
125 25
150 50
100 1680
25 25
25 100
25 79
25 159
25 50
25 4545
75 104
125 25
50 25
125 77
75 7641
225 2550
75 50
101 175
75 681
25 25
104 150
50 4617
50 100
50 50
187 926
50 326
25 75
50 100
100 4063
25 75
25 25
615 651
50 2042
75 75
25 1992
50 2662
50 25
50 5066
25 92
75 200
25 125
50 50
50 12885
718 200
25 651
75 256
75 50
50 174
231 50
50 100
75 25
25 250
25 250
50 50
125 1070
150 150
53 294
25 7860
50 226
75 50
50 818
25 74
25 701
200 50
75 75
125 125
222 50
125 5643
50 100
25 426
125 376
25 351
25 125
1092 50
75 100
125 150
25 100
25 701
100 25
100 501
25 25
25 125
225 200
25 75
75 1492
255 1399
125 29
25 952
50 25
50 25
50 225
75 300
125 241
50 150
46 50
175 75
25 3713
50 225
25 25
25 2561
125 50
50 175
25 75
50 631
50 175
277 50
75 282
75 25
301 426
50 50
75 75
25 25
50 125
50 50
25 125
25 50
100 125
125 250
25 25
100 149
150 75
50 50
50 676
50 200
50 75
75 25
125 50
75 50
150 3245
25 32
50 25
250 1489
50 75
125 926
25 100
144 50
226 3248
75 25
125 75
50 25
50 125
275 75
25 601
50 50
25 175
100 275
125 426
178 175
125 225
25 25
50 200
25 150
100 75
25 125
