100 716
100 10
100 62
100 66
100 24
100 106
100 214
100 150
100 405
100 242
100 262
100 120
100 136
100 91
100 146
100 40
100 72
100 488
100 171
100 188
100 55
100 121
100 489
100 203
100 13
100 24
100 1070
100 161
100 192
100 83
100 105
100 92
100 182
100 290
100 74
100 329
100 215
100 129
100 316
100 142
100 232
100 287
100 382
100 299
100 311
100 307
100 254
100 94
100 715
100 202
100 234
100 100
100 15
100 29
100 323
100 178
100 211
100 555
100 161
100 293
100 37
100 166
100 6
100 193
100 37
100 77
100 98
100 593
100 237
100 131
100 17
100 1256
100 17
100 150
100 68
100 356
100 38
100 120
100 33
100 171
100 916
100 10
100 621
100 34
100 546
100 109
100 115
100 64
100 26
100 268
100 780
100 208
100 4
100 234
100 187
100 30
100 160
100 153
100 364
100 87
100 1
100 822
100 80
100 551
100 696
100 126
100 155
100 30
100 612
100 5
100 96
100 274
100 92
100 292
100 1493
100 110
100 392
100 371
100 80
100 207
100 296
100 200
100 137
100 463
100 460
100 212
100 151
100 56
100 475
100 1340
100 455
100 276
100 750
100 1417
100 566
100 53
100 1132
100 422
100 50
100 320
100 3
100 461
100 292
100 40
100 95
100 192
100 39
100 9
100 745
100 138
100 13
100 473
100 381
100 154
100 247
100 144
100 222
100 288
100 90
100 67
100 70
100 211
100 732
100 46
100 87
100 99
100 101
100 204
100 159
100 463
100 85
100 29
100 247
100 67
100 356
100 575
100 183
100 59
100 106
100 230
100 214
100 232
100 151
100 18
100 164
100 191
100 452
100 363
100 244
100 831
100 209
100 632
100 240
100 134
100 71
100 147
100 125
100 26
100 280
100 636
100 18
100 71
100 216
100 565
100 537
100 287
100 32
100 310
100 423
100 10
100 73
100 205
100 670
100 119
100 166
100 363
100 57
100 94
100 271
100 22
100 20
100 553
100 269
100 43
100 274
100 135
100 18
100 221
100 82
100 321
100 859
100 445
100 378
100 164
100 247
100 23
100 43
100 67
100 99
100 91
100 1171
100 600
100 561
100 490
100 259
100 226
100 305
100 45
100 139
100 92
100 242
100 601
100 163
100 201
100 486
100 330
100 327
100 221
100 414
100 64
100 239
100 591
100 22
100 401
100 280
100 106
100 295
100 19
100 349
100 62
100 2309
100 157
100 209
100 37
100 566
100 489
100 110
100 28
100 78
100 14
100 359
100 403
100 858
100 21
100 89
100 52
100 928
100 79
100 119
100 500
100 515
100 27
100 190
100 15
100 13
100 339
100 118
100 506
100 261
100 305
100 43
100 95
100 47
100 627
100 671
100 169
100 222
100 21
100 59
100 50
100 709
100 29
100 121
100 74
100 134
100 89
100 991
100 265
100 326
100 94
100 649
100 586
100 28
100 121
100 161
100 84
100 77
100 183
100 93
100 301
100 1279
100 105
100 661
100 58
100 121
100 249
100 202
100 246
100 240
100 215
100 619
100 56
100 489
100 96
100 640
100 36
100 383
100 174
100 13
100 162
100 32
100 134
100 60
100 53
100 459
100 166
100 138
100 121
100 155
100 246
100 252
100 384
100 239
100 415
100 131
100 99
100 79
100 70
100 28
100 82
100 198
100 468
100 81
100 206
100 203
100 381
100 87
100 58
100 112
100 231
100 389
100 337
100 129
100 296
100 126
100 133
100 259
100 60
100 139
100 53
100 139
100 427
100 55
100 46
100 641
100 482
100 140
100 415
100 11
100 3
100 692
100 39
100 399
100 199
100 125
100 93
100 4
100 139
100 130
100 17
100 350
100 801
100 316
100 697
100 10
100 66
100 98
100 103
100 136
100 92
100 1
100 272
100 72
100 444
100 591
100 243
100 176
100 309
100 56
100 108
100 64
100 258
100 201
100 46
100 108
100 197
100 0
100 44
100 128
100 136
100 220
100 11
100 137
100 138
100 28
100 33
100 199
100 46
100 140
100 160
100 93
100 456
100 249
100 1383
100 281
100 162
100 203
100 14
100 282
100 396
100 82
100 453
100 131
100 689
100 60
100 206
100 74
100 183
100 36
100 376
100 116
100 741
100 265
100 271
100 214
100 28
100 22
100 210
100 603
100 0
100 94
100 197
100 761
100 668
100 51
100 133
100 1318
100 106
100 1329
100 657
100 370
100 410
100 836
100 607
100 106
100 36
100 195
100 132
100 60
100 980
100 101
100 204
100 477
100 131
100 472
100 455
100 222
100 13
100 106
100 84
100 406
100 575
100 145
100 519
100 272
100 18
100 140
100 105
100 85
100 185
100 481
100 603
100 326
100 81
100 586
100 67
100 2
100 68
100 452
100 22
100 115
100 24
100 343
100 154
100 21
100 12
100 77
100 291
100 62
100 564
100 82
100 841
100 12
100 21
100 109
100 186
100 31
100 344
100 125
100 374
100 11
100 147
100 239
100 41
100 54
100 234
100 108
100 118
100 25
100 151
100 589
100 321
100 105
100 156
100 170
100 1113
100 76
100 616
100 154
100 109
100 101
100 2
100 206
100 460
100 86
100 19
100 120
100 49
100 187
100 65
100 639
100 275
100 41
100 192
100 40
100 824
100 55
100 1130
100 529
100 118
100 46
100 117
100 135
100 266
100 2
100 42
100 178
100 378
100 12
100 180
100 261
100 82
100 71
100 155
100 706
100 139
100 145
100 599
100 20
100 291
100 133
100 123
100 282
100 482
100 342
100 51
100 16
100 90
100 639
100 652
100 115
100 34
100 453
100 44
100 5
100 24
100 21
100 755
100 520
100 4
100 843
100 45
100 329
100 265
100 140
100 180
100 180
100 343
100 235
100 39
100 181
100 32
100 298
100 82
100 22
100 232
100 290
100 403
100 56
100 2
100 293
100 369
100 277
100 69
100 86
100 455
100 90
100 64
100 9
100 5
100 7
100 4
100 362
100 495
100 80
100 147
100 11
100 486
100 190
100 155
100 304
100 26
100 51
100 124
100 94
100 140
100 111
100 130
100 423
100 19
100 315
100 386
100 502
100 890
100 111
100 49
100 8
100 21
100 129
100 292
100 159
100 801
100 1092
100 41
100 780
100 209
100 34
100 373
100 128
100 501
100 69
100 112
100 165
100 5
100 52
100 985
100 406
100 237
100 392
100 129
100 477
100 105
100 255
100 115
100 59
100 22
100 248
100 250
100 70
100 351
100 151
100 504
100 899
100 744
100 695
100 103
100 35
100 80
100 57
100 575
100 748
100 216
100 247
100 123
100 57
100 218
100 581
100 29
100 11
100 220
100 110
100 18
100 221
100 56
100 195
100 98
100 71
100 336
100 150
100 69
100 100
100 142
100 4
100 674
100 339
100 447
100 158
100 390
100 100
100 177
100 283
100 126
100 27
100 394
100 129
100 238
100 446
100 42
100 107
100 803
100 599
100 139
100 30
100 53
100 224
100 190
100 254
100 184
100 201
100 224
100 173
100 305
100 241
100 66
100 479
100 8
100 76
100 260
100 34
100 145
100 86
100 52
100 738
100 56
100 170
100 275
100 526
100 5
100 264
100 90
100 243
100 556
100 256
100 747
100 102
100 124
100 749
100 246
100 241
100 1053
100 118
100 536
100 126
100 104
100 722
100 737
100 58
100 19
100 61
100 79
100 425
100 253
100 370
100 69
100 408
100 680
100 142
100 157
100 217
100 230
100 225
100 12
100 284
100 175
100 658
100 109
100 52
100 57
100 393
100 171
100 523
100 397
100 105
100 145
100 29
100 363
100 101
100 88
100 467
100 87
100 25
100 864
100 52
100 58
100 33
100 421
100 10
100 192
100 163
100 153
100 108
100 19
100 114
100 216
100 150
100 197
100 1148
100 19
100 30
100 16
100 80
100 280
100 405
100 131
100 555
100 31
100 694
100 1118
100 323
100 105
100 203
100 291
100 75
100 321
100 355
100 147
100 575
100 25
100 750
100 493
100 371
100 353
100 276
100 59
100 404
100 30
100 710
100 257
100 209
100 28
100 338
100 142
100 197
100 192
100 80
100 62
100 214
100 131
100 83
100 66
100 80
100 174
100 47
100 916
100 115
100 280
100 289
100 382
100 102
100 732
100 112
100 461
100 16
100 477
100 66
100 589
100 784
100 114
100 356
100 208
100 197
100 16
100 117
100 13
100 162
100 158
100 11
100 48
100 137
100 188
100 84
100 111
100 207
100 99
100 86
100 39
100 239
100 250
100 342
100 990
100 99
100 139
100 176
100 795
100 472
100 159
100 101
100 1777
100 162
100 130
100 53
100 47
100 107
100 219
100 171
100 45
100 258
100 14
100 2
100 262
100 146
100 289
100 12
100 82
100 198
100 109
100 694
100 99
100 932
100 1
100 192
100 193
100 596
100 194
100 50
100 98
100 156
100 562
100 177
100 277
100 224
100 259
100 154
100 115
100 23
100 163
100 194
100 17
100 176
100 78
100 127
100 340
100 38
100 80
100 632
100 68
100 377
100 84
100 77
100 325
100 473
100 144
100 467
100 305
100 32
100 207
100 289
100 174
100 45
100 492
100 1111
100 518
100 366
100 23
100 320
100 240
100 137
100 1715
100 68
100 210
100 56
100 329
100 203
100 166
100 603
100 166
100 56
100 40
100 327
100 177
100 291
100 175
100 69
100 35
100 60
100 127
100 523
100 931
100 150
100 152
100 6
100 120
100 142
100 75
100 403
100 1071
100 505
100 106
100 105
100 203
100 276
100 740
100 419
100 76
100 1154
100 256
100 396
100 249
100 315
100 259
100 105
100 93
100 213
100 44
100 103
100 54
100 4
100 355
100 273
100 286
100 81
100 432
100 250
100 55
100 114
100 247
100 120
100 1448
100 306
100 77
100 92
100 47
100 604
100 229
100 116
100 84
100 168
100 339
100 507
100 663
100 169
100 87
100 205
100 7
100 337
100 570
100 67
100 72
100 40
100 4
100 96
100 434
100 751
100 381
100 584
100 757
100 26
100 44
100 316
100 185
100 97
100 542
100 242
100 483
100 150
100 83
100 92
100 409
100 162
100 88
100 382
100 95
100 187
100 186
100 537
100 718
100 758
100 611
100 153
100 51
100 232
100 562
100 123
100 158
100 333
100 176
100 64
100 99
100 351
100 153
100 6
100 203
100 45
100 345
100 75
100 26
100 113
100 78
100 189
100 168
100 648
100 260
100 141
100 8
100 215
100 276
100 58
100 407
100 188
100 24
100 317
100 441
100 55
100 141
100 250
100 214
100 332
100 80
100 118
100 209
100 85
100 1
100 514
100 85
100 48
100 11
100 71
100 378
100 106
100 10
100 36
100 580
100 6
100 113
100 364
100 106
100 772
100 825
100 573
100 13
100 587
100 46
100 483
100 13
100 110
100 46
100 246
100 258
100 285
100 127
100 61
100 38
100 20
100 205
100 3
100 220
100 460
100 215
100 4
100 777
100 536
100 13
100 160
100 179
100 797
100 49
100 48
100 175
100 231
100 79
100 494
100 3
100 333
100 214
100 132
100 32
100 619
100 137
100 240
100 276
100 35
100 178
100 753
100 356
100 916
100 663
100 44
100 36
100 384
100 15
100 154
100 257
100 128
100 292
100 190
100 75
100 347
100 357
100 64
100 133
100 238
100 191
100 315
100 15
100 97
100 626
100 241
100 314
100 644
100 527
100 50
100 72
100 495
100 87
100 168
100 130
100 49
100 224
100 320
100 88
100 69
100 449
100 351
100 68
100 68
100 589
100 163
100 62
100 10
100 188
100 306
100 476
100 418
100 212
100 459
100 97
100 159
100 337
100 47
100 794
100 602
100 598
100 6
100 1
100 161
100 178
100 120
100 955
100 588
100 60
100 124
100 384
100 256
100 212
100 244
100 16
100 83
100 405
100 238
100 1013
100 53
100 183
100 28
100 186
100 190
100 1
100 218
100 124
100 822
100 12
100 172
100 13
100 159
100 297
100 235
100 257
100 504
100 407
100 1
100 75
100 29
100 82
100 24
100 184
100 372
100 522
100 31
100 94
100 67
100 293
100 263
100 182
100 536
100 45
100 73
100 5
100 177
100 80
100 34
100 225
100 129
100 408
100 11
100 179
100 262
100 612
100 136
100 284
100 750
100 288
100 8
100 155
100 16
100 20
100 11
100 369
100 495
100 639
100 593
100 78
100 50
100 86
100 114
100 233
100 236
100 364
100 1655
100 26
100 96
100 13
100 265
100 366
100 200
100 331
100 410
100 120
100 105
100 295
100 214
100 276
100 324
100 163
100 495
100 293
100 125
100 113
100 6
100 86
100 379
100 115
100 352
100 92
100 48
100 138
100 217
100 178
100 638
100 13
100 169
100 1608
100 15
100 1045
100 274
100 294
100 338
100 225
100 143
100 725
100 25
100 58
100 159
100 429
100 370
100 7
100 191
100 533
100 175
100 144
100 55
100 3
100 772
100 131
100 39
100 58
100 78
100 301
100 676
100 131
100 686
100 306
100 177
100 134
100 95
100 274
100 110
100 1038
100 103
100 4
100 40
100 28
100 394
100 431
100 51
100 115
100 334
100 104
100 191
100 269
100 95
100 168
100 49
100 58
100 53
100 41
100 60
100 476
100 15
100 985
100 25
100 56
100 109
100 25
100 12
100 66
100 135
100 937
100 32
100 230
100 236
100 8
100 1074
100 604
100 166
100 417
100 143
100 160
100 296
100 874
100 9
100 221
100 156
100 898
100 42
100 40
100 692
100 211
100 215
100 134
100 231
100 46
100 536
100 84
100 37
100 484
100 8
100 702
100 938
100 235
100 68
100 58
100 181
100 567
100 456
100 147
100 127
100 441
100 61
100 118
100 160
100 516
100 18
100 1070
100 337
100 156
100 522
100 89
100 17
100 183
100 137
100 30
100 83
100 256
100 116
100 30
100 242
100 89
100 45
100 167
100 73
100 381
100 656
100 458
100 278
100 388
100 85
100 246
100 184
100 454
100 259
100 827
100 741
100 152
100 14
100 328
100 98
100 17
100 419
100 17
100 1018
100 84
100 85
100 355
100 261
100 82
100 103
100 15
100 42
100 545
100 332
100 201
100 203
100 30
100 36
100 395
100 188
100 282
100 74
100 67
100 111
100 322
100 123
100 106
100 358
100 310
100 2
100 59
100 73
100 132
100 84
100 695
100 143
100 13
100 300
100 826
100 211
100 396
100 58
100 347
100 124
100 97
100 496
100 368
100 118
100 169
100 199
100 44
100 14
100 446
100 340
100 53
100 41
100 337
100 414
100 373
100 363
100 63
100 188
100 204
100 328
100 11
100 1182
100 251
100 464
100 314
100 430
100 172
100 38
100 67
100 134
100 301
100 335
100 80
100 351
100 183
100 225
100 634
100 998
100 250
100 24
100 76
100 37
100 12
100 129
100 160
100 546
100 29
100 396
100 141
100 147
100 336
100 63
100 774
100 291
100 373
100 406
100 511
100 201
100 38
100 118
100 18
100 1130
100 207
100 121
100 443
100 82
100 526
100 49
100 350
100 323
100 34
100 36
100 138
100 141
100 64
100 350
100 66
100 981
100 19
100 249
100 124
100 93
100 582
100 42
100 484
100 138
100 110
100 46
100 17
100 91
100 180
100 148
100 412
100 267
100 287
100 534
100 30
100 19
100 53
100 58
100 119
100 202
100 113
100 81
100 236
100 33
100 76
100 605
100 14
100 602
100 294
100 424
100 303
100 255
100 350
100 72
100 10
100 205
100 44
100 151
100 226
100 712
100 339
100 311
100 269
100 602
100 511
100 77
100 9
100 107
100 115
100 47
100 120
100 365
100 468
100 80
100 554
100 107
100 159
100 800
100 42
100 548
100 141
100 396
100 36
100 275
100 1115
100 749
100 166
100 129
100 7
100 1474
100 36
100 19
100 28
100 746
100 196
100 376
100 84
100 535
100 217
100 825
100 283
100 13
100 209
100 150
100 417
100 761
100 331
100 7
100 592
100 31
100 182
100 1434
100 425
100 64
100 26
100 51
100 604
100 58
100 140
100 556
100 207
100 114
100 320
100 345
100 930
100 18
100 162
100 31
100 563
100 126
100 64
100 296
100 135
100 850
100 252
100 524
100 243
100 9
100 74
100 110
100 144
100 226
100 62
100 76
100 85
100 142
100 255
100 210
100 162
100 715
100 611
100 112
100 103
100 503
100 203
100 433
100 147
100 286
100 19
100 23
100 18
100 455
100 20
100 232
100 163
100 38
100 389
100 292
100 1777
100 686
100 64
100 79
100 290
100 613
100 30
100 492
100 200
100 40
100 283
100 101
100 76
100 148
100 286
100 276
100 62
100 71
100 43
100 314
100 225
100 333
100 172
100 158
100 7
100 230
100 293
100 438
100 423
100 909
100 241
100 142
100 307
100 136
100 10
100 382
100 349
100 148
100 171
100 665
100 111
100 460
100 266
100 701
100 286
100 72
100 723
100 113
100 112
100 805
100 404
100 154
100 223
100 310
100 58
100 373
100 1036
100 216
100 70
100 332
100 226
100 131
100 310
100 205
100 98
100 304
100 183
100 0
100 266
100 348
100 46
100 154
100 129
100 60
100 25
100 45
100 272
100 531
100 85
100 107
100 40
100 56
100 256
100 188
100 21
100 178
100 221
100 140
100 194
100 47
100 784
100 70
100 0
100 414
100 152
100 77
100 920
100 475
100 55
100 118
100 13
100 351
100 559
100 429
100 219
100 294
100 123
100 609
100 25
100 83
100 105
100 78
100 271
100 587
100 23
100 248
100 327
100 223
100 31
100 376
100 116
100 245
100 102
100 112
100 135
100 129
100 264
100 267
100 81
100 112
100 11
100 263
100 516
100 1014
100 133
100 249
100 149
100 144
100 411
100 95
100 35
100 22
100 913
100 503
100 213
100 390
100 396
100 148
100 433
100 284
100 46
100 75
100 1442
100 667
100 232
100 209
100 18
100 804
100 165
100 461
100 319
100 306
100 3
100 73
100 38
100 506
100 126
100 105
100 79
100 165
100 133
100 48
100 348
100 290
100 16
100 211
100 179
100 806
100 76
100 404
100 448
100 539
100 261
100 48
100 49
100 51
100 157
100 11
100 68
100 24
100 58
100 293
100 325
100 432
100 44
100 16
100 463
100 99
100 209
100 54
100 121
100 273
100 2
100 494
100 605
100 234
100 47
100 303
100 186
100 5
100 285
100 274
100 354
100 408
100 207
100 87
100 186
100 594
100 187
100 779
100 29
100 191
100 176
100 185
100 172
100 114
100 110
100 262
100 297
100 36
100 54
100 78
100 141
100 480
100 111
100 44
100 871
100 223
100 72
100 135
100 244
100 245
100 17
100 11
100 995
100 39
100 194
100 126
100 335
100 704
100 240
100 9
100 589
100 265
100 12
100 107
100 163
100 445
100 158
100 95
100 229
100 37
100 1165
100 147
100 714
100 108
100 329
100 10
100 87
100 209
100 396
100 420
100 162
100 237
100 70
100 295
100 24
100 236
100 363
100 296
100 121
100 168
100 199
100 205
100 153
100 226
100 21
100 598
100 157
100 240
100 325
100 276
100 135
100 252
100 93
100 369
100 65
100 2
100 187
100 86
100 194
100 302
100 98
100 150
100 176
100 268
100 594
100 426
100 340
100 117
100 14
100 309
100 81
100 41
100 382
100 504
100 28
100 9
100 112
100 396
100 149
100 35
100 33
100 1177
100 37
100 48
100 527
100 27
100 778
100 63
100 317
100 101
100 277
100 152
100 699
100 239
100 151
100 139
100 438
100 71
100 48
100 151
100 133
100 37
100 274
100 576
100 309
100 9
100 226
100 113
100 46
100 22
100 268
100 187
100 19
100 90
100 282
100 705
100 62
100 57
100 537
100 159
100 318
100 416
100 167
100 269
100 99
100 387
100 65
100 199
100 377
100 150
100 34
100 66
100 114
100 28
100 26
100 6
100 246
100 67
100 179
100 150
100 411
100 819
100 372
100 296
100 89
100 246
100 572
100 578
100 224
100 281
100 23
100 225
100 662
100 183
100 18
100 48
100 131
100 406
100 43
100 78
100 125
100 127
100 84
100 463
100 111
100 1565
100 81
100 269
100 168
100 99
100 181
100 402
100 147
100 162
100 127
100 139
100 0
100 342
100 55
100 5
100 282
100 59
100 265
100 89
100 139
100 209
100 400
100 19
100 2
100 176
100 31
100 176
100 906
100 99
100 86
100 332
100 175
100 238
100 64
100 271
100 1006
100 10
100 609
100 149
100 832
100 571
100 409
100 78
100 29
100 56
100 57
100 730
100 235
100 110
100 73
100 303
100 471
100 1175
100 4
100 145
100 217
100 354
100 189
100 461
100 138
100 118
100 6
100 352
100 126
100 224
100 71
100 877
100 129
100 96
100 313
100 150
100 28
100 70
100 462
100 253
100 26
100 70
100 777
100 395
100 231
100 403
100 193
100 95
100 134
100 158
100 261
100 135
100 672
100 435
100 27
100 1448
100 56
100 225
100 67
100 79
100 350
100 175
100 0
100 32
100 161
100 251
100 143
100 1098
100 108
100 20
100 260
100 445
100 356
100 363
100 7
100 239
100 31
100 104
100 82
100 87
100 1082
100 100
100 59
100 343
100 1456
100 3
100 539
100 582
100 184
100 303
100 34
100 620
100 150
100 55
100 82
100 981
100 261
100 515
100 311
100 382
100 8
100 2
100 37
100 46
100 67
100 733
100 135
100 212
100 438
100 166
100 460
100 166
100 264
100 191
100 174
100 64
100 126
100 370
100 115
100 212
100 22
100 153
100 3
100 138
100 38
100 345
100 464
100 20
100 119
100 103
100 36
100 27
100 225
100 21
100 489
100 127
100 44
100 182
100 2
100 29
100 1053
100 48
100 1394
100 7
100 201
100 355
100 222
100 209
100 19
100 190
100 162
100 321
100 464
100 11
100 92
100 238
100 5
100 406
100 880
100 360
100 376
100 326
100 192
100 176
100 304
100 264
100 419
100 26
100 27
100 358
100 406
100 297
100 365
100 42
100 212
100 194
100 379
100 224
100 10
100 270
100 274
100 200
100 58
100 410
100 232
100 766
100 609
100 45
100 1253
100 57
100 338
100 534
100 25
100 62
100 40
100 291
100 626
100 240
100 589
100 146
100 190
100 129
100 188
100 165
100 88
100 1020
100 222
100 21
100 32
100 494
100 493
100 677
100 28
100 496
100 413
100 30
100 34
100 40
100 296
100 30
100 212
100 241
100 170
100 139
100 352
100 436
100 144
100 10
100 247
100 367
100 145
100 310
100 113
100 27
100 798
100 49
100 267
100 57
100 474
100 28
100 129
100 845
100 17
100 11
100 278
100 153
100 276
100 177
100 147
100 253
100 14
100 457
100 115
100 109
100 505
100 734
100 139
100 380
100 49
100 11
100 184
100 224
100 806
100 61
100 291
100 52
100 898
100 429
100 207
100 19
100 141
100 139
100 282
100 74
100 92
100 279
100 172
100 259
100 165
100 257
100 349
100 319
100 958
100 253
100 30
100 215
100 175
100 155
100 645
100 357
100 210
100 37
100 23
100 13
100 4
100 8
100 237
100 203
100 167
100 57
100 0
100 417
100 291
100 636
100 183
100 1
100 64
100 87
100 155
100 185
100 442
100 216
100 15
100 268
100 28
100 83
100 130
100 316
100 52
100 176
100 472
100 280
100 154
100 155
100 471
100 891
100 298
100 152
100 390
100 16
100 164
100 267
100 226
100 267
100 130
100 108
100 284
100 80
100 243
100 180
100 21
100 592
100 436
100 139
100 307
100 109
100 11
100 0
100 137
100 94
100 297
100 106
100 66
100 115
100 36
100 20
100 484
100 402
100 134
100 226
100 100
100 77
100 113
100 74
100 102
100 143
100 343
100 16
100 140
100 626
100 92
100 210
100 136
100 30
100 80
100 144
100 174
100 400
100 46
100 889
100 219
100 65
100 193
100 681
100 655
100 745
100 8
100 194
100 399
100 362
100 330
100 133
100 1
100 31
100 26
100 98
100 89
100 61
100 9
100 218
100 264
100 168
100 316
100 187
100 9
100 159
100 100
100 108
100 531
100 185
100 233
100 213
100 159
100 667
100 159
100 152
100 132
100 38
100 110
100 419
100 259
100 265
100 511
100 130
100 59
100 360
100 461
100 172
100 197
100 245
100 56
100 198
100 173
100 164
100 636
100 91
100 198
100 5
100 14
100 36
100 445
100 180
100 183
100 15
100 109
100 19
100 178
100 36
100 1
100 121
100 129
100 317
100 44
100 76
100 48
100 194
100 305
100 427
100 965
100 214
100 103
100 227
100 497
100 267
100 124
100 453
100 161
100 65
100 1
100 0
100 149
100 186
100 243
100 332
100 368
100 122
100 383
100 318
100 146
100 101
100 60
100 767
100 353
100 333
100 101
100 49
100 543
100 29
100 298
100 317
100 9
100 455
100 28
100 1
100 42
100 106
100 237
100 48
100 219
100 50
100 1056
100 39
100 111
100 106
100 131
100 21
100 54
100 142
100 25
100 296
100 69
100 259
100 56
100 434
100 706
100 390
100 27
100 146
100 116
100 34
100 71
100 88
100 25
100 28
100 8
100 21
100 468
100 90
100 49
100 722
100 622
100 467
100 202
100 43
100 9
100 321
100 36
100 464
100 267
100 506
100 124
100 0
100 94
100 119
100 35
100 21
100 360
100 325
100 76
100 273
100 31
100 89
100 311
100 306
100 167
100 128
100 230
100 133
100 93
100 72
100 1392
100 20
100 397
100 103
100 22
100 60
100 4
100 23
100 124
100 80
100 326
100 79
100 6
100 93
100 58
100 497
100 106
100 94
100 229
100 41
100 64
100 88
100 375
100 100
100 372
100 53
100 29
100 525
100 27
100 140
100 635
100 55
100 469
100 331
100 24
100 121
100 504
100 610
100 73
100 593
100 823
100 423
100 95
100 64
100 35
100 543
100 25
100 306
100 83
100 40
100 8
100 77
100 107
100 48
100 179
100 257
100 43
100 94
100 346
100 103
100 453
100 15
100 401
100 282
100 28
100 57
100 440
100 7
100 112
100 263
100 192
100 530
100 36
100 160
100 95
100 148
100 30
100 13
100 43
100 767
100 260
100 442
100 833
100 101
100 181
100 157
100 1131
100 177
100 93
100 22
100 311
100 11
100 221
100 53
100 439
100 273
100 91
100 100
100 270
100 325
100 36
100 394
100 256
100 10
100 183
100 233
100 111
100 499
100 640
100 123
100 31
100 648
100 172
100 242
100 57
100 75
100 361
100 18
100 888
100 9
100 201
100 3
100 36
100 121
100 169
100 942
100 148
100 112
100 183
100 57
100 260
100 158
100 270
100 24
100 9
100 235
100 114
100 82
100 110
100 25
100 678
100 60
100 564
100 862
100 178
100 104
100 307
100 109
100 34
100 9
100 589
100 436
100 103
100 4
100 307
100 13
100 222
100 68
100 134
100 380
100 7
100 453
100 333
100 912
100 207
100 91
100 382
100 232
100 26
100 296
100 169
100 449
100 159
100 55
100 79
100 247
100 117
100 115
100 118
100 172
100 554
100 391
100 47
100 235
100 157
100 414
100 593
100 97
100 61
100 209
100 21
100 490
100 645
100 52
100 170
100 264
100 51
100 49
100 284
100 237
100 488
100 134
100 36
100 164
100 69
100 124
100 659
100 24
100 34
100 181
100 105
100 43
100 253
100 234
100 57
100 121
100 26
100 127
100 103
100 108
100 51
100 135
100 467
100 189
100 367
100 376
100 429
100 39
100 12
100 527
100 169
100 524
100 22
100 404
100 1093
100 133
100 139
100 1364
100 178
100 202
100 220
100 64
100 287
100 145
100 308
100 812
100 271
100 289
100 248
100 149
100 168
100 255
100 180
100 46
100 618
100 50
100 75
100 117
100 158
100 23
100 74
100 488
100 402
100 434
100 61
100 462
100 332
100 119
100 32
100 194
100 19
100 560
100 92
100 78
100 68
100 725
100 678
100 148
100 3
100 34
100 492
100 17
100 190
100 37
100 542
100 90
100 1040
100 204
100 338
100 731
100 303
100 39
100 220
100 184
100 4
100 149
100 327
100 556
100 486
100 411
100 247
100 124
100 78
100 407
100 269
100 237
100 692
100 7
100 43
100 333
100 447
100 274
100 44
100 191
100 176
100 241
100 179
100 34
100 154
100 520
100 742
100 486
100 218
100 654
100 50
100 95
100 67
100 357
100 417
100 304
100 171
100 146
100 78
100 104
100 351
100 2136
100 21
100 530
100 5
100 87
100 31
100 137
100 132
100 25
100 874
100 357
100 58
100 244
100 230
100 72
100 86
100 507
100 178
100 208
100 3
100 267
100 869
100 271
100 271
100 153
100 87
100 116
100 35
100 477
100 12
100 105
100 441
100 337
100 245
100 907
100 7
100 38
100 450
100 69
100 176
100 500
100 29
100 285
100 409
100 57
100 398
100 409
100 1
100 479
100 134
100 582
100 131
100 64
100 27
100 59
100 383
100 1001
100 22
100 36
100 247
100 320
100 138
100 104
100 497
100 378
100 32
100 466
100 114
100 18
100 102
100 333
100 62
100 337
100 11
100 45
100 251
100 156
100 193
100 75
100 208
100 166
100 15
100 181
100 684
100 179
100 18
100 258
100 52
100 322
100 297
100 571
100 292
100 516
100 1071
100 419
100 296
100 185
100 403
100 247
100 26
100 424
100 44
100 36
100 606
100 367
100 241
100 81
100 24
100 76
100 125
100 102
100 321
100 746
100 323
100 297
100 598
100 224
100 20
100 338
100 529
100 187
100 103
100 146
100 25
100 71
100 213
100 196
100 87
100 77
100 316
100 309
100 140
100 78
100 15
100 130
100 27
100 99
100 618
100 110
100 92
100 151
100 380
100 15
100 469
100 160
100 48
100 551
100 7
100 199
100 297
100 295
100 0
100 480
100 602
100 436
100 1114
100 63
100 367
100 12
100 203
100 198
100 103
100 45
100 29
100 9
100 40
100 553
100 148
100 13
100 120
100 209
100 252
100 179
100 16
100 125
100 69
100 336
100 63
100 249
100 61
100 224
100 31
100 152
100 9
100 554
100 247
100 28
100 743
100 383
100 332
100 3
100 738
100 218
100 121
100 150
100 121
100 153
100 372
100 42
100 110
100 248
100 326
100 30
100 203
100 483
100 100
100 307
100 361
100 247
100 70
100 280
100 43
100 11
100 355
100 695
100 36
100 507
100 2
100 92
100 933
100 219
100 1037
100 105
100 290
100 5
100 91
100 419
100 258
100 33
100 26
100 355
100 193
100 28
100 210
100 218
100 138
100 175
100 788
100 41
100 781
100 21
100 279
100 148
100 634
100 10
100 790
100 37
100 86
100 20
100 257
100 530
100 72
100 16
100 170
100 445
100 142
100 79
100 222
100 13
100 405
100 297
100 87
100 100
100 29
100 593
100 37
100 113
100 227
100 95
100 352
100 674
100 52
100 197
100 577
100 502
100 402
100 158
100 52
100 46
100 101
100 41
100 418
100 544
100 50
100 257
100 11
100 264
100 86
100 92
100 30
100 488
100 354
100 31
100 19
100 119
100 220
100 1178
100 368
100 44
100 440
100 31
100 286
100 252
100 21
100 36
100 662
100 271
100 26
100 95
100 48
100 587
100 142
100 613
100 317
100 159
100 412
100 146
100 4
100 14
100 56
100 197
100 51
100 433
100 122
100 45
100 508
100 751
100 721
100 54
100 285
100 125
100 8
100 800
100 266
100 180
100 66
100 87
100 105
100 523
100 105
100 76
100 1107
100 263
100 399
100 572
100 322
100 704
100 162
100 427
100 139
100 147
100 60
100 11
100 54
100 196
100 436
100 3
100 327
100 406
100 38
100 117
100 72
100 74
100 286
100 97
100 152
100 12
100 131
100 161
100 245
100 56
100 371
100 43
100 193
100 369
100 217
100 62
100 22
100 78
100 45
100 185
100 392
100 49
100 330
100 1
100 142
100 226
100 903
100 101
100 525
100 108
100 57
100 2
100 169
100 438
100 59
100 210
100 502
100 11
100 20
100 40
100 15
100 274
100 15
100 178
100 62
100 109
100 54
100 121
100 105
100 134
100 176
100 330
100 87
100 283
100 20
100 17
100 87
100 50
100 3
100 326
100 15
100 186
100 436
100 61
100 278
100 214
100 267
100 158
100 137
100 89
100 211
100 159
100 445
100 144
100 230
100 255
100 126
100 328
100 40
100 295
100 215
100 419
100 103
100 53
100 348
100 369
100 50
100 166
100 26
100 690
100 261
100 36
100 38
100 435
100 478
100 11
100 778
100 400
100 1330
100 87
100 793
100 757
100 11
100 67
100 179
100 34
100 92
100 207
100 1410
100 870
100 861
100 372
100 268
100 206
100 38
100 6
100 118
100 400
100 356
100 405
100 373
100 6
100 374
100 289
100 148
100 175
100 34
100 86
100 428
100 35
100 104
100 21
100 183
100 66
100 82
100 200
100 136
100 69
100 86
100 8
100 79
100 675
100 480
100 437
100 39
100 206
100 1248
100 323
100 42
100 224
100 99
100 320
100 169
100 338
100 335
100 65
100 256
100 41
100 279
100 424
100 53
100 1173
100 65
100 144
100 901
100 924
100 70
100 262
100 108
100 132
100 63
100 208
100 65
100 183
100 395
100 485
100 382
100 759
100 26
100 168
100 70
100 0
100 303
100 192
100 115
100 149
100 161
100 32
100 352
100 142
100 85
100 159
100 1892
100 332
100 617
100 0
100 256
100 209
100 217
100 414
100 90
100 28
100 457
100 154
100 69
100 282
100 38
100 432
100 408
100 288
100 113
100 659
100 98
100 64
100 219
100 321
100 116
100 71
100 46
100 310
100 104
100 97
100 149
100 81
100 256
100 93
100 67
100 26
100 523
100 241
100 403
100 6
100 170
100 315
100 478
100 139
100 111
100 390
100 23
100 575
100 193
100 26
100 460
100 422
100 84
100 36
100 335
100 644
100 340
100 663
100 494
100 60
100 915
100 535
100 59
100 195
100 21
100 18
100 40
100 477
100 217
100 593
100 160
100 55
100 242
100 252
100 0
100 591
100 332
100 108
100 145
100 232
100 91
100 131
100 339
100 273
100 197
100 517
100 61
100 677
100 265
100 205
100 190
100 151
100 120
100 29
100 443
100 180
100 409
100 524
100 150
100 114
100 53
100 272
100 388
100 23
100 27
100 405
100 256
100 11
100 109
100 92
100 128
100 50
100 41
100 355
100 32
100 84
100 40
100 1148
100 1
100 526
100 23
100 41
100 464
100 40
100 1245
100 105
100 88
100 195
100 633
100 83
100 575
100 183
100 14
100 27
100 75
100 429
100 50
100 233
100 609
100 389
100 29
100 7
100 27
100 4
100 876
100 83
100 827
100 365
100 33
100 69
100 807
100 100
100 150
100 19
100 75
100 29
100 50
100 1026
100 53
100 97
100 52
100 77
100 127
100 149
100 16
100 2
100 308
100 52
100 97
100 79
100 129
100 630
100 126
100 0
100 308
100 57
100 30
100 205
100 227
100 102
100 370
100 21
100 983
100 107
100 249
100 327
100 31
100 91
100 661
100 144
100 199
100 156
100 280
100 220
100 113
100 599
100 315
100 247
100 295
100 360
100 346
100 55
100 143
100 445
100 77
100 156
100 178
100 524
100 259
100 232
100 160
100 294
100 375
100 123
100 74
100 312
100 6
100 920
100 983
100 72
100 468
100 256
100 3
100 547
100 438
100 270
100 389
100 110
100 127
100 224
100 843
100 562
100 479
100 10
100 66
100 1378
100 581
100 598
100 20
100 186
100 88
100 145
100 150
100 500
100 346
100 484
100 165
100 140
100 40
100 31
100 135
100 379
100 352
100 938
100 453
100 70
100 646
100 447
100 1200
100 37
100 113
100 32
100 73
100 183
100 22
100 112
100 74
100 410
100 26
100 471
100 365
100 168
100 1
100 1181
100 91
100 1401
100 264
100 66
100 93
100 166
100 349
100 26
100 350
100 167
100 163
100 154
100 315
100 0
100 121
100 17
100 409
100 579
100 47
100 668
100 124
100 343
100 851
100 37
100 265
100 440
100 33
100 228
100 51
100 292
100 30
100 371
100 52
100 0
100 81
100 77
100 53
100 319
100 49
100 103
100 95
100 223
100 1059
100 626
100 183
100 192
100 20
100 35
100 897
100 524
100 95
100 328
100 204
100 440
100 315
100 111
100 324
100 113
100 54
100 85
100 147
100 395
100 619
100 269
100 134
100 31
100 89
100 57
100 31
100 218
100 73
100 355
100 153
100 27
100 364
100 370
100 95
100 64
100 191
100 344
100 585
100 129
100 692
100 624
100 586
100 386
100 173
100 135
100 347
100 436
100 598
100 17
100 295
100 111
100 63
100 505
100 194
100 42
100 231
100 250
100 241
100 388
100 129
100 615
100 70
100 86
100 7
100 73
100 505
100 259
100 6
100 233
100 27
100 87
100 639
100 865
100 141
100 393
100 126
100 83
100 268
100 404
100 225
100 95
100 249
100 609
100 7
100 134
100 72
100 36
100 335
100 680
100 504
100 222
100 75
100 309
100 51
100 340
100 213
100 77
100 95
100 12
100 206
100 409
100 229
100 459
100 91
100 412
100 86
100 536
100 200
100 43
100 17
100 190
100 51
100 102
100 249
100 206
100 25
100 186
100 216
100 7
100 16
100 126
100 917
100 150
100 250
100 463
100 263
100 237
100 116
100 269
100 353
100 99
100 433
100 105
100 162
100 12
100 68
100 314
100 110
100 138
100 2
100 54
100 4
100 82
100 163
100 231
100 122
100 98
100 504
100 5
100 445
100 514
100 68
100 813
100 58
100 601
100 162
100 367
100 34
100 40
100 34
100 7
100 95
100 546
100 193
100 148
100 60
100 195
100 173
100 239
100 174
100 59
100 277
100 88
100 96
100 301
100 90
100 141
100 340
100 175
100 74
100 345
100 66
100 112
100 138
100 71
100 92
100 111
100 63
100 16
100 111
100 194
100 99
100 189
100 234
100 163
100 234
100 190
100 167
100 40
100 1168
100 110
100 447
100 137
100 573
100 223
100 190
100 543
100 437
100 300
100 309
100 648
100 21
100 361
100 431
100 897
100 168
100 116
100 110
100 37
100 213
100 177
100 487
100 201
100 288
100 34
100 868
100 480
100 242
100 473
100 182
100 136
100 150
100 545
100 139
100 41
100 58
100 25
100 181
100 563
100 370
100 99
100 228
100 182
100 136
100 813
100 127
100 72
100 93
100 58
100 305
100 87
100 158
100 36
100 297
100 91
100 171
100 16
100 81
100 132
100 23
100 87
100 102
100 99
100 198
100 198
100 162
100 66
100 178
100 113
100 588
100 82
100 711
100 1562
100 222
100 0
100 83
100 494
100 73
100 601
100 39
100 58
100 830
100 84
100 50
100 183
100 4
100 15
100 229
100 33
100 124
100 414
100 198
100 200
100 42
100 239
100 498
100 118
100 70
100 217
100 72
100 405
100 54
100 593
100 388
100 10
100 105
100 505
100 565
100 387
100 59
100 326
100 93
100 307
100 56
100 328
100 455
100 202
100 96
100 900
100 255
100 180
100 778
100 240
100 159
100 924
100 306
100 229
100 285
100 114
100 210
100 724
100 88
100 239
100 61
100 205
100 235
100 57
100 88
100 61
100 55
100 114
100 97
100 407
100 317
100 492
100 83
100 123
100 258
100 24
100 712
100 61
100 520
100 128
100 71
100 298
100 168
100 446
100 406
100 69
100 54
100 585
100 214
100 379
100 72
100 189
100 25
100 306
100 206
100 756
100 23
100 45
100 107
100 418
100 135
100 333
100 197
100 200
100 845
100 596
100 14
100 423
100 634
100 841
100 314
100 516
100 572
100 721
100 71
100 345
100 108
100 420
100 10
100 223
100 7
100 49
100 916
100 498
100 58
100 121
100 60
100 1
100 222
100 365
100 76
100 963
100 94
100 304
100 154
100 101
100 80
100 16
100 277
100 467
100 117
100 39
100 36
100 369
100 127
100 81
100 129
100 2
100 257
100 485
100 161
100 2
100 37
100 67
100 290
100 21
100 300
100 1120
100 32
100 376
100 17
100 103
100 149
100 233
100 1769
100 332
100 484
100 110
100 577
100 109
100 233
100 136
100 442
100 150
100 271
100 305
100 362
100 301
100 296
100 6
100 216
100 390
100 236
100 377
100 219
100 113
100 23
100 95
100 558
100 35
100 67
100 252
100 276
100 2
100 626
100 1130
100 378
100 239
100 687
100 958
100 29
100 451
100 226
100 60
100 174
100 872
100 139
100 315
100 323
100 206
100 101
100 365
100 326
100 418
100 116
100 250
100 12
100 252
100 128
100 207
100 272
100 85
100 49
100 687
100 527
100 27
100 225
100 24
100 57
100 96
100 62
100 164
100 273
100 271
100 49
100 909
100 100
100 85
100 786
100 518
100 6
100 83
100 408
100 111
100 12
100 168
100 136
100 183
100 187
100 77
100 36
100 379
100 514
100 19
100 377
100 176
100 57
100 573
100 302
100 80
100 240
100 589
100 31
100 147
100 242
100 232
100 118
100 840
100 15
100 166
100 107
100 193
100 85
100 143
100 5
100 94
100 1058
100 191
100 96
100 114
100 493
100 53
100 57
100 429
100 64
100 22
100 153
100 93
100 649
100 134
100 42
100 76
100 27
100 27
100 191
100 467
100 430
100 38
100 258
100 196
100 96
100 26
100 50
100 397
100 139
100 147
100 35
100 273
100 329
100 297
100 373
100 824
100 1056
100 230
100 365
100 164
100 22
100 251
100 239
100 452
100 600
100 184
100 25
100 88
100 161
100 149
100 180
100 152
100 124
100 442
100 294
100 372
100 520
100 50
100 111
100 187
100 76
100 125
100 122
100 78
100 18
100 251
100 496
100 334
100 235
100 100
100 364
100 237
100 570
100 44
100 862
100 140
100 30
100 89
100 502
100 10
100 108
100 56
100 421
100 498
100 440
100 209
100 68
100 100
100 427
100 328
100 212
100 21
100 246
100 140
100 632
100 26
100 74
100 3
100 99
100 575
100 125
100 130
100 104
100 164
100 183
100 27
100 701
100 601
100 40
100 1046
100 266
100 141
100 185
100 441
100 71
100 16
100 36
100 80
100 42
100 113
100 158
100 0
100 404
100 207
100 301
100 164
100 47
100 202
100 678
100 155
100 638
100 759
100 249
100 1274
100 118
100 275
100 507
100 5
100 260
100 18
100 428
100 35
100 25
100 43
100 305
100 7
100 438
100 377
100 104
100 85
100 343
100 953
100 415
100 345
100 196
100 221
100 505
100 44
100 281
100 265
100 130
100 15
100 151
100 193
100 241
100 724
100 82
100 174
100 145
100 87
100 184
100 15
100 160
100 8
100 240
100 916
100 459
100 67
100 1000
100 54
100 78
100 163
100 96
100 49
100 158
100 91
100 184
100 395
100 592
100 701
100 160
100 701
100 98
100 418
100 108
100 158
100 240
100 297
100 200
100 22
100 218
100 146
100 215
100 16
100 85
100 452
100 260
100 190
100 640
100 272
100 432
100 322
100 94
100 91
100 2
100 477
100 50
100 472
100 274
100 49
100 499
100 126
100 177
100 213
100 383
100 559
100 90
100 501
100 13
100 179
100 60
100 15
100 9
100 113
100 9
100 301
100 738
100 227
100 59
100 105
100 71
100 205
100 147
100 86
100 367
100 24
100 491
100 172
100 107
100 1055
100 748
100 116
100 35
100 337
100 121
100 385
100 524
100 357
100 109
100 428
100 904
100 333
100 185
100 135
100 336
100 59
100 309
100 342
100 10
100 155
100 124
100 184
100 311
100 212
100 101
100 705
100 46
100 15
100 237
100 30
100 150
100 71
100 411
100 187
100 2
100 382
100 580
100 252
100 227
100 107
100 806
100 562
100 47
100 292
100 15
100 28
100 41
100 725
100 674
100 569
100 887
100 422
100 346
100 76
100 288
100 637
100 32
100 553
100 69
100 59
100 426
100 13
100 101
100 71
100 12
100 90
100 48
100 10
100 160
100 1282
100 738
100 98
100 85
100 30
100 263
100 551
100 73
100 722
100 134
100 401
100 156
100 212
100 695
100 192
100 226
100 153
100 234
100 60
100 315
100 28
100 379
100 118
100 407
100 45
100 115
100 44
100 253
100 307
100 16
100 282
100 94
100 25
100 65
100 21
100 64
100 223
100 431
100 85
100 53
100 30
100 66
100 313
100 52
100 155
100 103
100 79
100 59
100 5
100 339
100 369
100 465
100 90
100 124
100 165
100 102
100 122
100 400
100 133
100 416
100 620
100 73
100 58
100 200
100 1267
100 342
100 684
100 190
100 80
100 27
100 44
100 159
100 69
100 118
100 137
100 393
100 213
100 95
100 385
100 952
100 293
100 32
100 153
100 223
100 591
100 66
100 8
100 238
100 4
100 16
100 180
100 144
100 183
100 137
100 763
100 5
100 537
100 93
100 215
100 175
100 356
100 169
100 215
100 126
100 405
100 109
100 61
100 432
100 92
100 58
100 357
100 283
100 173
100 215
100 525
100 240
100 101
100 1034
100 32
100 169
100 193
100 208
100 109
100 52
100 140
100 50
100 163
100 250
100 29
100 656
100 519
100 100
100 227
100 523
100 67
100 60
100 76
100 738
100 7
100 50
100 362
100 34
100 328
100 137
100 180
100 135
100 145
100 331
100 23
100 118
100 47
100 157
100 277
100 4
100 163
100 101
100 24
100 587
100 34
100 541
100 41
100 103
100 206
100 645
100 103
100 50
100 51
100 342
100 499
100 182
100 172
100 289
100 88
100 74
100 610
100 144
100 38
100 44
100 87
100 51
100 49
100 205
100 331
100 22
100 507
100 227
100 110
100 270
100 73
100 594
100 25
100 325
100 46
100 475
100 40
100 177
100 178
100 6
100 501
100 209
100 563
100 111
100 8
100 129
100 124
100 602
100 296
100 83
100 60
100 6
100 310
100 19
100 147
100 104
100 52
100 550
100 163
100 127
100 255
100 63
100 26
100 50
100 409
100 50
100 302
100 165
100 25
100 12
100 98
100 301
100 239
100 24
100 121
100 588
100 173
100 212
100 119
100 456
100 50
100 537
100 489
100 20
100 144
100 50
100 829
100 445
100 203
100 126
100 17
100 159
100 280
100 18
100 49
100 87
100 302
100 165
100 26
100 117
100 263
100 74
100 156
100 83
100 308
100 78
100 109
100 164
100 64
100 37
100 135
100 41
100 138
100 14
100 306
100 174
100 903
100 152
100 236
100 346
100 77
100 59
100 56
100 197
100 1
100 25
100 269
100 265
100 525
100 362
100 79
100 53
100 200
100 185
100 427
100 47
100 13
100 629
100 227
100 111
100 113
100 332
100 381
100 8
100 296
100 353
100 332
100 101
100 51
100 842
100 108
100 318
100 129
100 116
100 178
100 92
100 299
100 1148
100 66
100 2
100 38
100 1029
100 237
100 206
100 5
100 240
100 9
100 57
100 29
100 541
100 190
100 1137
100 6
100 534
100 47
100 197
100 365
100 103
100 2
100 55
100 30
100 424
100 321
100 337
100 66
100 67
100 381
100 55
100 123
100 385
100 366
100 477
100 378
100 105
100 17
100 53
100 572
100 277
100 198
100 255
100 468
100 95
100 641
100 212
100 24
100 406
100 144
100 252
100 110
100 120
100 224
100 50
100 32
100 14
100 92
100 269
100 121
100 13
100 793
100 262
100 7
100 132
100 225
100 58
100 83
100 176
100 102
100 294
100 645
100 465
100 196
100 109
100 94
100 7
100 154
100 542
100 146
100 300
100 53
100 407
100 333
100 8
100 193
100 842
100 431
100 28
100 295
100 895
100 31
100 49
100 185
100 244
100 380
100 183
100 40
100 543
100 77
100 837
100 450
100 964
100 197
100 119
100 0
100 84
100 221
100 581
100 243
100 357
100 235
100 574
100 567
100 555
100 311
100 112
100 72
100 133
100 79
100 65
100 202
100 6
100 362
100 16
100 170
100 516
100 181
100 434
100 149
100 216
100 688
100 287
100 15
100 174
100 168
100 209
100 639
100 32
100 148
100 81
100 881
100 309
100 18
100 126
100 77
100 641
100 6
100 6
100 728
100 38
100 48
100 45
100 64
100 686
100 194
100 41
100 42
100 172
100 77
100 763
100 302
100 111
100 172
100 478
100 414
100 408
100 474
100 84
100 879
100 154
100 2
100 394
100 426
100 195
100 69
100 436
100 251
100 624
100 311
100 227
100 712
100 489
100 1142
100 18
100 51
100 137
100 602
100 472
100 24
100 384
100 995
100 955
100 10
100 63
100 105
100 115
100 534
100 435
100 150
100 91
100 659
100 202
100 638
100 1002
100 231
100 291
100 14
100 209
100 563
100 81
100 355
100 46
100 214
100 81
100 199
100 73
100 659
100 484
100 311
100 21
100 272
100 99
100 233
100 66
100 416
100 217
100 94
100 302
100 595
100 431
100 806
100 731
100 174
100 54
100 581
100 213
100 636
100 634
100 1
100 457
100 75
100 544
100 246
100 215
100 466
100 68
100 44
100 139
100 4
100 82
100 88
100 211
100 53
100 116
100 134
100 220
100 631
100 191
100 299
100 802
100 78
100 91
100 148
100 47
100 12
100 781
100 44
100 585
100 29
100 90
100 25
100 84
100 215
100 109
100 55
100 663
100 8
100 198
100 372
100 1084
100 32
100 441
100 164
100 40
100 238
100 68
100 364
100 913
100 86
100 8
100 181
100 494
100 156
100 183
100 113
100 55
100 193
100 428
100 339
100 138
100 778
100 11
100 206
100 73
100 136
100 235
100 282
100 710
100 189
100 26
100 109
100 279
100 415
100 419
100 719
100 106
100 339
100 297
100 97
100 137
100 40
100 134
100 27
100 254
100 540
100 2
100 32
100 120
100 516
100 137
100 306
100 16
100 44
100 126
100 31
100 127
100 43
100 270
100 390
100 97
100 96
100 723
100 22
100 28
100 65
100 62
100 80
100 127
100 46
100 171
100 155
100 247
100 2
100 244
100 190
100 103
100 68
100 122
100 555
100 1050
100 421
100 137
100 393
100 478
100 386
100 147
100 697
100 161
100 542
100 182
100 326
100 177
100 110
100 273
100 303
100 667
100 250
100 553
100 262
100 29
100 92
100 47
100 137
100 54
100 313
100 50
100 352
100 69
100 369
100 80
100 894
100 25
100 204
100 710
100 60
100 14
100 4
100 345
100 46
100 182
100 434
100 234
100 16
100 161
100 8
100 82
100 490
100 389
100 57
100 359
100 664
100 66
100 359
100 90
100 8
100 51
100 26
100 128
100 98
100 326
100 326
100 28
100 89
100 15
100 316
100 100
100 1171
100 355
100 66
100 633
100 261
100 7
100 89
100 23
100 223
100 428
100 70
100 262
100 55
100 357
100 697
100 122
100 85
100 121
100 49
100 353
100 172
100 264
100 364
100 160
100 88
100 393
100 204
100 28
100 58
100 154
100 131
100 222
100 376
100 112
100 99
100 35
100 307
100 407
100 315
100 90
100 384
100 167
100 41
100 113
100 5
100 33
100 201
100 30
100 87
100 79
100 378
100 198
100 36
100 19
100 592
100 13
100 697
100 457
100 358
100 118
100 482
100 226
100 227
100 369
100 133
100 226
100 541
100 112
100 15
100 92
100 3
100 493
100 6
100 269
100 49
100 41
100 262
100 350
100 122
100 164
100 2
100 108
100 518
100 117
100 865
100 275
100 237
100 33
100 231
100 290
100 796
100 319
100 336
100 230
100 70
100 176
100 254
100 23
100 70
100 200
100 81
100 144
100 285
100 348
100 77
100 703
100 94
100 14
100 18
100 259
100 607
100 363
100 177
100 67
100 365
100 77
100 8
100 480
100 75
100 158
100 742
100 19
100 97
100 422
100 86
100 202
100 92
100 442
100 771
100 230
100 215
100 57
100 96
100 331
100 259
100 271
100 54
100 30
100 137
100 105
100 462
100 124
100 180
100 437
100 29
100 456
100 292
100 80
100 33
100 211
100 149
100 231
100 350
100 46
100 242
100 414
100 319
100 453
100 504
100 141
100 197
100 72
100 872
100 132
100 249
100 712
100 140
100 554
100 797
100 242
100 20
100 37
100 284
100 119
100 159
100 77
100 302
100 15
100 503
100 197
100 147
100 227
100 63
100 193
100 13
100 400
100 202
100 221
100 411
100 208
100 242
100 1104
100 225
100 20
100 74
100 266
100 206
100 35
100 471
100 347
100 10
100 479
100 125
100 469
100 646
100 181
100 7
100 256
100 1243
100 139
100 464
100 239
100 309
100 191
100 154
100 338
100 1491
100 6
100 211
100 165
100 19
100 81
100 51
100 29
100 74
100 560
100 54
100 197
100 267
100 444
100 709
100 415
100 766
100 3
100 118
100 405
100 115
100 179
100 287
100 64
100 206
100 149
100 309
100 831
100 290
100 69
100 91
100 1124
100 332
100 103
100 275
100 150
100 143
100 46
100 423
100 529
100 266
100 375
100 205
100 16
100 574
100 256
100 585
100 13
100 26
100 127
100 32
100 283
100 241
100 296
100 172
100 8
100 182
100 85
100 96
100 241
100 328
100 824
100 165
100 477
100 743
100 11
100 315
100 19
100 262
100 69
100 548
100 209
100 244
100 397
100 148
100 169
100 130
100 528
100 171
100 499
100 210
100 364
100 95
100 381
100 280
100 34
100 230
100 334
100 459
100 2
100 313
100 334
100 333
100 249
100 680
100 178
100 386
100 630
100 115
100 33
100 68
100 299
100 102
100 202
100 278
100 93
100 1179
100 31
100 105
100 201
100 152
100 525
100 324
100 207
100 37
100 246
100 148
100 600
100 269
100 148
100 14
100 320
100 24
100 217
100 213
100 301
100 234
100 58
100 310
100 183
100 613
100 71
100 172
100 103
100 40
100 998
100 47
100 284
100 224
100 327
100 219
100 466
100 135
100 173
100 41
100 6
100 26
100 964
100 104
100 306
100 277
100 113
100 83
100 126
100 127
100 86
100 11
100 329
100 432
100 1248
100 10
100 123
100 211
100 702
100 61
100 40
100 673
100 95
100 283
100 80
100 549
100 131
100 178
100 64
100 81
100 116
100 89
100 416
100 52
100 39
100 547
100 141
100 99
100 63
100 143
100 492
100 95
100 12
100 93
100 45
100 132
100 266
100 206
100 197
100 318
100 43
100 195
100 130
100 198
100 403
100 408
100 54
100 158
100 9
100 41
100 319
100 230
100 49
100 85
100 45
100 196
100 503
100 84
100 352
100 235
100 50
100 57
100 77
100 9
100 131
100 11
100 12
100 234
100 862
100 237
100 180
100 458
100 81
100 65
100 167
100 677
100 224
100 103
100 67
100 36
100 630
100 154
100 1
100 60
100 21
100 764
100 29
100 98
100 278
100 481
100 132
100 477
100 521
100 617
100 364
100 72
100 47
100 134
100 25
100 496
100 256
100 16
100 467
100 35
100 58
100 61
100 59
100 846
100 72
100 227
100 26
100 496
100 315
100 842
100 40
100 85
100 160
100 608
100 271
100 182
100 48
100 125
100 51
100 439
100 325
100 127
100 14
100 1
100 255
100 722
100 201
100 36
100 125
100 119
100 44
100 233
100 7
100 392
100 185
100 154
100 33
100 46
100 80
100 231
100 179
100 1037
100 45
100 179
100 11
100 207
100 67
100 99
100 419
100 304
100 1
100 222
100 35
100 438
100 113
100 84
100 115
100 38
100 240
100 125
100 52
100 176
100 6
100 13
100 462
100 511
100 758
100 183
100 338
100 173
100 258
100 511
100 1012
100 182
100 134
100 158
100 19
100 228
100 147
100 21
100 153
100 66
100 108
100 623
100 143
100 272
100 392
100 1879
100 169
100 214
100 41
100 518
100 229
100 218
100 7
100 1174
100 40
100 8
100 281
100 172
100 512
100 67
100 281
100 352
100 4
100 94
100 197
100 242
100 350
100 228
100 191
100 39
100 74
100 258
100 1204
100 49
100 171
100 250
100 208
100 132
100 372
100 473
100 151
100 51
100 33
100 457
100 38
100 123
100 69
100 403
100 49
100 257
100 84
100 98
100 134
100 264
100 740
100 323
100 234
100 673
100 23
100 385
100 134
100 905
100 2
100 441
100 198
100 134
100 222
100 31
100 43
100 145
100 136
100 78
100 417
100 295
100 141
100 210
100 158
100 284
100 174
100 206
100 105
100 184
100 184
100 89
100 199
100 14
100 267
100 1544
100 394
100 236
100 226
100 45
100 222
100 78
100 48
100 305
100 38
100 68
100 85
100 178
100 393
100 59
100 407
100 21
100 137
100 234
100 178
100 243
100 526
100 258
100 277
100 66
100 460
100 230
100 8
100 23
100 488
100 71
100 284
100 25
100 677
100 109
100 253
100 233
100 790
100 417
100 24
100 12
100 165
100 686
100 48
100 588
100 89
100 128
100 44
100 20
100 97
100 49
100 362
100 425
100 498
100 83
100 265
100 509
100 355
100 154
100 27
100 58
100 1053
100 122
100 172
100 349
100 426
100 52
100 64
100 0
100 216
100 72
100 300
100 23
100 380
100 973
100 172
100 173
100 261
100 187
100 286
100 369
100 134
100 530
100 293
100 1331
100 735
100 20
100 193
100 471
100 228
100 98
100 35
100 52
100 240
100 461
100 207
100 550
100 177
100 122
100 268
100 84
100 87
100 69
100 276
100 336
100 883
100 260
100 166
100 62
100 245
100 1010
100 731
100 343
100 14
100 274
100 402
100 42
100 187
100 55
100 94
100 364
100 21
100 322
100 286
100 75
100 814
100 229
100 254
100 684
100 186
100 152
100 64
100 146
100 107
100 16
100 927
100 464
100 203
100 338
100 50
100 146
100 21
100 40
100 262
100 181
100 345
100 363
100 121
100 19
100 294
100 731
100 96
100 228
100 82
100 163
100 523
100 226
100 459
100 543
100 124
100 107
100 56
100 275
100 161
100 349
100 5
100 103
100 381
100 43
100 124
100 129
100 191
100 0
100 253
100 107
100 360
100 326
100 713
100 702
100 11
100 326
100 526
100 167
100 39
100 412
100 542
100 687
100 1
100 94
100 17
100 161
100 212
100 209
100 116
100 2
100 477
100 184
100 145
100 11
100 59
100 255
100 155
100 170
100 21
100 102
100 6
100 51
100 170
100 48
100 521
100 395
100 90
100 152
100 75
100 212
100 318
100 85
100 72
100 350
100 46
100 215
100 225
100 94
100 30
100 527
100 113
100 17
100 105
100 185
100 328
100 575
100 241
100 31
100 366
100 88
100 1167
100 104
100 50
100 436
100 4
100 156
100 76
100 525
100 235
100 25
100 201
100 333
100 82
100 351
100 20
100 433
100 308
100 454
100 17
100 8
100 61
100 53
100 23
100 188
100 1019
100 12
100 384
100 33
100 48
100 152
100 154
100 27
100 44
100 190
100 192
100 83
100 180
100 7
100 25
100 73
100 58
100 86
100 280
100 241
100 105
100 221
100 262
100 54
100 68
100 131
100 199
100 840
100 31
100 224
100 11
100 1092
100 72
100 535
100 222
100 32
100 43
100 229
100 36
100 369
100 530
100 16
100 242
100 153
100 83
100 36
100 127
100 87
100 609
100 335
100 173
100 267
100 411
100 3
100 130
100 93
100 274
100 716
100 736
100 285
100 96
100 147
100 167
100 134
100 200
100 88
100 74
100 104
100 146
100 23
100 2
100 214
100 50
100 14
100 145
100 113
100 31
100 46
100 58
100 20
100 1072
100 28
100 240
100 13
100 73
100 265
100 26
100 111
100 116
100 1835
100 396
100 339
100 223
100 367
100 325
100 280
100 58
100 25
100 12
100 105
100 60
100 553
100 164
100 66
100 108
100 522
100 115
100 42
100 546
100 453
100 68
100 335
100 313
100 84
100 189
100 39
100 93
100 267
100 374
100 145
100 42
100 125
100 701
100 132
100 87
100 69
100 63
100 38
100 207
100 35
100 179
100 87
100 348
100 20
100 48
100 65
100 98
100 257
100 329
100 346
100 555
100 162
100 32
100 307
100 137
100 55
100 65
100 842
100 12
100 208
100 45
100 113
100 665
100 158
100 787
100 34
100 168
100 75
100 220
100 235
100 101
100 336
100 134
100 522
100 16
100 88
100 72
100 233
100 312
100 214
100 325
100 66
100 219
100 1328
100 335
100 262
100 379
100 24
100 413
100 428
100 330
100 40
100 424
100 151
100 65
100 1150
100 138
100 261
100 144
100 502
100 21
100 94
100 48
100 97
100 289
100 75
100 404
100 34
100 248
100 196
100 39
100 147
100 64
100 527
100 52
100 194
100 909
100 44
100 23
100 0
100 597
100 391
100 134
100 385
100 650
100 908
100 33
100 489
100 23
100 22
100 21
100 272
100 556
100 557
100 605
100 188
100 94
100 12
100 54
100 214
100 2
100 5
100 111
100 369
100 279
100 185
100 187
100 68
100 14
100 458
100 167
100 515
100 169
100 100
100 81
100 55
100 167
100 584
100 333
100 11
100 140
100 85
100 59
100 1137
100 321
100 353
100 51
100 13
100 422
100 189
100 97
100 524
100 86
100 110
100 716
100 82
100 793
100 169
100 159
100 137
100 36
100 170
100 390
100 539
100 8
100 62
100 67
100 21
100 643
100 297
100 366
100 169
100 518
100 234
100 72
100 52
100 205
100 674
100 133
100 205
100 496
100 67
100 305
100 71
100 19
100 599
100 174
100 38
100 28
100 265
100 358
100 170
100 346
100 259
100 216
100 85
100 452
100 377
100 100
100 56
100 164
100 993
100 78
100 258
100 87
100 150
100 78
100 161
100 279
100 392
100 0
100 76
100 1
100 24
100 94
100 16
100 67
100 302
100 104
100 34
100 116
100 699
100 62
100 302
100 314
100 61
100 559
100 233
100 181
100 36
100 70
100 291
100 215
100 345
100 6
100 19
100 14
100 93
100 143
100 44
100 136
100 317
100 573
100 263
100 181
100 84
100 52
100 932
100 0
100 552
100 233
100 814
100 199
100 235
100 230
100 4
100 13
100 45
100 516
100 1227
100 51
100 629
100 57
100 987
100 635
100 1448
100 230
100 817
100 241
100 174
100 80
100 39
100 150
100 53
100 80
100 0
100 65
100 49
100 70
100 442
100 85
100 785
100 415
100 93
100 30
100 46
100 90
100 355
100 306
100 187
100 53
100 93
100 73
100 257
100 180
100 985
100 791
100 301
100 228
100 60
100 43
100 59
100 130
100 362
100 518
100 35
100 18
100 303
100 53
100 28
100 15
100 422
100 97
100 350
100 150
100 62
100 67
100 1160
100 29
100 106
100 301
100 862
100 88
100 13
100 739
100 6
100 153
100 435
100 276
100 11
100 106
100 38
100 354
100 18
100 235
100 77
100 120
100 34
100 376
100 13
100 105
100 84
100 317
100 136
100 31
100 302
100 246
100 78
100 287
100 23
100 117
100 231
100 404
100 62
100 145
100 94
100 542
100 196
100 12
100 288
100 360
100 119
100 5
100 111
100 89
100 153
100 125
100 65
100 439
100 203
100 345
100 181
100 88
100 111
100 485
100 563
100 197
100 273
100 49
100 162
100 395
100 242
100 138
100 834
100 1614
100 20
100 188
100 164
100 265
100 176
100 244
100 232
100 168
100 108
100 49
100 18
100 285
100 26
100 434
100 59
100 220
100 107
100 27
100 169
100 53
100 160
100 133
100 264
100 65
100 63
100 221
100 898
100 244
100 97
100 275
100 12
100 236
100 13
100 216
100 93
100 974
100 113
100 435
100 6
100 117
100 403
100 176
100 11
100 83
100 339
100 166
100 496
100 1206
100 51
100 302
100 426
100 405
100 127
100 156
100 215
100 308
100 98
100 149
100 249
100 817
100 59
100 428
100 424
100 44
100 235
100 64
100 365
100 96
100 38
100 185
100 34
100 36
100 436
100 134
100 347
100 384
100 387
100 88
100 386
100 82
100 146
100 294
100 42
100 1144
100 335
100 361
100 241
100 255
100 418
100 211
100 26
100 29
100 789
100 119
100 130
100 26
100 157
100 208
100 359
100 178
100 156
100 71
100 253
100 253
100 59
100 165
100 132
100 318
100 584
100 164
100 424
100 626
100 272
100 397
100 52
100 86
100 238
100 62
100 597
100 221
100 388
100 1229
100 173
100 74
100 652
100 157
100 143
100 238
100 110
100 238
100 656
100 199
100 55
100 184
100 86
100 210
100 225
100 194
100 447
100 164
100 843
100 163
100 824
100 20
100 10
100 191
100 425
100 658
100 195
100 128
100 808
100 678
100 30
100 172
100 49
100 666
100 390
100 371
100 3
100 234
100 234
100 138
100 450
100 463
100 30
100 668
100 158
100 219
100 325
100 61
100 217
100 41
100 15
100 19
100 248
100 200
100 586
100 261
100 495
100 671
100 17
100 40
100 62
100 35
100 1087
100 321
100 26
100 338
100 353
100 301
100 310
100 135
100 199
100 366
100 263
100 183
100 161
100 56
100 29
100 189
100 188
100 153
100 83
100 308
100 66
100 236
100 696
100 331
100 77
100 50
100 49
100 61
100 16
100 6
100 261
100 140
100 29
100 146
100 244
100 163
100 423
100 137
100 308
100 306
100 297
100 174
100 31
100 37
100 170
100 194
100 358
100 262
100 532
100 668
100 88
100 1210
100 832
100 8
100 35
100 3
100 23
100 303
100 290
100 28
100 169
100 782
100 75
100 36
100 156
100 169
100 115
100 46
100 1475
100 275
100 308
100 22
100 206
100 207
100 92
100 277
100 57
100 97
100 197
100 659
100 129
100 141
100 382
100 72
100 133
100 87
100 307
100 101
100 551
100 109
100 263
100 298
100 506
100 81
100 122
100 136
100 494
100 492
100 360
100 191
100 1332
100 80
100 437
100 0
100 641
100 179
100 117
100 469
100 328
100 364
100 260
100 431
100 515
100 365
100 88
100 109
100 19
100 841
100 126
100 383
100 92
100 169
100 398
100 396
100 30
100 5
100 183
100 471
100 95
100 85
100 71
100 106
100 31
100 192
100 439
100 1657
100 203
100 11
100 235
100 195
100 96
100 91
100 3
100 29
100 91
100 22
100 42
100 120
100 122
100 98
100 41
100 366
100 208
100 78
100 593
100 243
100 304
100 130
100 173
100 28
100 15
100 331
100 350
100 4
100 294
100 50
100 46
100 329
100 119
100 895
100 38
100 139
100 620
100 504
100 37
100 1045
100 193
100 35
100 79
100 101
100 77
100 208
100 45
100 212
100 49
100 12
100 91
100 156
100 146
100 357
100 106
100 758
100 129
100 91
100 159
100 15
100 629
100 103
100 702
100 322
100 390
100 19
100 272
100 72
100 115
100 116
100 387
100 22
100 12
100 161
100 279
100 249
100 299
100 342
100 221
100 585
100 37
100 178
100 58
100 361
100 143
100 191
100 0
100 11
100 244
100 276
100 70
100 134
100 62
100 82
100 246
100 143
100 633
100 22
100 27
100 713
100 222
100 170
100 210
100 77
100 413
100 79
100 253
100 198
100 96
100 335
100 99
100 622
100 127
100 353
100 87
100 122
100 85
100 8
100 291
100 108
100 743
100 172
100 164
100 100
100 361
100 71
100 365
100 47
100 254
100 128
100 237
100 30
100 142
100 390
100 80
100 301
100 51
100 325
100 101
100 126
100 52
100 1063
100 69
100 58
100 59
100 38
100 670
100 147
100 160
100 154
100 1031
100 202
100 22
100 476
100 63
100 444
100 299
100 649
100 283
100 123
100 74
100 54
100 269
100 69
100 23
100 352
100 345
100 357
100 61
100 270
100 289
100 76
100 749
100 31
100 1443
100 74
100 264
100 1101
100 246
100 32
100 116
100 59
100 31
100 592
100 81
100 22
100 297
100 103
100 897
100 507
100 323
100 183
100 129
100 378
100 100
100 76
100 192
100 283
100 335
100 528
100 184
100 193
100 136
100 222
100 50
100 161
100 405
100 574
100 55
100 283
100 657
100 20
100 187
100 181
100 203
100 113
100 315
100 373
100 11
100 40
100 27
100 347
100 397
100 104
100 55
100 153
100 489
100 6
100 437
100 46
100 656
100 51
100 83
100 857
100 1197
100 164
100 36
100 594
100 229
100 1197
100 586
100 101
100 2
100 150
100 127
100 8
100 10
100 255
100 420
100 163
100 574
100 134
100 472
100 76
100 128
100 511
100 11
100 169
100 600
100 27
100 122
100 254
100 94
100 368
100 139
100 323
100 57
100 269
100 416
100 101
100 202
100 179
100 196
100 2
100 187
100 591
100 154
100 94
100 53
100 221
100 146
100 134
100 253
100 257
100 314
100 487
100 258
100 326
100 216
100 381
100 153
100 134
100 243
100 315
100 88
100 37
100 0
100 613
100 230
100 3
100 122
100 433
100 432
100 367
100 57
100 61
100 83
100 90
100 256
100 112
100 199
100 34
100 620
100 28
100 117
100 51
100 522
100 1482
100 641
100 425
100 38
100 460
100 94
100 301
100 17
100 427
100 77
100 71
100 570
100 178
100 57
100 233
100 151
100 475
100 97
100 28
100 247
100 107
100 194
100 421
100 509
100 153
100 255
100 77
100 102
100 494
100 183
100 26
100 547
100 292
100 115
100 272
100 6
100 306
100 193
100 192
100 160
100 116
100 572
100 448
100 463
100 156
100 5
100 632
100 432
100 486
100 68
100 189
100 63
100 285
100 110
100 454
100 192
100 144
100 71
100 24
100 57
100 350
100 265
100 816
100 74
100 291
100 42
100 32
100 713
100 698
100 40
100 61
100 833
100 483
100 106
100 28
100 170
100 157
100 78
100 269
100 8
100 35
100 823
100 233
100 264
100 221
100 69
100 248
100 170
100 99
100 265
100 383
100 130
100 127
100 93
100 71
100 460
100 640
100 125
100 109
100 137
100 435
100 201
100 262
100 316
100 9
100 46
100 50
100 93
100 163
100 145
100 331
100 199
100 146
100 103
100 191
100 366
100 397
100 52
100 188
100 84
100 301
100 46
100 127
100 214
100 514
100 17
100 371
100 242
100 66
100 17
100 28
100 664
100 44
100 168
100 27
100 506
100 65
100 840
100 1037
100 126
100 16
100 233
100 91
100 5
100 99
100 514
100 394
100 6
100 20
100 50
100 81
100 104
100 217
100 184
100 55
100 46
100 85
100 114
100 370
100 269
100 121
100 6
100 135
100 53
100 11
100 169
100 1127
100 2
100 131
100 203
100 64
100 55
100 215
100 146
100 38
100 90
100 309
100 711
100 873
100 29
100 133
100 621
100 244
100 19
100 1009
100 47
100 163
100 132
100 22
100 406
100 321
100 139
100 284
100 99
100 263
100 39
100 229
100 387
100 243
100 254
100 468
100 158
100 169
100 333
100 313
100 6
100 75
100 22
100 79
100 113
100 175
100 193
100 289
100 10
100 9
100 354
100 32
100 203
100 192
100 453
100 248
100 215
100 54
100 483
100 29
100 148
100 69
100 59
100 1133
100 230
100 32
100 50
100 19
100 33
100 1646
100 174
100 151
100 238
100 450
100 232
100 128
100 385
100 218
100 563
100 138
100 438
100 130
100 333
100 452
100 146
100 464
100 224
100 105
100 72
100 44
100 747
100 17
100 409
100 15
100 38
100 13
100 436
100 297
100 152
100 387
100 443
100 83
100 46
100 729
100 782
100 41
100 463
100 139
100 300
100 563
100 25
100 121
100 168
100 229
100 212
100 243
100 601
100 419
100 228
100 181
100 44
100 288
100 11
100 87
100 316
100 1
100 21
100 249
100 110
100 896
100 195
100 154
100 421
100 181
100 314
100 264
100 123
100 70
100 17
100 743
100 27
100 77
100 133
100 1504
100 1
100 47
100 632
100 209
100 241
100 52
100 365
100 350
100 734
100 793
100 648
100 10
100 201
100 439
100 213
100 53
100 108
100 76
100 39
100 20
100 103
100 491
100 68
100 14
100 299
100 313
100 741
100 230
100 31
100 79
100 147
100 1
100 315
100 156
100 147
100 451
100 110
100 217
100 101
100 65
100 370
100 92
100 524
100 675
100 29
100 15
100 222
100 239
100 17
100 28
100 338
100 218
100 624
100 183
100 8
100 110
100 408
100 132
100 111
100 95
100 706
100 100
100 222
100 240
100 231
100 613
100 31
100 74
100 162
100 461
100 1316
100 12
100 306
100 525
100 342
100 42
100 31
100 35
100 80
100 75
100 585
100 229
100 113
100 290
100 460
100 426
100 371
100 124
100 144
100 212
100 108
100 12
100 71
100 223
100 309
100 213
100 358
100 219
100 42
100 219
100 485
100 73
100 295
100 279
100 59
100 5
100 435
100 52
100 223
100 167
100 14
100 392
100 390
100 308
100 326
100 43
100 731
100 77
100 144
100 646
100 158
100 10
100 107
100 5
100 446
100 13
100 41
100 153
100 50
100 18
100 1
100 501
100 397
100 175
100 16
100 95
100 238
100 381
100 27
100 865
100 403
100 21
100 238
100 249
100 352
100 373
100 435
100 32
100 257
100 99
100 60
100 414
100 503
100 95
100 54
100 8
100 908
100 643
100 38
100 529
100 22
100 18
100 8
100 622
100 232
100 23
100 232
100 658
100 258
100 162
100 3
100 1
100 618
100 204
100 102
100 249
100 55
100 669
100 221
100 700
100 417
100 62
100 196
100 156
100 75
100 88
100 39
100 567
100 167
100 18
100 1128
100 12
100 328
100 112
100 55
100 27
100 81
100 248
100 519
100 16
100 278
100 44
100 201
100 121
100 124
100 28
100 71
100 264
100 21
100 537
100 497
100 146
100 201
100 348
100 386
100 6
100 23
100 400
100 266
100 115
100 182
100 9
100 410
100 251
100 363
100 102
100 708
100 157
100 360
100 183
100 207
100 634
100 512
100 525
100 106
100 1
100 12
100 338
100 98
100 183
100 180
100 31
100 29
100 177
100 482
100 104
100 229
100 18
100 20
100 105
100 179
100 65
100 153
100 0
100 86
100 5
100 18
100 160
100 749
100 263
100 75
100 155
100 80
100 127
100 73
100 27
100 244
100 326
100 36
100 312
100 18
100 111
100 48
100 64
100 41
100 155
100 317
100 112
100 193
100 10
100 149
100 4
100 73
100 184
100 0
100 2
100 269
100 237
100 145
100 305
100 205
100 96
100 4
100 537
100 602
100 153
100 151
100 592
100 177
100 388
100 45
100 858
100 344
100 69
100 171
100 184
100 41
100 474
100 39
100 616
100 9
100 41
100 10
100 160
100 180
100 139
100 570
100 634
100 136
100 893
100 242
100 535
100 133
100 50
100 78
100 255
100 903
100 37
100 762
100 225
100 118
100 508
100 1
100 467
100 18
100 193
100 28
100 103
100 266
100 25
100 171
100 204
100 203
100 415
100 41
100 1
100 392
100 585
100 30
100 26
100 4
100 300
100 127
100 284
100 155
100 204
100 18
100 1
100 148
100 238
100 0
100 170
100 127
100 214
100 372
100 547
100 105
100 335
100 196
100 375
100 869
100 63
100 76
100 196
100 152
100 211
100 138
100 40
100 381
100 132
100 110
100 388
100 591
100 47
100 1
100 139
100 28
100 171
100 371
100 135
100 17
100 351
100 331
100 93
100 2
100 371
100 36
100 24
100 14
100 133
100 735
100 159
100 138
100 14
100 62
100 616
100 195
100 41
100 66
100 394
100 161
100 631
100 171
100 38
100 382
100 50
100 62
100 463
100 183
100 265
100 150
100 67
100 95
100 3
100 69
100 456
100 174
100 79
100 329
100 227
100 322
100 353
100 97
100 650
100 410
100 35
100 367
100 283
100 70
100 72
100 274
100 32
100 28
100 103
100 48
100 416
100 342
100 151
100 12
100 3
100 589
100 35
100 126
100 36
100 334
100 666
100 100
100 1342
100 185
100 166
100 612
100 467
100 320
100 82
100 31
100 24
100 654
100 269
100 294
100 305
100 304
100 28
100 712
100 84
100 339
100 40
100 484
100 259
100 360
100 748
100 87
100 988
100 1196
100 227
100 158
100 68
100 396
100 53
100 579
100 313
100 114
100 24
100 57
100 13
100 125
100 61
100 65
100 326
100 66
100 153
100 15
100 82
100 551
100 71
100 103
100 27
100 112
100 80
100 190
100 267
100 360
100 42
100 146
100 408
100 96
100 320
100 156
100 37
100 63
100 681
100 192
100 102
100 504
100 947
100 52
100 127
100 24
100 100
100 580
100 26
100 225
100 514
100 448
100 338
100 67
100 266
100 181
100 338
100 27
100 106
100 34
100 222
100 179
100 342
100 888
100 115
100 313
100 526
100 170
100 123
100 1267
100 377
100 421
100 263
100 7
100 52
100 32
100 65
100 321
100 292
100 9
100 238
100 309
100 20
100 97
100 493
100 35
100 148
100 499
100 36
100 162
100 186
100 23
100 800
100 106
100 49
100 605
100 283
100 141
100 791
100 4
100 386
100 147
100 186
100 45
100 378
100 53
100 323
100 914
100 187
100 208
100 188
100 485
100 295
100 131
100 97
100 50
100 145
100 229
100 183
100 173
100 62
100 692
100 18
100 114
100 49
100 277
100 49
100 25
100 15
100 167
100 157
100 55
100 192
100 34
100 909
100 126
100 151
100 693
100 24
100 1039
100 589
100 47
100 244
100 53
100 29
100 87
100 0
100 132
100 208
100 12
100 41
100 449
100 26
100 54
100 512
100 105
100 1200
100 353
100 54
100 417
100 42
100 104
100 55
100 377
100 110
100 85
100 171
100 49
100 100
100 75
100 156
100 564
100 277
100 186
100 16
100 237
100 19
100 235
100 330
100 368
100 83
100 53
100 54
100 348
100 144
100 76
100 366
100 36
100 95
100 79
100 102
100 193
100 54
100 171
100 295
100 50
100 52
100 109
100 92
100 2
100 16
100 365
100 5
100 114
100 299
100 72
100 62
100 165
100 161
100 14
100 52
100 98
100 358
100 110
100 513
100 64
100 129
100 84
100 21
100 110
100 118
100 521
100 523
100 18
100 36
100 536
100 17
100 67
100 51
100 429
100 376
100 12
100 219
100 386
100 85
100 143
100 81
100 394
100 46
100 159
100 86
100 45
100 276
100 11
100 822
100 261
100 149
100 427
100 40
100 52
100 67
100 140
100 79
100 134
100 258
100 11
100 50
100 116
100 819
100 320
100 7
100 20
100 475
100 59
100 404
100 132
100 336
100 227
100 112
100 441
100 137
100 131
100 483
100 240
100 270
100 692
100 132
100 185
100 675
100 85
100 299
100 28
100 162
100 580
100 77
100 91
100 42
100 286
100 128
100 163
100 223
100 48
100 247
100 40
100 157
100 74
100 15
100 90
100 179
100 5
100 417
100 89
100 278
100 465
100 315
100 431
100 81
100 47
100 310
100 367
100 56
100 200
100 103
100 484
100 2
100 158
100 269
100 73
100 210
100 469
100 270
100 431
100 5
100 286
100 0
100 151
100 67
100 190
100 14
100 666
100 23
100 105
100 95
100 70
100 994
100 623
100 465
100 37
100 87
100 115
100 190
100 292
100 183
100 1469
100 127
100 224
100 62
100 1023
100 159
100 190
100 3
100 851
100 387
100 32
100 80
100 303
100 286
100 99
100 33
100 678
100 207
100 511
100 247
100 435
100 268
100 53
100 174
100 212
100 0
100 27
100 192
100 158
100 282
100 10
100 156
100 289
100 600
100 11
100 572
100 1306
100 120
100 586
100 147
100 126
100 52
100 157
100 277
100 417
100 115
100 17
100 1
100 191
100 27
100 24
100 14
100 411
100 84
100 328
100 10
100 98
100 27
100 393
100 82
100 229
100 80
100 120
100 753
100 1002
100 72
100 272
100 257
100 232
100 389
100 371
100 11
100 247
100 451
100 101
100 9
100 18
100 1125
100 169
100 50
100 365
100 209
100 81
100 28
100 8
100 0
100 332
100 93
100 561
100 78
100 163
100 116
100 194
100 2310
100 245
100 326
100 939
100 15
100 248
100 205
100 473
100 335
100 257
100 60
100 70
100 180
100 13
100 67
100 34
100 240
100 69
100 441
100 726
100 162
100 263
100 70
100 380
100 91
100 197
100 948
100 631
100 288
100 170
100 296
100 13
100 739
100 312
100 665
100 159
100 155
100 1252
100 149
100 102
100 152
100 123
100 309
100 204
100 247
100 185
100 1343
100 188
100 688
100 675
100 394
100 192
100 13
100 112
100 171
100 412
100 860
100 135
100 526
100 82
100 790
100 189
100 90
100 149
100 530
100 74
100 507
100 13
100 271
100 225
100 177
100 400
100 107
100 350
100 617
100 55
100 173
100 692
100 117
100 469
100 647
100 603
100 630
100 119
100 21
100 250
100 137
100 256
100 784
100 136
100 36
100 503
100 358
100 6
100 69
100 246
100 185
100 119
100 173
100 375
100 23
100 268
100 690
100 203
100 69
100 180
100 719
100 27
100 1
100 144
100 470
100 118
100 611
100 23
100 860
100 440
100 74
100 78
100 234
100 52
100 111
100 208
100 60
100 555
100 220
100 649
100 21
100 28
100 133
100 1124
100 804
100 449
100 594
100 118
100 389
100 806
100 628
100 196
100 352
100 303
100 60
100 164
100 317
100 164
100 93
100 40
100 11
100 137
100 394
100 578
100 107
100 50
100 14
100 359
100 345
100 876
100 556
100 212
100 48
100 362
100 745
100 171
100 225
100 131
100 91
100 5
100 178
100 232
100 169
100 256
100 21
100 92
100 299
100 179
100 9
100 168
100 114
100 79
100 310
100 548
100 49
100 46
100 26
100 61
100 53
100 701
100 23
100 45
100 326
100 502
100 137
100 83
100 328
100 455
100 165
100 41
100 406
100 31
100 26
100 156
100 544
100 8
100 15
100 46
100 143
100 492
100 4
100 537
100 12
100 757
100 556
100 11
100 474
100 498
100 133
100 212
100 59
100 246
100 203
100 165
100 240
100 69
100 58
100 47
100 1312
100 320
100 10
100 560
100 25
100 178
100 166
100 246
100 199
100 73
100 1583
100 47
100 10
100 50
100 246
100 66
100 29
100 38
100 729
100 158
100 615
100 240
100 26
100 29
100 11
100 60
100 136
100 238
100 183
100 233
100 297
100 130
100 43
100 54
100 39
100 389
100 471
100 246
100 697
100 311
100 37
100 659
100 215
100 147
100 117
100 705
100 287
100 197
100 19
100 596
100 216
100 521
100 144
100 178
100 105
100 415
100 22
100 391
100 371
100 669
100 165
100 295
100 175
100 35
100 474
100 678
100 287
100 96
100 513
100 6
100 321
100 436
100 253
100 199
100 330
100 202
100 54
100 196
100 140
100 296
100 492
100 256
100 288
100 343
100 423
100 371
100 314
100 22
100 319
100 492
100 324
100 54
100 843
100 578
100 99
100 392
100 92
100 57
100 1025
100 168
100 95
100 148
100 206
100 225
100 226
100 290
100 293
100 4
100 247
100 110
100 33
100 493
100 618
100 85
100 336
100 779
100 83
100 154
100 360
100 29
100 294
100 126
100 628
100 533
100 81
100 298
100 71
100 216
100 330
100 278
100 210
100 283
100 464
100 254
100 180
100 3
100 536
100 27
100 74
100 60
100 29
100 48
100 260
100 274
100 119
100 60
100 191
100 413
100 53
100 607
100 132
100 52
100 9
100 84
100 154
100 67
100 68
100 72
100 69
100 293
100 200
100 7
100 19
100 238
100 9
100 1778
100 107
100 135
100 38
100 1358
100 32
100 146
100 94
100 24
100 432
100 38
100 160
100 496
100 272
100 195
100 807
100 526
100 565
100 125
100 976
100 131
100 89
100 703
100 109
100 85
100 70
100 366
100 26
100 405
100 6
100 89
100 133
100 591
100 179
100 96
100 104
100 331
100 69
100 342
100 307
100 84
100 17
100 387
100 250
100 79
100 400
100 121
100 262
100 853
100 58
100 115
100 9
100 459
100 67
100 370
100 281
100 676
100 716
100 846
100 73
100 230
100 114
100 152
100 330
100 428
100 623
100 191
100 23
100 535
100 790
100 195
100 655
100 56
100 45
100 21
100 158
100 646
100 2
100 34
100 638
100 119
100 120
100 245
100 445
100 373
100 142
100 652
100 141
100 700
100 123
100 418
100 533
100 229
100 112
100 580
100 308
100 173
100 110
100 77
100 547
100 133
100 1316
100 54
100 404
100 172
100 880
100 103
100 134
100 227
100 558
100 655
100 60
100 212
100 104
100 409
100 191
100 76
100 43
100 207
100 44
100 289
100 134
100 198
100 101
100 3
100 366
100 66
100 392
100 281
100 435
100 31
100 289
100 78
100 705
100 471
100 25
100 334
100 197
100 50
100 414
100 364
100 145
100 217
100 72
100 147
100 813
100 42
100 61
100 426
100 75
100 140
100 502
100 380
100 402
100 362
100 81
100 431
100 384
100 986
100 116
100 16
100 92
100 143
100 403
100 94
100 1113
100 396
100 28
100 146
100 504
100 426
100 454
100 133
100 477
100 262
100 22
100 71
100 255
100 40
100 97
100 432
100 18
100 126
100 356
100 852
100 196
100 108
100 777
100 156
100 277
100 197
100 143
100 712
100 33
100 744
100 716
100 633
100 367
100 5
100 65
100 122
100 620
100 404
100 402
100 490
100 173
100 208
100 94
100 392
100 126
100 39
100 170
100 233
100 190
100 722
100 166
100 180
100 143
100 101
100 176
100 398
100 222
100 12
100 374
100 824
100 381
100 689
100 1
100 49
100 425
100 165
100 114
100 163
100 157
100 458
100 17
100 105
100 24
100 1097
100 612
100 17
100 172
100 125
100 256
100 6
100 158
100 187
100 21
100 613
100 296
100 112
100 17
100 103
100 12
100 21
100 122
100 24
100 46
100 27
100 40
100 775
100 165
100 47
100 27
100 303
100 62
100 122
100 243
100 358
100 182
100 41
100 108
100 145
100 151
100 90
100 355
100 55
100 131
100 123
100 169
100 1109
100 61
100 3
100 75
100 268
100 49
100 286
100 66
100 39
100 11
100 43
100 834
100 84
100 573
100 601
100 692
100 500
100 92
100 631
100 23
100 178
100 477
100 3
100 198
100 464
100 135
100 55
100 45
100 377
100 25
100 182
100 60
100 1156
100 242
100 24
100 101
100 7
100 62
100 137
100 690
100 110
100 555
100 474
100 329
100 72
100 320
100 670
100 18
100 118
100 704
100 507
100 524
100 108
100 225
100 14
100 248
100 4
100 199
100 894
100 525
100 873
100 489
100 6
100 661
100 290
100 707
100 87
100 58
100 368
100 87
100 378
100 59
100 55
100 75
100 240
100 71
100 112
100 766
100 291
100 72
100 291
100 78
100 486
100 80
100 137
100 144
100 44
100 422
100 133
100 264
100 257
100 178
100 416
100 120
100 136
100 98
100 101
100 505
100 367
100 396
100 61
100 51
100 251
100 47
100 47
100 10
100 285
100 71
100 486
100 155
100 75
100 236
100 96
100 650
100 155
100 464
100 168
100 164
100 34
100 110
100 167
100 260
100 389
100 430
100 467
100 138
100 42
100 418
100 23
100 86
100 298
100 509
100 279
100 619
100 402
100 291
100 80
100 344
100 83
100 244
100 59
100 189
100 481
100 10
100 199
100 25
100 87
100 13
100 929
100 266
100 271
100 108
100 162
100 205
100 119
100 196
100 275
100 216
100 76
100 504
100 114
100 31
100 181
100 698
100 62
100 117
100 126
100 93
100 94
100 430
100 83
100 372
100 43
100 192
100 634
100 248
100 78
100 192
100 38
100 13
100 114
100 63
100 468
100 52
100 150
100 36
100 91
100 18
100 35
100 107
100 1017
100 403
100 99
100 200
100 15
100 408
100 298
100 266
100 27
100 233
100 241
100 2
100 118
100 255
100 598
100 44
100 635
100 13
100 623
100 199
100 347
100 113
100 688
100 13
100 37
100 77
100 159
100 332
100 1196
100 48
100 330
100 229
100 174
100 585
100 164
100 328
100 51
100 469
100 213
100 381
100 340
100 64
100 284
100 91
100 263
100 152
100 183
100 34
100 114
100 668
100 4
100 2
100 502
100 117
100 619
100 90
100 32
100 31
100 26
100 242
100 190
100 306
100 931
100 87
100 163
100 17
100 728
100 17
100 1095
100 210
100 116
100 518
100 256
100 237
100 105
100 699
100 88
100 76
100 175
100 117
100 208
100 222
100 369
100 331
100 810
100 493
100 62
100 31
100 269
100 192
100 408
100 148
100 275
100 163
100 35
100 83
100 11
100 102
100 175
100 162
100 245
100 2
100 32
100 186
100 35
100 96
100 264
100 659
100 78
100 465
100 0
100 120
100 37
100 37
100 396
100 181
100 542
100 35
100 143
100 81
100 408
100 480
100 283
100 46
100 238
100 271
100 160
100 3
100 39
100 637
100 1949
100 384
100 78
100 755
100 103
100 80
100 232
100 168
100 115
100 543
100 391
100 679
100 90
100 398
100 838
100 48
100 24
100 471
100 253
100 375
100 268
100 159
100 4
100 92
100 786
100 50
100 98
100 541
100 21
100 149
100 183
100 621
100 44
100 474
100 416
100 685
100 267
100 689
100 214
100 321
100 114
100 426
100 280
100 424
100 209
100 521
100 276
100 315
100 164
100 337
100 657
100 343
100 444
100 233
100 262
100 828
100 82
100 590
100 11
100 27
100 327
100 257
100 68
100 191
100 583
100 176
100 77
100 235
100 37
100 349
100 156
100 191
100 80
100 171
100 260
100 4
100 221
100 277
100 212
100 368
100 539
100 238
100 232
100 516
100 191
100 651
100 136
100 1017
100 10
100 22
100 203
100 124
100 445
100 21
