100 247
100 124
100 386
100 273
100 164
100 744
100 621
100 167
100 73
100 250
100 589
100 490
100 19
100 125
100 198
100 26
100 49
100 460
100 135
100 220
100 257
100 124
100 255
100 118
100 84
100 228
100 995
100 413
100 102
100 203
100 61
100 303
100 440
100 73
100 210
100 36
100 274
100 194
100 46
100 197
100 664
100 186
100 68
100 553
100 241
100 130
100 232
100 68
100 519
100 123
100 101
100 59
100 46
100 466
100 295
100 56
100 463
100 72
100 329
100 193
100 185
100 578
100 456
100 1048
100 383
100 366
100 52
100 193
100 200
100 353
100 267
100 29
100 619
100 1060
100 783
100 1361
100 277
100 894
100 35
100 510
100 497
100 361
100 317
100 90
100 452
100 298
100 84
100 327
100 280
100 25
100 451
100 39
100 359
100 558
100 651
100 61
100 305
100 362
100 698
100 836
100 292
100 687
100 102
100 105
100 42
100 23
100 14
100 221
100 563
100 311
100 69
100 449
100 235
100 228
100 177
100 245
100 68
100 220
100 115
100 188
100 932
100 60
100 69
100 236
100 536
100 308
100 108
100 329
100 150
100 60
100 294
100 40
100 452
100 440
100 91
100 333
100 14
100 136
100 16
100 250
100 288
100 92
100 197
100 160
100 742
100 425
100 87
100 971
100 191
100 296
100 268
100 20
100 83
100 299
100 139
100 106
100 309
100 364
100 307
100 1280
100 467
100 154
100 97
100 421
100 209
100 349
100 127
100 205
100 467
100 49
100 684
100 66
100 43
100 43
100 46
100 35
100 298
100 159
100 232
100 348
100 27
100 523
100 347
100 19
100 271
100 193
100 665
100 15
100 358
100 856
100 504
100 63
100 178
100 203
100 1287
100 226
100 107
100 29
100 73
100 282
100 226
100 46
100 453
100 30
100 154
100 287
100 131
100 142
100 131
100 851
100 86
100 523
100 58
100 289
100 11
100 29
100 23
100 9
100 178
100 363
100 530
100 95
100 127
100 31
100 102
100 48
100 644
100 52
100 1518
100 170
100 77
100 21
100 54
100 71
100 1857
100 95
100 278
100 393
100 1645
100 979
100 121
100 217
100 328
100 141
100 0
100 157
100 23
100 200
100 8
100 385
100 86
100 180
100 132
100 179
100 357
100 161
100 36
100 269
100 184
100 291
100 189
100 66
100 815
100 119
100 969
100 98
100 702
100 1061
100 317
100 96
100 103
100 195
100 286
100 368
100 299
100 199
100 51
100 490
100 109
100 402
100 473
100 206
100 526
100 75
100 21
100 62
100 274
100 221
100 86
100 114
100 270
100 139
100 643
100 208
100 462
100 192
100 310
100 410
100 231
100 349
100 71
100 436
100 233
100 52
100 297
100 142
100 105
100 1686
100 629
100 215
100 334
100 83
100 319
100 345
100 461
100 268
100 42
100 492
100 417
100 664
100 325
100 260
100 48
100 354
100 416
100 648
100 142
100 678
100 673
100 160
100 461
100 368
100 51
100 627
100 431
100 1321
100 416
100 270
100 37
100 75
100 717
100 84
100 393
100 173
100 473
100 344
100 5
100 278
100 136
100 311
100 587
100 471
100 83
100 81
100 230
100 133
100 622
100 534
100 167
100 232
100 594
100 279
100 6
100 123
100 261
100 206
100 217
100 323
100 414
100 318
100 434
100 327
100 38
100 30
100 487
100 37
100 125
100 276
100 312
100 154
100 289
100 65
100 209
100 7
100 108
100 11
100 17
100 463
100 178
100 70
100 754
100 94
100 673
100 358
100 449
100 318
100 12
100 24
100 219
100 50
100 194
100 265
100 120
100 11
100 145
100 193
100 87
100 450
100 211
100 195
100 920
100 292
100 314
100 1730
100 376
100 59
100 28
100 518
100 216
100 54
100 199
100 37
100 218
100 161
100 634
100 816
100 48
100 324
100 268
100 153
100 68
100 1041
100 346
100 598
100 29
100 147
100 6
100 41
100 514
100 401
100 385
100 695
100 435
100 15
100 817
100 133
100 422
100 200
100 120
100 253
100 8
100 88
100 481
100 109
100 26
100 46
100 3
100 713
100 94
100 59
100 671
100 22
100 382
100 219
100 254
100 428
100 13
100 100
100 533
100 17
100 212
100 0
100 59
100 275
100 158
100 112
100 203
100 77
100 228
100 102
100 1037
100 275
100 338
100 8
100 988
100 71
100 152
100 338
100 185
100 317
100 196
100 6
100 69
100 424
100 24
100 360
100 202
100 162
100 405
100 80
100 556
100 260
100 14
100 205
100 283
100 34
100 1563
100 250
100 454
100 252
100 16
100 219
100 8
100 190
100 131
100 91
100 127
100 504
100 232
100 755
100 78
100 167
100 391
100 166
100 232
100 250
100 21
100 232
100 266
100 155
100 655
100 74
100 32
100 34
100 162
100 96
100 125
100 35
100 203
100 459
100 196
100 16
100 333
100 1
100 438
100 109
100 222
100 35
100 216
100 460
100 42
100 570
100 261
100 213
100 78
100 301
100 37
100 121
100 1166
100 16
100 169
100 149
100 790
100 172
100 39
100 158
100 34
100 623
100 623
100 94
100 172
100 138
100 203
100 479
100 325
100 312
100 355
100 90
100 254
100 638
100 25
100 233
100 392
100 910
100 1295
100 202
100 244
100 297
100 448
100 139
100 56
100 192
100 162
100 34
100 689
100 51
100 23
100 461
100 340
100 310
100 202
100 154
100 149
100 20
100 116
100 4
100 398
100 131
100 213
100 1215
100 127
100 223
100 285
100 94
100 45
100 98
100 673
100 1590
100 72
100 509
100 418
100 93
100 75
100 128
100 355
100 562
100 29
100 45
100 343
100 554
100 615
100 216
100 78
100 298
100 154
100 390
100 190
100 319
100 519
100 426
100 1000
100 90
100 13
100 369
100 493
100 153
100 32
100 258
100 662
100 447
100 32
100 427
100 949
100 1373
100 700
100 963
100 432
100 299
100 484
100 19
100 3
100 274
100 166
100 20
100 55
100 51
100 38
100 379
100 232
100 1026
100 504
100 347
100 360
100 173
100 20
100 695
100 243
100 320
100 222
100 512
100 1445
100 56
100 724
100 49
100 147
100 378
100 96
100 327
100 122
100 228
100 550
100 463
100 176
100 10
100 504
100 278
100 454
100 5
100 462
100 75
100 457
100 159
100 233
100 747
100 121
100 217
100 76
100 23
100 1044
100 117
100 80
100 121
100 376
100 467
100 188
100 93
100 150
100 100
100 69
100 574
100 882
100 267
100 332
100 283
100 156
100 992
100 351
100 736
100 148
100 183
100 18
100 713
100 1719
100 112
100 11
100 43
100 256
100 101
100 20
100 0
100 121
100 101
100 42
100 248
100 65
100 18
100 111
100 72
100 133
100 620
100 261
100 347
100 957
100 626
100 107
100 59
100 19
100 115
100 90
100 366
100 15
100 229
100 306
100 1258
100 365
100 15
100 289
100 28
100 544
100 39
100 261
100 31
100 320
100 252
100 248
100 7
100 808
100 106
100 84
100 500
100 89
100 57
100 377
100 357
100 316
100 274
100 606
100 686
100 80
100 11
100 384
100 480
100 71
100 137
100 613
100 599
100 279
100 1043
100 33
100 490
100 5
100 208
100 1484
100 988
100 163
100 137
100 166
100 260
100 149
100 235
100 259
100 305
100 105
100 198
100 397
100 203
100 388
100 421
100 186
100 277
100 13
100 1
100 142
100 53
100 11
100 702
100 184
100 67
100 819
100 443
100 80
100 136
100 190
100 6
100 335
100 129
100 102
100 1087
100 83
100 41
100 33
100 1055
100 336
100 174
100 257
100 525
100 1190
100 27
100 143
100 577
100 122
100 640
100 123
100 589
100 269
100 76
100 386
100 190
100 96
100 89
100 191
100 124
100 203
100 707
100 46
100 984
100 283
100 233
100 281
100 143
100 257
100 142
100 147
100 97
100 978
100 179
100 391
100 1162
100 159
100 479
100 155
100 30
100 569
100 473
100 479
100 760
100 140
100 152
100 102
100 113
100 540
100 693
100 293
100 129
100 867
100 44
100 89
100 7
100 448
100 222
100 99
100 222
100 1186
100 984
100 68
100 477
100 533
100 459
100 312
100 62
100 745
100 175
100 6
100 84
100 3
100 151
100 715
100 986
100 158
100 136
100 134
100 181
100 201
100 84
100 31
100 1887
100 99
100 15
100 33
100 200
100 407
100 480
100 214
100 290
100 77
100 107
100 748
100 771
100 371
100 18
100 428
100 0
100 440
100 221
100 260
100 165
100 196
100 190
100 195
100 270
100 226
100 183
100 303
100 20
100 475
100 322
100 114
100 308
100 440
100 118
100 351
100 199
100 70
100 1417
100 71
100 107
100 137
100 584
100 444
100 41
100 11
100 205
100 123
100 122
100 57
100 170
100 41
100 911
100 296
100 95
100 641
100 493
100 39
100 686
100 312
100 423
100 149
100 1137
100 322
100 87
100 404
100 340
100 148
100 2
100 111
100 140
100 126
100 100
100 173
100 252
100 4
100 18
100 241
100 385
100 209
100 80
100 1271
100 137
100 115
100 753
100 379
100 63
100 255
100 369
100 76
100 279
100 66
100 39
100 134
100 1146
100 152
100 368
100 518
100 240
100 792
100 272
100 410
100 285
100 39
100 432
100 734
100 98
100 79
100 478
100 630
100 1049
100 15
100 277
100 550
100 522
100 552
100 94
100 135
100 115
100 1050
100 399
100 9
100 152
100 174
100 113
100 276
100 583
100 24
100 404
100 282
100 402
100 335
100 108
100 228
100 214
100 611
100 1060
100 19
100 335
100 155
100 404
100 73
100 455
100 226
100 335
100 59
100 521
100 117
100 173
100 95
100 483
100 289
100 373
100 161
100 782
100 62
100 33
100 190
100 8
100 264
100 20
100 413
100 148
100 170
100 304
100 196
100 427
100 147
100 150
100 189
100 742
100 449
100 831
100 113
100 177
100 432
100 501
100 263
100 237
100 417
100 390
100 234
100 428
100 305
100 62
100 852
100 157
100 1459
100 290
100 72
100 30
100 47
100 738
100 211
100 104
100 11
100 218
100 111
100 329
100 254
100 29
100 554
100 92
100 134
100 208
100 549
100 368
100 11
100 588
100 100
100 405
100 112
100 1672
100 1366
100 281
100 113
100 1526
100 213
100 696
100 138
100 705
100 380
100 273
100 236
100 659
100 287
100 189
100 867
100 188
100 297
100 68
100 245
100 282
100 4
100 18
100 549
100 41
100 26
100 73
100 268
100 135
100 500
100 595
100 444
100 112
100 403
100 76
100 198
100 40
100 107
100 7
100 216
100 280
100 59
100 222
100 166
100 284
100 339
100 288
100 64
100 665
100 176
100 158
100 260
100 173
100 368
100 505
100 602
100 294
100 84
100 280
100 529
100 271
100 27
100 134
100 272
100 142
100 365
100 642
100 369
100 115
100 221
100 0
100 497
100 21
100 302
100 156
100 1530
100 2
100 88
100 98
100 17
100 505
100 33
100 308
100 60
100 124
100 601
100 155
100 437
100 129
100 78
100 219
100 83
100 79
100 209
100 136
100 711
100 37
100 118
100 241
100 73
100 120
100 67
100 83
100 3
100 323
100 429
100 172
100 178
100 322
100 31
100 36
100 37
100 563
100 639
100 268
100 14
100 345
100 31
100 273
100 660
100 207
100 41
100 73
100 300
100 31
100 1220
100 241
100 129
100 31
100 166
100 316
100 121
100 3
100 110
100 395
100 276
100 218
100 215
100 700
100 554
100 149
100 112
100 285
100 20
100 268
100 685
100 496
100 92
100 393
100 239
100 95
100 88
100 75
100 474
100 604
100 487
100 28
100 635
100 226
100 840
100 1242
100 314
100 109
100 43
100 218
100 1474
100 162
100 67
100 116
100 464
100 139
100 282
100 19
100 170
100 252
100 49
100 253
100 18
100 154
100 108
100 84
100 248
100 97
100 1643
100 397
100 812
100 195
100 288
100 141
100 152
100 74
100 894
100 87
100 147
100 280
100 297
100 616
100 48
100 292
100 106
100 485
100 229
100 808
100 77
100 60
100 58
100 528
100 240
100 171
100 1885
100 21
100 166
100 76
100 97
100 176
100 814
100 265
100 98
100 547
100 439
100 63
100 337
100 258
100 307
100 181
100 738
100 459
100 341
100 53
100 384
100 8
100 354
100 205
100 96
100 216
100 333
100 42
100 246
100 313
100 446
100 877
100 78
100 891
100 41
100 63
100 132
100 259
100 195
100 422
100 68
100 91
100 267
100 3
100 474
100 379
100 158
100 60
100 293
100 127
100 443
100 62
100 638
100 141
100 593
100 808
100 57
100 327
100 1107
100 101
100 144
100 850
100 46
100 466
100 195
100 155
100 620
100 144
100 20
100 420
100 75
100 484
100 124
100 244
100 1320
100 57
100 183
100 592
100 261
100 7
100 470
100 416
100 585
100 147
100 540
100 56
100 600
100 107
100 364
100 506
100 34
100 114
100 10
100 12
100 106
100 266
100 109
100 228
100 151
100 281
100 136
100 103
100 103
100 38
100 264
100 205
100 29
100 259
100 351
100 585
100 407
100 402
100 20
100 164
100 557
100 92
100 120
100 14
100 300
100 256
100 119
100 74
100 77
100 582
100 307
100 434
100 124
100 103
100 50
100 964
100 380
100 33
100 511
100 194
100 74
100 162
100 29
100 47
100 113
100 880
100 81
100 234
100 84
100 197
100 382
100 980
100 18
100 32
100 89
100 57
100 211
100 6
100 204
100 751
100 54
100 13
100 273
100 152
100 857
100 86
100 96
100 220
100 566
100 303
100 320
100 334
100 363
100 80
100 449
100 7
100 144
100 989
100 239
100 472
100 198
100 321
100 181
100 54
100 199
100 145
100 115
100 936
100 1300
100 345
100 36
100 836
100 96
100 289
100 477
100 618
100 28
100 10
100 429
100 162
100 18
100 122
100 272
100 188
100 517
100 28
100 72
100 763
100 92
100 428
100 71
100 222
100 247
100 297
100 134
100 138
100 17
100 178
100 200
100 49
100 83
100 102
100 705
100 153
100 294
100 223
100 150
100 675
100 36
100 175
100 147
100 145
100 220
100 89
100 120
100 760
100 194
100 704
100 878
100 151
100 792
100 529
100 253
100 3
100 185
100 1
100 29
100 555
100 317
100 139
100 177
100 725
100 196
100 38
100 640
100 422
100 162
100 699
100 444
100 24
100 297
100 735
100 112
100 609
100 300
100 751
100 479
100 143
100 32
100 257
100 229
100 72
100 318
100 92
100 194
100 125
100 43
100 46
100 363
100 160
100 250
100 555
100 1647
100 151
100 1126
100 222
100 283
100 553
100 80
100 17
100 47
100 421
100 29
100 103
100 1072
100 99
100 45
100 507
100 260
100 577
100 162
100 21
100 271
100 16
100 1606
100 112
100 469
100 30
100 124
100 156
100 123
100 397
100 451
100 135
100 174
100 335
100 95
100 198
100 1183
100 233
100 415
100 282
100 155
100 65
100 74
100 106
100 40
100 242
100 272
100 69
100 126
100 145
100 31
100 502
100 73
100 125
100 460
100 6
100 44
100 250
100 117
100 209
100 49
100 70
100 114
100 48
100 29
100 41
100 28
100 165
100 545
100 374
100 955
100 708
100 74
100 210
100 357
100 255
100 877
100 7
100 23
100 264
100 762
100 45
100 167
100 110
100 8
100 659
100 50
100 51
100 140
100 73
100 585
100 268
100 1464
100 893
100 561
100 169
100 156
100 379
100 30
100 48
100 157
100 182
100 77
100 798
100 98
100 50
100 344
100 380
100 857
100 297
100 74
100 22
100 79
100 606
100 271
100 278
100 195
100 183
100 299
100 443
100 397
100 114
100 195
100 156
100 11
100 109
100 175
100 520
100 401
100 611
100 169
100 49
100 152
100 36
100 115
100 448
100 235
100 69
100 223
100 258
100 84
100 162
100 79
100 221
100 579
100 345
100 1118
100 344
100 117
100 936
100 260
100 137
100 640
100 219
100 270
100 495
100 249
100 206
100 210
100 18
100 485
100 147
100 336
100 78
100 1162
100 528
100 231
100 174
100 388
100 647
100 106
100 95
100 8
100 176
100 415
100 190
100 147
100 742
100 306
100 180
100 52
100 445
100 61
100 70
100 161
100 127
100 34
100 211
100 879
100 160
100 118
100 37
100 324
100 343
100 125
100 121
100 141
100 75
100 240
100 105
100 2
100 242
100 1236
100 404
100 544
100 66
100 38
100 88
100 1710
100 243
100 74
100 59
100 85
100 70
100 113
100 157
100 12
100 208
100 427
100 161
100 476
100 20
100 84
100 187
100 263
100 510
100 67
100 843
100 395
100 434
100 64
100 5
100 57
100 679
100 162
100 159
100 63
100 729
100 16
100 420
100 517
100 69
100 212
100 639
100 75
100 115
100 1100
100 1216
100 92
100 222
100 122
100 210
100 405
100 133
100 832
100 20
100 549
100 233
100 1084
100 281
100 1817
100 376
100 487
100 897
100 330
100 124
100 45
100 115
100 111
100 141
100 216
100 29
100 162
100 104
100 398
100 136
100 151
100 142
100 19
100 69
100 110
100 888
100 66
100 543
100 231
100 360
100 348
100 465
100 470
100 110
100 46
100 83
100 309
100 222
100 779
100 263
100 821
100 362
100 392
100 290
100 14
100 339
100 293
100 86
100 21
100 292
100 20
100 226
100 66
100 494
100 287
100 63
100 77
100 0
100 649
100 204
100 102
100 123
100 34
100 15
100 190
100 492
100 65
100 106
100 48
100 611
100 42
100 1244
100 81
100 490
100 22
100 199
100 275
100 157
100 140
100 514
100 234
100 249
100 219
100 99
100 194
100 194
100 63
100 144
100 218
100 250
100 42
100 475
100 1529
100 143
100 367
100 452
100 294
100 53
100 118
100 504
100 836
100 349
100 17
100 292
100 4
100 146
100 30
100 118
100 65
100 240
100 448
100 119
100 6
100 214
100 167
100 592
100 575
100 231
100 77
100 1291
100 133
100 2
100 622
100 126
100 190
100 253
100 108
100 201
100 34
100 752
100 6
100 30
100 972
100 175
100 186
100 273
100 180
100 500
100 41
100 98
100 313
100 51
100 237
100 342
100 339
100 109
100 50
100 127
100 505
100 141
100 1
100 19
100 24
100 557
100 260
100 550
100 185
100 232
100 273
100 261
100 1170
100 138
100 256
100 53
100 40
100 531
100 31
100 112
100 237
100 152
100 60
100 525
100 462
100 259
100 186
100 290
100 933
100 106
100 108
100 1095
100 483
100 520
100 72
100 24
100 61
100 260
100 556
100 853
100 17
100 45
100 461
100 899
100 806
100 492
100 277
100 351
100 1632
100 189
100 137
100 445
100 611
100 621
100 219
100 646
100 558
100 713
100 958
100 172
100 329
100 4
100 64
100 334
100 253
100 37
100 21
100 90
100 10
100 544
100 181
100 480
100 612
100 164
100 1621
100 424
100 534
100 554
100 21
100 309
100 757
100 83
100 538
100 170
100 138
100 52
100 128
100 138
100 473
100 465
100 118
100 971
100 24
100 33
100 316
100 74
100 100
100 329
100 264
100 359
100 22
100 473
100 107
100 636
100 232
100 13
100 344
100 275
100 20
100 199
100 1003
100 121
100 113
100 284
100 382
100 26
100 40
100 687
100 37
100 247
100 77
100 262
100 288
100 309
100 99
100 244
100 14
100 58
100 120
100 218
100 64
100 87
100 55
100 408
100 142
100 94
100 216
100 114
100 413
100 48
100 145
100 544
100 224
100 128
100 128
100 74
100 47
100 31
100 123
100 17
100 134
100 230
100 31
100 31
100 278
100 65
100 119
100 324
100 381
100 139
100 394
100 139
100 273
100 112
100 166
100 130
100 261
100 156
100 109
100 1171
100 24
100 0
100 63
100 174
100 130
100 185
100 274
100 415
100 84
100 744
100 582
100 29
100 334
100 351
100 22
100 301
100 25
100 412
100 888
100 821
100 463
100 109
100 692
100 57
100 52
100 250
100 164
100 781
100 693
100 40
100 602
100 258
100 7
100 6
100 165
100 929
100 153
100 277
100 142
100 79
100 59
100 486
100 8
100 145
100 235
100 152
100 67
100 584
100 300
100 155
100 435
100 497
100 276
100 158
100 130
100 55
100 234
100 60
100 716
100 138
100 699
100 13
100 80
100 18
100 95
100 238
100 190
100 150
100 281
100 1398
100 3
100 1431
100 254
100 144
100 378
100 2
100 177
100 340
100 710
100 172
100 315
100 12
100 200
100 159
100 1704
100 522
100 102
100 134
100 80
100 309
100 142
100 343
100 149
100 399
100 642
100 212
100 265
100 370
100 204
100 1054
100 38
100 297
100 1113
100 751
100 20
100 80
100 411
100 72
100 265
100 143
100 450
100 673
100 284
100 149
100 414
100 50
100 331
100 375
100 169
100 331
100 196
100 1
100 89
100 194
100 266
100 140
100 326
100 423
100 480
100 211
100 296
100 184
100 169
100 189
100 53
100 73
100 340
100 12
100 320
100 11
100 934
100 313
100 135
100 246
100 70
100 303
100 63
100 6
100 49
100 152
100 488
100 102
100 227
100 271
100 535
100 374
100 110
100 21
100 658
100 67
100 137
100 1169
100 284
100 932
100 298
100 176
100 42
100 271
100 376
100 116
100 1479
100 241
100 190
100 172
100 66
100 84
100 183
100 26
100 140
100 49
100 50
100 171
100 192
100 117
100 648
100 173
100 15
100 221
100 204
100 265
100 18
100 361
100 121
100 145
100 236
100 321
100 48
100 643
100 478
100 40
100 91
100 239
100 448
100 1027
100 55
100 1549
100 963
100 191
100 374
100 96
100 339
100 38
100 268
100 415
100 599
100 678
100 76
100 878
100 85
100 67
100 188
100 1638
100 1138
100 207
100 31
100 472
100 299
100 135
100 311
100 342
100 155
100 154
100 463
100 175
100 99
100 144
100 111
100 64
100 546
100 1114
100 488
100 209
100 1535
100 196
100 92
100 610
100 335
100 254
100 262
100 282
100 341
100 108
100 270
100 84
100 19
100 160
100 53
100 16
100 81
100 175
100 27
100 225
100 357
100 293
100 53
100 228
100 268
100 58
100 323
100 156
100 227
100 2
100 165
100 160
100 125
100 627
100 22
100 231
100 583
100 46
100 10
100 248
100 164
100 281
100 462
100 613
100 16
100 190
100 168
100 80
100 9
100 733
100 274
100 133
100 1361
100 178
100 196
100 50
100 173
100 55
100 21
100 95
100 106
100 459
100 66
100 17
100 22
100 316
100 829
100 280
100 353
100 972
100 48
100 345
100 389
100 411
100 57
100 195
100 163
100 51
100 148
100 41
100 195
100 870
100 851
100 297
100 52
100 995
100 22
100 468
100 39
100 137
100 135
100 871
100 1943
100 346
100 628
100 281
100 145
100 15
100 624
100 336
100 92
100 60
100 437
100 117
100 30
100 1047
100 321
100 176
100 73
100 190
100 24
100 630
100 215
100 227
100 229
100 974
100 51
100 160
100 235
100 266
100 14
100 0
100 460
100 18
100 284
100 400
100 157
100 19
100 855
100 91
100 84
100 337
100 358
100 117
100 149
100 416
100 421
100 83
100 388
100 1005
100 339
100 267
100 307
100 385
100 122
100 1091
100 181
100 228
100 682
100 190
100 105
100 139
100 403
100 67
100 15
100 22
100 158
100 165
100 61
100 235
100 206
100 1111
100 622
100 77
100 393
100 87
100 127
100 624
100 281
100 471
100 396
100 222
100 341
100 78
100 18
100 404
100 28
100 297
100 59
100 71
100 539
100 299
100 357
100 281
100 1503
100 75
100 563
100 139
100 160
100 1
100 453
100 798
100 292
100 455
100 686
100 23
100 157
100 57
100 20
100 9
100 4
100 35
100 8
100 150
100 478
100 363
100 52
100 546
100 966
100 78
100 662
100 354
100 598
100 136
100 133
100 659
100 29
100 142
100 310
100 40
100 529
100 268
100 720
100 32
100 451
100 9
100 109
100 279
100 244
100 824
100 635
100 1226
100 285
100 248
100 101
100 142
100 104
100 346
100 1003
100 463
100 685
100 18
100 71
100 754
100 275
100 90
100 85
100 192
100 37
100 283
100 701
100 251
100 380
100 500
100 40
100 485
100 663
100 448
100 805
100 306
100 835
100 791
100 356
100 51
100 150
100 272
100 563
100 140
100 77
100 222
100 116
100 266
100 1316
100 1253
100 251
100 738
100 33
100 9
100 384
100 22
100 59
100 14
100 157
100 1062
100 1428
100 197
100 195
100 124
100 525
100 70
100 150
100 636
100 296
100 98
100 397
100 433
100 179
100 107
100 573
100 172
100 48
100 211
100 226
100 570
100 236
100 491
100 552
100 146
100 294
100 319
100 136
100 569
100 15
100 282
100 30
100 516
100 524
100 75
100 16
100 79
100 57
100 402
100 269
100 114
100 894
100 456
100 18
100 241
100 162
100 779
100 333
100 347
100 247
100 292
100 876
100 206
100 190
100 723
100 302
100 417
100 67
100 189
100 237
100 967
100 422
100 96
100 99
100 14
100 109
100 271
100 42
100 544
100 664
100 50
100 292
100 552
100 387
100 188
100 170
100 274
100 215
100 28
100 416
100 449
100 673
100 33
100 475
100 274
100 923
100 259
100 661
100 139
100 410
100 269
100 292
100 398
100 475
100 633
100 216
100 390
100 213
100 101
100 10
100 398
100 197
100 496
100 1045
100 166
100 169
100 276
100 61
100 64
100 99
100 362
100 263
100 419
100 294
100 65
100 119
100 95
100 102
100 152
100 346
100 43
100 288
100 222
100 29
100 419
100 416
100 1467
100 249
100 954
100 177
100 409
100 1006
100 1630
100 307
100 84
100 2
100 170
100 404
100 943
100 573
100 337
100 70
100 16
100 951
100 712
100 21
100 1790
100 540
100 28
100 155
100 41
100 57
100 568
100 698
100 50
100 204
100 1453
100 33
100 66
100 898
100 100
100 315
100 391
100 117
100 123
100 297
100 26
100 207
100 452
100 108
100 32
100 245
100 485
100 513
100 82
100 319
100 74
100 171
100 289
100 150
100 128
100 308
100 21
100 579
100 136
100 330
100 285
100 339
100 1117
100 640
100 43
100 101
100 478
100 265
100 244
100 66
100 168
100 53
100 1107
100 787
100 557
100 476
100 290
100 144
100 523
100 142
100 344
100 205
100 158
100 292
100 117
100 247
100 60
100 1757
100 118
100 317
100 86
100 224
100 54
100 463
100 164
100 54
100 30
100 1251
100 189
100 18
100 279
100 79
100 382
100 289
100 202
100 36
100 8
100 289
100 621
100 646
100 49
100 662
100 419
100 148
100 473
100 10
100 158
100 271
100 1043
100 527
100 49
100 19
100 175
100 307
100 30
100 127
100 175
100 32
100 381
100 217
100 311
100 143
100 236
100 209
100 554
100 7
100 18
100 620
100 169
100 355
100 176
100 360
100 104
100 704
100 379
100 949
100 19
100 1786
100 863
100 542
100 166
100 153
100 506
100 237
100 110
100 396
100 269
100 526
100 350
100 271
100 240
100 461
100 92
100 70
100 65
100 876
100 314
100 1133
100 224
100 162
100 159
100 205
100 523
100 66
100 79
100 49
100 44
100 269
100 310
100 133
100 521
100 649
100 395
100 29
100 250
100 116
100 11
100 228
100 314
100 297
100 119
100 658
100 70
100 21
100 285
100 228
100 411
100 88
100 45
100 10
100 261
100 163
100 33
100 955
100 211
100 141
100 137
100 433
100 146
100 105
100 52
100 436
100 597
100 383
100 215
100 108
100 151
100 272
100 377
100 313
100 71
100 188
100 215
100 545
100 202
100 16
100 737
100 142
100 23
100 719
100 108
100 727
100 145
100 233
100 394
100 10
100 536
100 167
100 91
100 313
100 339
100 66
100 364
100 511
100 46
100 61
100 231
100 14
100 140
100 109
100 178
100 50
100 465
100 120
100 532
100 234
100 297
100 1110
100 118
100 876
100 812
100 235
100 336
100 373
100 67
100 260
100 258
100 382
100 499
100 342
100 363
100 368
100 194
100 173
100 881
100 137
100 234
100 116
100 26
100 77
100 102
100 306
100 657
100 91
100 987
100 76
100 72
100 449
100 14
100 397
100 531
100 226
100 59
100 436
100 1532
100 10
100 126
100 452
100 203
100 709
100 93
100 209
100 74
100 212
100 325
100 335
100 28
100 107
100 340
100 408
100 732
100 409
100 31
100 421
100 270
100 325
100 216
100 746
100 417
100 232
100 84
100 62
100 16
100 57
100 304
100 95
100 151
100 270
100 32
100 52
100 240
100 496
100 90
100 441
100 39
100 21
100 1113
100 528
100 72
100 499
100 108
100 151
100 77
100 58
100 667
100 599
100 12
100 555
100 125
100 46
100 277
100 143
100 65
100 78
100 39
100 480
100 490
100 715
100 115
100 5
100 149
100 159
100 108
100 548
100 295
100 554
100 23
100 700
100 21
100 505
100 193
100 62
100 40
100 120
100 268
100 200
100 145
100 18
100 100
100 200
100 85
100 882
100 92
100 47
100 81
100 462
100 652
100 35
100 221
100 36
100 70
100 144
100 639
100 451
100 70
100 31
100 96
100 437
100 789
100 647
100 1154
100 100
100 33
100 231
100 135
100 327
100 103
100 44
100 1046
100 139
100 547
100 323
100 540
100 248
100 771
100 206
100 31
100 401
100 820
100 639
100 305
100 317
100 535
100 48
100 236
100 43
100 280
100 124
100 241
100 68
100 345
100 98
100 606
100 199
100 749
100 158
100 67
100 233
100 8
100 750
100 157
100 83
100 12
100 1156
100 15
100 401
100 170
100 532
100 482
100 9
100 4
100 580
100 258
100 231
100 1
100 51
100 173
100 352
100 164
100 1098
100 124
100 159
100 329
100 297
100 191
100 831
100 5
100 323
100 99
100 429
100 113
100 110
100 70
100 505
100 112
100 180
100 1037
100 480
100 134
100 32
100 400
100 187
100 64
100 479
100 642
100 255
100 299
100 17
100 457
100 472
100 36
100 307
100 100
100 393
100 9
100 544
100 390
100 1743
100 211
100 25
100 261
100 26
100 436
100 447
100 35
100 574
100 86
100 189
100 1031
100 40
100 55
100 510
100 619
100 91
100 302
100 125
100 121
100 299
100 247
100 301
100 41
100 161
100 153
100 109
100 473
100 318
100 509
100 100
100 21
100 1019
100 42
100 430
100 197
100 1438
100 1513
100 348
100 26
100 592
100 46
100 1018
100 102
100 205
100 60
100 307
100 91
100 230
100 62
100 76
100 430
100 69
100 227
100 400
100 163
100 54
100 39
100 11
100 624
100 82
100 21
100 1073
100 419
100 209
100 6
100 995
100 45
100 539
100 200
100 96
100 644
100 539
100 279
100 109
100 133
100 231
100 159
100 826
100 60
100 74
100 72
100 347
100 372
100 111
100 360
100 431
100 131
100 395
100 107
100 130
100 61
100 48
100 27
100 103
100 21
100 401
100 26
100 489
100 46
100 104
100 587
100 172
100 77
100 91
100 95
100 119
100 58
100 400
100 316
100 64
100 201
100 208
100 172
100 77
100 3
100 199
100 151
100 62
100 591
100 970
100 182
100 30
100 2
100 116
100 118
100 500
100 543
100 169
100 400
100 36
100 515
100 365
100 115
100 594
100 66
100 464
100 45
100 123
100 434
100 23
100 37
100 145
100 582
100 571
100 715
100 76
100 65
100 246
100 235
100 394
100 71
100 502
100 199
100 384
100 67
100 925
100 217
100 180
100 288
100 798
100 178
100 651
100 570
100 215
100 25
100 105
100 87
100 886
100 856
100 54
100 336
100 23
100 50
100 520
100 214
100 694
100 303
100 135
100 257
100 82
100 0
100 261
100 353
100 12
100 87
100 107
100 243
100 17
100 693
100 203
100 65
100 453
100 1321
100 112
100 43
100 735
100 114
100 848
100 294
100 168
100 65
100 380
100 412
100 134
100 161
100 79
100 38
100 400
100 119
100 801
100 356
100 261
100 235
100 347
100 211
100 284
100 13
100 5
100 109
100 1222
100 1501
100 41
100 287
100 30
100 131
100 865
100 120
100 153
100 86
100 42
100 99
100 1112
100 211
100 144
100 352
100 41
100 56
100 208
100 235
100 225
100 848
100 630
100 15
100 22
100 67
100 197
100 183
100 43
100 311
100 694
100 135
100 970
100 147
100 150
100 20
100 32
100 69
100 28
100 590
100 132
100 36
100 95
100 114
100 148
100 35
100 237
100 341
100 182
100 246
100 45
100 854
100 3
100 67
100 300
100 281
100 20
100 413
100 1461
100 267
100 378
100 485
100 70
100 229
100 789
100 91
100 10
100 356
100 269
100 87
100 605
100 149
100 231
100 45
100 275
100 882
100 698
100 780
100 104
100 44
100 65
100 352
100 142
100 36
100 4
100 275
100 90
100 71
100 209
100 101
100 435
100 870
100 155
100 396
100 326
100 1515
100 589
100 25
100 36
100 205
100 105
100 78
100 154
100 949
100 1
100 75
100 405
100 203
100 415
100 173
100 873
100 8
100 879
100 420
100 142
100 13
100 242
100 234
100 294
100 504
100 360
100 858
100 38
100 666
100 305
100 108
100 700
100 100
100 1455
100 182
100 399
100 726
100 160
100 43
100 436
100 66
100 63
100 260
100 194
100 102
100 513
100 37
100 114
100 19
100 231
100 466
100 26
100 247
100 73
100 160
100 303
100 264
100 784
100 205
100 3
100 378
100 43
100 245
100 493
100 5
100 9
100 75
100 36
100 70
100 33
100 706
100 682
100 9
100 73
100 262
100 346
100 320
100 612
100 176
100 451
100 253
100 12
100 806
100 167
100 126
100 35
100 824
100 721
100 183
100 436
100 795
100 601
100 408
100 327
100 105
100 14
100 476
100 239
100 70
100 152
100 253
100 22
100 284
100 52
100 893
100 29
100 83
100 675
100 105
100 108
100 62
100 387
100 296
100 107
100 207
100 380
100 401
100 223
100 231
100 912
100 492
100 151
100 162
100 362
100 154
100 315
100 422
100 244
100 23
100 158
100 376
100 70
100 174
100 52
100 561
100 236
100 51
100 222
100 392
100 58
100 50
100 1020
100 583
100 94
100 262
100 303
100 144
100 18
100 198
100 312
100 303
100 308
100 718
100 679
100 132
100 82
100 208
100 406
100 49
100 100
100 216
100 268
100 108
100 517
100 602
100 103
100 63
100 306
100 282
100 109
100 2
100 28
100 85
100 1145
100 467
100 886
100 417
100 306
100 549
100 244
100 142
100 753
100 690
100 383
100 117
100 104
100 17
100 793
100 4
100 45
100 1118
100 103
100 109
100 128
100 158
100 441
100 393
100 106
100 14
100 378
100 79
100 460
100 43
100 450
100 415
100 212
100 381
100 124
100 104
100 171
100 153
100 86
100 98
100 148
100 24
100 64
100 1159
100 46
100 729
100 8
100 82
100 385
100 80
100 308
100 134
100 6
100 91
100 131
100 474
100 34
100 138
100 180
100 75
100 171
100 213
100 71
100 45
100 376
100 104
100 182
100 576
100 306
100 184
100 304
100 289
100 143
100 102
100 524
100 563
100 642
100 140
100 904
100 132
100 914
100 114
100 51
100 1
100 146
100 145
100 518
100 922
100 220
100 578
100 1981
100 318
100 41
100 171
100 78
100 566
100 239
100 32
100 139
100 249
100 206
100 5
100 244
100 86
100 405
100 65
100 95
100 95
100 168
100 58
100 457
100 1183
100 99
100 70
100 176
100 67
100 669
100 756
100 15
100 308
100 160
100 251
100 40
100 30
100 745
100 53
100 149
100 159
100 101
100 117
100 601
100 18
100 85
100 3
100 98
100 142
100 10
100 129
100 107
100 44
100 27
100 89
100 5
100 52
100 89
100 52
100 3
100 147
100 581
100 664
100 433
100 140
100 221
100 30
100 111
100 38
100 643
100 254
100 205
100 130
100 173
100 581
100 47
100 240
100 62
100 652
100 108
100 149
100 113
100 78
100 183
100 307
100 18
100 16
100 583
100 48
100 365
100 444
100 23
100 441
100 26
100 27
100 197
100 186
100 292
100 46
100 333
100 165
100 256
100 26
100 419
100 655
100 479
100 0
100 522
100 165
100 604
100 187
100 24
100 914
100 98
100 69
100 345
100 305
100 34
100 49
100 41
100 70
100 219
100 200
100 71
100 35
100 787
100 240
100 604
100 16
100 405
100 15
100 165
100 117
100 423
100 135
100 58
100 2
100 381
100 148
100 1153
100 364
100 138
100 258
100 331
100 46
100 344
100 143
100 39
100 39
100 292
100 317
100 440
100 128
100 73
100 439
100 449
100 771
100 46
100 542
100 399
100 383
100 510
100 408
100 349
100 146
100 669
100 225
100 70
100 78
100 74
100 184
100 253
100 59
100 147
100 237
100 290
100 776
100 219
100 142
100 819
100 469
100 201
100 178
100 566
100 324
100 451
100 246
100 203
100 799
100 165
100 159
100 461
100 414
100 1
100 757
100 410
100 8
100 229
100 557
100 88
100 1554
100 411
100 363
100 78
100 247
100 466
100 74
100 136
100 335
100 238
100 675
100 738
100 172
100 429
100 139
100 182
100 93
100 326
100 414
100 30
100 178
100 189
100 74
100 88
100 326
100 371
100 37
100 365
100 56
100 158
100 93
100 166
100 453
100 685
100 761
100 4
100 806
100 55
100 95
100 108
100 291
100 731
100 15
100 34
100 229
100 112
100 282
100 10
100 255
100 237
100 333
100 353
100 119
100 48
100 89
100 505
100 280
100 169
100 68
100 597
100 78
100 675
100 26
100 484
100 531
100 568
100 101
100 109
100 50
100 933
100 51
100 400
100 493
100 246
100 4
100 402
100 158
100 219
100 66
100 155
100 92
100 23
100 68
100 347
100 437
100 5
100 1434
100 23
100 715
100 326
100 567
100 135
100 65
100 60
100 79
100 178
100 42
100 228
100 597
100 207
100 334
100 913
100 965
100 774
100 214
100 160
100 29
100 370
100 374
100 173
100 175
100 369
100 997
100 75
100 469
100 288
100 61
100 291
100 440
100 57
100 202
100 50
100 415
100 5
100 282
100 241
100 236
100 498
100 0
100 5
100 126
100 83
100 88
100 594
100 47
100 1016
100 0
100 92
100 46
100 340
100 19
100 183
100 728
100 103
100 167
100 751
100 221
100 317
100 135
100 197
100 150
100 368
100 86
100 407
100 425
100 46
100 537
100 5
100 5
100 177
100 418
100 173
100 159
100 204
100 376
100 93
100 125
100 24
100 1757
100 11
100 363
100 6
100 162
100 295
100 203
100 356
100 222
100 151
100 232
100 521
100 52
100 102
100 670
100 102
100 325
100 726
100 335
100 399
100 239
100 100
100 405
100 64
100 619
100 132
100 323
100 815
100 264
100 923
100 526
100 26
100 88
100 76
100 32
100 838
100 395
100 97
100 353
100 1055
100 522
100 160
100 62
100 145
100 144
100 223
100 162
100 427
100 303
100 22
100 293
100 405
100 197
100 257
100 298
100 205
100 98
100 144
100 116
100 90
100 615
100 634
100 1
100 80
100 351
100 270
100 1150
100 107
100 335
100 258
100 203
100 14
100 634
100 153
100 568
100 395
100 277
100 314
100 426
100 53
100 101
100 97
100 344
100 286
100 24
100 64
100 132
100 0
100 94
100 950
100 337
100 475
100 808
100 135
100 355
100 349
100 117
100 287
100 81
100 293
100 266
100 398
100 278
100 1004
100 319
100 235
100 129
100 372
100 1177
100 16
100 218
100 145
100 432
100 399
100 320
100 736
100 168
100 275
100 219
100 15
100 623
100 250
100 18
100 154
100 1024
100 173
100 112
100 138
100 246
100 40
100 247
100 94
100 614
100 101
100 65
100 872
100 314
100 164
100 311
100 105
100 76
100 833
100 260
100 262
100 38
100 6
100 151
100 153
100 278
100 30
100 567
100 81
100 149
100 897
100 384
100 62
100 20
100 887
100 280
100 226
100 1385
100 38
100 29
100 11
100 238
100 218
100 60
100 134
100 26
100 212
100 397
100 180
100 33
100 773
100 532
100 458
100 591
100 4
100 198
100 67
100 188
100 4
100 339
100 552
100 224
100 378
100 1067
100 291
100 12
100 369
100 363
100 138
100 195
100 198
100 9
100 174
100 456
100 20
100 28
100 175
100 203
100 1074
100 28
100 78
100 87
100 62
100 14
100 71
100 312
100 105
100 254
100 212
100 534
100 55
100 51
100 223
100 242
100 151
100 106
100 179
100 124
100 834
100 52
100 35
100 643
100 38
100 180
100 164
100 183
100 67
100 89
100 106
100 408
100 454
100 124
100 184
100 731
100 62
100 125
100 224
100 404
100 150
100 66
100 105
100 149
100 399
100 38
100 47
100 69
100 339
100 170
100 1906
100 226
100 652
100 48
100 217
100 260
100 92
100 1231
100 143
100 288
100 680
100 518
100 49
100 223
100 618
100 326
100 90
100 524
100 417
100 507
100 571
100 674
100 78
100 704
100 35
100 102
100 452
100 159
100 159
100 32
100 32
100 251
100 794
100 296
100 49
100 577
100 471
100 1290
100 245
100 228
100 31
100 80
100 384
100 189
100 541
100 161
100 162
100 125
100 11
100 30
100 188
100 206
100 111
100 100
100 409
100 100
100 179
100 870
100 72
100 134
100 296
100 275
100 920
100 116
100 302
100 333
100 118
100 849
100 134
100 121
100 264
100 172
100 148
100 27
100 489
100 180
100 162
100 145
100 865
100 139
100 42
100 318
100 462
100 189
100 47
100 266
100 564
100 17
100 229
100 503
100 47
100 64
100 2
100 146
100 60
100 44
100 28
100 89
100 18
100 53
100 136
100 294
100 508
100 838
100 366
100 18
100 236
100 32
100 405
100 436
100 216
100 123
100 544
100 113
100 110
100 363
100 442
100 140
100 787
100 27
100 601
100 182
100 446
100 10
100 141
100 23
100 527
100 223
100 1021
100 56
100 238
100 75
100 84
100 48
100 78
100 1023
100 405
100 717
100 214
100 97
100 483
100 84
100 232
100 84
100 22
100 103
100 237
100 121
100 739
100 69
100 98
100 227
100 839
100 52
100 42
100 192
100 172
100 91
100 696
100 856
100 208
100 7
100 115
100 89
100 180
100 308
100 622
100 48
100 1142
100 35
100 623
100 186
100 72
100 273
100 116
100 1197
100 1064
100 504
100 407
100 170
100 0
100 668
100 220
100 156
100 229
100 395
100 69
100 34
100 912
100 25
100 519
100 56
100 1484
100 202
100 527
100 302
100 105
100 707
100 868
100 982
100 519
100 279
100 135
100 128
100 117
100 192
100 389
100 320
100 2
100 76
100 2
100 23
100 397
100 387
100 68
100 35
100 229
100 218
100 215
100 93
100 657
100 335
100 148
100 271
100 298
100 190
100 569
100 243
100 492
100 473
100 129
100 50
100 582
100 666
100 96
100 140
100 192
100 339
100 193
100 304
100 404
100 924
100 614
100 105
100 151
100 148
100 107
100 212
100 192
100 89
100 147
100 416
100 530
100 17
100 89
100 287
100 139
100 1334
100 117
100 575
100 185
100 115
100 115
100 268
100 523
100 499
100 1445
100 266
100 115
100 41
100 141
100 100
100 1196
100 167
100 521
100 58
100 545
100 195
100 119
100 35
100 126
100 791
100 360
100 99
100 124
100 447
100 105
100 45
100 385
100 204
100 353
100 478
100 28
100 16
100 256
100 42
100 114
100 189
100 5
100 79
100 179
100 532
100 447
100 349
100 23
100 261
100 169
100 13
100 569
100 33
100 240
100 10
100 588
100 527
100 407
100 443
100 209
100 59
100 74
100 57
100 6
100 34
100 191
100 75
100 216
100 137
100 104
100 250
100 151
100 12
100 139
100 9
100 257
100 60
100 970
100 125
100 640
100 73
100 51
100 310
100 1145
100 168
100 250
100 310
100 290
100 454
100 219
100 1049
100 493
100 91
100 223
100 845
100 47
100 214
100 565
100 5
100 146
100 687
100 209
100 35
100 118
100 250
100 201
100 515
100 72
100 168
100 750
100 908
100 100
100 471
100 165
100 142
100 152
100 376
100 292
100 219
100 62
100 19
100 201
100 589
100 46
100 42
100 186
100 58
100 433
100 382
100 663
100 262
100 1180
100 204
100 381
100 91
100 298
100 190
100 163
100 357
100 166
100 800
100 74
100 243
100 324
100 400
100 773
100 282
100 1494
100 364
100 61
100 212
100 192
100 114
100 49
100 251
100 212
100 62
100 385
100 905
100 273
100 134
100 262
100 23
100 61
100 149
100 106
100 263
100 232
100 245
100 279
100 59
100 613
100 355
100 498
100 5
100 286
100 50
100 333
100 383
100 45
100 929
100 93
100 98
100 189
100 160
100 147
100 27
100 107
100 24
100 284
100 187
100 134
100 4
100 913
100 768
100 39
100 528
100 89
100 208
100 167
100 297
100 169
100 127
100 755
100 537
100 268
100 387
100 156
100 378
100 35
100 495
100 194
100 130
100 16
100 554
100 203
100 45
100 104
100 259
100 212
100 246
100 25
100 15
100 568
100 310
100 33
100 186
100 59
100 727
100 159
100 294
100 240
100 517
100 606
100 441
100 26
100 296
100 38
100 166
100 74
100 56
100 17
100 188
100 270
100 252
100 60
100 237
100 198
100 292
100 181
100 64
100 2043
100 482
100 612
100 66
100 10
100 4
100 17
100 25
100 211
100 649
100 465
100 32
100 269
100 926
100 99
100 842
100 1074
100 155
100 842
100 545
100 554
100 381
100 106
100 38
100 145
100 52
100 296
100 153
100 17
100 81
100 594
100 142
100 901
100 211
100 199
100 12
100 95
100 40
100 111
100 482
100 362
100 284
100 310
100 60
100 303
100 389
100 728
100 156
100 165
100 155
100 46
100 281
100 36
100 507
100 118
100 16
100 148
100 498
100 180
100 590
100 295
100 692
100 38
100 19
100 188
100 52
100 55
100 454
100 155
100 930
100 576
100 47
100 58
100 50
100 167
100 326
100 340
100 273
100 139
100 95
100 376
100 14
100 280
100 119
100 939
100 523
100 56
100 83
100 350
100 162
100 204
100 423
100 89
100 547
100 570
100 192
100 837
100 31
100 360
100 467
100 884
100 539
100 34
100 20
100 75
100 59
100 533
100 492
100 539
100 92
100 106
100 383
100 270
100 891
100 5
100 411
100 109
100 503
100 415
100 200
100 242
100 13
100 1062
100 519
100 111
100 137
100 90
100 16
100 251
100 382
100 313
100 275
100 421
100 393
100 517
100 398
100 1325
100 94
100 646
100 668
100 1037
100 858
100 26
100 39
100 141
100 5
100 28
100 216
100 683
100 182
100 19
100 76
100 644
100 65
100 137
100 338
100 210
100 1057
100 73
100 533
100 451
100 802
100 59
100 1397
100 110
100 354
100 116
100 159
100 2
100 554
100 44
100 60
100 983
100 1061
100 33
100 282
100 507
100 951
100 302
100 162
100 111
100 102
100 662
100 82
100 204
100 164
100 500
100 264
100 705
100 213
100 4
100 15
100 50
100 456
100 75
100 698
100 852
100 479
100 77
100 257
100 206
100 409
100 43
100 549
100 28
100 220
100 243
100 132
100 102
100 152
100 22
100 74
100 1087
100 398
100 356
100 13
100 78
100 33
100 63
100 750
100 634
100 222
100 424
100 156
100 255
100 1026
100 761
100 52
100 284
100 953
100 135
100 176
100 64
100 171
100 125
100 44
100 19
100 571
100 63
100 147
100 459
100 33
100 11
100 0
100 75
100 46
100 568
100 172
100 374
100 14
100 390
100 190
100 425
100 1122
100 7
100 346
100 64
100 348
100 300
100 176
100 199
100 96
100 280
100 106
100 39
100 481
100 434
100 629
100 37
100 349
100 60
100 151
100 320
100 125
100 554
100 528
100 762
100 74
100 280
100 846
100 8
100 194
100 449
100 601
100 787
100 234
100 12
100 117
100 16
100 42
100 290
100 203
100 72
100 283
100 445
100 5
100 242
100 144
100 242
100 552
100 977
100 221
100 113
100 751
100 179
100 300
100 446
100 5
100 1
100 7
100 210
100 652
100 105
100 884
100 246
100 173
100 31
100 339
100 137
100 334
100 257
100 152
100 3
100 442
100 314
100 56
100 89
100 230
100 48
100 566
100 199
100 42
100 144
100 189
100 211
100 219
100 726
100 132
100 39
100 120
100 124
100 245
100 238
100 338
100 71
100 269
100 77
100 588
100 503
100 425
100 1504
100 260
100 187
100 171
100 194
100 67
100 4
100 120
100 753
100 81
100 336
100 674
100 361
100 470
100 1447
100 60
100 132
100 103
100 496
100 328
100 684
100 477
100 572
100 160
100 218
100 1268
100 464
100 110
100 100
100 77
100 63
100 36
100 129
100 8
100 80
100 920
100 83
100 204
100 145
100 4
100 513
100 123
100 303
100 163
100 901
100 121
100 396
100 706
100 475
100 52
100 23
100 251
100 380
100 130
100 15
100 29
100 68
100 731
100 126
100 240
100 776
100 901
100 551
100 256
100 22
100 272
100 359
100 1870
100 80
100 859
100 703
100 42
100 218
100 81
100 86
100 274
100 218
100 37
100 151
100 134
100 708
100 6
100 311
100 218
100 264
100 23
100 116
100 115
100 10
100 109
100 230
100 3
100 291
100 249
100 25
100 103
100 65
100 471
100 235
100 373
100 14
100 21
100 40
100 522
100 455
100 22
100 401
100 226
100 950
100 230
100 172
100 5
100 113
100 278
100 338
100 11
100 14
100 67
100 190
100 86
100 38
100 0
100 496
100 271
100 722
100 252
100 62
100 177
100 10
100 66
100 341
100 552
100 649
100 485
100 201
100 34
100 117
100 321
100 56
100 291
100 925
100 882
100 182
100 392
100 529
100 149
100 1822
100 107
100 335
100 413
100 514
100 742
100 86
100 31
100 144
100 50
100 52
100 428
100 102
100 1247
100 124
100 139
100 15
100 68
100 330
100 284
100 1
100 66
100 656
100 269
100 496
100 139
100 187
100 54
100 120
100 167
100 160
100 42
100 69
100 10
100 556
100 262
100 250
100 187
100 294
100 103
100 85
100 152
100 188
100 26
100 111
100 19
100 370
100 35
100 653
100 4
100 137
100 69
100 210
100 104
100 10
100 529
100 227
100 0
100 291
100 324
100 29
100 541
100 47
100 589
100 67
100 337
100 151
100 6
100 145
100 141
100 215
100 252
100 54
100 667
100 61
100 291
100 670
100 261
100 989
100 74
100 13
100 15
100 175
100 296
100 127
100 18
100 622
100 78
100 150
100 269
100 514
100 254
100 482
100 423
100 249
100 51
100 983
100 589
100 681
100 131
100 175
100 315
100 576
100 724
100 27
100 320
100 85
100 792
100 517
100 427
100 270
100 326
100 801
100 562
100 191
100 521
100 146
100 533
100 169
100 694
100 1029
100 338
100 187
100 72
100 84
100 26
100 204
100 581
100 390
100 281
100 41
100 588
100 751
100 757
100 1010
100 388
100 314
100 343
100 166
100 295
100 45
100 339
100 94
100 1416
100 788
100 36
100 125
100 240
100 58
100 308
100 400
100 313
100 927
100 754
100 880
100 791
100 461
100 475
100 274
100 25
100 510
100 142
100 366
100 433
100 50
100 21
100 29
100 212
100 281
100 291
100 99
100 325
100 254
100 94
100 971
100 200
100 794
100 296
100 367
100 81
100 296
100 293
100 142
100 69
100 427
100 50
100 6
100 72
100 14
100 232
100 820
100 339
100 204
100 153
100 537
100 98
100 90
100 99
100 340
100 98
100 38
100 481
100 1110
100 114
100 111
100 7
100 2
100 417
100 539
100 2
100 458
100 783
100 109
100 637
100 38
100 154
100 3
100 647
100 169
100 162
100 348
100 509
100 607
100 15
100 128
100 217
100 100
100 103
100 170
100 197
100 114
100 151
100 55
100 272
100 127
100 42
100 3
100 14
100 138
100 104
100 20
100 154
100 589
100 45
100 377
100 269
100 561
100 169
100 561
100 746
100 86
100 148
100 319
100 253
100 109
100 650
100 61
100 17
100 83
100 402
100 133
100 528
100 188
100 157
100 185
100 159
100 230
100 1360
100 268
100 964
100 436
100 573
100 129
100 144
100 570
100 38
100 113
100 174
100 505
100 166
100 617
100 4
100 75
100 348
100 165
100 51
100 56
100 47
100 181
100 594
100 24
100 1250
100 317
100 401
100 4
100 50
100 100
100 93
100 104
100 544
100 0
100 253
100 109
100 269
100 175
100 38
100 413
100 46
100 158
100 99
100 301
100 104
100 50
100 224
100 84
100 295
100 373
100 177
100 406
100 50
100 334
100 123
100 916
100 161
100 54
100 432
100 5
100 281
100 116
100 414
100 465
100 16
100 252
100 582
100 349
100 112
100 208
100 314
100 498
100 164
100 377
100 405
100 399
100 21
100 145
100 487
100 15
100 19
100 183
100 65
100 8
100 596
100 404
100 92
100 32
100 458
100 21
100 56
100 35
100 205
100 525
100 55
100 195
100 118
100 376
100 249
100 337
100 28
100 546
100 1138
100 26
100 408
100 22
100 35
100 263
100 17
100 215
100 780
100 698
100 14
100 288
100 461
100 224
100 47
100 189
100 321
100 821
100 431
100 128
100 540
100 89
100 241
100 239
100 48
100 224
100 250
100 107
100 421
100 157
100 202
100 157
100 128
100 667
100 7
100 151
100 24
100 575
100 3
100 7
100 27
100 28
100 134
100 40
100 744
100 1313
100 46
100 193
100 8
100 289
100 119
100 247
100 837
100 993
100 650
100 17
100 327
100 326
100 190
100 154
100 212
100 1189
100 489
100 733
100 635
100 9
100 989
100 149
100 65
100 145
100 123
100 80
100 106
100 345
100 899
100 96
100 474
100 308
100 753
100 275
100 248
100 390
100 85
100 830
100 22
100 8
100 330
100 489
100 310
100 168
100 13
100 414
100 42
100 378
100 316
100 374
100 993
100 35
100 521
100 6
100 16
100 300
100 225
100 13
100 349
100 172
100 627
100 205
100 299
100 16
100 60
100 359
100 637
100 42
100 420
100 53
100 203
100 277
100 94
100 29
100 187
100 123
100 18
100 151
100 195
100 1007
100 124
100 548
100 73
100 73
100 662
100 14
100 190
100 323
100 483
100 12
100 146
100 707
100 231
100 916
100 113
100 191
100 442
100 16
100 454
100 1274
100 14
100 360
100 729
100 324
100 18
100 74
100 224
100 30
100 492
100 181
100 107
100 185
100 217
100 874
100 332
100 54
100 612
100 1092
100 137
100 481
100 475
100 683
100 286
100 291
100 165
100 1254
100 62
100 159
100 278
100 29
100 207
100 355
100 247
100 552
100 270
100 946
100 60
100 258
100 726
100 469
100 56
100 63
100 129
100 764
100 173
100 287
100 1044
100 105
100 315
100 445
100 52
100 593
100 253
100 11
100 297
100 51
100 62
100 134
100 67
100 202
100 111
100 70
100 147
100 702
100 15
100 4
100 146
100 389
100 67
100 948
100 170
100 207
100 55
100 186
100 203
100 299
100 243
100 120
100 137
100 466
100 617
100 168
100 234
100 136
100 739
100 122
100 37
100 64
100 220
100 201
100 527
100 8
100 276
100 107
100 438
100 74
100 7
100 134
100 257
100 785
100 378
100 688
100 447
100 8
100 410
100 259
100 444
100 975
100 122
100 39
100 250
100 37
100 647
100 316
100 271
100 136
100 139
100 595
100 250
100 556
100 166
100 61
100 54
100 29
100 344
100 162
100 125
100 17
100 184
100 117
100 9
100 168
100 298
100 288
100 14
100 723
100 47
100 200
100 7
100 388
100 158
100 87
100 255
100 200
100 107
100 64
100 830
100 388
100 85
100 216
100 34
100 16
100 999
100 106
100 184
100 1096
100 268
100 451
100 596
100 163
100 329
100 1336
100 508
100 267
100 31
100 80
100 12
100 179
100 201
100 494
100 319
100 501
100 119
100 1254
100 17
100 495
100 66
100 381
100 607
100 283
100 25
100 192
100 590
100 57
100 121
100 139
100 764
100 355
100 32
100 212
100 343
100 155
100 128
100 50
100 75
100 159
100 22
100 98
100 198
100 99
100 336
100 395
100 885
100 98
100 505
100 850
100 39
100 84
100 299
100 452
100 54
100 251
100 132
100 141
100 245
100 168
100 94
100 367
100 59
100 9
100 240
100 57
100 341
100 11
100 139
100 221
100 226
100 121
100 239
100 487
100 340
100 225
100 257
100 625
100 1008
100 721
100 29
100 358
100 26
100 177
100 135
100 290
100 125
100 506
100 367
100 200
100 685
100 154
100 535
100 570
100 251
100 275
100 205
100 129
100 767
100 211
100 233
100 506
100 55
100 354
100 1426
100 335
100 157
100 516
100 232
100 452
100 369
100 571
100 22
100 141
100 730
100 27
100 662
100 185
100 251
100 306
100 179
100 142
100 139
100 146
100 259
100 275
100 497
100 335
100 310
100 235
100 253
100 213
100 257
100 515
100 72
100 340
100 139
100 124
100 33
100 357
100 50
100 62
100 635
100 114
100 54
100 119
100 134
100 13
100 476
100 156
100 648
100 428
100 321
100 59
100 273
100 111
100 79
100 29
100 59
100 1187
100 396
100 560
100 0
100 5
100 108
100 312
100 146
100 11
100 732
100 251
100 135
100 545
100 1030
100 906
100 176
100 103
100 0
100 539
100 203
100 37
100 372
100 1126
100 262
100 147
100 245
100 520
100 198
100 288
100 820
100 29
100 441
100 211
100 171
100 1002
100 407
100 489
100 15
100 113
100 20
100 400
100 76
100 66
100 60
100 7
100 321
100 445
100 306
100 614
100 593
100 810
100 65
100 247
100 137
100 270
100 390
100 141
100 50
100 160
100 587
100 178
100 674
100 170
100 466
100 618
100 225
100 52
100 1221
100 142
100 134
100 6
100 47
100 67
100 560
100 152
100 674
100 404
100 49
100 226
100 506
100 935
100 469
100 118
100 439
100 97
100 550
100 276
100 309
100 48
100 562
100 107
100 18
100 328
100 202
100 474
100 1182
100 654
100 228
100 93
100 295
100 259
100 388
100 488
100 41
100 1
100 96
100 301
100 112
100 324
100 92
100 80
100 342
100 341
100 89
100 63
100 243
100 190
100 130
100 324
100 105
100 81
100 300
100 96
100 1266
100 24
100 83
100 1098
100 114
100 29
100 234
100 152
100 133
100 111
100 22
100 25
100 43
100 637
100 254
100 75
100 576
100 156
100 342
100 62
100 405
100 133
100 202
100 402
100 8
100 414
100 463
100 635
100 165
100 630
100 138
100 124
100 308
100 747
100 407
100 8
100 53
100 131
100 910
100 355
100 28
100 79
100 99
100 38
100 426
100 379
100 149
100 16
100 661
100 90
100 70
100 6
100 134
100 420
100 18
100 92
100 285
100 105
100 379
100 618
100 1145
100 778
100 126
100 68
100 65
100 1
100 104
100 130
100 53
100 96
100 61
100 345
100 75
100 835
100 50
100 86
100 168
100 1636
100 419
100 234
100 470
100 1203
100 256
100 178
100 144
100 328
100 66
100 272
100 155
100 9
100 15
100 343
100 1232
100 462
100 687
100 30
100 417
100 225
100 126
100 432
100 73
100 117
100 573
100 54
100 42
100 174
100 36
100 564
100 564
100 86
100 430
100 37
100 1
100 74
100 244
100 264
100 421
100 134
100 57
100 906
100 165
100 24
100 670
100 781
100 731
100 337
100 278
100 180
100 18
100 54
100 205
100 870
100 330
100 54
100 785
100 322
100 13
100 325
100 81
100 79
100 488
100 223
100 1237
100 97
100 175
100 22
100 5
100 177
100 236
100 216
100 386
100 1
100 62
100 319
100 739
100 42
100 28
100 108
100 184
100 663
100 625
100 146
100 153
100 34
100 284
100 560
100 570
100 371
100 31
100 213
100 389
100 11
100 95
100 225
100 125
100 934
100 29
100 37
100 466
100 196
100 100
100 4
100 1
100 240
100 9
100 10
100 118
100 537
100 101
100 160
100 306
100 834
100 18
100 947
100 74
100 477
100 65
100 6
100 56
100 264
100 211
100 131
100 89
100 10
100 198
100 264
100 64
100 939
100 52
100 563
100 106
100 206
100 236
100 635
100 326
100 488
100 158
100 97
100 690
100 559
100 136
100 26
100 1101
100 258
100 537
100 549
100 155
100 841
100 399
100 28
100 312
100 186
100 177
100 5
100 314
100 134
100 428
100 337
100 329
100 804
100 147
100 86
100 506
100 103
100 266
100 823
100 46
100 227
100 169
100 352
100 25
100 110
100 84
100 357
100 137
100 70
100 266
100 305
100 129
100 170
100 287
100 502
100 1042
100 724
100 679
100 134
100 455
100 1088
100 420
100 9
100 239
100 319
100 1373
100 242
100 234
100 12
100 75
100 26
100 44
100 353
100 11
100 39
100 425
100 273
100 524
100 1606
100 487
100 1132
100 115
100 60
100 66
100 49
100 266
100 122
100 170
100 2
100 336
100 94
100 163
100 146
100 188
100 466
100 178
100 69
100 305
100 97
100 632
100 273
100 12
100 61
100 382
100 55
100 811
100 932
100 231
100 214
100 63
100 199
100 447
100 137
100 586
100 27
100 101
100 52
100 104
100 115
100 148
100 556
100 67
100 583
100 875
100 9
100 597
100 376
100 17
100 392
100 580
100 117
100 1114
100 143
100 256
100 72
100 157
100 1315
100 281
100 428
100 367
100 16
100 414
100 326
100 35
100 407
100 977
100 213
100 148
100 413
100 840
100 714
100 56
100 177
100 171
100 874
100 111
100 472
100 236
100 1079
100 169
100 510
100 13
100 903
100 133
100 168
100 48
100 1023
100 659
100 628
100 524
100 320
100 614
100 39
100 32
100 510
100 874
100 65
100 275
100 482
100 905
100 79
100 270
100 258
100 232
100 111
100 10
100 468
100 588
100 28
100 294
100 131
100 150
100 31
100 22
100 93
100 140
100 91
100 17
100 142
100 79
100 417
100 1248
100 382
100 34
100 127
100 440
100 20
100 195
100 865
100 108
100 28
100 1093
100 8
100 238
100 43
100 64
100 208
100 271
100 219
100 28
100 158
100 151
100 83
100 677
100 397
100 913
100 773
100 102
100 133
100 227
100 336
100 127
100 312
100 8
100 273
100 23
100 81
100 686
100 14
100 991
100 304
100 646
100 264
100 366
100 79
100 544
100 188
100 193
100 662
100 781
100 315
100 431
100 349
100 216
100 41
100 111
100 736
100 241
100 155
100 36
100 78
100 229
100 149
100 385
100 359
100 124
100 20
100 37
100 275
100 384
100 387
100 2080
100 115
100 254
100 629
100 250
100 842
100 419
100 243
100 113
100 286
100 678
100 296
100 44
100 871
100 388
100 32
100 381
100 420
100 283
100 221
100 326
100 315
100 428
100 94
100 0
100 222
100 267
100 111
100 95
100 845
100 7
100 77
100 136
100 194
100 725
100 82
100 190
100 22
100 205
100 421
100 439
100 282
100 221
100 180
100 31
100 4
100 118
100 435
100 253
100 766
100 37
100 404
100 20
100 46
100 213
100 337
100 125
100 204
100 357
100 98
100 1245
100 127
100 207
100 23
100 35
100 624
100 202
100 2
100 43
100 124
100 336
100 77
100 8
100 60
100 113
100 839
100 374
100 48
100 8
100 187
100 587
100 117
100 262
100 98
100 170
100 23
100 581
100 123
100 180
100 438
100 12
100 458
100 294
100 53
100 55
100 759
100 1281
100 166
100 608
100 2
100 86
100 62
100 540
100 422
100 523
100 474
100 104
100 48
100 536
100 81
100 87
100 388
100 172
100 97
100 422
100 3
100 866
100 178
100 371
100 216
100 208
100 1445
100 125
100 199
100 26
100 98
100 86
100 47
100 1672
100 105
100 88
100 275
100 188
100 224
100 53
100 211
100 425
100 203
100 187
100 162
100 821
100 164
100 657
100 282
100 125
100 540
100 885
100 84
100 170
100 133
100 73
100 276
100 528
100 33
100 551
100 37
100 184
100 204
100 475
100 160
100 186
100 299
100 20
100 150
100 545
100 165
100 80
100 140
100 33
100 107
100 129
100 774
100 528
100 308
100 82
100 1018
100 1616
100 83
100 464
100 218
100 687
100 665
100 234
100 324
100 59
100 361
100 49
100 98
100 383
100 6
100 169
100 272
100 262
100 129
100 60
100 271
100 300
100 296
100 257
100 200
100 124
100 338
100 516
100 14
100 315
100 94
100 96
100 693
100 54
100 504
100 83
100 297
100 386
100 455
100 408
100 275
100 462
100 620
100 250
100 0
100 46
100 226
100 587
100 10
100 704
100 113
100 525
100 601
100 310
100 162
100 34
100 209
100 70
100 149
100 1024
100 164
100 185
100 106
100 489
100 99
100 554
100 51
100 210
100 155
100 31
100 161
100 404
100 183
100 716
100 629
100 227
100 45
100 96
100 2
100 345
100 284
100 331
100 764
100 74
100 209
100 202
100 599
100 54
100 272
100 86
100 128
100 264
100 940
100 1262
100 42
100 203
100 531
100 71
100 59
100 451
100 728
100 372
100 200
100 16
100 296
100 277
100 134
100 323
100 481
100 725
100 220
100 47
100 229
100 509
100 297
100 505
100 342
100 344
100 329
100 214
100 18
100 140
100 291
100 148
100 259
100 237
100 746
100 1
100 348
100 221
100 476
100 692
100 40
100 128
100 38
100 380
100 27
100 5
100 489
100 237
100 470
100 135
100 2
100 57
100 436
100 845
100 298
100 342
100 266
100 6
100 344
100 280
100 151
100 274
100 180
100 66
100 545
100 351
100 866
100 108
100 21
100 38
100 170
100 737
100 96
100 324
100 131
100 52
100 68
100 14
100 369
100 513
100 350
100 85
100 306
100 10
100 133
100 136
100 733
100 54
100 24
100 107
100 44
100 70
100 722
100 71
100 570
100 601
100 266
100 441
100 532
100 64
100 691
100 56
100 405
100 26
100 662
100 97
100 164
100 518
100 87
100 32
100 242
100 21
100 171
100 25
100 893
100 282
100 124
100 212
100 7
100 205
100 86
100 291
100 48
100 575
100 888
100 398
100 50
100 86
100 528
100 169
100 128
100 180
100 72
100 331
100 181
100 227
100 539
100 319
100 136
100 91
100 533
100 306
100 241
100 136
100 281
100 89
100 50
100 62
100 800
100 103
100 30
100 0
100 18
100 206
100 189
100 416
100 751
100 88
100 70
100 31
100 139
100 435
100 268
100 530
100 534
100 236
100 22
100 296
100 278
100 410
100 57
100 601
100 147
100 932
100 111
100 68
100 922
100 653
100 698
100 1249
100 224
100 204
100 182
100 121
100 577
100 108
100 257
100 97
100 1039
100 292
100 72
100 506
100 289
100 44
100 223
100 376
100 374
100 278
100 95
100 19
100 772
100 697
100 768
100 348
100 53
100 171
100 330
100 577
100 680
100 100
100 658
100 183
100 98
100 106
100 237
100 971
100 648
100 426
100 126
100 58
100 1037
100 132
100 163
100 14
100 111
100 359
100 770
100 210
100 970
100 282
100 578
100 533
100 438
100 44
100 230
100 73
100 139
100 174
100 549
100 156
100 325
100 33
100 25
100 1209
100 509
100 14
100 167
100 21
100 22
100 831
100 749
100 448
100 523
100 1183
100 75
100 40
100 348
100 251
100 279
100 255
100 112
100 45
100 418
100 89
100 1
100 575
100 146
100 138
100 1027
100 124
100 112
100 377
100 36
100 493
100 163
100 691
100 1
100 82
100 932
100 76
100 266
100 652
100 231
100 106
100 145
100 1266
100 134
100 104
100 143
100 288
100 389
100 2996
100 797
100 52
100 1602
100 425
100 166
100 461
100 342
100 81
100 657
100 79
100 38
100 312
100 157
100 374
100 281
100 76
100 39
100 126
100 416
100 225
100 127
100 37
100 0
100 190
100 236
100 52
100 127
100 300
100 124
100 49
100 38
100 227
100 301
100 110
100 750
100 112
100 62
100 1032
100 266
100 63
100 534
100 69
100 185
100 541
100 89
100 563
100 315
100 204
100 253
100 432
100 98
100 82
100 352
100 307
100 80
100 189
100 79
100 1181
100 113
100 314
100 166
100 268
100 466
100 77
100 850
100 76
100 4
100 454
100 577
100 1257
100 94
100 349
100 150
100 124
100 99
100 29
100 64
100 44
100 356
100 423
100 573
100 645
100 422
100 504
100 355
100 113
100 317
100 235
100 267
100 169
100 4
100 76
100 203
100 37
100 74
100 13
100 185
100 685
100 90
100 502
100 79
100 35
100 884
100 122
100 213
100 123
100 107
100 323
100 3
100 73
100 1051
100 834
100 822
100 641
100 19
100 107
100 410
100 21
100 131
100 43
100 432
100 87
100 349
100 66
100 131
100 53
100 77
100 157
100 578
100 27
100 31
100 325
100 180
100 86
100 418
100 104
100 181
100 20
100 82
100 393
100 546
100 220
100 193
100 130
100 745
100 14
100 120
100 394
100 145
100 348
100 2
100 824
100 942
100 308
100 529
100 803
100 159
100 118
100 53
100 190
100 756
100 90
100 332
100 620
100 262
100 444
100 71
100 392
100 67
100 43
100 615
100 396
100 138
100 166
100 350
100 15
100 357
100 78
100 39
100 415
100 20
100 680
100 619
100 176
100 378
100 113
100 62
100 170
100 257
100 37
100 37
100 387
100 270
100 163
100 291
100 491
100 363
100 516
100 96
100 21
100 1701
100 319
100 371
100 599
100 211
100 303
100 10
100 44
100 894
100 111
100 404
100 476
100 1719
100 225
100 682
100 975
100 483
100 247
100 254
100 174
100 455
100 156
100 470
100 273
100 61
100 480
100 163
100 96
100 619
100 457
100 806
100 43
100 207
100 382
100 65
100 220
100 117
100 224
100 212
100 172
100 28
100 479
100 938
100 164
100 130
100 120
100 54
100 534
100 342
100 87
100 96
100 8
100 414
100 150
100 294
100 233
100 497
100 390
100 265
100 542
100 177
100 12
100 64
100 180
100 416
100 184
100 471
100 238
100 57
100 81
100 191
100 78
100 289
100 27
100 188
100 255
100 71
100 81
100 54
100 150
100 18
100 158
100 287
100 137
100 72
100 40
100 163
100 147
100 346
100 32
100 199
100 23
100 804
100 639
100 652
100 144
100 95
100 240
100 58
100 341
100 925
100 242
100 216
100 494
100 113
100 597
100 141
100 66
100 21
100 143
100 424
100 247
100 310
100 221
100 253
100 521
100 104
100 185
100 157
100 278
100 327
100 48
100 596
100 14
100 236
100 616
100 306
100 198
100 156
100 316
100 16
100 596
100 55
100 72
100 980
100 593
100 1083
100 252
100 28
100 251
100 533
100 86
100 191
100 28
100 392
100 39
100 979
100 248
100 432
100 143
100 166
100 594
100 365
100 205
100 57
100 127
100 745
100 89
100 88
100 286
100 41
100 21
100 43
100 156
100 124
100 898
100 257
100 32
100 101
100 135
100 335
100 86
100 141
100 397
100 116
100 46
100 759
100 117
100 962
100 657
100 148
100 221
100 351
100 943
100 13
100 233
100 152
100 110
100 53
100 269
100 1512
100 240
100 265
100 522
100 0
100 87
100 78
100 306
100 134
100 13
100 8
100 333
100 518
100 427
100 8
100 793
100 19
100 613
100 236
100 692
100 174
100 4
100 346
100 345
100 413
100 426
100 111
100 305
100 460
100 751
100 234
100 302
100 251
100 53
100 238
100 248
100 357
100 71
100 420
100 147
100 307
100 689
100 681
100 142
100 390
100 101
100 16
100 267
100 582
100 93
100 311
100 164
100 136
100 464
100 373
100 464
100 91
100 402
100 190
100 383
100 11
100 75
100 370
100 410
100 30
100 625
100 138
100 193
100 226
100 160
100 108
100 67
100 631
100 637
100 192
100 929
100 7
100 199
100 247
100 47
100 101
100 1405
100 224
100 152
100 1656
100 24
100 133
100 37
100 304
100 50
100 170
100 76
100 589
100 240
100 52
100 792
100 501
100 105
100 194
100 230
100 174
100 84
100 30
100 34
100 761
100 32
100 149
100 266
100 231
100 6
100 832
100 196
100 42
100 118
100 34
100 426
100 485
100 10
100 332
100 223
100 208
100 108
100 174
100 238
100 212
100 96
100 34
100 69
100 61
100 2096
100 19
100 219
100 1417
100 1170
100 339
100 302
100 148
100 310
100 1364
100 137
100 130
100 428
100 170
100 497
100 149
100 420
100 285
100 495
100 248
100 313
100 293
100 120
100 567
100 231
100 140
100 475
100 228
100 52
100 1176
100 91
100 281
100 164
100 136
100 4
100 305
100 540
100 236
100 37
100 195
100 94
100 77
100 641
100 201
100 113
100 752
100 593
100 80
100 592
100 233
100 183
100 67
100 150
100 588
100 161
100 236
100 222
100 78
100 291
100 1207
100 480
100 31
100 30
100 297
100 0
100 388
100 246
100 281
100 198
100 176
100 579
100 61
100 21
100 386
100 41
100 177
100 138
100 333
100 332
100 26
100 230
100 191
100 64
100 121
100 1014
100 334
100 34
100 596
100 76
100 149
100 98
100 211
100 245
100 15
100 516
100 446
100 468
100 360
100 501
100 62
100 554
100 408
100 27
100 66
100 815
100 156
100 1226
100 13
100 174
100 13
100 523
100 201
100 89
100 72
100 1587
100 148
100 1119
100 117
100 127
100 50
100 380
100 20
100 168
100 70
100 25
100 196
100 461
100 70
100 62
100 157
100 487
100 67
100 738
100 307
100 55
100 55
100 354
100 20
100 232
100 237
100 223
100 15
100 288
100 62
100 174
100 484
100 370
100 222
100 96
100 0
100 209
100 365
100 571
100 163
100 23
100 277
100 16
100 358
100 101
100 274
100 281
100 264
100 142
100 265
100 193
100 364
100 57
100 51
100 783
100 408
100 56
100 123
100 896
100 270
100 162
100 51
100 148
100 100
100 330
100 143
100 41
100 63
100 114
100 206
100 897
100 678
100 233
100 347
100 39
100 290
100 978
100 845
100 193
100 617
100 305
100 616
100 61
100 270
100 215
100 398
100 127
100 355
100 504
100 612
100 63
100 655
100 317
100 786
100 380
100 310
100 484
100 53
100 162
100 9
100 49
100 450
100 297
100 60
100 6
100 383
100 104
100 486
100 2
100 65
100 305
100 198
100 1113
100 41
100 279
100 248
100 828
100 48
100 199
100 90
100 432
100 266
100 270
100 552
100 509
100 6
100 44
100 587
100 216
100 47
100 496
100 140
100 199
100 85
100 434
100 226
100 45
100 48
100 73
100 335
100 218
100 601
100 122
100 27
100 460
100 53
100 509
100 572
100 404
100 79
100 81
100 9
100 74
100 246
100 66
100 274
100 372
100 164
100 16
100 81
100 15
100 53
100 544
100 79
100 147
100 59
100 910
100 228
100 58
100 663
100 555
100 236
100 284
100 44
100 1050
100 100
100 229
100 55
100 336
100 206
100 367
100 2
100 26
100 155
100 251
100 1064
100 138
100 144
100 176
100 215
100 176
100 13
100 41
100 37
100 288
100 49
100 1364
100 64
100 100
100 85
100 16
100 1107
100 86
100 118
100 139
100 317
100 99
100 389
100 716
100 251
100 918
100 72
100 1030
100 744
100 42
100 192
100 154
100 11
100 425
100 15
100 112
100 252
100 32
100 102
100 50
100 147
100 21
100 36
100 158
100 399
100 305
100 126
100 84
100 302
100 292
100 65
100 2
100 54
100 435
100 104
100 360
100 557
100 150
100 105
100 84
100 572
100 450
100 107
100 1
100 387
100 191
100 73
100 73
100 41
100 95
100 125
100 83
100 717
100 196
100 63
100 104
100 350
100 531
100 27
100 518
100 298
100 80
100 779
100 433
100 677
100 752
100 299
100 509
100 375
100 30
100 14
100 148
100 167
100 1
100 208
100 141
100 161
100 76
100 217
100 95
100 37
100 145
100 98
100 471
100 538
100 212
100 70
100 49
100 312
100 226
100 334
100 196
100 38
100 100
100 214
100 17
100 86
100 136
100 283
100 182
100 454
100 135
100 168
100 90
100 39
100 74
100 126
100 650
100 586
100 429
100 71
100 216
100 302
100 958
100 19
100 34
100 225
100 42
100 783
100 247
100 178
100 433
100 314
100 215
100 242
100 2
100 128
100 262
100 86
100 25
100 477
100 457
100 664
100 386
100 230
100 23
100 307
100 204
100 96
100 25
100 794
100 16
100 11
100 599
100 858
100 18
100 372
100 33
100 56
100 160
100 153
100 285
100 295
100 130
100 835
100 653
100 176
100 7
100 1288
100 185
100 186
100 1223
100 77
100 20
100 197
100 536
100 278
100 379
100 840
100 905
100 174
100 110
100 390
100 444
100 54
100 57
100 588
100 19
100 47
100 192
100 71
100 3
100 317
100 263
100 337
100 0
100 61
100 557
100 546
100 120
100 65
100 132
100 374
100 4
100 360
100 5
100 537
100 459
100 207
100 17
100 102
100 237
100 629
100 515
100 165
100 109
100 758
100 29
100 282
100 815
100 290
100 567
100 114
100 54
100 165
100 9
100 302
100 104
100 133
100 91
100 48
100 82
100 502
100 316
100 6
100 325
100 164
100 238
100 293
100 130
100 148
100 16
100 136
100 141
100 1097
100 730
100 75
100 122
100 663
100 369
100 1030
100 23
100 151
100 342
100 594
100 325
100 7
100 262
100 120
100 395
100 233
100 196
100 109
100 232
100 881
100 118
100 433
100 7
100 94
100 62
100 294
100 296
100 133
100 358
100 32
100 3
100 48
100 36
100 346
100 412
100 718
100 309
100 234
100 851
100 100
100 483
100 367
100 12
100 760
100 192
100 185
100 750
100 675
100 113
100 157
100 287
100 120
100 374
100 1272
100 272
100 517
100 662
100 1065
100 686
100 298
100 363
100 767
100 197
100 369
100 251
100 319
100 360
100 257
100 125
100 128
100 217
100 195
100 70
100 437
100 63
100 119
100 187
100 543
100 259
100 792
100 362
100 497
100 243
100 352
100 14
100 352
100 298
100 121
100 1223
100 322
100 226
100 104
100 899
100 553
100 180
100 604
100 73
100 499
100 18
100 122
100 72
100 782
100 278
100 56
100 39
100 175
100 179
100 124
100 23
100 583
100 141
100 325
100 308
100 425
100 178
100 1487
100 19
100 157
100 127
100 139
100 124
100 216
100 220
100 411
100 7
100 939
100 638
100 358
100 257
100 1
100 80
100 342
100 32
100 106
100 348
100 187
100 229
100 25
100 58
100 401
100 957
100 209
100 562
100 175
100 442
100 293
100 885
100 67
100 297
100 658
100 150
100 71
100 211
100 366
100 348
100 254
100 22
100 51
100 242
100 123
100 503
100 142
100 4
100 44
100 192
100 333
100 100
100 220
100 391
100 105
100 119
100 13
100 212
100 100
100 38
100 637
100 204
100 21
100 447
100 117
100 1382
100 20
100 181
100 53
100 862
100 5
100 148
100 306
100 110
100 712
100 558
100 383
100 1224
100 749
100 72
100 309
100 256
100 294
100 335
100 1569
100 90
100 269
100 75
100 135
100 184
100 25
100 123
100 156
100 768
100 396
100 26
100 168
100 354
100 199
100 95
100 568
100 95
100 396
100 240
100 240
100 182
100 87
100 158
100 29
100 216
100 258
100 265
100 193
100 36
100 172
100 596
100 678
100 177
100 332
100 6
100 709
100 221
100 354
100 650
100 365
100 31
100 642
100 103
100 32
100 212
100 391
100 277
100 453
100 703
100 269
100 33
100 115
100 110
100 1172
100 435
100 134
100 191
100 111
100 49
100 126
100 706
100 412
100 19
100 784
100 978
100 1301
100 558
100 36
100 327
100 498
100 445
100 291
100 119
100 121
100 122
100 613
100 30
100 324
100 293
100 148
100 145
100 752
100 46
100 166
100 253
100 67
100 19
100 63
100 1234
100 101
100 17
100 107
100 77
100 322
100 35
100 131
100 108
100 23
100 83
100 10
100 560
100 62
100 172
100 17
100 184
100 293
100 8
100 34
100 63
100 24
100 36
100 213
100 275
100 75
100 2
100 351
100 33
100 348
100 136
100 914
100 317
100 8
100 688
100 197
100 475
100 1102
100 162
100 48
100 137
100 387
100 1826
100 84
100 78
100 136
100 321
100 378
100 228
100 12
100 154
100 239
100 301
100 303
100 57
100 54
100 321
100 192
100 501
100 234
100 513
100 379
100 292
100 35
100 467
100 20
100 89
100 38
100 20
100 503
100 399
100 19
100 174
100 383
100 95
100 381
100 319
100 676
100 248
100 43
100 39
100 142
100 459
100 445
100 145
100 77
100 563
100 183
100 5
100 507
100 21
100 302
100 90
100 31
100 66
100 352
100 97
100 233
100 78
100 51
100 201
100 888
100 155
100 683
100 218
100 12
100 299
100 226
100 398
100 16
100 98
100 67
100 31
100 271
100 307
100 876
100 33
100 81
100 109
100 167
100 269
100 68
100 362
100 217
100 66
100 552
100 127
100 936
100 149
100 483
100 251
100 63
100 50
100 36
100 482
100 263
100 531
100 327
100 46
100 939
100 686
100 48
100 327
100 107
100 307
100 198
100 924
100 376
100 81
100 224
100 71
100 143
100 566
100 33
100 194
100 20
100 1443
100 306
100 111
100 348
100 231
100 357
100 421
100 140
100 366
100 201
100 564
100 466
100 23
100 1303
100 270
100 36
100 316
100 262
100 195
100 25
100 16
100 112
100 884
100 101
100 75
100 238
100 333
100 30
100 595
100 343
100 701
100 32
100 38
100 222
100 264
100 235
100 75
100 640
100 94
100 669
100 239
100 109
100 356
100 48
100 466
100 244
100 314
100 178
100 194
100 244
100 25
100 48
100 258
100 169
100 425
100 69
100 23
100 7
100 343
100 283
100 430
100 350
100 253
100 68
100 188
100 195
100 261
100 3
100 8
100 51
100 168
100 620
100 516
100 50
100 502
100 104
100 749
100 408
100 80
100 128
100 353
100 20
100 689
100 88
100 131
100 613
100 292
100 5
100 237
100 251
100 118
100 113
100 299
100 408
100 184
100 126
100 1531
100 679
100 328
100 682
100 293
100 719
100 354
100 242
100 349
100 331
100 175
100 644
100 200
100 472
100 143
100 382
100 118
100 397
100 68
100 111
100 143
100 409
100 366
100 360
100 624
100 81
100 31
100 178
100 75
100 504
100 219
100 239
100 112
100 982
100 411
100 120
100 338
100 208
100 334
100 142
100 196
100 406
100 65
100 71
100 192
100 6
100 926
100 716
100 237
100 260
100 356
100 218
100 383
100 143
100 104
100 211
100 493
100 404
100 201
100 171
100 145
100 52
100 1
100 196
100 429
100 171
100 291
100 375
100 412
100 57
100 156
100 283
100 100
100 245
100 316
100 77
100 388
100 188
100 348
100 1691
100 44
100 151
100 6
100 40
100 1224
100 15
100 721
100 410
100 103
100 757
100 117
100 492
100 422
100 289
100 331
100 643
100 10
100 172
100 370
100 504
100 341
100 162
100 362
100 9
100 111
100 353
100 245
100 119
100 309
100 41
100 400
100 119
100 18
100 871
100 327
100 78
100 464
100 257
100 1671
100 1083
100 561
100 6
100 245
100 386
100 669
100 1095
100 632
100 205
100 49
100 100
100 129
100 183
100 39
100 26
100 51
100 281
100 345
100 170
100 37
100 132
100 173
100 85
100 242
100 908
100 106
100 141
100 966
100 40
100 45
100 870
100 136
100 176
100 29
100 198
100 242
100 120
100 249
100 268
100 150
100 391
100 241
100 358
100 130
100 386
100 605
100 325
100 35
100 472
100 410
100 228
100 4
100 589
100 394
100 86
100 614
100 142
100 322
100 294
100 829
100 352
100 269
100 112
100 1209
100 40
100 264
100 258
100 73
100 158
100 174
100 646
100 424
100 17
100 183
100 268
100 183
100 77
100 364
100 1073
100 703
100 48
100 162
100 147
100 404
100 129
100 43
100 1775
100 94
100 13
100 721
100 136
100 812
100 53
100 447
100 1081
100 174
100 229
100 57
100 376
100 391
100 257
100 524
100 47
100 162
100 41
100 158
100 203
100 55
100 47
100 154
100 15
100 123
100 100
100 734
100 40
100 154
100 98
100 42
100 1007
100 421
100 216
100 163
100 89
100 158
100 248
100 176
100 79
100 0
100 832
100 376
100 411
100 187
100 566
100 124
100 11
100 749
100 1056
100 194
100 452
100 8
100 544
100 286
100 1460
100 272
100 8
100 575
100 0
100 281
100 126
100 260
100 48
100 265
100 545
100 171
100 462
100 41
100 264
100 731
100 264
100 53
100 764
100 151
100 54
100 439
100 411
100 28
100 107
100 203
100 197
100 70
100 213
100 804
100 116
100 62
100 12
100 512
100 318
100 364
100 100
100 595
100 43
100 780
100 302
100 363
100 177
100 344
100 37
100 126
100 45
100 155
100 575
100 29
100 630
100 156
100 144
100 317
100 908
100 304
100 1229
100 150
100 750
100 396
100 446
100 242
100 387
100 298
100 97
100 112
100 536
100 76
100 327
100 246
100 239
100 58
100 1573
100 257
100 482
100 235
100 48
100 313
100 733
100 205
100 384
100 288
100 161
100 12
100 23
100 518
100 306
100 1
100 358
100 142
100 167
100 107
100 144
100 216
100 633
100 75
100 1134
100 301
100 526
100 505
100 141
100 49
100 263
100 346
100 116
100 45
100 20
100 265
100 114
100 261
100 139
100 1050
100 186
100 770
100 95
100 167
100 66
100 11
100 626
100 23
100 137
100 228
100 27
100 435
100 342
100 745
100 133
100 337
100 30
100 688
100 114
100 543
100 318
100 680
100 256
100 363
100 105
100 185
100 1146
100 535
100 184
100 986
100 622
100 145
100 26
100 211
100 281
100 438
100 85
100 542
100 285
100 113
100 820
100 89
100 106
100 162
100 53
100 417
100 9
100 227
100 468
100 176
100 53
100 170
100 214
100 1303
100 607
100 171
100 203
100 10
100 67
100 477
100 278
100 662
100 168
100 6
100 275
100 14
100 84
100 306
100 81
100 21
100 411
100 170
100 155
100 52
100 315
100 194
100 164
100 637
100 99
100 190
100 646
100 129
100 784
100 73
100 495
100 483
100 27
100 597
100 10
100 13
100 166
100 307
100 218
100 810
100 43
100 474
100 130
100 32
100 112
100 289
100 129
100 176
100 247
100 65
100 1
100 219
100 186
100 25
100 175
100 290
100 688
100 243
100 699
100 166
100 386
100 648
100 155
100 397
100 184
100 359
100 213
100 99
100 296
100 38
100 249
100 131
100 310
100 145
100 377
100 75
100 521
100 338
100 89
100 325
100 228
100 537
100 63
100 563
100 472
100 275
100 128
100 959
100 42
100 13
100 266
100 557
100 429
100 244
100 1
100 91
100 95
100 367
100 1101
100 641
100 217
100 406
100 807
100 226
100 107
100 82
100 62
100 549
100 11
100 738
100 579
100 149
100 1076
100 194
100 70
100 75
100 33
100 136
100 236
100 4
100 787
100 693
100 437
100 1131
100 4
100 106
100 278
100 147
100 0
100 400
100 331
100 152
100 399
100 31
100 322
100 261
100 374
100 673
100 33
100 324
100 924
100 50
100 133
100 63
100 294
100 69
100 188
100 987
100 336
100 102
100 813
100 384
100 1132
100 135
100 293
100 52
100 335
100 8
100 483
100 464
100 4
100 51
100 45
100 29
100 380
100 428
100 171
100 706
100 82
100 31
100 839
100 329
100 262
100 209
100 2023
100 586
100 168
100 7
100 81
100 41
100 448
100 491
100 54
100 864
100 669
100 58
100 18
100 206
100 299
100 283
100 584
100 297
100 7
100 241
100 308
100 130
100 301
100 444
100 61
100 166
100 388
100 433
100 1
100 40
100 171
100 94
100 134
100 218
100 5
100 66
100 26
100 118
100 1180
100 57
100 287
100 118
100 190
100 6
100 125
100 306
100 335
100 130
100 29
100 216
100 35
100 231
100 650
100 147
100 20
100 432
100 118
100 443
100 41
100 105
100 846
100 321
100 109
100 123
100 465
100 17
100 60
100 261
100 141
100 100
100 221
100 423
100 404
100 399
100 595
100 128
100 112
100 402
100 93
100 530
100 69
100 985
100 1612
100 708
100 334
100 366
100 290
100 512
100 146
100 578
100 317
100 111
100 801
100 164
100 198
100 365
100 477
100 154
100 745
100 99
100 225
100 70
100 88
100 318
100 200
100 221
100 642
100 186
100 79
100 137
100 309
100 127
100 609
100 179
100 143
100 98
100 226
100 436
100 272
100 369
100 281
100 704
100 130
100 379
100 1133
100 110
100 534
100 350
100 305
100 21
100 886
100 37
100 125
100 16
100 170
100 456
100 665
100 22
100 171
100 573
100 4
100 186
100 263
100 60
100 1261
100 128
100 17
100 657
100 657
100 392
100 377
100 429
100 13
100 1270
100 139
100 347
100 625
100 131
100 30
100 1239
100 84
100 160
100 92
100 746
100 38
100 23
100 240
100 165
100 215
100 582
100 519
100 296
100 218
100 117
100 112
100 99
100 40
100 186
100 55
100 50
100 90
100 751
100 121
100 20
100 18
100 4
100 33
100 70
100 207
100 268
100 328
100 130
100 259
100 734
100 248
100 341
100 263
100 8
100 595
100 58
100 247
100 275
100 190
100 457
100 339
100 214
100 791
100 19
100 300
100 5
100 213
100 45
100 263
100 6
100 530
100 740
100 1252
100 143
100 690
100 50
100 248
100 526
100 169
100 159
100 276
100 21
100 93
100 330
100 0
100 222
100 108
100 12
100 918
100 38
100 262
100 142
100 28
100 526
100 379
100 13
100 518
100 513
100 105
100 204
100 230
100 665
100 42
100 616
100 1104
100 179
100 63
100 103
100 105
100 33
