100 160
100 206
100 88
100 217
100 107
100 1233
100 509
100 549
100 106
100 925
100 467
100 1323
100 118
100 264
100 206
100 389
100 299
100 51
100 207
100 859
100 365
100 175
100 57
100 1231
100 316
100 191
100 1304
100 98
100 13
100 74
100 254
100 311
100 228
100 833
100 442
100 1005
100 96
100 596
100 366
100 254
100 116
100 416
100 1421
100 939
100 557
100 639
100 15
100 438
100 2204
100 78
100 10
100 433
100 201
100 200
100 378
100 151
100 1829
100 128
100 199
100 242
100 716
100 388
100 224
100 536
100 416
100 588
100 745
100 128
100 182
100 643
100 355
100 125
100 2074
100 201
100 239
100 2614
100 360
100 1107
100 113
100 67
100 864
100 162
100 1431
100 605
100 6
100 870
100 165
100 285
100 159
100 583
100 353
100 83
100 263
100 1105
100 916
100 472
100 998
100 420
100 500
100 480
100 37
100 27
100 37
100 653
100 282
100 1965
100 61
100 858
100 159
100 1271
100 67
100 26
100 415
100 754
100 186
100 1690
100 631
100 177
100 66
100 157
100 649
100 169
100 1111
100 299
100 979
100 792
100 503
100 581
100 659
100 146
100 783
100 260
100 2017
100 2282
100 365
100 152
100 107
100 325
100 146
100 302
100 568
100 90
100 127
100 31
100 69
100 15
100 445
100 1136
100 215
100 346
100 490
100 326
100 92
100 1447
100 680
100 80
100 868
100 1033
100 234
100 335
100 396
100 51
100 547
100 891
100 457
100 365
100 614
100 157
100 729
100 775
100 402
100 159
100 48
100 842
100 143
100 170
100 667
100 167
100 1430
100 535
100 221
100 4
100 224
100 426
100 352
100 667
100 746
100 423
100 407
100 686
100 690
100 1859
100 525
100 361
100 576
100 1471
100 329
100 774
100 169
100 744
100 2298
100 541
100 262
100 923
100 203
100 214
100 1343
100 3
100 983
100 379
100 519
100 76
100 69
100 1891
100 193
100 611
100 841
100 505
100 212
100 1801
100 1490
100 334
100 759
100 134
100 1393
100 41
100 234
100 578
100 112
100 37
100 93
100 74
100 393
100 722
100 24
100 695
100 210
100 153
100 2288
100 209
100 206
100 229
100 108
100 267
100 40
100 68
100 1867
100 429
100 87
100 857
100 178
100 982
100 400
100 273
100 481
100 390
100 258
100 435
100 24
100 35
100 202
100 299
100 92
100 106
100 585
100 93
100 1120
100 452
100 23
100 185
100 1797
100 245
100 162
100 61
100 561
100 171
100 673
100 220
100 573
100 1017
100 374
100 451
100 826
100 391
100 543
100 408
100 283
100 99
100 20
100 921
100 658
100 296
100 23
100 253
100 765
100 174
100 603
100 167
100 167
100 387
100 678
100 349
100 721
100 371
100 499
100 56
100 261
100 701
100 363
100 1051
100 380
100 177
100 470
100 1886
100 202
100 1196
100 459
100 224
100 372
100 51
100 136
100 19
100 873
100 519
100 631
100 331
100 30
100 1601
100 1265
100 203
100 924
100 697
100 36
100 137
100 336
100 1096
100 76
100 404
100 245
100 239
100 438
100 1222
100 2271
100 105
100 618
100 102
100 93
100 252
100 583
100 411
100 184
100 368
100 129
100 103
100 4750
100 17
100 798
100 621
100 224
100 588
100 72
100 213
100 242
100 2143
100 0
100 811
100 271
100 268
100 26
100 217
100 740
100 1191
100 684
100 97
100 753
100 1430
100 230
100 245
100 287
100 138
100 1164
100 679
100 74
100 1509
100 280
100 1192
100 637
100 642
100 35
100 231
100 129
100 437
100 1152
100 338
100 358
100 865
100 880
100 126
100 313
100 504
100 1323
100 116
100 55
100 104
100 261
100 32
100 293
100 230
100 255
100 104
100 13
100 1254
100 1779
100 685
100 806
100 543
100 394
100 54
100 149
100 108
100 534
100 1097
100 47
100 63
100 833
100 119
100 596
100 245
100 694
100 804
100 1039
100 344
100 94
100 364
100 649
100 828
100 28
100 271
100 1709
100 159
100 187
100 422
100 38
100 2002
100 656
100 356
100 652
100 161
100 13
100 279
100 248
100 1344
100 230
100 387
100 793
100 413
100 595
100 941
100 517
100 77
100 1112
100 129
100 331
100 54
100 1593
100 304
100 1999
100 67
100 174
100 3
100 810
100 261
100 58
100 243
100 433
100 228
100 174
100 296
100 385
100 124
100 47
100 240
100 368
100 361
100 1874
100 31
100 156
100 320
100 536
100 210
100 1845
100 72
100 148
100 579
100 82
100 271
100 5
100 337
100 1207
100 520
100 9
100 841
100 300
100 66
100 408
100 983
100 264
100 202
100 65
100 301
100 462
100 811
100 288
100 1515
100 104
100 184
100 792
100 1322
100 1931
100 327
100 70
100 1201
100 655
100 937
100 92
100 129
100 136
100 46
100 571
100 465
100 56
100 945
100 238
100 1660
100 234
100 214
100 672
100 30
100 37
100 96
100 168
100 640
100 28
100 471
100 52
100 2283
100 159
100 941
100 40
100 172
100 412
100 47
100 88
100 544
100 639
100 786
100 311
100 719
100 836
100 604
100 829
100 402
100 509
100 983
100 1828
100 529
100 386
100 179
100 564
100 9
100 54
100 1026
100 2090
100 10
100 1380
100 9
100 132
100 1363
100 575
100 206
100 218
100 696
100 233
100 289
100 226
100 10
100 614
100 391
100 3778
100 1614
100 1797
100 448
100 874
100 903
100 568
100 115
100 768
100 293
100 445
100 360
100 643
100 342
100 446
100 365
100 671
100 103
100 72
100 244
100 134
100 425
100 27
100 239
100 56
100 849
100 216
100 821
100 795
100 45
100 29
100 327
100 926
100 670
100 395
100 63
100 286
100 2
100 1292
100 211
100 201
100 355
100 1213
100 466
100 1296
100 632
100 50
100 648
100 804
100 242
100 223
100 837
100 897
100 726
100 55
100 876
100 1254
100 549
100 1746
100 882
100 248
100 482
100 88
100 270
100 114
100 258
100 134
100 2265
100 79
100 617
100 18
100 97
100 705
100 243
100 5
100 517
100 1218
100 424
100 1979
100 823
100 516
100 111
100 793
100 2313
100 94
100 353
100 1034
100 84
100 86
100 317
100 880
100 96
100 23
100 230
100 491
100 1245
100 103
100 195
100 225
100 424
100 229
100 364
100 512
100 510
100 331
100 74
100 143
100 44
100 166
100 16
100 1002
100 1588
100 342
100 208
100 898
100 110
100 1936
100 73
100 681
100 32
100 1258
100 145
100 322
100 124
100 258
100 1622
100 371
100 131
100 109
100 1280
100 840
100 7
100 157
100 1502
100 61
100 950
100 677
100 309
100 470
100 169
100 800
100 251
100 337
100 298
100 504
100 268
100 598
100 500
100 129
100 62
100 137
100 360
100 295
100 174
100 140
100 563
100 25
100 260
100 116
100 387
100 78
100 355
100 1556
100 492
100 993
100 507
100 631
100 210
100 49
100 901
100 1503
100 210
100 934
100 74
100 48
100 171
100 301
100 1
100 37
100 143
100 924
100 131
100 430
100 129
100 207
100 51
100 443
100 38
100 42
100 41
100 261
100 3
100 655
100 1788
100 159
100 1473
100 180
100 325
100 355
100 323
100 167
100 2137
100 68
100 168
100 704
100 487
100 1047
100 370
100 1219
100 100
100 41
100 1098
100 103
100 1075
100 147
100 88
100 469
100 471
100 178
100 76
100 788
100 231
100 970
100 633
100 1342
100 170
100 302
100 1521
100 319
100 350
100 1147
100 462
100 1030
100 1853
100 162
100 318
100 316
100 153
100 283
100 834
100 714
100 225
100 1360
100 226
100 228
100 174
100 156
100 195
100 130
100 709
100 319
100 83
100 74
100 20
100 347
100 532
100 459
100 676
100 760
100 4292
100 154
100 179
100 1440
100 1586
100 417
100 319
100 169
100 346
100 60
100 762
100 265
100 361
100 210
100 412
100 1266
100 558
100 172
100 849
100 294
100 226
100 213
100 670
100 193
100 189
100 22
100 572
100 413
100 4
100 584
100 191
100 100
100 31
100 76
100 38
100 973
100 547
100 361
100 28
100 711
100 1
100 324
100 259
100 73
100 74
100 550
100 381
100 587
100 1401
100 46
100 1359
100 179
100 42
100 311
100 645
100 601
100 186
100 175
100 963
100 764
100 799
100 2429
100 89
100 289
100 300
100 1115
100 435
100 268
100 561
100 190
100 238
100 154
100 154
100 220
100 65
100 711
100 215
100 277
100 722
100 91
100 188
100 105
100 140
100 347
100 405
100 4
100 858
100 587
100 769
100 118
100 1035
100 1137
100 1490
100 575
100 435
100 1377
100 559
100 67
100 255
100 69
100 730
100 45
100 506
100 188
100 82
100 791
100 1026
100 202
100 1242
100 399
100 350
100 62
100 756
100 855
100 364
100 1757
100 1416
100 371
100 197
100 975
100 162
100 182
100 132
100 113
100 129
100 307
100 412
100 423
100 645
100 2738
100 377
100 397
100 684
100 142
100 224
100 278
100 76
100 476
100 43
100 1254
100 572
100 51
100 487
100 479
100 196
100 920
100 75
100 383
100 385
100 1242
100 235
100 155
100 109
100 654
100 4
100 86
100 994
100 29
100 260
100 417
100 26
100 807
100 59
100 31
100 515
100 1181
100 983
100 46
100 37
100 709
100 96
100 442
100 177
100 225
100 367
100 1668
100 728
100 36
100 1063
100 1554
100 2345
100 718
100 394
100 624
100 93
100 2
100 921
100 655
100 244
100 256
100 363
100 1503
100 853
100 542
100 46
100 376
100 1049
100 22
100 184
100 855
100 187
100 204
100 161
100 26
100 65
100 738
100 33
100 856
100 163
100 202
100 534
100 44
100 95
100 233
100 361
100 291
100 610
100 415
100 345
100 437
100 1861
100 1403
100 120
100 130
100 1321
100 215
100 111
100 117
100 76
100 486
100 858
100 25
100 573
100 668
100 190
100 978
100 42
100 47
100 188
100 114
100 89
100 89
100 42
100 581
100 866
100 884
100 38
100 241
100 363
100 12
100 263
100 1261
100 812
100 991
100 253
100 175
100 227
100 481
100 264
100 497
100 217
100 405
100 534
100 1327
100 572
100 157
100 315
100 133
100 82
100 965
100 17
100 87
100 9
100 4
100 1772
100 679
100 312
100 882
100 215
100 34
100 46
100 218
100 507
100 311
100 1523
100 48
100 1332
100 477
100 62
100 370
100 259
100 731
100 505
100 184
100 805
100 90
100 383
100 2807
100 566
100 378
100 109
100 455
100 882
100 782
100 521
100 173
100 364
100 276
100 110
100 2477
100 679
100 52
100 1418
100 819
100 1157
100 2122
100 967
100 24
100 1679
100 346
100 854
100 2662
100 189
100 535
100 995
100 347
100 278
100 94
100 1033
100 577
100 414
100 1
100 290
100 73
100 693
100 68
100 1165
100 614
100 2580
100 443
100 906
100 431
100 800
100 118
100 359
100 112
100 72
100 513
100 678
100 789
100 63
100 3
100 4
100 222
100 409
100 294
100 1
100 128
100 143
100 397
100 6
100 63
100 1133
100 866
100 127
100 631
100 577
100 425
100 337
100 464
100 501
100 543
100 2454
100 146
100 114
100 255
100 93
100 962
100 886
100 789
100 1013
100 461
100 1723
100 1017
100 22
100 164
100 100
100 225
100 242
100 1486
100 400
100 1526
100 34
100 1362
100 53
100 234
100 196
100 111
100 75
100 757
100 635
100 526
100 810
100 254
100 12
100 281
100 564
100 555
100 978
100 395
100 197
100 468
100 1650
100 193
100 23
100 441
100 210
100 249
100 92
100 1637
100 2533
100 315
100 1299
100 319
100 572
100 65
100 935
100 176
100 360
100 311
100 790
100 259
100 54
100 758
100 232
100 60
100 85
100 1756
100 319
100 729
100 286
100 31
100 457
100 412
100 670
100 617
100 340
100 277
100 406
100 1496
100 1979
100 591
100 917
100 23
100 605
100 81
100 604
100 118
100 143
100 687
100 249
100 72
100 145
100 337
100 433
100 451
100 121
100 123
100 62
100 859
100 569
100 771
100 139
100 459
100 42
100 221
100 122
100 523
100 13
100 141
100 354
100 633
100 120
100 40
100 796
100 682
100 901
100 350
100 660
100 337
100 325
100 530
100 634
100 154
100 210
100 1445
100 521
100 271
100 302
100 63
100 129
100 751
100 1531
100 147
100 463
100 989
100 1286
100 931
100 1040
100 587
100 1214
100 2013
100 1029
100 475
100 625
100 448
100 518
100 1149
100 905
100 53
100 683
100 137
100 175
100 414
100 204
100 1185
100 330
100 50
100 1528
100 648
100 946
100 118
100 149
100 576
100 370
100 404
100 380
100 490
100 70
100 2311
100 810
100 2132
100 83
100 161
100 1008
100 506
100 186
100 64
100 794
100 201
100 41
100 257
100 274
100 319
100 1401
100 7
100 445
100 489
100 1759
100 56
100 1931
100 1824
100 434
100 1456
100 119
100 155
100 918
100 107
100 465
100 118
100 34
100 10
100 1171
100 13
100 1499
100 198
100 488
100 10
100 1235
100 473
100 778
100 45
100 964
100 607
100 598
100 370
100 1339
100 598
100 924
100 48
100 478
100 812
100 384
100 520
100 98
100 243
100 38
100 217
100 119
100 847
100 205
100 16
100 861
100 58
100 1862
100 144
100 182
100 3095
100 720
100 428
100 2831
100 785
100 178
100 810
100 1191
100 433
100 227
100 244
100 491
100 860
100 401
100 1685
100 67
100 599
100 255
100 759
100 222
100 2013
100 559
100 270
100 56
100 161
100 580
100 1062
100 252
100 263
100 938
100 989
100 2054
100 141
100 1322
100 461
100 108
100 148
100 571
100 2018
100 1002
100 544
100 385
100 900
100 236
100 600
100 20
100 432
100 1451
100 153
100 463
100 100
100 304
100 674
100 134
100 133
100 197
100 164
100 28
100 395
100 2976
100 411
100 594
100 497
100 472
100 240
100 42
100 212
100 4
100 1510
100 105
100 499
100 927
100 130
100 560
100 620
100 680
100 201
100 47
100 649
100 629
100 540
100 90
100 252
100 18
100 519
100 1240
100 297
100 193
100 1097
100 1456
100 10
100 15
100 397
100 198
100 123
100 1903
100 257
100 377
100 588
100 840
100 218
100 76
100 2523
100 143
100 500
100 1277
100 1275
100 419
100 691
100 443
100 159
100 508
100 160
100 231
100 18
100 231
100 528
100 1263
100 155
100 524
100 182
100 3
100 393
100 355
100 549
100 456
100 1430
100 186
100 359
100 83
100 177
100 117
100 722
100 810
100 1018
100 178
100 829
100 30
100 370
100 1648
100 223
100 95
100 227
100 68
100 62
100 158
100 44
100 1797
100 1635
100 37
100 53
100 1079
100 378
100 319
100 699
100 262
100 182
100 22
100 212
100 201
100 1100
100 446
100 29
100 1331
100 829
100 20
100 178
100 75
100 1208
100 71
100 166
100 2075
100 1260
100 114
100 5
100 34
100 106
100 176
100 2199
100 176
100 780
100 95
100 492
100 1240
100 97
100 621
100 1132
100 1348
100 1682
100 664
100 307
100 90
100 1430
100 81
100 456
100 621
100 124
100 679
100 608
100 12
100 75
100 200
100 2408
100 433
100 933
100 90
100 173
100 444
100 95
100 535
100 190
100 299
100 127
100 197
100 23
100 1220
100 522
100 110
100 197
100 761
100 1288
100 653
100 981
100 42
100 357
100 341
100 29
100 1010
100 1
100 1530
100 335
100 494
100 145
100 951
100 235
100 1411
100 1066
100 130
100 183
100 390
100 658
100 367
100 331
100 251
100 276
100 634
100 622
100 157
100 145
100 599
100 263
100 52
100 41
100 11
100 351
100 122
100 114
100 435
100 238
100 1443
100 258
100 711
100 143
100 17
100 2
100 1078
100 272
100 459
100 357
100 185
100 1209
100 15
100 559
100 1038
100 951
100 401
100 838
100 1459
100 175
100 436
100 818
100 398
100 324
100 300
100 181
100 411
100 479
100 901
100 113
100 811
100 757
100 154
100 1550
100 272
100 42
100 35
100 147
100 502
100 166
100 28
100 180
100 1205
100 886
100 227
100 924
100 12
100 29
100 490
100 343
100 452
100 875
100 69
100 106
100 399
100 751
100 358
100 431
100 1260
100 155
100 351
100 437
100 72
100 317
100 33
100 456
100 20
100 1536
100 507
100 67
100 104
100 5
100 634
100 1651
100 18
100 707
100 12
100 723
100 52
100 358
100 226
100 1234
100 2
100 1042
100 163
100 1831
100 627
100 966
100 486
100 390
100 1173
100 473
100 253
100 1456
100 8
100 465
100 251
100 2548
100 9
100 394
100 110
100 802
100 1628
100 575
100 820
100 293
100 17
100 112
100 23
100 581
100 890
100 76
100 104
100 137
100 1336
100 1021
100 91
100 340
100 1222
100 502
100 297
100 330
100 484
100 151
100 618
100 171
100 1025
100 616
100 2281
100 728
100 197
100 1470
100 1158
100 1601
100 128
100 24
100 203
100 1425
100 339
100 1114
100 1045
100 78
100 78
100 699
100 318
100 512
100 329
100 377
100 485
100 247
100 2014
100 592
100 372
100 1270
100 1103
100 510
100 252
100 42
100 412
100 202
100 104
100 506
100 6
100 277
100 932
100 997
100 791
100 368
100 529
100 470
100 133
100 394
100 808
100 581
100 258
100 2609
100 920
100 2331
100 135
100 171
100 699
100 814
100 1321
100 19
100 123
100 130
100 1872
100 639
100 550
100 633
100 136
100 1063
100 562
100 78
100 1393
100 366
100 1359
100 1543
100 681
100 360
100 1604
100 612
100 164
100 453
100 2124
100 254
100 791
100 212
100 24
100 11
100 2
100 2255
100 1220
100 388
100 200
100 622
100 533
100 155
100 589
100 865
100 308
100 173
100 887
100 854
100 492
100 7
100 90
100 533
100 1869
100 1240
100 3
100 1005
100 65
100 307
100 1594
100 723
100 1931
100 46
100 200
100 245
100 1712
100 299
100 383
100 270
100 520
100 1364
100 1147
100 38
100 353
100 1199
100 672
100 217
100 1365
100 98
100 260
100 314
100 131
100 905
100 1151
100 237
100 15
100 259
100 1183
100 361
100 32
100 513
100 324
100 81
100 540
100 60
100 1458
100 998
100 302
100 44
100 928
100 333
100 349
100 114
100 465
100 913
100 504
100 1348
100 296
100 337
100 91
100 140
100 614
100 1191
100 1079
100 981
100 337
100 188
100 53
100 671
100 232
100 372
100 512
100 708
100 224
100 4523
100 36
100 245
100 32
100 1689
100 225
100 1175
100 382
100 157
100 945
100 734
100 105
100 154
100 1682
100 323
100 1836
100 468
100 48
100 283
100 928
100 128
100 551
100 321
100 1365
100 519
100 80
100 309
100 106
100 760
100 593
100 1027
100 293
100 696
100 1660
100 580
100 48
100 311
100 388
100 15
100 185
100 1560
100 1043
100 44
100 99
100 340
100 794
100 617
100 228
100 934
100 1969
100 401
100 7
100 312
100 1123
100 137
100 795
100 433
100 711
100 149
100 597
100 1184
100 1056
100 64
100 622
100 155
100 416
100 281
100 91
100 15
100 1154
100 203
100 468
100 548
100 668
100 642
100 283
100 92
100 128
100 85
100 163
100 199
100 815
100 1751
100 122
100 1240
100 1280
100 939
100 1680
100 360
100 1007
100 206
100 534
100 542
100 718
100 0
100 332
100 204
100 1143
100 345
100 995
100 124
100 308
100 1079
100 60
100 232
100 1027
100 458
100 787
100 868
100 456
100 490
100 234
100 122
100 1305
100 677
100 67
100 287
100 359
100 247
100 194
100 279
100 1334
100 795
100 159
100 192
100 844
100 603
100 1663
100 1863
100 845
100 1091
100 1047
100 472
100 812
100 388
100 1649
100 62
100 1413
100 396
100 580
100 88
100 129
100 2087
100 803
100 30
100 890
100 770
100 58
100 1138
100 1040
100 244
100 322
100 75
100 359
100 785
100 710
100 191
100 870
100 265
100 305
100 584
100 595
100 174
100 24
100 873
100 366
100 719
100 504
100 515
100 97
100 2001
100 1675
100 782
100 247
100 23
100 143
100 261
100 2901
100 820
100 175
100 223
100 1075
100 96
100 1192
100 928
100 687
100 523
100 1637
100 114
100 320
100 229
100 299
100 480
100 546
100 925
100 48
100 342
100 495
100 424
100 128
100 925
100 53
100 265
100 315
100 311
100 607
100 320
100 1756
100 153
100 289
100 349
100 0
100 236
100 131
100 153
100 450
100 86
100 728
100 100
100 339
100 1205
100 570
100 324
100 12
100 262
100 1546
100 131
100 631
100 224
100 34
100 965
100 92
100 565
100 410
100 557
100 1145
100 276
100 418
100 1257
100 2447
100 830
100 4998
100 80
100 1204
100 213
100 209
100 379
100 101
100 824
100 117
100 207
100 1340
100 512
100 851
100 140
100 565
100 632
100 273
100 1752
100 306
100 498
100 351
100 711
100 581
100 392
100 186
100 513
100 1236
100 482
100 154
100 897
100 428
100 515
100 153
100 66
100 16
100 423
100 518
100 24
100 642
100 1022
100 32
100 872
100 26
100 462
100 549
100 127
100 1464
100 62
100 577
100 3156
100 66
100 425
100 138
100 198
100 10
100 586
100 352
100 91
100 551
100 103
100 161
100 128
100 1140
100 1339
100 330
100 267
100 214
100 787
100 731
100 926
100 36
100 99
100 439
100 147
100 208
100 1088
100 789
100 1579
100 308
100 237
100 800
100 305
100 27
100 948
100 639
100 17
100 463
100 489
100 94
100 111
100 383
100 615
100 807
100 314
100 126
100 940
100 434
100 1187
100 427
100 557
100 936
100 357
100 455
100 410
100 773
100 93
100 208
100 254
100 422
100 858
100 168
100 172
100 192
100 797
100 2409
100 1698
100 342
100 365
100 485
100 628
100 7
100 974
100 33
100 64
100 448
100 142
100 1250
100 1067
100 6
100 865
100 178
100 1198
100 297
100 129
100 104
100 425
100 232
100 1149
100 287
100 286
100 1363
100 1118
100 301
100 1493
100 200
100 1046
100 783
100 1809
100 76
100 509
100 268
100 914
100 328
100 26
100 46
100 176
100 192
100 754
100 313
100 986
100 314
100 6
100 263
100 221
100 328
100 64
100 634
100 539
100 315
100 536
100 87
100 153
100 330
100 811
100 690
100 94
100 63
100 1322
100 206
100 17
100 192
100 41
100 1227
100 15
100 2220
100 375
100 79
100 1461
100 558
100 897
100 87
100 269
100 630
100 1190
100 897
100 289
100 698
100 324
100 224
100 493
100 135
100 1436
100 724
100 270
100 317
100 811
100 593
100 111
100 443
100 63
100 331
100 102
100 206
100 474
100 167
100 1060
100 525
100 9
100 154
100 31
100 204
100 27
100 380
100 1843
100 1069
100 451
100 209
100 469
100 948
100 258
100 324
100 216
100 950
100 344
100 179
100 15
100 925
100 1028
100 1728
100 6
100 387
100 1019
100 228
100 259
100 156
100 183
100 310
100 1239
100 101
100 1056
100 727
100 222
100 428
100 920
100 203
100 586
100 906
100 226
100 27
100 4
100 688
100 211
100 2380
100 2377
100 251
100 53
100 217
100 106
100 31
100 701
100 324
100 1183
100 149
100 1432
100 865
100 299
100 29
100 199
100 757
100 743
100 110
100 154
100 372
100 234
100 1101
100 122
100 250
100 884
100 247
100 93
100 270
100 443
100 116
100 58
100 1734
100 774
100 156
100 521
100 499
100 754
100 668
100 3475
100 1476
100 28
100 154
100 205
100 775
100 219
100 0
100 1993
100 857
100 72
100 437
100 324
100 307
100 96
100 42
100 744
100 56
100 238
100 35
100 61
100 275
100 139
100 266
100 29
100 680
100 284
100 624
100 173
100 248
100 573
100 628
100 3727
100 188
100 95
100 682
100 265
100 215
100 1047
100 57
100 272
100 92
100 146
100 103
100 325
100 435
100 1518
100 157
100 202
100 1148
100 541
100 152
100 581
100 1788
100 397
100 436
100 289
100 540
100 1187
100 41
100 78
100 432
100 187
100 218
100 1140
100 189
100 237
100 314
100 725
100 418
100 943
100 347
100 125
100 406
100 171
100 394
100 79
100 355
100 122
100 181
100 518
100 23
100 154
100 736
100 867
100 1061
100 602
100 1064
100 568
100 1148
100 766
100 175
100 401
100 160
100 562
100 141
100 1237
100 137
100 472
100 339
100 197
100 17
100 178
100 265
100 1147
100 309
100 1437
100 252
100 579
100 39
100 167
100 531
100 11
100 253
100 705
100 99
100 323
100 236
100 553
100 152
100 60
100 1057
100 407
100 78
100 822
100 329
100 11
100 272
100 1278
100 319
100 442
100 119
100 507
100 182
100 333
100 287
100 1338
100 1093
100 264
100 256
100 540
100 175
100 720
100 804
100 1035
100 410
100 689
100 1251
100 570
100 368
100 474
100 298
100 1618
100 1039
100 94
100 229
100 34
100 412
100 37
100 94
100 202
100 400
100 428
100 207
100 55
100 524
100 835
100 413
100 1077
100 1099
100 307
100 438
100 2996
100 18
100 104
100 779
100 44
100 52
100 2070
100 188
100 1203
100 787
100 1725
100 307
100 331
100 334
100 353
100 684
100 607
100 439
100 8
100 485
100 210
100 711
100 647
100 497
100 277
100 62
100 194
100 797
100 611
100 202
100 16
100 346
100 996
100 459
100 1467
100 96
100 349
100 594
100 569
100 213
100 265
100 310
100 145
100 359
100 492
100 199
100 326
100 26
100 499
100 3479
100 1141
100 376
100 213
100 235
100 707
100 437
100 328
100 477
100 32
100 1592
100 281
100 1211
100 473
100 708
100 465
100 1536
100 3934
100 53
100 44
100 539
100 450
100 99
100 1482
100 206
100 149
100 209
100 899
100 38
100 316
100 386
100 14
100 125
100 475
100 65
100 834
100 36
100 97
100 188
100 1668
100 5
100 1583
100 1465
100 396
100 316
100 56
100 858
100 536
100 153
100 1044
100 242
100 26
100 578
100 1188
100 59
100 1063
100 390
100 320
100 17
100 114
100 314
100 101
100 297
100 292
100 532
100 768
100 32
100 265
100 2370
100 935
100 1
100 1299
100 38
100 588
100 740
100 282
100 758
100 608
100 663
100 271
100 6
100 65
100 1920
100 1956
100 712
100 35
100 1004
100 1584
100 240
100 313
100 118
100 265
100 1639
100 154
100 2058
100 362
100 424
100 115
100 244
100 923
100 891
100 534
100 726
100 342
100 784
100 30
100 646
100 126
100 104
100 18
100 927
100 571
100 380
100 543
100 847
100 110
100 801
100 79
100 1099
100 165
100 743
100 1635
100 451
100 493
100 185
100 148
100 378
100 388
100 304
100 1452
100 872
100 70
100 702
100 471
100 308
100 980
100 655
100 1122
100 422
100 88
100 26
100 201
100 233
100 205
100 589
100 1587
100 872
100 519
100 316
100 790
100 1960
100 305
100 461
100 202
100 15
100 254
100 195
100 615
100 178
100 351
100 254
100 1861
100 750
100 181
100 498
100 817
100 26
100 96
100 89
100 649
100 169
100 1230
100 356
100 428
100 38
100 232
100 381
100 1797
100 1166
100 232
100 529
100 201
100 588
100 2077
100 165
100 235
100 948
100 918
100 281
100 55
100 249
100 106
100 1159
100 116
100 831
100 747
100 187
100 261
100 1590
100 1477
100 21
100 622
100 679
100 30
100 541
100 895
100 139
100 167
100 22
100 1083
100 460
100 986
100 220
100 842
100 189
100 44
100 482
100 1054
100 925
100 366
100 185
100 1617
100 547
100 1942
100 319
100 8
100 544
100 681
100 93
100 3211
100 194
100 1068
100 103
100 69
100 268
100 428
100 63
100 240
100 1805
100 722
100 191
100 718
100 71
100 538
100 217
100 1748
100 323
100 100
100 55
100 742
100 533
100 446
100 232
100 136
100 113
100 328
100 30
100 52
100 91
100 32
100 1145
100 426
100 0
100 628
100 116
100 319
100 508
100 240
100 70
100 1463
100 426
100 1951
100 49
100 300
100 21
100 612
100 386
100 100
100 338
100 137
100 342
100 3141
100 37
100 1106
100 625
100 99
100 652
100 128
100 1750
100 220
100 398
100 460
100 2497
100 1120
100 460
100 369
100 178
100 665
100 132
100 393
100 135
100 32
100 278
100 531
100 257
100 14
100 471
100 1086
100 131
100 2099
100 242
100 138
100 275
100 678
100 717
100 1574
100 181
100 283
100 11
100 95
100 1314
100 1657
100 1116
100 88
100 369
100 87
100 347
100 908
100 466
100 545
100 250
100 412
100 432
100 720
100 0
100 612
100 751
100 833
100 316
100 1297
100 1706
100 5
100 853
100 833
100 73
100 189
100 321
100 910
100 11
100 1292
100 59
100 346
100 547
100 222
100 230
100 1
100 157
100 9
100 571
100 194
100 170
100 640
100 134
100 99
100 973
100 608
100 418
100 914
100 334
100 1081
100 188
100 60
100 36
100 0
100 708
100 54
100 393
100 608
100 137
100 238
100 97
100 625
100 1
100 302
100 471
100 1209
100 952
100 552
100 162
100 1606
100 274
100 2106
100 1892
100 798
100 250
100 136
100 780
100 164
100 35
100 1121
100 12
100 8
100 661
100 513
100 624
100 517
100 192
100 385
100 1168
100 1253
100 988
100 585
100 2
100 1026
100 125
100 62
100 555
100 903
100 131
100 1945
100 398
100 994
100 542
100 43
100 98
100 2340
100 1046
100 152
100 56
100 173
100 148
100 85
100 195
100 748
100 16
100 395
100 1499
100 95
100 1434
100 887
100 589
100 550
100 629
100 636
100 241
100 385
100 366
100 152
100 36
100 350
100 241
100 109
100 47
100 1140
100 1393
100 709
100 289
100 130
100 188
100 866
100 427
100 2001
100 1025
100 64
100 577
100 205
100 45
100 2313
100 70
100 423
100 483
100 42
100 272
100 244
100 4
100 55
100 1237
100 1250
100 332
100 656
100 25
100 592
100 66
100 491
100 569
100 1121
100 613
100 718
100 40
100 36
100 35
100 221
100 570
100 374
100 63
100 1055
100 34
100 219
100 1029
100 157
100 43
100 1050
100 969
100 763
100 72
100 186
100 56
100 253
100 934
100 118
100 333
100 143
100 178
100 18
100 733
100 1532
100 124
100 1184
100 285
100 270
100 781
100 589
100 1079
100 160
100 1095
100 23
100 1163
100 239
100 457
100 26
100 361
100 1142
100 114
100 230
100 289
100 11
100 37
100 1452
100 56
100 43
100 777
100 66
100 225
100 370
100 579
100 417
100 19
100 1317
100 706
100 1454
100 861
100 369
100 0
100 247
100 266
100 1570
100 148
100 572
100 1707
100 399
100 59
100 456
100 254
100 275
100 182
100 589
100 677
100 1159
100 1040
100 889
100 183
100 420
100 1988
100 264
100 14
100 191
100 1238
100 1183
100 298
100 378
100 612
100 52
100 2270
100 50
100 8
100 3
100 2382
100 604
100 117
100 964
100 668
100 874
100 82
100 96
100 545
100 446
100 43
100 21
100 670
100 281
100 751
100 1393
100 2052
100 1036
100 135
100 1005
100 342
100 528
100 750
100 322
100 149
100 522
100 498
100 1384
100 432
100 427
100 1731
100 200
100 1179
100 411
100 658
100 217
100 513
100 286
100 1202
100 56
100 940
100 103
100 758
100 102
100 340
100 263
100 862
100 1281
100 797
100 160
100 242
100 321
100 1399
100 171
100 501
100 558
100 121
100 1170
100 84
100 94
100 1062
100 826
100 522
100 491
100 758
100 205
100 1591
100 90
100 216
100 666
100 552
100 426
100 923
100 128
100 630
100 125
100 688
100 1697
100 783
100 319
100 22
100 219
100 356
100 121
100 223
100 70
100 85
100 51
100 236
100 844
100 1410
100 229
100 255
100 1002
100 408
100 378
100 102
100 338
100 142
100 573
100 330
100 92
100 1327
100 13
100 494
100 128
100 152
100 123
100 186
100 952
100 270
100 1179
100 416
100 250
100 179
100 35
100 283
100 242
100 1178
100 1165
100 1363
100 878
100 143
100 1640
100 1100
100 1177
100 667
100 312
100 694
100 1317
100 29
100 358
100 290
100 44
100 655
100 1293
100 637
100 245
100 72
100 162
100 68
100 2216
100 1164
100 70
100 2059
100 1590
100 270
100 505
100 879
100 875
100 799
100 279
100 59
100 1275
100 442
100 410
100 580
100 1412
100 268
100 409
100 2043
100 520
100 753
100 59
100 697
100 236
100 414
100 135
100 232
100 400
100 325
100 37
100 155
100 99
100 805
100 434
100 133
100 753
100 184
100 770
100 71
100 1127
100 800
100 790
100 366
100 263
100 149
100 333
100 978
100 138
100 672
100 179
100 1957
100 414
100 341
100 135
100 74
100 782
100 336
100 386
100 137
100 542
100 153
100 1519
100 102
100 190
100 310
100 506
100 224
100 262
100 100
100 836
100 550
100 297
100 117
100 621
100 726
100 280
100 67
100 1190
100 690
100 31
100 332
100 244
100 286
100 509
100 74
100 101
100 562
100 1138
100 830
100 89
100 166
100 236
100 628
100 472
100 381
100 2
100 258
100 1625
100 831
100 1026
100 1404
100 599
100 1316
100 235
100 158
100 152
100 393
100 310
100 83
100 107
100 103
100 1866
100 1954
100 435
100 305
100 116
100 1777
100 240
100 486
100 742
100 986
100 469
100 761
100 1495
100 165
100 22
100 386
100 1513
100 799
100 24
100 108
100 408
100 45
100 24
100 603
100 823
100 1136
100 456
100 1794
100 98
100 835
100 251
100 824
100 959
100 181
100 328
100 138
100 595
100 144
100 162
100 351
100 139
100 370
100 265
100 214
100 1121
100 1790
100 162
100 27
100 961
100 358
100 408
100 43
100 253
100 306
100 2031
100 25
100 317
100 234
100 220
100 73
100 507
100 168
100 463
100 334
100 231
100 274
100 65
100 772
100 696
100 898
100 109
100 120
100 768
100 140
100 73
100 61
100 1269
100 58
100 193
100 590
100 511
100 867
100 249
100 1403
100 482
100 555
100 158
100 586
100 198
100 67
100 1011
100 189
100 13
100 63
100 31
100 818
100 410
100 705
100 36
100 692
100 79
100 388
100 138
100 875
100 199
100 0
100 47
100 426
100 200
100 346
100 464
100 797
100 422
100 62
100 469
100 130
100 140
100 222
100 255
100 381
100 382
100 37
100 1007
100 684
100 239
100 537
100 76
100 263
100 381
100 1025
100 959
100 175
100 150
100 320
100 1981
100 179
100 48
100 507
100 611
100 336
100 238
100 143
100 1652
100 683
100 234
100 220
100 723
100 200
100 304
100 91
100 1026
100 107
100 129
100 316
100 330
100 498
100 1007
100 150
100 7
100 133
100 511
100 1734
100 77
100 1631
100 1188
100 193
100 276
100 1041
100 1156
100 368
100 120
100 75
100 555
100 961
100 1413
100 165
100 76
100 1205
100 1615
100 253
100 1474
100 55
100 61
100 33
100 418
100 155
100 483
100 454
100 1404
100 541
100 1200
100 109
100 1439
100 30
100 570
100 60
100 459
100 260
100 51
100 394
100 227
100 42
100 431
100 596
100 1146
100 36
100 289
100 27
100 730
100 281
100 326
100 757
100 547
100 122
100 291
100 170
100 683
100 942
100 130
100 498
100 856
100 666
100 791
100 1202
100 21
100 438
100 354
100 1227
100 1716
100 299
100 1918
100 89
100 231
100 661
100 1013
100 570
100 729
100 1063
100 1091
100 747
100 117
100 266
100 111
100 83
100 202
100 61
100 617
100 5
100 256
100 82
100 646
100 221
100 1607
100 148
100 132
100 193
100 396
100 511
100 331
100 888
100 331
100 723
100 129
100 371
100 589
100 104
100 763
100 812
100 1089
100 816
100 534
100 16
100 163
100 686
100 152
100 122
100 155
100 65
100 185
100 721
100 484
100 296
100 1714
100 1669
100 537
100 107
100 6
100 1020
100 632
100 903
100 73
100 634
100 172
100 38
100 1647
100 1020
100 349
100 504
100 136
100 876
100 463
100 623
100 414
100 577
100 544
100 26
100 497
100 162
100 441
100 46
100 293
100 458
100 97
100 83
100 124
100 869
100 20
100 144
100 567
100 230
100 163
100 587
100 1205
100 124
100 621
100 1115
100 389
100 92
100 231
100 123
100 35
100 278
100 682
100 75
100 149
100 564
100 129
100 127
100 35
100 2660
100 117
100 246
100 657
100 37
100 331
100 40
100 1755
100 88
100 14
100 230
100 465
100 301
100 204
100 1115
100 779
100 2647
100 44
100 613
100 14
100 186
100 67
100 59
100 620
100 17
100 69
100 15
100 102
100 136
100 1248
100 129
100 1296
100 205
100 202
100 223
100 334
100 139
100 592
100 1170
100 701
100 2769
100 257
100 81
100 409
100 210
100 456
100 641
100 30
100 25
100 1229
100 583
100 185
100 38
100 535
100 195
100 128
100 1879
100 217
100 76
100 80
100 103
100 303
100 196
100 113
100 12
100 523
100 1182
100 132
100 263
100 65
100 886
100 152
100 152
100 1026
100 1265
100 511
100 429
100 225
100 243
100 461
100 1052
100 2120
100 1286
100 188
100 308
100 28
100 191
100 98
100 722
100 669
100 776
100 685
100 139
100 221
100 439
100 468
100 912
100 209
100 948
100 118
100 151
100 612
100 842
100 399
100 403
100 173
100 565
100 198
100 948
100 1665
100 1535
100 353
100 1225
100 596
100 397
100 119
100 620
100 128
100 487
100 57
100 290
100 1524
100 351
100 121
100 87
100 230
100 145
100 13
100 1366
100 782
100 391
100 642
100 94
100 141
100 410
100 286
100 890
100 1385
100 565
100 565
100 623
100 18
100 259
100 266
100 299
100 887
100 75
100 86
100 141
100 414
100 296
100 1609
100 30
100 81
100 250
100 228
100 386
100 394
100 407
100 172
100 686
100 134
100 125
100 407
100 812
100 489
100 106
100 77
100 975
100 214
100 1262
100 201
100 522
100 683
100 83
100 194
100 1124
100 2326
100 724
100 1708
100 118
100 590
100 682
100 880
100 110
100 510
100 48
100 684
100 570
100 484
100 195
100 532
100 362
100 469
100 14
100 1079
100 35
100 1037
100 248
100 873
100 383
100 737
100 668
100 850
100 609
100 98
100 40
100 433
100 224
100 927
100 528
100 94
100 196
100 259
100 286
100 824
100 159
100 301
100 338
100 34
100 924
100 0
100 681
100 0
100 345
100 161
100 97
100 354
100 411
100 104
100 645
100 520
100 287
100 203
100 590
100 109
100 429
100 71
100 117
100 443
100 237
100 129
100 403
100 106
100 880
100 1398
100 230
100 59
100 295
100 859
100 1177
100 292
100 476
100 70
100 84
100 289
100 1693
100 1231
100 288
100 363
100 1032
100 757
100 724
100 571
100 1158
100 577
100 122
100 366
100 927
100 485
100 13
100 1607
100 203
100 57
100 448
100 61
100 467
100 725
100 168
100 418
100 1520
100 340
100 5
100 760
100 141
100 443
100 482
100 2445
100 129
100 48
100 11
100 93
100 53
100 259
100 1864
100 212
100 168
100 249
100 248
100 19
100 1430
100 56
100 108
100 987
100 1024
100 363
100 755
100 1446
100 267
100 33
100 196
100 39
100 225
100 74
100 210
100 260
100 401
100 1
100 123
100 1223
100 714
100 1134
100 715
100 785
100 1529
100 3118
100 365
100 1214
100 245
100 442
100 1499
100 239
100 721
100 178
100 360
100 44
100 1176
100 110
100 187
100 2653
100 1235
100 201
100 65
100 413
100 1223
100 1003
100 901
100 1482
100 1166
100 1182
100 429
100 73
100 662
100 277
100 14
100 583
100 796
100 202
100 106
100 912
100 791
100 462
100 562
100 173
100 67
100 50
100 952
100 178
100 346
100 8
100 7
100 273
100 109
100 628
100 250
100 562
100 178
100 487
100 345
100 303
100 1484
100 612
100 312
100 556
100 2191
100 122
100 565
100 195
100 26
100 39
100 153
100 104
100 134
100 905
100 670
100 2374
100 185
100 1225
100 423
100 224
100 88
100 598
100 438
100 528
100 1058
100 301
100 256
100 203
100 84
100 189
100 596
100 302
100 166
100 505
100 1804
100 357
100 671
100 245
100 5
100 352
100 1068
100 749
100 125
100 443
100 940
100 647
100 54
100 23
100 290
100 259
100 302
100 978
100 193
100 451
100 50
100 648
100 64
100 1434
100 171
100 414
100 943
100 101
100 1816
100 46
100 368
100 334
100 2449
100 39
100 1033
100 634
100 1406
100 177
100 68
100 98
100 998
100 99
100 63
100 113
100 987
100 31
100 686
100 612
100 863
100 139
100 196
100 1336
100 509
100 367
100 175
100 1328
100 375
100 972
100 1009
100 1040
100 287
100 150
100 1838
100 213
100 248
100 113
100 1093
100 75
100 758
100 632
100 707
100 402
100 56
100 107
100 257
100 292
100 52
100 1397
100 616
100 821
100 2443
100 226
100 2446
100 806
100 312
100 709
100 20
100 9
100 391
100 456
100 120
100 185
100 227
100 725
100 874
100 366
100 1235
100 94
100 479
100 709
100 1699
100 117
100 585
100 2158
100 904
100 61
100 1184
100 555
100 779
100 41
100 193
100 505
100 248
100 759
100 649
100 372
100 814
100 275
100 603
100 1213
100 956
100 228
100 92
100 112
100 227
100 951
100 459
100 397
100 483
100 433
100 878
100 361
100 443
100 363
100 694
100 6
100 89
100 119
100 96
100 134
100 315
100 365
100 167
100 572
100 199
100 348
100 539
100 329
100 219
100 316
100 245
100 881
100 1402
100 329
100 161
100 636
100 66
100 1970
100 271
100 356
100 1049
100 507
100 438
100 292
100 1047
100 278
100 2054
100 224
100 324
100 731
100 2521
100 2704
100 280
100 2046
100 1553
100 2036
100 1528
100 360
100 390
100 300
100 348
100 532
100 1400
100 323
100 390
100 200
100 1592
100 136
100 138
100 122
100 235
100 425
100 899
100 316
100 184
100 413
100 941
100 1031
100 10
100 174
100 36
100 1569
100 190
100 927
100 277
100 1360
100 328
100 36
100 2778
100 850
100 706
100 24
100 204
100 783
100 945
100 84
100 851
100 285
100 370
100 163
100 737
100 367
100 762
100 485
100 1311
100 494
100 347
100 814
100 813
100 138
100 698
100 1196
100 586
100 682
100 677
100 158
100 841
100 2
100 648
100 532
100 497
100 617
100 325
100 743
100 79
100 363
100 372
100 2
100 587
100 525
100 1000
100 389
100 445
100 149
100 233
100 463
100 385
100 999
100 340
100 609
100 358
100 1215
100 53
100 557
100 1330
100 748
100 628
100 453
100 410
100 61
100 15
100 647
100 376
100 114
100 351
100 41
100 115
100 85
100 177
100 64
100 132
100 1462
100 745
100 4
100 734
100 790
100 2404
100 289
100 499
100 8
100 163
100 918
100 1034
100 893
100 152
100 88
100 127
100 618
100 611
100 158
100 152
100 1094
100 174
100 1435
100 34
100 352
100 285
100 524
100 239
100 171
100 368
100 276
100 1080
100 83
100 1153
100 388
100 530
100 505
100 472
100 760
100 45
100 23
100 433
100 101
100 453
100 663
100 568
100 393
100 244
100 105
100 1692
100 32
100 257
100 19
100 376
100 110
100 305
100 243
100 55
100 1073
100 611
100 1730
100 307
100 205
100 542
100 208
100 442
100 61
100 16
100 43
100 161
100 294
100 86
100 271
100 823
100 736
100 1104
100 98
100 83
100 33
100 331
100 69
100 1517
100 1412
100 440
100 841
100 662
100 535
100 208
100 1460
100 1108
100 819
100 72
100 694
100 12
100 68
100 116
100 3175
100 112
100 1029
100 270
100 1246
100 548
100 1206
100 152
100 501
100 141
100 651
100 679
100 234
100 392
100 569
100 586
100 740
100 913
100 931
100 180
100 1324
100 661
100 301
100 426
100 353
100 96
100 790
100 339
100 96
100 329
100 233
100 456
100 110
100 406
100 211
100 831
100 148
100 487
100 37
100 334
100 1758
100 535
100 1430
100 518
100 438
100 886
100 664
100 1181
100 41
100 212
100 101
100 1927
100 308
100 226
100 556
100 227
100 220
100 802
100 485
100 1867
100 109
100 151
100 614
100 485
100 198
100 318
100 1182
100 1029
100 1371
100 224
100 867
100 174
100 917
100 31
100 159
100 627
100 314
100 284
100 287
100 429
100 142
100 17
100 2130
100 1051
100 287
100 983
100 199
100 94
100 1112
100 564
100 19
100 92
100 281
100 151
100 1784
100 217
100 745
100 283
100 1489
100 22
100 772
100 377
100 396
100 803
100 922
100 126
100 418
100 79
100 1023
100 962
100 235
100 11
100 50
100 7
100 905
100 190
100 5
100 547
100 684
100 164
100 37
100 210
100 256
100 13
100 1774
100 926
100 414
100 1071
100 667
100 178
100 26
100 2316
100 1366
100 348
100 69
100 113
100 567
100 702
100 235
100 980
100 491
100 302
100 80
100 96
100 410
100 262
100 2264
100 470
100 84
100 77
100 185
100 77
100 288
100 236
100 357
100 164
100 409
100 980
100 508
100 628
100 18
100 289
100 99
100 415
100 931
100 372
100 144
100 191
100 26
100 45
100 145
100 455
100 205
100 562
100 70
100 971
100 1279
100 318
100 513
100 205
100 133
100 65
100 1797
100 96
100 730
100 406
100 476
100 580
100 192
100 209
100 241
100 599
100 285
100 238
100 782
100 173
100 15
100 149
100 230
100 373
100 107
100 235
100 108
100 70
100 44
100 111
100 1524
100 592
100 126
100 564
100 130
100 308
100 390
100 790
100 336
100 1243
100 176
100 1478
100 365
100 8
100 205
100 886
100 595
100 530
100 150
100 220
100 222
100 403
100 78
100 926
100 835
100 315
100 899
100 12
100 1249
100 44
100 1332
100 7
100 145
100 137
100 43
100 224
100 189
100 133
100 227
100 210
100 306
100 508
100 352
100 1381
100 131
100 251
100 1065
100 543
100 634
100 213
100 445
100 495
100 59
100 732
100 311
100 30
100 163
100 73
100 350
100 1284
100 390
100 500
100 248
100 313
100 491
100 198
100 303
100 171
100 76
100 102
100 400
100 1856
100 788
100 147
100 1893
100 819
100 996
100 119
100 785
100 1098
100 166
100 126
100 176
100 1197
100 584
100 1038
100 94
100 112
100 37
100 1156
100 408
100 184
100 481
100 1075
100 274
100 6
100 650
100 100
100 3982
100 24
100 77
100 763
100 436
100 703
100 354
100 1887
100 510
100 729
100 915
100 496
100 498
100 126
100 403
100 727
100 489
100 251
100 330
100 133
100 187
100 246
100 48
100 11
100 318
100 58
100 519
100 268
100 104
100 175
100 120
100 183
100 158
100 491
100 1033
100 57
100 347
100 90
100 573
100 42
100 752
100 950
100 281
100 536
100 265
100 1162
100 276
100 927
100 684
100 167
100 1670
100 679
100 531
100 261
100 608
100 1021
100 192
100 651
100 578
100 64
100 166
100 286
100 4
100 321
100 51
100 592
100 1111
100 130
100 146
100 1011
100 18
100 391
100 238
100 891
100 1345
100 198
100 1194
100 120
100 915
100 56
100 181
100 490
100 153
100 458
100 133
100 97
100 1025
100 2135
100 381
100 226
100 120
100 470
100 1403
100 63
100 903
100 1697
100 729
100 64
100 115
100 209
100 449
100 13
100 5
100 1355
100 345
100 1159
100 235
100 794
100 19
100 101
100 494
100 84
100 89
100 25
100 491
100 552
100 3558
100 518
100 401
100 1404
100 80
100 147
100 504
100 137
100 152
100 108
100 166
100 1168
100 1048
100 901
100 728
100 110
100 255
100 968
100 997
100 650
100 612
100 26
100 766
100 25
100 1139
100 2
100 1276
100 376
100 637
100 24
100 99
100 682
100 803
100 1485
100 330
100 431
100 505
100 196
100 222
100 681
100 844
100 94
100 426
100 784
100 2298
100 64
100 1844
100 472
100 69
100 274
100 708
100 86
100 151
100 283
100 196
100 664
100 340
100 1632
100 1071
100 223
100 302
100 273
100 1689
100 19
100 181
100 146
100 577
100 565
100 200
100 421
100 1641
100 24
100 388
100 241
100 1427
100 746
100 62
100 335
100 824
100 617
100 162
100 428
100 193
100 184
100 1278
100 347
100 354
100 384
100 264
100 569
100 119
100 532
100 634
100 284
100 131
100 9
100 11
100 153
100 1121
100 239
100 663
100 102
100 255
100 342
100 175
100 1298
100 359
100 94
100 1372
100 249
100 1515
100 108
100 114
100 1137
100 881
100 332
100 369
100 134
100 623
100 985
100 554
100 115
100 617
100 76
100 241
100 73
100 1067
100 425
100 229
100 63
100 790
100 248
100 157
100 373
100 1506
100 561
100 407
100 159
100 438
100 597
100 963
100 905
100 91
100 2492
100 117
100 56
100 15
100 298
100 919
100 154
100 533
100 302
100 437
100 6
100 177
100 2892
100 702
100 1264
100 547
100 329
100 762
100 44
100 376
100 93
100 2671
100 41
100 1482
100 59
100 1373
100 197
100 150
100 732
100 1067
100 356
100 1713
100 76
100 84
100 350
100 147
100 567
100 1126
100 550
100 1539
100 457
100 1171
100 498
100 61
100 322
100 558
100 332
100 1164
100 1740
100 454
100 163
100 705
100 87
100 38
100 655
100 290
100 362
100 6
100 632
100 227
100 700
100 552
100 100
100 1623
100 121
100 64
100 898
100 100
100 800
100 1409
100 308
100 677
100 297
100 528
100 72
100 222
100 222
100 169
100 748
100 54
100 996
100 1533
100 473
100 404
100 194
100 212
100 256
100 774
100 88
100 1323
100 416
100 1028
100 470
100 733
100 263
100 620
100 1412
100 429
100 245
100 446
100 848
100 391
100 808
100 1314
100 498
100 708
100 328
100 652
100 920
100 6
100 270
100 527
100 1463
100 421
100 18
100 216
100 181
100 1071
100 23
100 317
100 235
100 496
100 450
100 986
100 242
100 23
100 259
100 408
100 44
100 773
100 873
100 209
100 158
100 330
100 152
100 211
100 109
100 340
100 462
100 112
100 832
100 1529
100 1039
100 501
100 304
100 29
100 1076
100 253
100 1094
100 561
100 16
100 266
100 681
100 125
100 257
100 287
100 715
100 526
100 1084
100 218
100 163
100 289
100 626
100 221
100 377
100 1281
100 212
100 714
100 196
100 1343
100 100
100 551
100 329
100 413
100 413
100 1136
100 698
100 565
100 629
100 1489
100 667
100 635
100 732
100 311
100 99
100 341
100 630
100 62
100 2793
100 1116
100 869
100 130
100 215
100 72
100 790
100 137
100 593
100 61
100 276
100 877
100 508
100 431
100 712
100 104
100 784
100 548
100 51
100 254
100 710
100 77
100 252
100 8
100 375
100 609
100 335
100 1003
100 408
100 134
100 734
100 402
100 667
100 4
100 791
100 677
100 543
100 593
100 678
100 254
100 160
100 470
100 577
100 685
100 277
100 235
100 380
100 162
100 314
100 1252
100 1036
100 287
100 4
100 1278
100 77
100 1761
100 1059
100 138
100 78
100 161
100 1680
100 475
100 434
100 58
100 134
100 353
100 860
100 687
100 985
100 754
100 1638
100 751
100 243
100 547
100 726
100 0
100 226
100 472
100 767
100 788
100 172
100 624
100 703
100 496
100 273
100 366
100 997
100 97
100 10
100 67
100 331
100 936
100 249
100 1989
100 573
100 1409
100 53
100 195
100 189
100 173
100 623
100 856
100 576
100 374
100 177
100 656
100 218
100 181
100 318
100 690
100 52
100 272
100 273
100 352
100 372
100 346
100 952
100 173
100 178
100 688
100 768
100 26
100 312
100 425
100 262
100 682
100 1115
100 183
100 399
100 66
100 931
100 907
100 384
100 1240
100 240
100 676
100 428
100 59
100 2448
100 1261
100 164
100 1150
100 736
100 636
100 599
100 110
100 6
100 113
100 75
100 551
100 10
100 624
100 494
100 468
100 392
100 337
100 280
100 253
100 742
100 305
100 212
100 383
100 359
100 370
100 1050
100 1264
100 858
100 84
100 54
100 100
100 72
100 523
100 97
100 37
100 255
100 238
100 49
100 230
100 30
100 44
100 2254
100 231
100 1641
100 943
100 632
100 314
100 1025
100 164
100 3
100 726
100 610
100 148
100 356
100 271
100 218
100 250
100 169
100 809
100 695
100 450
100 280
100 269
100 876
100 33
100 140
100 302
100 123
100 842
100 61
100 75
100 22
100 1
100 467
100 13
100 325
100 1489
100 323
100 35
100 95
100 149
100 890
100 651
100 193
100 365
100 657
100 536
100 584
100 117
100 194
100 169
100 44
100 146
100 27
100 300
100 327
100 518
100 231
100 584
100 384
100 498
100 108
100 663
100 223
100 2818
100 432
100 1157
100 118
100 397
100 272
100 1312
100 227
100 70
100 677
100 411
100 71
100 179
100 703
100 225
100 135
100 418
100 1148
100 1718
100 216
100 286
100 198
100 436
100 508
100 78
100 407
100 235
100 1229
100 1197
100 93
100 132
100 2540
100 202
100 197
100 45
100 12
100 128
100 136
100 12
100 359
100 60
100 552
100 1064
100 2178
100 689
100 1070
100 72
100 425
100 109
100 215
100 737
100 63
100 233
100 1858
100 40
100 435
100 915
100 480
100 265
100 203
100 132
100 663
100 219
100 64
100 272
100 132
100 264
100 255
100 440
100 341
100 15
100 1155
100 283
100 625
100 82
100 64
100 310
100 81
100 1647
100 65
100 642
100 202
100 326
100 1049
100 1037
100 629
100 472
100 293
100 230
100 144
100 440
100 596
100 1461
100 67
100 196
100 160
100 497
100 128
100 809
100 102
100 1278
100 1466
100 747
100 151
100 1933
100 14
100 575
100 868
100 81
100 367
100 500
100 2048
100 945
100 428
100 399
100 10
100 1028
100 13
100 648
100 1257
100 741
100 2221
100 698
100 1143
100 79
100 449
100 62
100 1285
100 442
100 150
100 122
100 1019
100 1215
100 419
100 574
100 175
100 239
100 188
100 265
100 1251
100 284
100 21
100 449
100 234
100 87
100 521
100 997
100 202
100 3484
100 763
100 702
100 373
100 1184
100 329
100 152
100 431
100 8
100 594
100 1028
100 495
100 35
100 67
100 44
100 502
100 204
100 854
100 876
100 107
100 289
100 356
100 285
100 1391
100 664
100 132
100 15
100 278
100 680
100 920
100 1415
100 266
100 72
100 174
100 312
100 1934
100 1303
100 65
100 147
100 566
100 472
100 406
100 255
100 508
100 1003
100 1796
100 300
100 513
100 156
100 370
100 975
100 874
100 1744
100 659
100 542
100 390
100 2396
100 484
100 41
100 115
100 16
100 32
100 134
100 712
100 712
100 398
100 2284
100 237
100 655
100 2
100 985
100 286
100 99
100 117
100 150
100 122
100 420
100 861
100 10
100 666
100 781
100 417
100 209
100 32
100 155
100 1291
100 1507
100 743
100 858
100 1767
100 329
100 116
100 1149
100 301
100 121
100 158
100 964
100 564
100 82
100 391
100 362
100 397
100 121
100 263
100 583
100 376
100 850
100 909
100 283
100 705
100 1404
100 371
100 615
100 1349
100 41
100 70
100 121
100 508
100 143
100 64
100 259
100 310
100 1211
100 565
100 1021
100 793
100 711
100 157
100 769
100 421
100 454
100 772
100 359
100 175
100 60
100 1123
100 244
100 11
100 714
100 756
100 882
100 151
100 36
100 189
100 1384
100 1275
100 620
100 342
100 869
100 678
100 712
100 527
100 472
100 76
100 708
100 10
100 1585
100 343
100 409
100 829
100 195
100 299
100 116
100 1464
100 438
100 235
100 342
100 46
100 70
100 331
100 575
100 217
100 246
100 366
100 279
100 32
100 113
100 1255
100 107
100 935
100 455
100 879
100 93
100 5
100 1193
100 82
100 815
100 386
100 63
100 152
100 301
100 753
100 1180
100 361
100 5
100 188
100 1623
100 2381
100 363
100 22
100 142
100 347
100 19
100 683
100 644
100 418
100 511
100 33
100 36
100 2112
100 24
100 429
100 129
100 506
100 161
100 822
100 149
100 176
100 497
100 1333
100 348
100 393
100 181
100 77
100 306
100 767
100 237
100 401
100 1758
100 803
100 1056
100 982
100 470
100 672
100 120
100 420
100 80
100 180
100 856
100 861
100 45
100 477
100 1
100 707
100 1057
100 2080
100 111
100 243
100 1488
100 124
100 921
100 522
100 53
100 630
100 1039
100 204
100 143
100 982
100 564
100 269
100 627
100 1083
100 299
100 17
100 1068
100 321
100 1789
100 812
100 209
100 969
100 142
100 1084
100 221
100 1692
100 733
100 895
100 621
100 155
100 705
100 192
100 338
100 1350
100 167
100 75
100 558
100 175
100 116
100 673
100 599
100 173
100 657
100 483
100 1823
100 272
100 195
100 753
100 902
100 1127
100 40
100 731
100 1001
100 1765
100 16
100 228
100 490
100 295
100 835
100 588
100 729
100 1316
100 102
100 217
100 350
100 283
100 320
100 403
100 1016
100 186
100 330
100 301
100 248
100 499
100 471
100 605
100 973
100 1604
100 511
100 161
100 135
100 1285
100 696
100 1165
100 278
100 24
100 382
100 132
100 286
100 49
100 187
100 230
100 1016
100 2741
100 749
100 1649
100 229
100 158
100 450
100 20
100 166
100 935
100 341
100 133
100 182
100 303
100 1306
100 762
100 182
100 36
100 44
100 210
100 344
100 465
100 501
100 306
100 506
100 357
100 2476
100 820
100 297
100 57
100 317
100 294
100 120
100 427
100 170
100 540
100 120
100 704
100 987
100 472
100 18
100 523
100 844
100 350
100 382
100 184
100 1230
100 865
100 497
100 183
100 194
100 28
100 422
100 984
100 1056
100 849
100 398
100 402
100 104
100 451
100 501
100 313
100 75
100 78
100 297
100 290
100 497
100 277
100 641
100 114
100 383
100 1315
100 777
100 160
100 238
100 448
100 628
100 124
100 370
100 123
100 492
100 157
100 1772
100 424
100 425
100 25
100 31
100 931
100 1681
100 57
100 363
100 1241
100 842
100 126
100 307
100 938
100 135
100 83
100 1076
100 762
100 207
100 271
100 855
100 50
100 210
100 537
100 218
100 249
100 437
100 2101
100 763
100 290
100 182
100 490
100 1036
100 461
100 334
100 1238
100 1075
100 133
100 18
100 451
100 75
100 65
100 58
100 39
100 260
100 175
100 326
100 143
100 37
100 262
100 187
100 524
100 196
100 529
100 66
100 573
100 9
100 150
100 226
100 424
100 345
100 1838
100 1002
100 361
100 2009
100 1120
100 290
100 194
100 578
100 364
100 81
100 2055
100 1039
100 231
100 395
100 521
100 363
100 45
100 1159
100 611
100 380
100 506
100 1861
100 24
100 1235
100 266
100 102
100 1102
100 623
100 1285
100 117
100 2988
100 729
100 527
100 70
100 919
100 965
100 1543
100 123
100 1702
100 944
100 974
100 100
100 130
100 192
100 1172
100 276
100 105
100 1056
100 249
100 270
100 245
100 74
100 506
100 22
100 381
100 1724
100 282
100 3145
100 838
100 120
100 1741
100 447
100 62
100 294
100 353
100 330
100 1135
100 1215
100 815
100 357
100 1033
100 14
100 550
100 407
100 671
100 183
100 174
100 375
100 515
100 121
100 893
100 30
100 496
100 94
100 569
100 348
100 456
100 4
100 540
100 858
100 26
100 402
100 494
100 967
100 242
100 307
100 110
100 87
100 532
100 32
100 956
100 264
100 214
100 220
100 506
100 4520
100 166
100 84
100 133
100 38
100 64
100 48
100 234
100 289
100 351
100 974
100 284
100 290
100 942
100 897
100 311
100 891
100 241
100 92
100 512
100 406
100 568
100 265
100 207
100 596
100 335
100 13
100 16
100 134
100 687
100 79
100 1791
100 151
100 474
100 468
100 955
100 430
100 15
100 637
100 424
100 272
100 901
100 241
100 767
100 169
100 11
100 640
100 47
100 248
100 201
100 1658
100 46
100 1337
100 88
100 3
100 87
100 21
100 210
100 848
100 506
100 430
100 224
100 846
100 204
100 1323
100 86
100 211
100 149
100 127
100 981
100 161
100 157
100 1146
100 125
100 244
100 142
100 141
100 159
100 1
100 89
100 1137
100 75
100 359
100 180
100 1268
100 30
100 1215
100 374
100 373
100 321
100 318
100 11
100 126
100 1623
100 1095
100 174
100 25
100 602
100 186
100 933
100 47
100 222
100 61
100 224
100 1
100 342
100 2
100 219
100 133
100 391
100 672
100 596
100 252
100 514
100 17
100 197
100 1082
100 14
100 214
100 482
100 280
100 27
100 59
100 533
100 593
100 108
100 184
100 41
100 502
100 166
100 536
100 543
100 383
100 1320
100 296
100 159
100 421
100 51
100 286
100 1197
100 44
100 885
100 512
100 1140
100 171
100 1408
100 481
100 558
100 170
100 368
100 602
100 1177
100 166
100 330
100 1804
100 283
100 210
100 1986
100 894
100 205
100 460
100 1041
100 26
100 629
100 418
100 464
100 261
100 1
100 386
100 40
100 109
100 554
100 2025
100 138
100 944
100 172
100 270
100 95
100 306
100 767
100 81
100 117
100 362
100 67
100 81
100 1
100 1694
100 297
100 250
100 860
100 119
100 290
100 45
100 243
100 1795
100 235
100 199
100 518
100 304
100 99
100 87
100 119
100 872
100 770
100 1535
100 276
100 948
100 5
100 79
100 1227
100 121
100 800
100 1031
100 132
100 488
100 1058
100 236
100 217
100 95
100 351
100 73
100 132
100 45
100 514
100 60
100 459
100 523
100 484
100 412
100 1213
100 35
100 556
100 212
100 13
100 749
100 243
100 522
100 684
100 561
100 494
100 770
100 1192
100 1326
100 108
100 362
100 601
100 513
100 48
100 796
100 523
100 718
100 594
100 681
100 1302
100 1337
100 2037
100 491
100 1241
100 1058
100 1455
100 73
100 133
100 17
100 266
100 939
100 72
100 450
100 949
100 487
100 251
100 522
100 349
100 968
100 801
100 1186
100 143
100 228
100 358
100 355
100 920
100 614
100 56
100 511
100 875
100 35
100 385
100 66
100 646
100 558
100 2071
100 286
100 85
100 289
100 731
100 1377
100 624
100 1182
100 1247
100 287
100 53
100 816
100 424
100 932
100 850
100 170
100 225
100 109
100 127
100 501
100 483
100 959
100 956
100 153
100 91
100 294
100 441
100 55
100 369
100 991
100 403
100 184
100 296
100 119
100 111
100 366
100 48
100 68
100 1225
100 497
100 31
100 42
100 37
100 284
100 347
100 39
100 367
100 365
100 92
100 1318
100 271
100 245
100 131
100 83
100 293
100 341
100 345
100 1441
100 551
100 875
100 146
100 687
100 1175
100 289
100 1339
100 1005
100 1570
100 38
100 1600
100 644
100 121
100 169
100 290
100 292
100 878
100 619
100 305
100 38
100 170
100 545
100 394
100 166
100 534
100 345
100 160
100 115
100 340
100 68
100 543
100 450
100 1262
100 111
100 434
100 121
100 273
100 1014
100 1272
100 537
100 840
100 901
100 418
100 35
100 87
100 732
100 287
100 201
100 581
100 844
100 690
100 996
100 812
100 1940
100 270
100 350
100 72
100 110
100 3086
100 1123
100 247
100 279
100 39
100 1265
100 17
100 297
100 454
100 943
100 78
100 500
100 507
100 185
100 358
100 11
100 429
100 368
100 264
100 441
100 269
100 1262
100 698
100 560
100 13
100 5
100 1232
100 1400
100 10
100 204
100 344
100 49
100 365
100 305
100 18
100 182
100 280
100 1879
100 28
100 1783
100 940
100 811
100 227
100 148
100 1562
100 119
100 110
100 97
100 118
100 1306
100 19
100 749
100 157
100 142
100 105
100 71
100 705
100 24
100 121
100 99
100 359
100 1207
100 403
100 594
100 723
100 1086
100 383
100 504
100 8
100 210
100 1032
100 427
100 2725
100 1070
100 694
100 695
100 1193
100 275
100 74
100 44
100 1921
100 115
100 115
100 93
100 830
100 88
100 468
100 952
100 281
100 803
100 1003
100 32
100 8
100 179
100 411
100 851
100 574
100 290
100 412
100 993
100 147
100 251
100 363
100 603
100 678
100 94
100 1592
100 72
100 73
100 1429
100 1048
100 459
100 785
100 241
100 312
100 631
100 198
100 134
100 44
100 145
100 117
100 383
100 545
100 515
100 167
100 81
100 594
100 18
100 362
100 166
100 1485
100 321
100 311
100 356
100 478
100 227
100 40
100 995
100 81
100 372
100 21
100 250
100 215
100 722
100 65
100 220
100 609
100 215
100 351
100 1392
100 1647
100 587
100 1314
100 837
100 135
100 198
100 521
100 1285
100 61
100 234
100 111
100 1155
100 514
100 294
100 408
100 381
100 420
100 1239
100 243
100 155
100 630
100 732
100 848
100 231
100 1279
100 1171
100 100
100 214
100 243
100 166
100 153
100 595
100 2178
100 144
100 311
100 178
100 643
100 194
100 659
100 690
100 283
100 750
100 735
100 297
100 813
100 16
100 433
100 475
100 343
100 210
100 84
100 29
100 568
100 638
100 488
100 955
100 194
100 25
100 370
100 424
100 58
100 766
100 324
100 318
100 165
100 885
100 203
100 587
100 541
100 287
100 18
100 1182
100 82
100 299
100 1541
100 1
100 451
100 870
100 184
100 65
100 570
100 8
100 765
100 131
100 211
100 727
100 593
100 375
100 480
100 2589
100 67
100 917
100 471
100 217
100 201
100 1748
100 526
100 474
100 381
100 73
100 1081
100 2671
100 1271
100 206
100 53
100 61
100 877
100 581
100 1623
100 260
100 17
100 59
100 549
100 1024
100 1097
100 46
100 542
100 512
100 1266
100 166
100 772
100 10
100 452
100 40
100 212
100 165
100 707
100 228
100 490
100 101
100 8
100 470
100 123
100 272
100 178
100 229
100 305
100 338
100 555
100 1002
100 190
100 98
100 1856
100 396
100 414
100 578
100 1094
100 625
100 1099
100 321
100 51
100 130
100 602
100 941
100 281
100 448
100 8
100 286
100 69
100 907
100 788
100 100
100 666
100 255
100 8
100 621
100 400
100 807
100 39
100 348
100 17
100 7
100 353
100 82
100 158
100 83
100 450
100 668
100 113
100 2435
100 174
100 122
100 253
100 1248
100 156
100 124
100 162
100 985
100 715
100 102
100 488
100 844
100 488
100 129
100 593
100 513
100 3
100 644
100 1875
100 154
100 981
100 285
100 470
100 681
100 1054
100 1060
100 182
100 550
100 308
100 882
100 679
100 744
100 328
100 165
100 352
100 566
100 278
100 592
100 1364
100 110
100 2095
100 487
100 24
100 441
100 162
100 252
100 1027
100 330
100 189
100 408
100 295
100 508
100 141
100 149
100 949
100 114
100 44
100 143
100 646
100 1077
100 1087
100 285
100 424
100 108
100 202
100 647
100 78
100 222
100 358
100 535
100 815
100 863
100 352
100 911
100 619
100 1202
100 651
100 2823
100 1951
100 133
100 129
100 2532
100 347
100 76
100 126
100 261
100 135
100 579
100 55
100 547
100 96
100 237
100 439
100 351
100 262
100 298
100 224
100 550
100 251
100 479
100 131
100 1229
100 401
100 139
100 26
100 755
100 656
100 0
100 710
100 332
100 38
100 255
100 151
100 76
100 161
100 421
100 110
100 139
100 502
100 1229
100 566
100 1677
100 69
100 468
100 1538
100 20
100 140
100 1059
100 7
100 78
100 86
100 58
100 600
100 878
100 198
100 171
100 376
100 985
100 1228
100 1412
100 1177
100 3408
100 253
100 374
100 3159
100 215
100 146
100 200
100 949
100 748
100 1944
100 336
100 134
100 112
100 395
100 372
100 737
100 256
100 40
100 494
100 17
100 513
100 1375
100 348
100 101
100 29
100 781
100 156
100 1280
100 57
100 67
100 16
100 40
100 374
100 745
100 405
100 1567
100 506
100 590
100 220
100 846
100 39
100 190
100 98
100 201
100 31
100 191
100 520
100 3471
100 505
100 423
100 1662
100 69
100 236
100 564
100 1842
100 621
100 1356
100 88
100 217
100 84
100 1799
100 507
100 879
100 1738
100 856
100 106
100 319
100 248
100 1794
100 691
100 386
100 239
100 516
100 74
100 41
100 656
100 6
100 546
100 495
100 811
100 723
100 1062
100 78
100 15
100 708
100 1006
100 275
100 645
100 65
100 544
100 529
100 328
100 1086
100 1993
100 2981
100 480
100 151
100 135
100 1759
100 438
100 1250
100 497
100 487
100 167
100 808
100 1384
100 163
100 423
100 421
100 432
100 312
100 220
100 137
100 496
100 1052
100 624
100 64
100 1225
100 391
100 1764
100 127
100 702
100 1637
100 224
100 44
100 510
100 248
100 607
100 765
100 1337
100 32
100 107
100 579
100 1132
100 120
100 414
100 234
100 2491
100 697
100 478
100 609
100 135
100 40
100 983
100 1522
100 912
100 84
100 21
100 894
100 1046
100 184
100 838
100 276
100 375
100 1503
100 607
100 86
100 340
100 211
100 401
100 596
100 253
100 450
100 40
100 763
100 842
100 484
100 249
100 807
100 479
100 22
100 843
100 212
100 112
100 175
100 491
100 176
100 45
100 93
100 100
100 390
100 503
100 503
100 226
100 222
100 78
100 135
100 550
100 50
100 775
100 509
100 1480
100 172
100 516
100 251
100 983
100 289
100 875
100 184
100 1195
100 1618
100 316
100 54
100 1336
100 1542
100 171
100 369
100 1
100 2399
100 1421
100 952
100 441
100 209
100 509
100 666
100 413
100 24
100 753
100 692
100 515
100 218
100 506
100 35
100 160
100 802
100 367
100 55
100 109
100 197
100 313
100 69
100 338
100 589
100 566
100 66
100 175
100 142
100 177
100 505
100 974
100 1769
100 890
100 220
100 76
100 180
100 153
100 143
100 41
100 249
100 436
100 567
100 102
100 817
100 1093
100 1252
100 220
100 368
100 841
100 246
100 1307
100 785
100 948
100 368
100 216
100 164
100 446
100 47
100 863
100 300
100 0
100 326
100 8
100 65
100 421
100 53
100 932
100 305
100 16
100 42
100 86
100 899
100 859
100 200
100 16
100 891
100 334
100 1294
100 1195
100 128
100 172
100 163
100 12
100 1114
100 388
100 151
100 663
100 1019
100 170
100 907
100 685
100 31
100 99
100 277
100 522
100 108
100 136
100 59
100 26
100 108
100 385
100 558
100 87
100 107
100 95
100 228
100 748
100 957
100 771
100 443
100 955
100 1303
100 340
100 529
100 822
100 7
100 228
100 534
100 1514
100 1045
100 351
100 640
100 6
100 672
100 61
100 1098
100 51
100 568
100 806
100 575
100 864
100 234
100 2823
100 159
100 1532
100 144
100 611
100 268
100 2056
100 1080
100 87
100 62
100 795
100 3187
100 304
100 227
100 10
100 1117
100 1056
100 466
100 1617
100 877
100 831
100 119
100 85
100 618
100 51
100 1596
100 1081
100 361
100 34
100 219
100 219
100 85
100 533
100 281
100 335
100 1218
100 234
100 382
100 754
100 119
100 871
100 567
100 68
100 77
100 2318
100 21
100 9
100 352
100 13
100 1098
100 279
100 14
100 366
100 350
100 145
100 443
100 892
100 384
100 143
100 38
100 228
100 228
100 801
100 413
100 238
100 315
100 19
100 770
100 138
100 1309
100 764
100 118
100 140
100 377
100 382
100 499
100 556
100 395
100 237
100 1062
100 712
100 485
100 1197
100 207
100 105
100 227
100 598
100 1051
100 175
100 23
100 275
100 1768
100 556
100 1832
100 1262
100 1668
100 1124
100 560
100 752
100 1153
100 637
100 1662
100 241
100 1514
100 120
100 22
100 101
100 585
100 20
100 578
100 1882
100 1548
100 14
100 341
100 75
100 177
100 44
100 26
100 32
100 136
100 798
100 1589
100 381
100 926
100 203
100 354
100 1500
100 21
100 712
100 48
100 372
100 519
100 1284
100 52
100 546
100 30
100 380
100 1467
100 127
100 705
100 509
100 719
100 452
100 74
100 168
100 730
100 231
100 901
100 39
100 634
100 1754
100 361
100 85
100 426
100 134
100 470
100 209
100 1668
100 271
100 638
100 7
100 788
100 496
100 4
100 5
100 568
100 767
100 1021
100 44
100 562
100 9
100 440
100 403
100 283
100 184
100 1282
100 414
100 268
100 952
100 140
100 1304
100 232
100 219
100 77
100 21
100 461
100 42
100 160
100 357
100 971
100 172
100 682
100 280
100 415
100 618
100 469
100 263
100 477
100 1261
100 778
100 467
100 159
100 35
100 798
100 4
100 136
100 435
100 548
100 516
100 764
100 12
100 85
100 494
100 149
100 743
100 292
100 1467
100 384
100 170
100 354
100 919
100 1043
100 221
100 419
100 428
100 359
100 447
100 18
100 846
100 362
100 914
100 51
100 598
100 144
100 274
100 456
100 98
100 1156
100 432
100 162
100 236
100 745
100 12
100 478
100 1168
100 1295
100 243
100 714
100 820
100 79
100 523
100 738
100 311
100 954
100 842
100 1141
100 113
100 689
100 879
100 235
100 282
100 98
100 109
100 317
100 709
100 185
100 961
100 320
100 872
100 655
100 59
100 108
100 586
100 493
100 33
100 518
100 109
100 965
100 160
100 197
100 18
100 1146
100 122
100 214
100 238
100 1577
100 609
100 701
100 369
100 240
100 154
100 253
100 1528
100 1595
100 2250
100 624
100 731
100 2159
100 1202
100 300
100 1938
100 322
100 92
100 337
100 962
100 89
100 99
100 296
100 195
100 1020
100 131
100 85
100 35
100 165
100 186
100 381
100 731
100 668
100 110
100 217
100 765
100 170
100 676
100 408
100 51
100 130
100 582
100 1244
100 211
100 20
100 207
100 7
100 808
100 182
100 498
100 844
100 107
100 510
100 226
100 23
100 765
100 1928
100 424
100 221
100 74
100 324
100 190
100 119
100 67
100 394
100 0
100 470
100 1082
100 214
100 411
100 337
100 204
100 457
100 327
100 197
100 82
100 687
100 540
100 199
100 784
100 145
100 814
100 53
100 123
100 35
100 1036
100 1647
100 1888
100 713
100 178
100 894
100 1239
100 858
100 59
100 157
100 243
100 8
100 852
100 194
100 33
100 1171
100 2266
100 1984
100 233
100 307
100 16
100 21
100 144
100 121
100 13
100 753
100 319
100 148
100 1076
100 75
100 327
100 722
100 199
100 158
100 429
100 273
100 945
100 407
100 59
100 281
100 417
100 477
100 87
100 2975
100 1519
100 601
100 736
100 489
100 21
100 1153
100 72
100 874
100 790
100 1691
100 239
100 33
100 173
100 1431
100 981
100 791
100 113
100 312
100 457
100 62
100 504
100 972
100 373
100 83
100 445
100 193
100 57
100 361
100 972
100 914
100 667
100 59
100 1311
100 1845
100 128
100 225
100 308
100 442
100 73
100 87
100 119
100 253
100 565
100 101
100 182
100 740
100 1273
100 277
100 208
100 224
100 1270
100 878
100 38
100 571
100 438
100 1033
100 1706
100 507
100 861
100 180
100 185
100 41
100 387
100 237
100 505
100 525
100 1043
100 2
100 524
100 371
100 1032
100 1492
100 279
100 815
100 354
100 168
100 385
100 670
100 1059
100 112
100 1039
100 90
100 2476
100 65
100 153
100 5
100 417
100 474
100 375
100 587
100 212
100 24
100 531
100 1044
100 603
100 174
100 94
100 1637
100 1748
100 730
100 57
100 508
100 297
100 212
100 227
100 1402
100 1306
100 754
100 160
100 309
100 554
100 73
100 977
100 1056
100 617
100 424
100 673
100 996
100 704
100 455
100 334
100 832
100 797
100 590
100 176
100 505
100 712
100 1693
100 34
100 396
100 450
100 248
100 1094
100 737
100 337
100 416
100 76
100 475
100 514
100 1224
100 202
100 1363
100 250
100 121
100 325
100 507
100 2414
100 1689
100 777
100 7
100 416
100 971
100 35
100 250
100 462
100 459
100 46
100 581
100 292
100 701
100 981
100 442
100 360
100 2709
100 441
100 360
100 234
100 1765
100 3015
100 456
100 753
100 338
100 670
100 76
100 369
100 218
100 563
100 2
100 104
100 987
100 392
100 1436
100 413
100 29
100 240
100 814
100 25
100 1707
100 585
100 665
100 283
100 50
100 61
100 109
100 743
100 1262
100 78
100 312
100 975
100 357
100 166
100 661
100 838
100 640
100 803
100 974
100 48
100 68
100 69
100 59
100 2081
100 1127
100 32
100 493
100 1040
100 109
100 9
100 1123
100 549
100 231
100 151
100 1900
100 200
100 429
100 150
100 72
100 623
100 957
100 334
100 2
100 408
100 13
100 245
100 1550
100 612
100 1169
100 328
100 29
100 563
100 347
100 222
100 469
100 807
100 929
100 917
100 94
100 62
100 294
100 70
100 7
100 313
100 451
100 42
100 1129
100 925
100 722
100 843
100 473
100 414
100 56
100 1510
100 2308
100 668
100 396
100 707
100 77
100 180
100 2162
100 366
100 386
100 185
100 385
100 115
100 16
100 2019
100 421
100 823
100 255
100 1154
100 2045
100 328
100 26
100 1199
100 423
100 213
100 898
100 260
100 1293
100 821
100 109
100 529
100 495
100 73
100 927
100 3343
100 2192
100 1613
100 14
100 726
100 236
100 1315
100 1002
100 214
100 338
100 304
100 177
100 776
100 404
100 251
100 1123
100 5
100 678
100 12
100 481
100 641
100 598
100 117
100 1368
100 177
100 116
100 475
100 125
100 197
100 440
100 47
100 17
100 124
100 494
100 299
100 471
100 886
100 227
100 103
100 476
100 1179
100 281
100 433
100 700
100 672
100 474
100 551
100 57
100 465
100 1407
100 1402
100 968
100 1336
100 485
100 199
100 521
100 86
100 404
100 1344
100 9
100 120
100 1751
100 303
100 31
100 341
100 392
100 428
100 1198
100 71
100 359
100 946
100 107
100 152
100 1872
100 18
100 930
100 626
100 473
100 692
100 57
100 582
100 857
100 233
100 7
100 297
100 283
100 71
100 73
100 131
100 1144
100 32
100 781
100 1110
100 1297
100 223
100 156
100 19
100 1305
100 18
100 285
100 146
100 216
100 65
100 454
100 771
100 425
100 172
100 134
100 140
100 34
100 1441
100 743
100 283
100 981
100 1539
100 545
100 545
100 338
100 370
100 1535
100 68
100 1109
100 1514
100 67
100 520
100 332
100 330
100 110
100 720
100 904
100 271
100 4556
100 49
100 822
100 1254
100 135
100 158
100 1104
100 872
100 268
100 149
100 196
100 333
100 92
100 99
100 781
100 487
100 85
100 153
100 1227
100 212
100 12
100 971
100 348
100 172
100 112
100 1161
100 77
100 49
100 916
100 305
100 80
100 594
100 42
100 267
100 438
100 1065
100 542
100 96
100 29
100 261
100 3
100 1135
100 233
100 1591
100 770
100 1611
100 16
100 174
100 331
100 283
100 416
100 347
100 1091
100 2214
100 272
100 316
100 225
100 1428
100 2016
100 108
100 1241
100 330
100 251
100 72
100 315
100 1684
100 504
100 485
100 92
100 781
100 425
100 552
100 295
100 2030
100 900
100 2919
100 306
100 1380
100 97
100 557
100 379
100 1038
100 4
100 76
100 530
100 98
100 717
100 1254
100 591
100 356
100 227
100 46
100 138
100 667
100 72
100 768
100 612
100 245
100 1430
100 665
100 1041
100 192
100 105
100 36
100 775
100 565
100 680
100 165
100 145
100 1546
100 158
100 166
100 63
100 1530
100 6
100 1551
100 359
100 529
100 668
100 180
100 43
100 675
100 520
100 15
100 256
100 185
100 399
100 63
100 572
100 548
100 638
100 263
100 75
100 117
100 152
100 365
100 453
100 71
100 1273
100 822
100 3929
100 1582
100 1
100 14
100 433
100 611
100 1624
100 2352
100 114
100 271
100 983
100 122
100 175
100 315
100 39
100 113
100 78
100 135
100 292
100 729
100 28
100 345
100 439
100 156
100 82
100 548
100 169
100 66
100 57
100 317
100 1512
100 1154
100 105
100 148
100 1052
100 1037
100 16
100 444
100 83
100 637
100 189
100 1026
100 4
100 8
100 1886
100 1258
100 175
100 257
100 147
100 40
100 622
100 224
100 256
100 111
100 1030
100 98
100 356
100 2396
100 114
100 75
100 143
100 2906
100 578
100 230
100 565
100 1064
100 1745
100 77
100 220
100 297
100 907
100 4
100 256
100 1133
100 59
100 232
100 434
100 147
100 411
100 87
100 552
100 191
100 74
100 48
100 192
100 904
100 327
100 179
100 1060
100 1209
100 277
100 57
100 638
100 215
100 53
100 215
100 322
100 369
100 242
100 376
100 167
100 645
100 1033
100 560
100 15
100 480
100 354
100 545
100 369
100 20
100 190
100 34
100 352
100 2476
100 246
100 925
100 168
100 49
100 148
100 810
100 873
100 1075
100 980
100 194
100 111
100 773
100 122
100 1271
100 2531
100 790
100 514
100 289
100 182
100 436
100 2375
100 481
100 206
100 414
100 1467
100 874
100 29
100 211
100 666
100 170
100 1844
100 2391
100 307
100 383
100 249
100 259
100 1172
100 30
100 196
100 436
100 252
100 47
100 115
100 416
100 222
100 9
100 378
100 11
100 818
100 201
100 166
100 578
100 33
100 718
100 59
100 29
100 332
100 925
100 88
100 147
100 78
100 174
100 2104
100 191
100 144
100 400
100 582
100 262
100 230
100 30
100 1818
100 2085
100 147
100 193
100 559
100 34
100 894
100 814
100 397
100 71
100 367
100 807
100 564
100 306
100 450
100 200
100 876
100 283
100 856
100 378
100 469
100 56
100 404
100 146
100 542
100 841
100 1076
100 7
100 116
100 1521
100 87
100 42
100 274
100 1000
100 32
100 426
100 139
100 234
100 1236
100 733
100 402
100 7
100 397
100 274
100 723
100 416
100 717
100 672
100 240
100 481
100 812
100 286
100 779
100 183
100 60
100 907
100 132
100 288
100 31
100 650
100 279
100 794
100 476
100 162
100 474
100 1259
100 371
100 45
100 791
100 742
100 530
100 118
100 1927
100 107
100 477
100 942
100 420
100 849
100 88
100 481
100 949
100 235
100 5
100 189
100 909
100 837
100 55
100 328
100 223
100 386
100 339
100 197
100 81
100 2341
100 315
100 339
100 217
100 551
100 82
100 536
100 78
100 554
100 837
100 30
100 373
100 168
100 111
100 753
100 1185
100 70
100 620
100 1937
100 199
100 337
100 487
100 713
100 430
100 1317
100 209
100 33
100 215
100 77
100 1140
100 30
100 122
100 308
100 245
100 284
100 942
100 255
100 143
100 928
100 705
100 1306
100 47
100 644
100 1149
100 12
100 329
100 996
100 604
100 18
100 743
100 1205
100 176
100 324
100 32
100 250
100 448
100 2084
100 212
100 304
100 3175
100 414
100 1043
100 228
100 139
100 449
100 362
100 191
100 141
100 15
100 187
100 116
100 1091
100 336
100 693
100 376
100 1131
100 2891
100 335
100 747
100 250
100 691
100 143
100 400
100 1202
100 273
100 70
100 122
100 480
100 1
100 327
100 562
100 655
100 1021
100 14
100 488
100 1947
100 34
100 1096
100 200
100 826
100 1100
100 262
100 251
100 258
100 170
100 106
100 137
100 223
100 282
100 488
100 53
100 498
100 750
100 88
100 250
100 48
100 0
100 419
100 1968
100 1084
100 258
100 70
100 223
100 639
100 946
100 135
100 895
100 465
100 183
100 448
100 945
100 0
100 299
100 528
100 293
100 285
100 823
100 224
100 1011
100 676
100 625
100 40
100 285
100 7
100 225
100 884
100 791
100 802
100 35
100 714
100 1740
100 488
100 520
100 83
100 63
100 439
100 314
100 591
100 76
100 1638
100 611
100 314
100 360
100 991
100 128
100 461
100 897
100 659
100 137
100 71
100 53
100 621
100 938
100 799
100 2612
100 415
100 332
100 311
100 139
100 126
100 110
100 163
100 200
100 962
100 718
100 553
100 32
100 181
100 348
100 2790
100 42
100 959
100 2104
100 356
100 310
100 81
100 147
100 558
100 188
100 58
100 277
100 379
100 472
100 140
100 37
100 671
100 1891
100 427
100 370
100 650
100 269
100 9
100 335
100 484
100 675
100 614
100 1115
100 39
100 1492
100 1428
100 457
100 941
100 145
100 774
100 256
100 64
100 256
100 937
100 643
100 676
100 128
100 806
100 360
100 91
100 310
100 540
100 839
100 41
100 774
100 1032
100 234
100 1468
100 839
100 336
100 167
100 209
100 628
100 5
100 905
100 236
100 55
100 658
100 1142
100 135
100 159
100 23
100 264
100 146
100 597
100 1767
100 187
100 687
100 2257
100 224
100 490
100 327
100 589
100 84
100 647
100 787
100 703
100 475
100 659
100 597
100 844
100 928
100 51
100 347
100 208
100 221
100 544
100 382
100 1163
100 239
100 326
100 1050
100 214
100 1296
100 93
100 322
100 405
100 134
100 1249
100 135
100 159
100 250
100 186
100 260
100 251
100 18
100 205
100 26
100 7
100 289
100 279
100 738
100 800
100 1802
100 1216
100 34
100 280
100 55
100 72
100 173
100 94
100 308
100 360
100 1098
100 99
100 347
100 71
100 636
100 304
100 20
100 2185
100 1844
100 748
100 368
100 246
100 42
100 452
100 201
100 1550
100 1944
100 501
100 672
100 365
100 309
100 253
100 241
100 487
100 736
100 1252
100 11
100 377
100 968
100 986
100 0
100 197
100 730
100 255
100 352
100 230
100 1103
100 77
100 293
100 1086
100 2139
100 545
100 450
100 687
100 549
100 109
100 574
100 692
100 245
100 91
100 128
100 997
100 1156
100 97
100 319
100 223
100 49
100 608
100 586
100 16
100 442
100 250
100 307
100 478
100 328
100 46
100 659
100 85
100 167
100 525
100 393
100 102
100 200
100 186
100 366
100 1823
100 321
100 92
100 153
100 1548
100 281
100 244
100 328
100 353
100 1639
100 148
100 1513
100 380
100 374
100 918
100 388
100 245
100 2210
100 269
100 1032
100 368
100 289
100 574
100 579
100 543
100 393
100 241
100 58
100 235
100 59
100 196
100 268
100 216
100 698
100 710
100 171
100 549
100 343
100 116
100 961
100 114
100 190
100 321
100 586
100 1275
100 142
100 537
100 353
100 864
100 411
100 514
100 176
100 16
100 48
100 179
100 2364
100 203
100 705
100 329
100 1495
100 1858
100 545
100 5
100 536
100 80
100 8
100 354
100 1701
100 335
100 715
100 1105
100 258
100 1255
100 1183
100 1282
100 303
100 582
100 751
100 440
100 739
100 379
100 2716
100 305
100 135
100 43
100 265
100 168
100 798
100 493
100 359
100 165
100 619
100 755
100 409
100 794
100 247
100 306
100 493
100 31
100 255
100 229
100 842
100 793
100 304
100 135
100 30
100 553
100 1379
100 544
100 1714
100 70
100 148
100 3542
100 383
100 141
100 686
100 14
100 159
100 30
100 807
100 516
100 900
100 662
100 1415
100 78
100 322
100 136
100 805
100 1401
100 497
100 220
100 626
100 1449
100 575
100 1061
100 27
100 390
100 635
100 109
100 237
100 931
100 1665
100 580
100 1272
100 477
100 246
100 1382
100 310
100 640
100 497
100 1140
100 87
100 321
100 53
100 434
100 998
100 160
100 124
100 1485
100 214
100 946
100 676
100 496
100 1296
100 226
100 945
100 314
100 185
100 144
100 2104
100 183
100 646
100 113
100 565
100 596
100 417
100 262
100 512
100 302
100 23
100 60
100 1209
100 89
100 462
100 1456
100 354
100 538
100 213
100 515
100 732
100 285
100 344
100 546
100 2091
100 161
100 440
100 4002
100 963
100 173
100 70
100 390
100 269
100 28
100 126
100 506
100 11
100 125
100 94
100 67
100 87
100 182
100 1512
100 270
100 185
100 233
100 1312
100 921
100 26
100 12
100 825
100 520
100 40
100 2201
100 114
100 697
100 310
100 187
100 127
100 148
100 73
100 669
100 755
100 109
100 1723
100 237
100 479
100 85
100 2305
100 198
100 1092
100 167
100 148
100 935
100 683
100 361
100 398
100 176
100 5
100 198
100 459
100 475
100 798
100 2745
100 494
100 648
100 499
100 366
100 240
100 316
100 683
100 53
100 167
100 266
100 525
100 268
100 341
100 71
100 26
100 21
100 94
100 41
100 326
100 520
100 570
100 0
100 354
100 303
100 577
100 201
100 779
100 650
100 334
100 934
100 18
100 231
100 46
100 96
100 1175
100 195
100 1237
100 264
100 165
100 1279
100 613
100 324
100 361
100 440
100 443
100 2
100 58
100 467
100 15
100 193
100 149
100 27
100 523
100 173
100 7
100 93
100 980
100 1576
100 1453
100 8
100 1252
100 1696
100 251
100 462
100 1100
100 1366
100 1609
100 86
100 1128
100 55
100 1474
100 113
100 294
100 255
100 134
100 327
100 18
100 759
100 844
100 558
100 1198
100 234
100 218
100 292
100 256
100 88
100 414
100 973
100 439
100 259
100 210
100 538
100 245
100 1205
100 73
100 281
100 180
100 4
100 240
100 539
100 587
100 236
100 658
100 180
100 467
100 1034
100 291
100 515
100 1531
100 59
100 503
100 629
100 997
100 654
100 873
100 55
100 401
100 325
100 84
100 1645
100 2220
100 149
100 134
100 80
100 575
100 864
100 975
100 817
100 292
100 8
100 1817
100 802
100 1181
100 441
100 1657
100 667
100 342
100 174
100 375
100 43
100 1580
100 418
100 28
100 191
100 1429
100 248
100 768
100 302
100 13
100 300
100 206
100 223
100 177
100 1268
100 295
100 84
100 99
100 451
100 1528
100 978
100 163
100 1269
100 316
100 177
100 293
100 413
100 370
100 799
100 74
100 964
100 711
100 2
100 54
100 282
100 321
100 504
100 323
100 34
100 939
100 58
100 435
100 1220
100 94
100 790
100 471
100 462
100 371
100 147
100 189
100 3038
100 1312
100 254
100 906
100 224
100 32
100 208
100 423
100 105
100 5
100 977
100 61
100 943
100 39
100 244
100 1111
100 385
100 379
100 869
100 517
100 188
100 410
100 216
100 34
100 729
100 583
100 784
100 1100
100 249
100 331
100 118
100 488
100 254
100 3511
100 460
100 149
100 298
100 224
100 84
100 68
100 352
100 1523
100 27
100 2839
100 86
100 32
100 356
100 278
100 120
100 516
100 644
100 496
100 291
100 1460
100 173
100 120
100 355
100 197
100 347
100 132
100 543
100 954
100 209
100 112
100 99
100 1432
100 28
100 40
100 401
100 254
100 155
100 321
100 1159
100 1664
100 281
100 649
100 330
100 165
100 951
100 343
100 199
100 440
100 389
100 680
100 300
100 592
100 261
100 65
100 1205
100 216
100 626
100 183
100 88
100 308
100 121
100 636
100 1167
100 285
100 895
100 876
100 1142
100 1
100 1457
100 353
100 436
100 572
100 198
100 889
100 207
100 2417
100 232
100 256
100 332
100 449
100 183
100 1181
100 928
100 751
100 954
100 1360
100 367
100 177
100 110
100 254
100 282
100 133
100 2761
100 449
100 1682
100 48
100 162
100 1117
100 409
100 590
100 1497
100 258
100 662
100 55
100 242
100 552
100 1279
100 565
100 120
100 167
100 1153
100 1218
100 113
100 109
100 263
100 891
100 424
100 367
100 510
100 1492
100 666
100 1229
100 151
100 481
100 1308
100 1577
100 1823
100 79
100 395
100 266
100 217
100 1851
100 539
100 403
100 940
100 712
100 822
100 784
100 627
100 867
100 969
100 861
100 869
100 794
100 242
100 504
100 797
100 7
100 90
100 523
100 294
100 278
100 1788
100 911
100 143
100 2028
100 1900
100 218
100 637
100 578
100 5
100 1213
100 184
100 469
100 587
100 78
100 517
100 101
100 456
100 1096
100 371
100 1704
100 972
100 104
100 737
100 518
100 1315
100 473
100 791
100 1100
100 272
100 103
100 14
100 991
100 47
