100 45
100 1055
100 75
100 97
100 319
100 1361
100 634
100 285
100 1410
100 757
100 1443
100 537
100 7
100 1856
100 43
100 301
100 1625
100 454
100 423
100 573
100 396
100 211
100 439
100 1906
100 424
100 2055
100 2410
100 834
100 488
100 79
100 218
100 761
100 31
100 1188
100 333
100 19
100 457
100 301
100 347
100 79
100 357
100 64
100 910
100 363
100 854
100 550
100 215
100 190
100 196
100 643
100 551
100 378
100 1600
100 196
100 306
100 186
100 231
100 3649
100 719
100 629
100 293
100 500
100 895
100 1296
100 922
100 83
100 56
100 786
100 81
100 2296
100 542
100 1268
100 93
100 1498
100 432
100 59
100 693
100 530
100 1439
100 482
100 670
100 438
100 740
100 2976
100 340
100 1131
100 1577
100 288
100 1061
100 58
100 149
100 245
100 734
100 21
100 272
100 1027
100 1285
100 1987
100 1234
100 103
100 1930
100 497
100 93
100 127
100 511
100 43
100 900
100 431
100 1468
100 409
100 310
100 1106
100 30
100 163
100 908
100 672
100 164
100 57
100 1283
100 119
100 61
100 347
100 120
100 71
100 317
100 439
100 467
100 2910
100 351
100 921
100 359
100 908
100 1785
100 1364
100 39
100 552
100 1328
100 864
100 239
100 355
100 1496
100 424
100 491
100 359
100 559
100 437
100 1046
100 144
100 122
100 443
100 313
100 302
100 593
100 191
100 784
100 1455
100 605
100 614
100 494
100 1509
100 327
100 629
100 876
100 842
100 49
100 467
100 2533
100 51
100 74
100 767
100 1182
100 13
100 660
100 1394
100 214
100 708
100 429
100 1189
100 111
100 518
100 461
100 43
100 535
100 718
100 584
100 880
100 37
100 1554
100 294
100 678
100 1379
100 1354
100 124
100 417
100 792
100 1535
100 1188
100 69
100 334
100 1319
100 37
100 342
100 1174
100 214
100 1431
100 788
100 140
100 1815
100 1638
100 313
100 507
100 4086
100 1112
100 242
100 426
100 284
100 768
100 73
100 927
100 169
100 66
100 433
100 477
100 1089
100 796
100 360
100 1031
100 483
100 232
100 477
100 2124
100 438
100 543
100 348
100 1107
100 567
100 321
100 486
100 513
100 710
100 499
100 337
100 996
100 2054
100 255
100 109
100 1436
100 593
100 87
100 625
100 1332
100 325
100 2280
100 653
100 203
100 416
100 1191
100 917
100 432
100 393
100 590
100 1241
100 511
100 554
100 158
100 475
100 788
100 425
100 737
100 435
100 677
100 736
100 2380
100 341
100 179
100 1573
100 499
100 581
100 856
100 465
100 2610
100 2124
100 756
100 775
100 312
100 386
100 340
100 1476
100 248
100 20
100 655
100 754
100 746
100 1144
100 862
100 684
100 393
100 2015
100 269
100 364
100 1251
100 212
100 371
100 367
100 1123
100 48
100 416
100 737
100 606
100 1328
100 917
100 751
100 107
100 1286
100 463
100 1485
100 1127
100 81
100 2072
100 2872
100 1039
100 101
100 1401
100 49
100 725
100 56
100 379
100 118
100 2369
100 2547
100 22
100 2997
100 1430
100 143
100 467
100 1888
100 329
100 737
100 51
100 91
100 573
100 276
100 1319
100 160
100 311
100 481
100 482
100 997
100 876
100 1643
100 388
100 127
100 276
100 191
100 314
100 1440
100 750
100 323
100 447
100 301
100 1112
100 131
100 712
100 319
100 474
100 2
100 864
100 738
100 897
100 1287
100 91
100 714
100 1286
100 173
100 35
100 59
100 370
100 338
100 941
100 454
100 331
100 349
100 797
100 1516
100 846
100 63
100 278
100 560
100 1863
100 276
100 285
100 1492
100 1090
100 934
100 156
100 2438
100 828
100 825
100 574
100 939
100 963
100 335
100 707
100 41
100 141
100 126
100 131
100 282
100 88
100 1072
100 19
100 190
100 1464
100 142
100 779
100 20
100 2335
100 764
100 327
100 845
100 0
100 96
100 372
100 397
100 522
100 204
100 511
100 690
100 336
100 598
100 83
100 555
100 1366
100 869
100 55
100 561
100 847
100 105
100 571
100 147
100 1572
100 264
100 525
100 1592
100 1107
100 1269
100 626
100 586
100 30
100 1210
100 696
100 149
100 105
100 890
100 339
100 207
100 1168
100 80
100 783
100 46
100 652
100 1291
100 340
100 665
100 401
100 166
100 187
100 1567
100 1351
100 95
100 220
100 315
100 1219
100 379
100 950
100 259
100 2146
100 179
100 607
100 1141
100 62
100 462
100 197
100 54
100 1256
100 57
100 554
100 396
100 1975
100 26
100 154
100 671
100 134
100 368
100 1014
100 454
100 253
100 624
100 135
100 726
100 578
100 390
100 937
100 557
100 1017
100 594
100 710
100 304
100 596
100 561
100 230
100 118
100 552
100 5
100 483
100 1065
100 5588
100 1760
100 310
100 1294
100 1465
100 2076
100 24
100 954
100 137
100 401
100 270
100 489
100 872
100 54
100 379
100 218
100 596
100 217
100 520
100 487
100 375
100 1081
100 107
100 517
100 574
100 456
100 653
100 374
100 126
100 194
100 862
100 643
100 434
100 1250
100 465
100 294
100 719
100 57
100 664
100 238
100 77
100 428
100 598
100 1249
100 391
100 18
100 1204
100 501
100 3269
100 271
100 644
100 425
100 756
100 628
100 300
100 150
100 88
100 455
100 309
100 48
100 155
100 153
100 516
100 377
100 98
100 479
100 263
100 369
100 491
100 1406
100 1607
100 688
100 7
100 410
100 2781
100 826
100 339
100 312
100 153
100 287
100 928
100 196
100 2572
100 1455
100 205
100 1368
100 46
100 563
100 622
100 503
100 1207
100 561
100 2445
100 515
100 391
100 380
100 124
100 861
100 173
100 353
100 573
100 120
100 268
100 1141
100 360
100 3508
100 563
100 1179
100 921
100 26
100 576
100 81
100 191
100 368
100 708
100 541
100 366
100 657
100 905
100 1145
100 214
100 184
100 819
100 396
100 719
100 303
100 199
100 1016
100 276
100 112
100 242
100 1574
100 225
100 390
100 410
100 142
100 703
100 111
100 1648
100 379
100 535
100 300
100 213
100 1007
100 744
100 54
100 58
100 23
100 472
100 709
100 126
100 139
100 177
100 187
100 2207
100 320
100 998
100 1285
100 1067
100 313
100 670
100 927
100 784
100 168
100 607
100 57
100 889
100 418
100 482
100 235
100 666
100 70
100 777
100 458
100 922
100 609
100 796
100 10
100 15
100 592
100 784
100 1367
100 1234
100 93
100 542
100 476
100 538
100 548
100 858
100 52
100 380
100 1371
100 580
100 807
100 94
100 700
100 417
100 132
100 698
100 294
100 1288
100 2075
100 169
100 861
100 336
100 152
100 923
100 1038
100 233
100 726
100 654
100 2831
100 195
100 1434
100 67
100 146
100 306
100 57
100 327
100 871
100 514
100 1306
100 2219
100 5
100 464
100 150
100 1350
100 641
100 400
100 130
100 650
100 518
100 28
100 1002
100 43
100 1247
100 783
100 324
100 224
100 546
100 936
100 278
100 15
100 789
100 1199
100 146
100 1104
100 1558
100 322
100 98
100 897
100 2763
100 93
100 1389
100 196
100 908
100 692
100 3231
100 1125
100 5111
100 397
100 451
100 528
100 1140
100 1635
100 654
100 240
100 1132
100 62
100 54
100 372
100 368
100 138
100 1545
100 413
100 643
100 1762
100 79
100 1727
100 1505
100 1099
100 102
100 524
100 113
100 248
100 1186
100 531
100 1757
100 179
100 62
100 1009
100 1619
100 245
100 29
100 206
100 1662
100 494
100 515
100 800
100 50
100 1019
100 347
100 523
100 1405
100 1736
100 260
100 51
100 546
100 1844
100 561
100 508
100 258
100 172
100 1513
100 201
100 154
100 104
100 810
100 116
100 706
100 20
100 1030
100 872
100 466
100 459
100 180
100 8
100 87
100 467
100 753
100 1193
100 1157
100 198
100 200
100 462
100 75
100 149
100 2139
100 1537
100 384
100 427
100 102
100 399
100 783
100 490
100 1464
100 585
100 8
100 64
100 179
100 876
100 383
100 691
100 602
100 68
100 715
100 554
100 991
100 871
100 604
100 187
100 1086
100 236
100 288
100 818
100 1035
100 698
100 794
100 71
100 1596
100 927
100 4
100 583
100 154
100 58
100 734
100 385
100 295
100 633
100 687
100 894
100 867
100 29
100 378
100 563
100 125
100 308
100 1762
100 60
100 443
100 802
100 1092
100 104
100 625
100 23
100 291
100 1260
100 248
100 458
100 33
100 247
100 332
100 525
100 916
100 616
100 234
100 1148
100 677
100 163
100 3501
100 1264
100 1232
100 1536
100 77
100 10
100 1011
100 1099
100 369
100 1394
100 288
100 665
100 116
100 236
100 214
100 970
100 1314
100 627
100 686
100 923
100 761
100 88
100 50
100 107
100 1393
100 159
100 73
100 1073
100 1564
100 20
100 301
100 470
100 517
100 144
100 1072
100 631
100 184
100 14
100 493
100 2324
100 1075
100 1827
100 1188
100 348
100 649
100 721
100 29
100 568
100 1302
100 1217
100 133
100 264
100 553
100 849
100 937
100 508
100 143
100 459
100 247
100 77
100 275
100 474
100 7
100 754
100 37
100 709
100 65
100 814
100 573
100 358
100 3234
100 525
100 243
100 170
100 694
100 198
100 812
100 1441
100 1003
100 729
100 1686
100 1242
100 260
100 720
100 163
100 2291
100 47
100 25
100 837
100 521
100 766
100 403
100 303
100 940
100 56
100 276
100 297
100 224
100 183
100 541
100 173
100 583
100 1434
100 43
100 1553
100 90
100 1063
100 1699
100 221
100 628
100 2028
100 2969
100 109
100 199
100 91
100 1603
100 2159
100 280
100 360
100 391
100 358
100 1842
100 1301
100 1135
100 1971
100 1713
100 1261
100 1024
100 274
100 936
100 15
100 68
100 0
100 198
100 26
100 65
100 358
100 1841
100 1584
100 414
100 305
100 707
100 409
100 103
100 130
100 141
100 164
100 368
100 378
100 879
100 144
100 211
100 600
100 111
100 1678
100 402
100 27
100 133
100 797
100 4
100 672
100 202
100 164
100 2959
100 9
100 98
100 1092
100 1
100 212
100 27
100 1141
100 573
100 1824
100 3711
100 707
100 10
100 244
100 1023
100 41
100 443
100 1388
100 697
100 255
100 902
100 43
100 555
100 561
100 186
100 9
100 1998
100 857
100 746
100 339
100 439
100 1801
100 955
100 21
100 765
100 84
100 446
100 139
100 544
100 95
100 5
100 3146
100 2534
100 628
100 9
100 127
100 1294
100 376
100 346
100 11
100 195
100 214
100 782
100 2133
100 735
100 1328
100 647
100 332
100 380
100 412
100 590
100 1373
100 275
100 1203
100 53
100 176
100 330
100 659
100 961
100 85
100 130
100 1415
100 107
100 478
100 517
100 562
100 282
100 138
100 1116
100 736
100 533
100 156
100 162
100 5
100 150
100 493
100 1664
100 32
100 1412
100 19
100 195
100 537
100 522
100 1014
100 21
100 41
100 971
100 892
100 894
100 1139
100 54
100 165
100 848
100 170
100 145
100 321
100 571
100 251
100 1407
100 1790
100 264
100 1484
100 115
100 237
100 175
100 146
100 436
100 721
100 1081
100 829
100 1507
100 38
100 559
100 22
100 282
100 198
100 70
100 202
100 1391
100 535
100 44
100 1113
100 259
100 153
100 458
100 687
100 231
100 255
100 132
100 1627
100 415
100 532
100 1852
100 334
100 1113
100 423
100 67
100 380
100 952
100 309
100 100
100 459
100 140
100 371
100 1340
100 634
100 354
100 1012
100 125
100 126
100 147
100 1004
100 2427
100 51
100 891
100 217
100 1257
100 1054
100 311
100 107
100 327
100 375
100 2233
100 66
100 226
100 1937
100 457
100 176
100 1073
100 59
100 1683
100 247
100 872
100 91
100 176
100 809
100 98
100 786
100 543
100 126
100 384
100 100
100 569
100 255
100 638
100 245
100 642
100 92
100 295
100 2846
100 213
100 233
100 127
100 33
100 661
100 301
100 359
100 415
100 327
100 377
100 1353
100 499
100 503
100 313
100 322
100 673
100 461
100 1531
100 316
100 277
100 384
100 947
100 1004
100 210
100 968
100 124
100 737
100 1808
100 200
100 2214
100 764
100 134
100 57
100 2084
100 330
100 145
100 428
100 269
100 392
100 1841
100 71
100 38
100 205
100 794
100 74
100 104
100 14
100 1512
100 880
100 2635
100 573
100 7
100 60
100 2946
100 708
100 705
100 342
100 231
100 1020
100 434
100 714
100 488
100 149
100 1211
100 51
100 290
100 1546
100 292
100 53
100 226
100 559
100 959
100 581
100 483
100 24
100 1171
100 52
100 360
100 183
100 1463
100 249
100 133
100 182
100 841
100 227
100 441
100 1323
100 725
100 996
100 24
100 577
100 10
100 899
100 618
100 531
100 81
100 1820
100 112
100 420
100 255
100 1132
100 573
100 130
100 177
100 268
100 963
100 921
100 991
100 197
100 148
100 21
100 74
100 768
100 414
100 972
100 95
100 480
100 929
100 507
100 602
100 7
100 187
100 312
100 330
100 42
100 123
100 391
100 1945
100 3657
100 460
100 43
100 548
100 33
100 1869
100 948
100 1863
100 214
100 86
100 1682
100 121
100 919
100 212
100 269
100 452
100 312
100 438
100 431
100 657
100 145
100 499
100 476
100 580
100 376
100 1490
100 5542
100 282
100 267
100 404
100 368
100 2683
100 803
100 40
100 14
100 96
100 29
100 660
100 1521
100 1570
100 547
100 5
100 652
100 555
100 782
100 674
100 40
100 1478
100 231
100 290
100 377
100 55
100 1270
100 1055
100 569
100 165
100 815
100 1005
100 185
100 177
100 31
100 48
100 351
100 479
100 862
100 974
100 382
100 885
100 317
100 995
100 881
100 1331
100 1598
100 173
100 996
100 569
100 245
100 1103
100 2257
100 451
100 1368
100 2903
100 200
100 202
100 357
100 173
100 384
100 915
100 10
100 924
100 439
100 1016
100 928
100 521
100 1084
100 1111
100 907
100 2791
100 338
100 615
100 224
100 137
100 294
100 6
100 754
100 394
100 1096
100 753
100 2321
100 204
100 361
100 1392
100 1178
100 208
100 589
100 125
100 263
100 2973
100 272
100 763
100 386
100 60
100 145
100 511
100 73
100 150
100 1040
100 1697
100 323
100 829
100 637
100 53
100 575
100 64
100 394
100 1682
100 1
100 259
100 87
100 546
100 248
100 178
100 315
100 461
100 833
100 1547
100 166
100 145
100 296
100 340
100 759
100 898
100 236
100 259
100 845
100 81
100 221
100 1215
100 197
100 591
100 500
100 1335
100 203
100 1107
100 1114
100 1305
100 907
100 977
100 879
100 877
100 190
100 302
100 235
100 43
100 2494
100 1213
100 214
100 521
100 15
100 3324
100 309
100 262
100 75
100 239
100 211
100 943
100 789
100 331
100 2800
100 467
100 158
100 605
100 309
100 183
100 1106
100 94
100 248
100 157
100 200
100 1016
100 590
100 308
100 969
100 375
100 731
100 3235
100 996
100 424
100 806
100 1096
100 26
100 50
100 48
100 292
100 182
100 212
100 667
100 44
100 353
100 332
100 147
100 35
100 8
100 90
100 612
100 689
100 774
100 673
100 314
100 775
100 425
100 249
100 384
100 1553
100 254
100 320
100 1028
100 1397
100 646
100 554
100 2133
100 84
100 947
100 799
100 244
100 557
100 326
100 209
100 52
100 2900
100 170
100 778
100 54
100 618
100 2657
100 711
100 1824
100 263
100 339
100 825
100 766
100 69
100 474
100 894
100 569
100 281
100 826
100 1451
100 270
100 764
100 151
100 357
100 45
100 1681
100 275
100 3
100 381
100 368
100 937
100 604
100 726
100 854
100 96
100 1009
100 600
100 1588
100 35
100 476
100 102
100 91
100 10
100 18
100 1121
100 245
100 205
100 2448
100 73
100 123
100 111
100 2411
100 1203
100 196
100 1563
100 860
100 188
100 862
100 1163
100 235
100 851
100 2406
100 127
100 1060
100 99
100 1354
100 869
100 402
100 344
100 518
100 1048
100 318
100 433
100 408
100 204
100 369
100 321
100 840
100 2054
100 816
100 1333
100 1575
100 72
100 895
100 2
100 618
100 274
100 65
100 596
100 1499
100 342
100 722
100 194
100 1788
100 30
100 165
100 1748
100 329
100 783
100 472
100 212
100 1467
100 930
100 411
100 267
100 223
100 1275
100 366
100 825
100 51
100 218
100 485
100 341
100 771
100 982
100 1486
100 276
100 12
100 560
100 689
100 54
100 218
100 137
100 676
100 244
100 2138
100 1711
100 1491
100 120
100 284
100 19
100 451
100 273
100 488
100 539
100 615
100 542
100 603
100 1540
100 171
100 149
100 863
100 662
100 201
100 113
100 396
100 477
100 673
100 1223
100 42
100 316
100 788
100 721
100 3234
100 179
100 1083
100 1057
100 757
100 564
100 1893
100 276
100 590
100 591
100 116
100 1134
100 103
100 211
100 304
100 345
100 831
100 1138
100 64
100 2537
100 91
100 142
100 2427
100 3425
100 964
100 315
100 1231
100 350
100 421
100 1779
100 308
100 388
100 22
100 206
100 1962
100 1532
100 114
100 419
100 438
100 117
100 491
100 2097
100 853
100 374
100 139
100 361
100 662
100 1628
100 369
100 373
100 107
100 174
100 277
100 435
100 425
100 746
100 1354
100 464
100 2004
100 2588
100 2
100 1813
100 794
100 3213
100 1450
100 704
100 360
100 264
100 937
100 207
100 1776
100 28
100 755
100 120
100 363
100 3137
100 32
100 260
100 899
100 1167
100 111
100 79
100 58
100 1798
100 2513
100 316
100 476
100 31
100 442
100 874
100 809
100 272
100 3
100 688
100 499
100 553
100 903
100 76
100 275
100 72
100 1162
100 122
100 277
100 1321
100 599
100 538
100 1311
100 2433
100 1510
100 457
100 119
100 710
100 1004
100 65
100 881
100 1215
100 28
100 875
100 317
100 200
100 1471
100 1630
100 911
100 57
100 574
100 750
100 123
100 1010
100 107
100 436
100 458
100 1323
100 389
100 2535
100 14
100 571
100 1098
100 631
100 592
100 220
100 1861
100 813
100 599
100 30
100 6
100 369
100 450
100 372
100 366
100 82
100 793
100 737
100 303
100 127
100 162
100 91
100 132
100 126
100 1114
100 145
100 243
100 423
100 643
100 256
100 42
100 1954
100 351
100 228
100 48
100 561
100 2293
100 121
100 549
100 632
100 526
100 28
100 97
100 17
100 238
100 393
100 2811
100 679
100 876
100 107
100 234
100 347
100 773
100 584
100 1165
100 440
100 320
100 91
100 85
100 252
100 589
100 269
100 445
100 2134
100 1255
100 211
100 696
100 572
100 315
100 2057
100 529
100 350
100 74
100 866
100 137
100 326
100 301
100 976
100 165
100 30
100 709
100 680
100 444
100 61
100 312
100 1083
100 2
100 312
100 450
100 1007
100 1189
100 1482
100 319
100 583
100 1227
100 774
100 170
100 1163
100 2847
100 368
100 1527
100 248
100 377
100 155
100 624
100 1420
100 706
100 1833
100 1123
100 78
100 525
100 65
100 703
100 1143
100 592
100 1488
100 2716
100 31
100 144
100 73
100 1778
100 631
100 215
100 489
100 868
100 1921
100 694
100 1440
100 473
100 120
100 523
100 337
100 1092
100 756
100 2308
100 92
100 653
100 29
100 1537
100 28
100 352
100 504
100 749
100 138
100 86
100 338
100 167
100 653
100 2136
100 629
100 528
100 140
100 541
100 634
100 802
100 1851
100 521
100 649
100 733
100 126
100 3588
100 1579
100 561
100 198
100 137
100 2063
100 626
100 525
100 278
100 2100
100 1073
100 141
100 57
100 308
100 268
100 799
100 47
100 50
100 251
100 958
100 115
100 803
100 448
100 30
100 640
100 3044
100 517
100 192
100 87
100 112
100 251
100 1065
100 641
100 222
100 412
100 34
100 469
100 346
100 470
100 1372
100 1166
100 189
100 459
100 903
100 157
100 44
100 69
100 728
100 180
100 174
100 215
100 1708
100 533
100 177
100 1704
100 490
100 249
100 1532
100 716
100 234
100 15
100 304
100 1091
100 64
100 518
100 1725
100 669
100 358
100 319
100 511
100 784
100 38
100 343
100 248
100 396
100 2061
100 922
100 1412
100 1553
100 39
100 214
100 189
100 1618
100 466
100 325
100 113
100 1020
100 371
100 822
100 768
100 273
100 929
100 397
100 480
100 638
100 95
100 1714
100 102
100 1538
100 206
100 166
100 40
100 24
100 58
100 1038
100 690
100 1323
100 951
100 1116
100 350
100 1192
100 128
100 215
100 182
100 1410
100 467
100 12
100 1073
100 138
100 672
100 737
100 12
100 1404
100 888
100 1160
100 98
100 729
100 181
100 1065
100 1295
100 128
100 204
100 756
100 1530
100 297
100 297
100 2211
100 217
100 641
100 488
100 329
100 382
100 1348
100 878
100 549
100 540
100 793
100 1982
100 128
100 952
100 1166
100 153
100 736
100 8
100 756
100 581
100 3500
100 762
100 88
100 641
100 510
100 1686
100 86
100 2313
100 930
100 39
100 955
100 229
100 728
100 2441
100 1105
100 726
100 1096
100 531
100 332
100 189
100 576
100 509
100 41
100 227
100 607
100 140
100 666
100 608
100 1443
100 937
100 353
100 350
100 339
100 96
100 128
100 554
100 783
100 770
100 613
100 281
100 159
100 544
100 266
100 214
100 1356
100 1011
100 200
100 812
100 1174
100 1351
100 1725
100 846
100 202
100 577
100 644
100 666
100 420
100 143
100 237
100 564
100 163
100 0
100 1124
100 71
100 81
100 109
100 566
100 235
100 80
100 174
100 164
100 117
100 691
100 280
100 966
100 445
100 63
100 456
100 647
100 96
100 397
100 911
100 473
100 424
100 209
100 827
100 403
100 526
100 1077
100 228
100 2229
100 653
100 111
100 289
100 34
100 89
100 1
100 2251
100 1234
100 89
100 256
100 149
100 53
100 918
100 1558
100 414
100 1326
100 506
100 2717
100 22
100 580
100 95
100 980
100 447
100 548
100 44
100 450
100 31
100 280
100 957
100 861
100 47
100 633
100 70
100 328
100 71
100 404
100 878
100 886
100 1280
100 970
100 2541
100 2165
100 2140
100 837
100 1536
100 921
100 1094
100 326
100 694
100 223
100 143
100 1154
100 1153
100 568
100 786
100 38
100 456
100 207
100 1916
100 432
100 489
100 377
100 785
100 1261
100 760
100 125
100 711
100 59
100 33
100 1354
100 135
100 203
100 1650
100 61
100 625
100 704
100 14
100 85
100 312
100 319
100 101
100 563
100 79
100 303
100 48
100 334
100 2000
100 676
100 105
100 898
100 6
100 57
100 292
100 722
100 1135
100 163
100 1458
100 73
100 832
100 2259
100 1000
100 725
100 208
100 67
100 235
100 473
100 324
100 382
100 661
100 346
100 379
100 194
100 1536
100 208
100 785
100 979
100 58
100 1027
100 775
100 1954
100 87
100 173
100 890
100 212
100 64
100 20
100 565
100 703
100 292
100 117
100 74
100 2528
100 69
100 70
100 30
100 566
100 20
100 67
100 269
100 1072
100 951
100 596
100 373
100 1322
100 755
100 87
100 1079
100 471
100 307
100 3
100 453
100 66
100 400
100 908
100 344
100 88
100 37
100 601
100 288
100 471
100 203
100 425
100 1289
100 2724
100 1780
100 826
100 146
100 284
100 142
100 602
100 734
100 385
100 44
100 345
100 118
100 49
100 814
100 297
100 406
100 1526
100 416
100 1771
100 418
100 1310
100 608
100 309
100 2279
100 93
100 2014
100 442
100 421
100 189
100 2
100 483
100 475
100 69
100 2088
100 51
100 81
100 1385
100 558
100 223
100 425
100 550
100 272
100 1339
100 231
100 133
100 114
100 224
100 365
100 137
100 1047
100 824
100 1351
100 170
100 18
100 50
100 84
100 590
100 114
100 2139
100 991
100 1223
100 685
100 916
100 603
100 943
100 243
100 972
100 139
100 91
100 2053
100 616
100 1849
100 492
100 62
100 889
100 13
100 951
100 447
100 987
100 340
100 890
100 755
100 2084
100 96
100 301
100 285
100 401
100 330
100 546
100 30
100 415
100 42
100 148
100 596
100 1256
100 2035
100 257
100 117
100 811
100 100
100 1118
100 227
100 824
100 1337
100 119
100 68
100 1127
100 558
100 2697
100 123
100 626
100 365
100 509
100 1749
100 27
100 218
100 224
100 106
100 1851
100 851
100 1220
100 176
100 67
100 382
100 2044
100 1764
100 465
100 103
100 155
100 617
100 196
100 1309
100 890
100 132
100 214
100 261
100 328
100 52
100 524
100 232
100 557
100 462
100 2682
100 249
100 919
100 213
100 349
100 824
100 1082
100 92
100 742
100 289
100 1243
100 716
100 4514
100 766
100 1379
100 355
100 1097
100 532
100 878
100 1206
100 633
100 403
100 315
100 418
100 258
100 1076
100 168
100 23
100 543
100 1543
100 0
100 1104
100 1996
100 191
100 1163
100 202
100 197
100 637
100 201
100 595
100 649
100 897
100 190
100 452
100 869
100 1391
100 1353
100 2373
100 1346
100 189
100 1627
100 340
100 1173
100 1355
100 83
100 228
100 2334
100 44
100 1394
100 1481
100 480
100 1893
100 989
100 242
100 93
100 341
100 377
100 22
100 238
100 925
100 452
100 65
100 30
100 90
100 192
100 473
100 1229
100 51
100 2325
100 773
100 475
100 163
100 36
100 680
100 271
100 1099
100 35
100 4
100 344
100 527
100 922
100 155
100 2012
100 2397
100 135
100 207
100 1619
100 682
100 1378
100 7
100 434
100 210
100 365
100 448
100 53
100 590
100 982
100 13
100 293
100 256
100 225
100 1983
100 762
100 6
100 798
100 1222
100 141
100 109
100 84
100 595
100 398
100 1005
100 2440
100 542
100 763
100 1835
100 219
100 368
100 436
100 915
100 1573
100 521
100 1431
100 444
100 832
100 934
100 402
100 98
100 853
100 269
100 26
100 94
100 125
100 1791
100 44
100 4472
100 542
100 2599
100 267
100 172
100 416
100 500
100 688
100 392
100 1699
100 1517
100 6
100 529
100 259
100 169
100 1003
100 58
100 162
100 1062
100 1551
100 1370
100 76
100 27
100 24
100 1958
100 123
100 6
100 178
100 373
100 2059
100 194
100 2288
100 678
100 1320
100 573
100 231
100 883
100 2436
100 538
100 464
100 695
100 999
100 403
100 318
100 68
100 1940
100 1059
100 70
100 14
100 55
100 1324
100 387
100 1855
100 1436
100 1423
100 22
100 386
100 707
100 396
100 260
100 1084
100 0
100 46
100 759
100 2353
100 1562
100 543
100 348
100 493
100 285
100 78
100 657
100 1153
100 1203
100 226
100 1383
100 213
100 98
100 122
100 484
100 987
100 418
100 1054
100 975
100 799
100 961
100 104
100 1090
100 1078
100 114
100 661
100 51
100 1334
100 237
100 391
100 518
100 77
100 46
100 1079
100 15
100 78
100 969
100 124
100 338
100 146
100 82
100 1915
100 473
100 113
100 10
100 840
100 1117
100 443
100 302
100 540
100 502
100 411
100 173
100 1173
100 785
100 2501
100 1216
100 21
100 135
100 505
100 982
100 880
100 149
100 94
100 461
100 993
100 890
100 777
100 1434
100 627
100 234
100 1825
100 1702
100 1484
100 654
100 180
100 488
100 2318
100 326
100 1089
100 682
100 268
100 541
100 1976
100 79
100 1109
100 2405
100 1129
100 314
100 10
100 946
100 658
100 591
100 200
100 32
100 1042
100 253
100 247
100 334
100 263
100 804
100 1006
100 732
100 339
100 167
100 2028
100 162
100 832
100 914
100 754
100 117
100 897
100 888
100 1905
100 318
100 572
100 117
100 251
100 768
100 75
100 966
100 1689
100 56
100 494
100 691
100 767
100 641
100 44
100 8
100 303
100 5
100 395
100 202
100 7
100 596
100 186
100 1391
100 782
100 106
100 192
100 1482
100 222
100 66
100 910
100 93
100 1246
100 782
100 1056
100 191
100 1070
100 33
100 456
100 911
100 568
100 164
100 400
100 45
100 162
100 179
100 25
100 907
100 749
100 29
100 170
100 165
100 859
100 143
100 830
100 1006
100 1239
100 1393
100 737
100 315
100 168
100 313
100 918
100 1222
100 192
100 846
100 40
100 686
100 481
100 1382
100 622
100 510
100 494
100 321
100 668
100 199
100 4163
100 302
100 1313
100 232
100 347
100 569
100 802
100 263
100 279
100 41
100 1297
100 130
100 466
100 5
100 365
100 454
100 519
100 1092
100 344
100 1012
100 479
100 285
100 164
100 895
100 159
100 2039
100 1430
100 719
100 764
100 1012
100 41
100 1088
100 135
100 1197
100 131
100 161
100 2026
100 2945
100 303
100 8
100 256
100 858
100 550
100 550
100 2200
100 259
100 84
100 426
100 1283
100 590
100 207
100 54
100 846
100 294
100 108
100 1037
100 578
100 399
100 652
100 1998
100 1149
100 272
100 598
100 238
100 191
100 19
100 187
100 87
100 194
100 731
100 1804
100 119
100 1318
100 99
100 2026
100 1051
100 1023
100 1450
100 474
100 663
100 46
100 1757
100 908
100 1337
100 13
100 97
100 236
100 58
100 838
100 523
100 147
100 3008
100 755
100 360
100 2
100 110
100 840
100 509
100 2906
100 89
100 757
100 666
100 156
100 279
100 220
100 1377
100 47
100 284
100 648
100 37
100 1333
100 189
100 53
100 52
100 83
100 46
100 2872
100 1789
100 2109
100 1403
100 1474
100 1426
100 182
100 346
100 932
100 548
100 111
100 696
100 585
100 600
100 181
100 288
100 31
100 98
100 524
100 101
100 205
100 47
100 1293
100 242
100 530
100 23
100 1448
100 505
100 1878
100 260
100 1810
100 302
100 779
100 2283
100 490
100 254
100 747
100 1070
100 699
100 656
100 878
100 135
100 45
100 222
100 124
100 1947
100 1634
100 360
100 3
100 39
100 39
100 6
100 860
100 232
100 2714
100 1614
100 258
100 630
100 1613
100 289
100 337
100 436
100 482
100 795
100 35
100 256
100 136
100 513
100 719
100 2008
100 560
100 152
100 1075
100 1875
100 205
100 807
100 504
100 149
100 427
100 498
100 57
100 688
100 395
100 679
100 962
100 9
100 131
100 71
100 60
100 217
100 870
100 596
100 42
100 554
100 1062
100 195
100 697
100 587
100 1909
100 373
100 853
100 1035
100 1493
100 1207
100 618
100 31
100 463
100 952
100 643
100 173
100 521
100 486
100 780
100 92
100 14
100 470
100 122
100 73
100 1195
100 191
100 100
100 11
100 67
100 227
100 74
100 653
100 275
100 1044
100 479
100 553
100 2534
100 4
100 3075
100 19
100 405
100 1641
100 197
100 784
100 450
100 1314
100 75
100 621
100 846
100 175
100 65
100 546
100 701
100 1456
100 78
100 133
100 117
100 635
100 113
100 363
100 262
100 391
100 289
100 1113
100 2
100 1036
100 23
100 392
100 132
100 495
100 4099
100 302
100 964
100 3070
100 1631
100 687
100 1742
100 281
100 123
100 200
100 629
100 896
100 597
100 681
100 443
100 1656
100 1963
100 988
100 598
100 179
100 62
100 965
100 73
100 461
100 207
100 1036
100 1500
100 299
100 25
100 360
100 532
100 714
100 154
100 1210
100 174
100 356
100 1756
100 1354
100 609
100 632
100 336
100 357
100 808
100 1576
100 623
100 151
100 1001
100 636
100 560
100 663
100 618
100 67
100 623
100 1380
100 711
100 1174
100 69
100 811
100 1576
100 216
100 779
100 1015
100 29
100 1144
100 202
100 1252
100 121
100 953
100 117
100 332
100 1059
100 652
100 272
100 129
100 14
100 1167
100 930
100 188
100 942
100 503
100 578
100 1595
100 16
100 675
100 110
100 562
100 275
100 723
100 855
100 99
100 238
100 1389
100 120
100 692
100 642
100 1328
100 41
100 304
100 182
100 298
100 3185
100 445
100 129
100 35
100 95
100 623
100 1213
100 686
100 1175
100 409
100 349
100 70
100 283
100 1747
100 369
100 194
100 879
100 2237
100 1684
100 79
100 4745
100 1808
100 555
100 150
100 1005
100 155
100 776
100 497
100 147
100 669
100 194
100 134
100 423
100 662
100 897
100 1018
100 188
100 749
100 1672
100 1297
100 463
100 857
100 18
100 1155
100 132
100 339
100 1802
100 316
100 1729
100 599
100 419
100 104
100 878
100 463
100 25
100 1056
100 39
100 501
100 1291
100 201
100 806
100 27
100 1267
100 1805
100 1342
100 656
100 78
100 82
100 741
100 112
100 169
100 575
100 418
100 643
100 643
100 1864
100 173
100 1221
100 1154
100 782
100 406
100 299
100 194
100 2486
100 54
100 127
100 585
100 1032
100 97
100 162
100 507
100 1920
100 283
100 1123
100 37
100 697
100 111
100 1427
100 35
100 202
100 1698
100 289
100 1441
100 436
100 1220
100 3272
100 265
100 162
100 1
100 154
100 73
100 849
100 990
100 150
100 846
100 60
100 15
100 166
100 2
100 781
100 221
100 922
100 1492
100 298
100 144
100 577
100 448
100 1319
100 485
100 107
100 2004
100 16
100 688
100 590
100 1635
100 793
100 661
100 395
100 132
100 173
100 23
100 887
100 346
100 473
100 8
100 53
100 508
100 535
100 667
100 1038
100 65
100 1719
100 1141
100 28
100 1092
100 1
100 824
100 4113
100 1142
100 1820
100 610
100 3021
100 654
100 1949
100 938
100 535
100 614
100 1343
100 538
100 79
100 183
100 327
100 72
100 272
100 1221
100 643
100 2110
100 30
100 1114
100 332
100 1175
100 1479
100 289
100 522
100 0
100 232
100 707
100 559
100 127
100 1102
100 144
100 1469
100 1266
100 62
100 1343
100 571
100 60
100 766
100 199
100 388
100 206
100 715
100 140
100 183
100 59
100 377
100 852
100 1325
100 473
100 900
100 220
100 359
100 1656
100 54
100 192
100 564
100 1983
100 2215
100 441
100 185
100 806
100 429
100 348
100 295
100 193
100 488
100 59
100 1640
100 37
100 166
100 677
100 29
100 368
100 1748
100 153
100 369
100 461
100 36
100 880
100 1331
100 1295
100 1155
100 537
100 887
100 726
100 250
100 498
100 1895
100 1330
100 1692
100 466
100 95
100 7
100 452
100 60
100 239
100 725
100 601
100 190
100 83
100 1207
100 197
100 1310
100 305
100 2046
100 395
100 1726
100 357
100 1424
100 422
100 203
100 3
100 353
100 480
100 752
100 164
100 332
100 362
100 330
100 355
100 1132
100 2813
100 839
100 515
100 353
100 77
100 1632
100 664
100 1414
100 78
100 482
100 1926
100 337
100 749
100 896
100 103
100 1429
100 464
100 1210
100 574
100 139
100 655
100 1111
100 1627
100 1886
100 98
100 676
100 732
100 967
100 988
100 430
100 124
100 324
100 432
100 60
100 293
100 528
100 804
100 423
100 570
100 841
100 965
100 261
100 376
100 285
100 397
100 1259
100 145
100 148
100 502
100 43
100 66
100 852
100 631
100 242
100 2547
100 621
100 1526
100 247
100 891
100 105
100 717
100 239
100 562
100 439
100 596
100 56
100 295
100 103
100 362
100 110
100 16
100 0
100 322
100 1714
100 516
100 470
100 2285
100 196
100 182
100 54
100 40
100 538
100 1064
100 157
100 1017
100 118
100 1079
100 172
100 1299
100 196
100 557
100 5
100 395
100 206
100 1408
100 511
100 605
100 381
100 14
100 124
100 325
100 394
100 478
100 409
100 904
100 1382
100 1766
100 935
100 801
100 178
100 26
100 311
100 226
100 75
100 462
100 41
100 137
100 179
100 128
100 162
100 1753
100 431
100 207
100 1154
100 630
100 389
100 113
100 1417
100 231
100 1166
100 711
100 1330
100 542
100 500
100 1745
100 2367
100 80
100 696
100 495
100 703
100 896
100 1186
100 234
100 247
100 873
100 686
100 1075
100 530
100 492
100 517
100 193
100 686
100 604
100 58
100 118
100 138
100 101
100 177
100 250
100 1007
100 1857
100 74
100 227
100 1073
100 150
100 1533
100 585
100 61
100 1052
100 1442
100 1603
100 353
100 924
100 249
100 1025
100 116
100 126
100 80
100 1387
100 470
100 1225
100 1166
100 88
100 1742
100 386
100 1814
100 676
100 403
100 415
100 9
100 1660
100 630
100 2041
100 561
100 129
100 1305
100 190
100 3
100 1187
100 508
100 35
100 747
100 934
100 81
100 288
100 2424
100 439
100 793
100 115
100 49
100 109
100 72
100 172
100 446
100 819
100 324
100 65
100 774
100 78
100 1341
100 628
100 31
100 1354
100 693
100 774
100 491
100 56
100 1027
100 120
100 153
100 177
100 2239
100 187
100 66
100 37
100 101
100 820
100 338
100 1092
100 485
100 440
100 1060
100 494
100 1969
100 80
100 174
100 220
100 479
100 274
100 193
100 668
100 298
100 641
100 143
100 525
100 398
100 402
100 1110
100 2151
100 799
100 58
100 1839
100 112
100 1595
100 917
100 118
100 444
100 147
100 257
100 208
100 194
100 1652
100 23
100 95
100 491
100 1047
100 508
100 318
100 114
100 1656
100 375
100 92
100 1850
100 417
100 104
100 90
100 294
100 210
100 352
100 1611
100 476
100 289
100 461
100 1424
100 1566
100 381
100 137
100 983
100 113
100 695
100 598
100 665
100 940
100 163
100 360
100 65
100 4
100 917
100 734
100 1337
100 128
100 106
100 1217
100 102
100 1370
100 374
100 219
100 187
100 857
100 1004
100 630
100 90
100 454
100 559
100 209
100 273
100 540
100 159
100 1353
100 1992
100 1039
100 700
100 322
100 55
100 181
100 636
100 409
100 735
100 471
100 171
100 447
100 460
100 513
100 1680
100 1031
100 97
100 437
100 314
100 166
100 86
100 1050
100 467
100 685
100 208
100 17
100 151
100 153
100 1189
100 636
100 29
100 161
100 359
100 908
100 1064
100 108
100 1074
100 2625
100 32
100 157
100 111
100 199
100 211
100 466
100 1043
100 210
100 1531
100 239
100 1633
100 941
100 1234
100 905
100 747
100 92
100 981
100 91
100 141
100 706
100 579
100 155
100 341
100 111
100 299
100 1062
100 1284
100 1442
100 1566
100 1596
100 2149
100 983
100 0
100 385
100 2529
100 292
100 547
100 56
100 1882
100 167
100 2836
100 727
100 1970
100 895
100 16
100 277
100 548
100 152
100 5
100 362
100 150
100 1088
100 2310
100 1163
100 166
100 248
100 405
100 116
100 1145
100 595
100 721
100 203
100 877
100 41
100 904
100 189
100 610
100 262
100 425
100 707
100 1415
100 127
100 547
100 61
100 481
100 2626
100 863
100 1176
100 2113
100 441
100 14
100 690
100 95
100 1030
100 437
100 97
100 80
100 986
100 1197
100 120
100 523
100 296
100 574
100 920
100 542
100 347
100 24
100 1475
100 267
100 76
100 1341
100 131
100 80
100 272
100 496
100 1451
100 56
100 503
100 221
100 957
100 97
100 1903
100 88
100 40
100 412
100 148
100 1144
100 138
100 1101
100 486
100 1152
100 3857
100 431
100 63
100 971
100 236
100 1016
100 412
100 558
100 1630
100 462
100 1164
100 278
100 115
100 108
100 30
100 2254
100 681
100 931
100 1415
100 40
100 463
100 382
100 598
100 15
100 954
100 5
100 1420
100 3433
100 2094
100 491
100 75
100 828
100 420
100 18
100 17
100 596
100 1501
100 197
100 23
100 63
100 55
100 502
100 472
100 805
100 1765
100 735
100 552
100 995
100 417
100 691
100 262
100 71
100 103
100 225
100 1071
100 590
100 258
100 648
100 13
100 934
100 340
100 607
100 462
100 508
100 7
100 121
100 1425
100 339
100 161
100 476
100 93
100 857
100 544
100 2328
100 1454
100 47
100 383
100 848
100 1497
100 230
100 1283
100 330
100 209
100 55
100 1458
100 948
100 568
100 903
100 514
100 1967
100 27
100 2072
100 848
100 975
100 698
100 181
100 306
100 596
100 1001
100 768
100 365
100 163
100 1531
100 935
100 2375
100 652
100 102
100 357
100 348
100 1298
100 305
100 242
100 159
100 712
100 3895
100 861
100 1294
100 1148
100 51
100 930
100 1395
100 639
100 1045
100 1990
100 815
100 172
100 1515
100 486
100 942
100 724
100 2043
100 994
100 298
100 801
100 229
100 632
100 521
100 469
100 1613
100 1430
100 2681
100 920
100 927
100 1685
100 200
100 893
100 392
100 1509
100 40
100 264
100 1612
100 198
100 642
100 766
100 501
100 1446
100 527
100 653
100 158
100 25
100 1246
100 239
100 1379
100 1060
100 1987
100 322
100 642
100 256
100 1492
100 1427
100 853
100 613
100 163
100 353
100 494
100 1339
100 598
100 274
100 367
100 26
100 1544
100 706
100 1059
100 396
100 407
100 198
100 23
100 71
100 768
100 465
100 360
100 38
100 1123
100 1
100 72
100 1398
100 214
100 705
100 14
100 2266
100 656
100 471
100 999
100 694
100 1217
100 201
100 85
100 265
100 285
100 1874
100 618
100 162
100 1223
100 73
100 3587
100 361
100 1324
100 477
100 88
100 3295
100 1205
100 1396
100 262
100 310
100 541
100 133
100 153
100 847
100 33
100 328
100 219
100 547
100 181
100 1056
100 116
100 21
100 92
100 441
100 294
100 1325
100 264
100 545
100 102
100 209
100 1098
100 16
100 1287
100 476
100 147
100 41
100 321
100 417
100 307
100 83
100 1778
100 2676
100 1621
100 1604
100 683
100 470
100 9
100 12
100 1054
100 958
100 877
100 633
100 1582
100 326
100 850
100 801
100 1237
100 443
100 534
100 2116
100 698
100 438
100 164
100 1010
100 1175
100 858
100 227
100 345
100 1089
100 16
100 85
100 662
100 466
100 499
100 1325
100 362
100 680
100 397
100 1339
100 1267
100 127
100 99
100 280
100 232
100 149
100 73
100 129
100 393
100 766
100 1374
100 397
100 1224
100 77
100 994
100 1276
100 85
100 204
100 532
100 353
100 177
100 506
100 174
100 225
100 933
100 420
100 609
100 1258
100 336
100 746
100 30
100 507
100 1638
100 108
100 609
100 1026
100 597
100 53
100 985
100 63
100 763
100 839
100 29
100 558
100 546
100 1464
100 128
100 1049
100 1016
100 1174
100 1699
100 615
100 208
100 725
100 1615
100 301
100 161
100 254
100 550
100 73
100 858
100 120
100 672
100 829
100 385
100 237
100 987
100 8
100 721
100 1493
100 618
100 553
100 608
100 193
100 340
100 532
100 755
100 739
100 228
100 780
100 1414
100 732
100 762
100 308
100 244
100 305
100 137
100 1414
100 589
100 302
100 697
100 171
100 14
100 224
100 291
100 122
100 22
100 1304
100 567
100 1308
100 190
100 169
100 2352
100 509
100 582
100 921
100 289
100 215
100 88
100 746
100 547
100 66
100 1713
100 319
100 1111
100 117
100 314
100 505
100 204
100 201
100 385
100 150
100 1140
100 1058
100 641
100 107
100 847
100 492
100 1780
100 297
100 34
100 1490
100 297
100 79
100 126
100 915
100 48
100 908
100 11
100 1434
100 1217
100 727
100 1004
100 276
100 522
100 512
100 1771
100 1107
100 325
100 28
100 835
100 117
100 179
100 195
100 189
100 415
100 910
100 916
100 353
100 855
100 194
100 120
100 37
100 465
100 574
100 1612
100 702
100 126
100 926
100 1525
100 2316
100 984
100 733
100 121
100 2113
100 244
100 997
100 1517
100 182
100 0
100 106
100 591
100 1380
100 234
100 673
100 2058
100 1525
100 674
100 434
100 77
100 210
100 3025
100 4057
100 699
100 716
100 163
100 213
100 983
100 1419
100 2306
100 1101
100 2559
100 460
100 1142
100 1982
100 22
100 221
100 71
100 1637
100 823
100 1161
100 708
100 427
100 831
100 435
100 538
100 37
100 2201
100 104
100 95
100 977
100 1048
100 574
100 136
100 905
100 1437
100 458
100 1127
100 873
100 350
100 523
100 934
100 955
100 550
100 8
100 339
100 313
100 1143
100 906
100 1013
100 122
100 553
100 171
100 450
100 1068
100 6
100 1270
100 741
100 182
100 332
100 561
100 239
100 1638
100 1785
100 120
100 105
100 1521
100 1087
100 279
100 43
100 1329
100 60
100 299
100 1633
100 2414
100 48
100 8
100 951
100 415
100 824
100 43
100 1935
100 1132
100 207
100 190
100 1259
100 606
100 380
100 1394
100 1863
100 156
100 440
100 303
100 158
100 79
100 827
100 144
100 1065
100 70
100 56
100 553
100 1179
100 1050
100 95
100 669
100 416
100 66
100 853
100 87
100 794
100 1901
100 773
100 943
100 407
100 1502
100 412
100 487
100 232
100 256
100 47
100 50
100 546
100 1072
100 255
100 1210
100 944
100 355
100 322
100 213
100 358
100 113
100 1347
100 1081
100 87
100 139
100 921
100 153
100 1083
100 888
100 58
100 613
100 663
100 241
100 2106
100 1423
100 918
100 139
100 424
100 2523
100 486
100 1474
100 196
100 11
100 52
100 634
100 90
100 105
100 141
100 281
100 8
100 363
100 34
100 36
100 13
100 1099
100 87
100 1216
100 921
100 2542
100 1507
100 2322
100 199
100 73
100 510
100 125
100 113
100 889
100 100
100 259
100 532
100 1861
100 294
100 949
100 190
100 399
100 640
100 3198
100 1090
100 108
100 388
100 1756
100 399
100 863
100 324
100 638
100 177
100 312
100 1533
100 109
100 176
100 464
100 2778
100 232
100 489
100 114
100 15
100 1444
100 372
100 1457
100 120
100 737
100 193
100 137
100 250
100 449
100 76
100 282
100 173
100 1078
100 391
100 44
100 1037
100 142
100 913
100 231
100 687
100 197
100 538
100 496
100 234
100 99
100 1277
100 579
100 2062
100 18
100 974
100 510
100 72
100 65
100 428
100 67
100 986
100 159
100 15
100 818
100 467
100 439
100 471
100 393
100 857
100 718
100 121
100 266
100 160
100 495
100 390
100 1717
100 906
100 903
100 208
100 198
100 977
100 389
100 230
100 34
100 383
100 2201
100 704
100 23
100 556
100 457
100 653
100 951
100 124
100 306
100 70
100 325
100 1105
100 109
100 663
100 2114
100 480
100 1958
100 119
100 141
100 1070
100 156
100 1334
100 2364
100 656
100 403
100 122
100 257
100 511
100 599
100 991
100 148
100 238
100 162
100 522
100 221
100 2265
100 2434
100 312
100 63
100 318
100 48
100 190
100 536
100 31
100 210
100 86
100 97
100 29
100 90
100 509
100 1199
100 41
100 621
100 321
100 151
100 329
100 66
100 95
100 343
100 122
100 201
100 9
100 108
100 598
100 845
100 1249
100 239
100 1767
100 811
100 143
100 1988
100 16
100 139
100 294
100 2012
100 108
100 677
100 323
100 531
100 507
100 624
100 481
100 869
100 433
100 127
100 67
100 640
100 214
100 388
100 403
100 659
100 644
100 350
100 238
100 143
100 381
100 147
100 295
100 501
100 342
100 801
100 88
100 78
100 45
100 853
100 196
100 1222
100 367
100 1190
100 145
100 458
100 33
100 694
100 916
100 563
100 2715
100 179
100 847
100 26
100 127
100 865
100 76
100 98
100 577
100 1054
100 553
100 140
100 2686
100 289
100 448
100 162
100 518
100 1233
100 327
100 3746
100 192
100 775
100 619
100 3320
100 2614
100 123
100 1896
100 72
100 431
100 949
100 375
100 199
100 794
100 3037
100 636
100 249
100 222
100 237
100 3
100 769
100 93
100 513
100 42
100 126
100 958
100 629
100 847
100 338
100 547
100 539
100 161
100 380
100 228
100 896
100 667
100 793
100 1620
100 852
100 3454
100 648
100 838
100 1075
100 429
100 167
100 1247
100 420
100 117
100 65
100 56
100 290
100 835
100 1702
100 676
100 1419
100 901
100 350
100 3497
100 148
100 2352
100 350
100 240
100 502
100 798
100 1489
100 598
100 87
100 824
100 34
100 229
100 1187
100 241
100 12
100 61
100 10
100 192
100 94
100 472
100 217
100 1154
100 407
100 266
100 1
100 1259
100 2446
100 345
100 1381
100 542
100 43
100 2145
100 617
100 1233
100 45
100 80
100 839
100 1405
100 422
100 479
100 943
100 402
100 551
100 378
100 1353
100 359
100 401
100 222
100 708
100 1980
100 305
100 1673
100 267
100 220
100 448
100 377
100 33
100 471
100 426
100 642
100 643
100 750
100 305
100 710
100 863
100 1016
100 66
100 426
100 2005
100 649
100 493
100 153
100 892
100 2051
100 634
100 14
100 218
100 328
100 607
100 238
100 369
100 92
100 12
100 432
100 244
100 23
100 1576
100 217
100 354
100 259
100 1402
100 365
100 399
100 564
100 110
100 619
100 789
100 734
100 938
100 371
100 501
100 1586
100 2037
100 955
100 213
100 660
100 89
100 693
100 981
100 201
100 490
100 203
100 148
100 140
100 733
100 1248
100 2
100 982
100 579
100 106
100 179
100 8
100 145
100 2783
100 1289
100 367
100 1
100 1684
100 311
100 1994
100 373
100 1082
100 634
100 271
100 642
100 250
100 117
100 1147
100 362
100 4521
100 261
100 261
100 584
100 1483
100 185
100 88
100 188
100 1130
100 801
100 41
100 33
100 934
100 436
100 263
100 6
100 1557
100 56
100 1053
100 179
100 844
100 3472
100 516
100 192
100 7
100 431
100 545
100 95
100 1910
100 20
100 2346
100 526
100 261
100 975
100 734
100 192
100 54
100 1910
100 810
100 765
100 72
100 541
100 150
100 228
100 480
100 95
100 160
100 902
100 107
100 2159
100 4252
100 707
100 1088
100 4754
100 547
100 41
100 1102
100 82
100 878
100 2
100 117
100 93
100 686
100 171
100 200
100 78
100 283
100 9
100 205
100 409
100 842
100 2660
100 371
100 28
100 578
100 752
100 176
100 2778
100 135
100 235
100 1041
100 821
100 553
100 431
100 130
100 451
100 693
100 65
100 170
100 478
100 2874
100 1703
100 3185
100 133
100 524
100 26
100 2515
100 795
100 1801
100 273
100 124
100 647
100 74
100 802
100 349
100 481
100 775
100 197
100 66
100 3863
100 163
100 1241
100 1005
100 467
100 687
100 440
100 742
100 1378
100 1919
100 176
100 366
100 691
100 797
100 1433
100 390
100 1433
100 1265
100 130
100 2540
100 1668
100 740
100 630
100 1026
100 162
100 107
100 268
100 238
100 103
100 210
100 150
100 176
100 669
100 271
100 779
100 259
100 208
100 20
100 562
100 1149
100 462
100 80
100 225
100 426
100 1208
100 110
100 504
100 285
100 369
100 803
100 220
100 430
100 1128
100 83
100 615
100 400
100 954
100 944
100 1492
100 408
100 39
100 1091
100 590
100 103
100 891
100 116
100 421
100 58
100 1113
100 3882
100 424
100 158
100 600
100 718
100 21
100 515
100 574
100 428
100 181
100 1834
100 1206
100 734
100 37
100 337
100 156
100 381
100 373
100 1253
100 562
100 82
100 150
100 2757
100 271
100 535
100 820
100 94
100 255
100 45
100 163
100 413
100 684
100 955
100 110
100 1782
100 279
100 297
100 141
100 360
100 215
100 464
100 572
100 666
100 165
100 924
100 21
100 124
100 377
100 131
100 32
100 1140
100 485
100 204
100 624
100 777
100 1238
100 1401
100 236
100 91
100 416
100 18
100 365
100 456
100 1659
100 576
100 190
100 231
100 21
100 107
100 196
100 1442
100 1245
100 639
100 394
100 4539
100 96
100 1432
100 432
100 1883
100 1693
100 738
100 811
100 452
100 359
100 1891
100 10
100 1018
100 23
100 1256
100 1843
100 585
100 70
100 1402
100 606
100 43
100 471
100 395
100 605
100 1116
100 198
100 660
100 767
100 364
100 702
100 530
100 378
100 782
100 735
100 1262
100 460
100 2854
100 240
100 1281
100 514
100 453
100 476
100 958
100 586
100 184
100 1192
100 1392
100 201
100 230
100 2120
100 241
100 3
100 1683
100 1107
100 546
100 321
100 807
100 416
100 546
100 621
100 1249
100 41
100 404
100 1427
100 901
100 149
100 460
100 179
100 98
100 1179
100 107
100 714
100 10
100 1884
100 61
100 117
100 38
100 395
100 20
100 4029
100 1474
100 621
100 866
100 75
100 455
100 104
100 1566
100 310
100 636
100 624
100 102
100 518
100 1102
100 116
100 998
100 305
100 26
100 198
100 1004
100 274
100 2682
100 1955
100 467
100 1654
100 1759
100 609
100 779
100 326
100 45
100 39
100 741
100 153
100 10
100 83
100 427
100 998
100 138
100 2932
100 639
100 1357
100 598
100 343
100 213
100 891
100 1385
100 367
100 358
100 406
100 567
100 865
100 736
100 94
100 739
100 680
100 1050
100 1111
100 1590
100 79
100 805
100 1681
100 3454
100 103
100 163
100 998
100 90
100 606
100 120
100 1
100 1345
100 689
100 286
100 757
100 81
100 1624
100 380
100 1914
100 1099
100 121
100 1793
100 845
100 795
100 336
100 493
100 1487
100 220
100 245
100 795
100 1130
100 216
100 367
100 654
100 276
100 188
100 946
100 659
100 732
100 1252
100 36
100 28
100 234
100 339
100 220
100 1231
100 228
100 121
100 323
100 2437
100 64
100 1209
100 196
100 1459
100 329
100 89
100 129
100 215
100 90
100 90
100 1459
100 696
100 252
100 287
100 766
100 899
100 781
100 1084
100 117
100 478
100 251
100 279
100 28
100 253
100 505
100 191
100 1184
100 970
100 550
100 1251
100 440
100 1692
100 809
100 615
100 330
100 157
100 1189
100 1254
100 310
100 50
100 1836
100 772
100 1070
100 146
100 560
100 253
100 600
100 483
100 1668
100 279
100 349
100 50
100 204
100 223
100 648
100 670
100 1074
100 608
100 82
100 192
100 1001
100 152
100 98
100 1079
100 300
100 692
100 811
100 126
100 226
100 837
100 430
100 521
100 132
100 327
100 1144
100 236
100 1120
100 500
100 546
100 1708
100 248
100 4614
100 225
100 407
100 773
100 314
100 3359
100 1910
100 125
100 1047
100 365
100 238
100 519
100 942
100 203
100 613
100 45
100 1216
100 156
100 786
100 1004
100 311
100 864
100 340
100 240
100 172
100 1002
100 697
100 311
100 554
100 1348
100 1454
100 531
100 725
100 654
100 133
100 211
100 86
100 182
100 39
100 671
100 536
100 45
100 909
100 1701
100 382
100 363
100 124
100 816
100 138
100 211
100 1222
100 274
100 476
100 545
100 1189
100 461
100 9
100 2025
100 456
100 134
100 144
100 992
100 1210
100 852
100 102
100 277
100 809
100 41
100 105
100 919
100 887
100 1234
100 281
100 2209
100 47
100 241
100 757
100 653
100 576
100 1094
100 589
100 228
100 510
100 537
100 482
100 774
100 901
100 344
100 658
100 553
100 584
100 656
100 679
100 170
100 1886
100 50
100 169
100 78
100 153
100 193
100 240
100 1057
100 374
100 1462
100 750
100 1
100 687
100 1431
100 346
100 236
100 724
100 93
100 1100
100 557
100 966
100 303
100 1275
100 2815
100 539
100 885
100 508
100 395
100 1978
100 562
100 493
100 256
100 26
100 234
100 247
100 462
100 29
100 2194
100 878
100 1299
100 174
100 204
100 953
100 2814
100 2891
100 456
100 21
100 60
100 833
100 16
100 395
100 102
100 124
100 552
100 294
100 32
100 232
100 165
100 463
100 938
100 452
100 781
100 1661
100 919
100 1471
100 1341
100 379
100 209
100 404
100 408
100 146
100 4208
100 125
100 131
100 455
100 432
100 636
100 1869
100 785
100 649
100 2314
100 511
100 613
100 245
100 523
100 483
100 909
100 1906
100 73
100 1097
100 2459
100 153
100 2232
100 154
100 398
100 142
100 1457
100 1657
100 162
100 318
100 84
100 88
100 480
100 333
100 850
100 335
100 597
100 445
100 95
100 837
100 1418
100 218
100 461
100 81
100 1268
100 142
100 666
100 92
100 81
100 100
100 268
100 180
100 1475
100 58
100 971
100 79
100 60
100 120
100 285
100 142
100 429
100 309
100 556
100 50
100 1126
100 638
100 189
100 717
100 475
100 2219
100 497
100 440
100 72
100 269
100 22
100 226
100 1048
100 478
100 68
100 869
100 659
100 343
100 803
100 709
100 1741
100 104
100 852
100 1140
100 608
100 768
100 298
100 497
100 249
100 1042
100 359
100 83
100 738
100 16
100 57
100 951
100 1441
100 114
100 1002
100 379
100 24
100 287
100 1353
100 475
100 416
100 64
100 52
100 153
100 993
100 42
100 331
100 631
100 1421
100 1490
100 1190
100 748
100 122
100 76
100 172
100 257
100 647
100 547
100 1402
100 168
100 219
100 225
100 581
100 964
100 317
100 220
100 643
100 776
100 1216
100 880
100 170
100 134
100 525
100 1029
100 408
100 1876
100 649
100 517
100 166
100 122
100 325
100 463
100 2090
100 103
100 125
100 25
100 529
100 403
100 809
100 486
100 250
100 36
100 224
100 182
100 167
100 1417
100 698
100 481
100 586
100 902
100 539
100 849
100 330
100 1146
100 366
100 1482
100 83
100 653
100 69
100 70
100 447
100 135
100 1139
100 2547
100 677
100 1393
100 840
100 66
100 755
100 242
100 262
100 89
100 277
100 58
100 641
100 346
100 996
100 157
100 408
100 39
100 345
100 960
100 413
100 124
100 1416
100 1144
100 248
100 516
100 428
100 311
100 177
100 129
100 254
100 484
100 189
100 831
100 799
100 147
100 185
100 143
100 1327
100 594
100 1565
100 531
100 231
100 35
100 213
100 372
100 2087
100 523
100 1603
100 485
100 269
100 25
100 199
100 401
100 1268
100 658
100 725
100 833
100 529
100 131
100 356
100 170
100 497
100 723
100 683
100 364
100 518
100 3774
100 149
100 490
100 806
100 82
100 388
100 293
100 871
100 1699
100 374
100 480
100 3405
100 358
100 2177
100 331
100 443
100 756
100 1834
100 374
100 630
100 193
100 540
100 1252
100 1036
100 29
100 1330
100 809
100 82
100 397
100 113
100 8
100 395
100 631
100 1281
100 1642
100 299
100 103
100 39
100 847
100 136
100 2303
100 1140
100 2090
100 313
100 5
100 708
100 123
100 1001
100 735
100 1046
100 241
100 469
100 32
100 1806
100 924
100 374
100 322
100 1229
100 140
100 1195
100 1682
100 1217
100 470
100 2116
100 1344
100 670
100 389
100 1292
100 286
100 101
100 505
100 133
100 1257
100 2604
100 434
100 610
100 104
100 446
100 1881
100 114
100 127
100 698
100 794
100 484
100 448
100 1019
100 114
100 34
100 65
100 498
100 600
100 415
100 55
100 2011
100 103
100 276
100 827
100 137
100 805
100 1960
100 1165
100 193
100 7
100 745
100 1542
100 319
100 273
100 522
100 236
100 288
100 2518
100 405
100 907
100 743
100 100
100 802
100 426
100 1716
100 1038
100 456
100 2470
100 388
100 573
100 852
100 545
100 180
100 952
100 232
100 986
100 125
100 53
100 704
100 171
100 1112
100 670
100 245
100 1084
100 1129
100 1186
100 186
100 637
100 1011
100 150
100 265
100 2918
100 1909
100 118
100 119
100 180
100 116
100 560
100 493
100 218
100 3562
100 1497
100 140
100 205
100 498
100 1634
100 1631
100 236
100 858
100 1065
100 1138
100 309
100 54
100 1828
100 236
100 300
100 381
100 572
100 267
100 96
100 413
100 294
100 879
100 677
100 5269
100 685
100 960
100 1195
100 735
100 840
100 1354
100 1030
100 2460
100 131
100 564
100 1058
100 1570
100 8
100 170
100 126
100 368
100 230
100 1120
100 381
100 981
100 126
100 913
100 506
100 433
100 490
100 363
100 1840
100 314
100 403
100 113
100 540
100 223
100 1151
100 105
100 277
100 1649
100 191
100 47
100 2090
100 138
100 647
100 403
100 98
100 2276
100 616
100 1052
100 1132
100 1306
100 64
100 7
100 89
100 2095
100 709
100 409
100 453
100 854
100 1252
100 1193
100 312
100 1319
100 2
100 622
100 886
100 582
100 1002
100 314
100 714
100 476
100 106
100 93
100 490
100 1174
100 2773
100 192
100 39
100 183
100 585
100 291
100 1740
100 382
100 74
100 190
100 171
100 716
100 207
100 9
100 1151
100 695
100 1175
100 44
100 931
100 144
100 594
100 430
100 526
100 1359
100 107
100 339
100 1129
100 776
100 677
100 390
100 820
100 351
100 93
100 145
100 970
100 44
100 1786
100 470
100 380
100 165
100 199
100 357
100 136
100 676
100 104
100 266
100 2479
100 77
100 254
100 919
100 90
100 21
100 564
100 250
100 2336
100 419
100 354
100 940
100 418
100 559
100 582
100 209
100 67
100 1560
100 899
100 49
100 209
100 3643
100 1036
100 183
100 145
100 461
100 280
100 428
100 460
100 57
100 765
100 529
100 534
100 813
100 592
100 606
100 1751
100 224
100 1232
100 59
100 692
100 1908
100 328
100 315
100 573
100 483
100 2425
100 644
100 1444
100 891
100 1089
100 656
100 12
100 105
100 160
100 61
100 163
100 417
100 90
100 263
100 121
100 1075
100 194
100 501
100 18
100 954
100 2069
100 630
100 346
100 139
100 125
100 226
100 270
100 109
100 880
100 1407
100 750
100 829
100 432
100 717
100 1548
100 1298
100 752
100 204
100 283
100 62
100 2752
100 888
100 814
100 1425
100 397
100 918
100 623
100 119
100 382
100 641
100 42
100 388
100 284
100 764
100 76
100 1032
100 328
100 151
100 246
100 1692
100 167
100 347
100 328
100 1006
100 624
100 608
100 134
100 23
100 71
100 2659
100 1542
100 71
100 14
100 359
100 468
100 813
100 736
100 871
100 31
100 580
100 105
100 28
100 769
100 1239
100 321
100 685
100 256
100 1408
100 383
100 271
100 687
100 300
100 47
100 797
100 1186
100 150
100 2
100 168
100 2379
100 271
100 497
100 15
100 79
100 383
100 254
100 1440
100 179
100 364
100 123
100 625
100 42
100 1076
100 905
100 1321
100 1082
100 58
100 1001
100 267
100 184
100 598
100 96
100 307
100 154
100 813
100 76
100 158
100 199
100 1502
100 107
100 42
100 1021
100 1800
100 444
100 1651
100 1087
100 39
100 714
100 1443
100 1566
100 121
100 329
100 1095
100 1050
100 942
100 1805
100 365
100 22
100 41
100 369
100 459
100 202
100 297
100 118
100 895
100 1428
100 426
100 345
100 597
100 910
100 777
100 2102
100 51
100 1303
100 147
100 1564
100 1862
100 375
100 979
100 1949
100 121
100 629
100 1548
100 321
100 1320
100 2004
100 1127
100 1071
100 1136
100 329
100 64
100 52
100 892
100 1264
100 233
100 283
100 1231
100 712
100 314
100 288
100 27
100 137
100 388
100 1033
100 607
100 1177
100 8
100 128
100 500
100 71
100 275
100 560
100 471
100 769
100 299
100 463
100 305
100 1059
100 4096
100 1961
100 1690
100 683
100 536
100 1345
100 675
100 778
100 113
100 376
100 411
100 1070
100 624
100 195
100 431
100 1054
100 1234
100 1587
100 8
100 593
100 1069
100 705
100 591
100 444
100 313
100 5
100 199
100 571
100 1155
100 1864
100 262
100 34
100 172
100 1558
100 11
100 708
100 462
100 84
100 1383
100 1773
100 53
100 3547
100 730
100 915
100 589
100 567
100 425
100 1240
100 1165
100 256
100 357
100 354
100 396
100 1151
100 661
100 541
100 1114
100 1267
100 1124
100 2243
100 58
100 3075
100 223
100 867
100 1109
100 636
100 127
100 1010
100 61
100 877
100 1188
100 443
100 625
100 66
100 20
100 2494
100 446
100 733
100 338
100 2274
100 640
100 122
100 132
100 72
100 363
100 1402
100 23
100 633
100 308
100 55
100 44
100 531
100 594
100 693
100 2050
100 121
100 85
100 220
100 63
100 126
100 419
100 98
100 202
100 3154
100 1252
100 844
100 293
100 3028
100 355
100 261
100 798
100 712
100 94
100 815
100 1148
100 1419
100 177
100 0
100 1629
100 1065
100 2166
100 117
100 1680
100 2454
100 6
100 1122
100 161
100 352
100 1004
100 541
100 1212
100 578
100 647
100 194
100 1678
100 258
100 251
100 388
100 2698
100 135
100 331
100 775
100 1061
100 549
100 364
100 246
100 321
100 329
100 979
100 569
100 1560
100 3201
100 124
100 1312
100 222
100 150
100 206
100 288
100 2165
100 1
100 1050
100 18
100 1856
100 207
100 234
100 132
100 1815
100 117
100 1157
100 2702
100 996
100 640
100 876
100 22
100 40
100 928
100 260
100 5
100 536
100 438
100 12
100 1566
100 167
100 44
100 50
100 449
100 835
100 236
100 128
100 11
100 424
100 753
100 71
100 1024
100 1271
100 167
100 838
100 503
100 207
100 881
100 672
100 932
100 564
100 2601
100 1382
100 198
100 1421
100 655
100 539
100 2209
100 510
100 547
100 92
100 348
100 53
100 289
100 627
100 252
100 247
100 739
100 889
100 361
100 1095
100 564
100 107
100 862
100 221
100 936
100 3
100 1355
100 910
100 561
100 1088
100 1191
100 683
100 4
100 335
100 398
100 585
100 878
100 583
100 143
100 608
100 280
100 380
100 2694
100 125
100 846
100 472
100 1383
100 647
100 1660
100 1383
100 897
100 167
100 85
100 3203
100 52
100 1824
100 1067
100 277
100 42
100 602
100 916
100 1431
100 450
100 191
100 103
100 550
100 2923
100 816
100 38
100 34
100 1603
100 2565
100 641
100 238
100 372
100 3829
100 46
100 213
100 384
100 921
100 1916
100 217
100 1185
100 1064
100 377
100 734
100 25
100 331
100 87
100 165
100 1762
100 45
100 1430
100 511
100 1526
100 706
100 1471
100 1190
100 840
100 1569
100 1496
100 304
100 310
100 85
100 65
100 989
100 722
100 247
100 58
100 2559
100 965
100 499
100 178
100 1021
100 999
100 67
100 187
100 292
100 165
100 93
100 1338
100 12
100 537
100 546
100 1227
100 941
100 425
100 2318
100 1808
100 25
100 1265
100 341
100 1423
100 303
100 174
100 2094
100 288
100 2012
100 566
100 310
100 257
100 1156
100 667
100 536
100 849
100 367
100 553
100 169
100 747
100 101
100 194
100 80
100 301
100 990
100 702
100 414
100 317
100 509
100 613
100 241
100 2590
100 334
100 764
100 1686
100 359
100 222
100 1177
100 35
100 83
100 534
100 354
100 437
100 88
100 476
100 129
100 103
100 822
100 367
100 3066
100 603
100 282
100 1916
100 700
100 419
100 280
100 214
100 252
100 615
100 408
100 23
100 645
100 199
100 1240
100 1033
100 2894
100 535
100 310
100 1417
100 623
100 776
100 1811
100 56
100 769
100 1049
100 1640
100 1671
100 64
100 653
100 729
100 1909
100 347
100 165
100 468
100 18
100 126
100 538
100 305
100 2394
100 187
100 141
100 560
100 2340
100 107
100 609
100 830
100 104
100 2850
100 332
100 401
100 1082
100 126
100 505
100 183
100 2034
100 1064
100 1696
100 719
100 381
100 2007
100 270
100 58
100 2683
100 1460
100 72
100 148
100 978
100 2095
100 468
100 255
100 240
100 1473
100 843
100 122
100 250
100 277
100 3427
100 5
100 1744
100 101
100 1787
100 384
100 644
100 2237
100 142
100 424
100 1458
100 1965
100 432
100 66
100 1138
100 3197
100 234
100 296
100 559
100 1372
100 49
100 1684
100 1476
100 312
100 1150
100 346
100 1344
100 1065
100 1104
100 25
100 62
100 2671
100 429
100 967
100 2122
100 251
100 145
100 315
100 974
100 1096
100 489
100 881
100 34
100 1322
100 530
100 168
100 1280
100 83
100 702
100 469
100 1136
100 61
100 333
100 451
100 565
100 1915
100 1011
100 28
100 478
100 97
100 832
100 229
100 110
100 601
100 628
100 14
100 181
100 1790
100 51
100 571
100 1233
100 104
100 124
100 513
100 729
100 3051
100 711
100 492
100 809
100 654
100 149
100 17
100 228
100 700
100 52
100 442
100 1095
100 1001
100 79
100 935
100 10
100 283
100 19
100 301
100 1621
100 460
100 2628
100 156
100 266
100 1592
100 1712
100 792
100 1117
100 2199
100 125
100 2635
100 3
100 322
100 63
100 801
100 99
100 627
100 762
100 492
100 861
100 400
100 272
100 1131
100 670
100 186
100 429
100 405
100 56
100 274
100 1009
100 36
100 250
100 28
100 626
100 393
100 2280
100 1227
100 368
100 146
100 788
100 859
100 417
100 234
100 492
100 450
100 160
100 135
100 66
100 324
100 875
100 835
100 284
100 137
100 382
100 270
100 830
100 330
100 589
100 1165
100 587
100 768
100 722
100 307
100 694
100 35
100 245
100 1047
100 275
100 72
100 3128
100 1712
100 981
100 22
100 348
100 1459
100 371
100 479
100 777
100 601
100 348
100 6610
100 1135
100 566
100 233
100 657
100 1978
100 410
100 49
100 659
100 118
100 217
100 245
100 463
100 795
100 875
100 620
100 1157
100 1529
100 1903
100 658
100 415
100 341
100 20
100 95
100 100
100 584
100 258
100 3024
100 625
100 272
100 23
100 757
100 971
100 413
100 311
100 142
100 274
100 136
100 432
100 2068
100 213
100 1101
100 421
100 207
100 933
100 1053
100 293
100 1641
100 490
100 639
100 1121
100 433
100 2016
100 1187
100 47
100 542
100 1107
100 1256
100 648
100 203
100 125
100 441
100 719
100 1214
100 917
100 1310
100 152
100 933
100 659
100 336
100 230
100 458
100 629
100 436
100 104
100 167
100 56
100 703
100 852
100 182
100 96
100 33
100 273
100 25
100 264
100 1584
100 180
100 587
100 801
100 4054
100 882
100 682
100 25
100 265
100 331
100 1463
100 68
100 234
100 210
100 830
100 325
100 813
100 3295
100 676
100 629
100 324
100 199
100 427
100 641
100 58
100 882
100 1169
100 592
100 630
100 404
100 952
100 329
100 1042
100 781
100 1481
100 584
100 270
100 376
100 617
100 468
100 274
100 93
100 1670
100 164
100 269
100 1477
100 321
100 1769
100 7
100 465
100 1136
100 20
100 492
100 21
100 819
100 564
100 168
100 56
100 1065
100 1912
100 932
100 32
100 85
100 150
100 587
100 65
100 32
100 642
100 1634
100 120
100 2245
100 461
100 1042
100 153
100 275
100 285
100 327
100 771
100 78
100 343
100 197
100 1066
100 1736
100 792
100 79
100 78
100 77
100 702
100 78
100 141
100 364
100 623
100 1478
100 1057
100 33
100 1383
100 468
100 223
100 762
100 308
100 1014
100 445
100 199
100 47
100 24
100 73
100 1600
100 668
100 75
100 79
100 152
100 2454
100 2341
100 636
100 2232
100 275
100 108
100 4
100 386
100 596
100 1234
100 268
100 2750
100 791
100 32
100 1486
100 1348
100 97
100 1472
100 128
100 541
100 782
100 76
100 252
100 307
100 1136
100 126
100 437
100 155
100 484
100 467
100 50
100 943
100 2184
100 766
100 711
100 761
100 86
100 1044
100 1051
100 20
100 15
100 730
100 745
100 279
100 199
100 339
100 1181
100 864
100 953
100 504
100 683
100 37
100 1958
100 82
100 763
100 120
100 1013
100 1278
100 440
100 209
100 1505
100 91
100 2003
100 804
100 761
100 27
100 1318
100 210
100 58
100 1567
100 211
100 369
100 541
100 243
100 1035
100 1168
100 1299
100 301
100 17
100 127
100 2622
100 362
100 1234
100 12
100 1291
100 1385
100 313
100 531
100 471
100 1265
100 1622
100 493
100 92
100 68
100 87
100 697
100 197
100 57
100 1106
100 26
100 45
100 196
100 23
100 300
100 3775
100 752
100 93
100 176
100 231
100 138
100 1301
100 403
100 4
100 1513
100 367
100 72
100 237
100 1333
100 736
100 288
100 277
100 1051
100 2111
100 533
100 313
100 694
100 179
100 534
100 1013
100 1478
100 300
100 3797
100 99
100 1270
100 686
100 7
100 1743
100 208
100 76
100 2056
100 322
100 1488
100 474
100 75
100 485
100 360
100 1300
100 1630
100 277
100 209
100 1487
100 294
100 1191
100 319
100 452
100 412
100 786
100 232
100 2009
100 1641
100 385
100 1182
100 2077
100 609
100 455
100 128
100 154
100 1007
100 2226
100 229
100 152
100 1212
100 338
100 896
100 452
100 1299
100 500
100 956
100 1808
100 687
100 128
100 1324
100 193
100 215
100 914
100 109
100 172
100 238
100 5
100 526
100 482
100 21
100 108
100 141
100 1367
100 233
100 1710
100 359
100 2858
100 773
100 374
100 240
100 126
100 123
100 1661
100 67
100 876
100 300
100 251
100 362
100 99
100 953
100 1536
100 791
100 704
100 220
100 1197
100 541
100 420
100 383
100 960
100 123
100 89
100 78
100 924
100 580
100 39
100 215
100 944
100 203
100 155
100 23
100 158
100 2728
100 925
100 302
100 1214
100 2005
100 32
100 1866
100 153
100 1411
100 123
100 89
100 166
100 453
100 748
100 1579
100 1438
100 528
100 252
100 4
100 487
100 942
100 1122
100 976
100 26
100 1675
100 598
100 182
100 273
100 170
100 2475
100 718
100 176
100 756
100 545
100 5
100 692
100 221
100 376
100 670
100 918
100 361
100 139
100 720
100 31
100 804
100 29
100 70
100 1686
100 1156
100 699
100 763
100 257
100 337
100 1038
100 421
100 821
100 39
100 137
100 43
100 94
100 323
100 1142
100 26
100 864
100 193
100 251
100 2028
100 862
100 361
100 105
100 21
100 3260
100 616
100 662
100 1211
100 3792
100 60
100 597
100 1035
100 177
100 3381
100 658
100 1210
100 54
100 145
100 855
100 375
100 1183
100 579
100 982
100 231
100 215
100 60
100 1361
100 131
100 1285
100 124
100 1011
100 1095
100 24
100 520
100 1583
100 13
100 628
100 1192
100 576
100 1135
100 28
100 705
100 10
100 134
100 663
100 477
100 277
100 650
100 453
100 1503
100 1250
100 588
100 706
100 30
100 256
100 171
100 97
100 749
100 1042
100 1565
100 1879
100 75
100 254
100 294
100 391
100 5
100 542
100 1202
100 442
100 381
100 1837
100 328
100 614
100 684
100 12
100 1465
100 475
100 11
100 256
100 622
100 500
100 348
100 453
100 166
100 338
100 198
100 205
100 1381
100 1802
100 797
100 1049
100 1695
100 284
100 413
100 228
100 741
100 15
100 311
100 1240
100 1105
100 432
100 38
100 363
100 2139
100 260
100 1692
100 248
100 433
100 164
100 744
100 1375
100 46
100 781
100 160
100 1310
100 733
100 1313
100 1130
100 491
100 525
100 218
100 205
100 1655
100 249
100 628
100 935
100 1315
100 496
100 1078
100 71
100 569
100 4253
100 898
100 1918
100 42
100 175
100 838
100 2736
100 281
100 36
100 290
100 261
100 117
100 806
100 906
100 881
100 637
100 304
100 1870
100 811
100 206
100 504
100 1057
100 151
100 1916
100 186
100 252
100 75
100 155
100 366
100 796
100 484
100 1554
100 745
100 40
100 560
100 311
100 531
100 1637
100 379
100 453
100 345
100 47
100 372
100 386
100 375
100 82
100 1464
100 665
100 276
100 2211
100 982
100 1115
100 416
100 777
100 11
100 607
100 712
100 68
100 688
100 26
100 743
100 499
100 195
100 150
100 149
100 382
100 46
100 2576
100 274
100 8
100 614
100 746
100 308
100 61
100 880
100 854
100 241
100 1045
100 501
100 54
100 1322
100 1615
100 147
100 1089
100 261
100 117
100 26
100 255
100 191
100 27
100 1590
100 1290
100 10
100 934
100 530
100 977
100 445
100 87
100 121
100 989
100 1981
100 614
100 625
100 254
100 926
100 2481
100 3452
100 1607
100 273
100 1188
100 76
100 32
100 2105
100 178
100 1890
100 2363
100 778
100 2145
100 624
100 1208
100 821
100 196
100 80
100 146
100 1465
100 674
100 1610
100 812
100 851
100 984
100 87
100 23
100 553
100 114
100 650
100 303
100 342
100 96
100 271
100 39
100 296
100 997
100 446
100 437
100 1106
100 350
100 47
100 5
100 415
100 856
100 611
100 685
100 1637
100 366
100 46
100 797
100 99
100 696
100 652
100 534
100 531
100 447
100 457
100 178
100 2551
100 215
100 571
100 1177
100 231
100 963
100 1222
100 832
100 4
100 392
100 481
100 1366
100 201
100 114
100 704
100 637
100 43
100 241
100 1001
100 163
100 383
100 56
100 114
100 1550
100 47
100 1479
100 785
100 198
100 378
100 411
100 694
100 890
100 580
100 420
100 78
100 130
100 65
100 795
100 477
100 1058
100 793
100 896
100 360
100 1714
100 201
100 2235
100 137
100 2594
100 125
100 509
100 427
100 695
100 333
100 313
100 688
100 635
100 885
100 334
100 1400
100 65
100 265
100 186
100 917
100 158
100 95
100 51
100 272
100 2660
100 102
100 1492
100 751
100 385
100 524
100 2440
100 212
100 196
100 1693
100 327
100 332
100 626
100 1248
100 830
100 5
100 39
100 1364
100 593
100 1208
100 431
100 286
100 2659
100 867
100 972
100 2209
100 48
100 492
100 77
100 128
100 616
100 486
100 806
100 143
100 947
100 232
100 3777
100 889
100 397
100 531
100 1994
100 983
100 2247
100 7
100 1384
100 104
100 171
100 97
100 336
100 537
100 425
100 863
100 416
100 969
100 830
100 1045
100 353
100 927
100 268
100 72
100 941
100 443
100 460
100 727
100 69
100 240
100 169
100 51
100 502
100 1755
100 424
100 502
100 1431
100 475
100 504
100 246
100 483
100 1124
100 26
100 375
100 145
100 559
100 1306
100 471
100 1528
100 2019
100 179
100 51
100 317
100 40
100 139
100 654
100 737
100 947
100 118
100 82
100 291
100 321
100 317
100 603
100 431
100 612
100 439
100 149
100 178
100 498
100 273
100 803
100 1012
100 228
100 458
100 646
100 263
100 5
100 144
100 70
100 664
100 539
100 1086
100 146
100 74
100 97
100 1107
100 1267
100 932
100 891
100 818
100 313
100 42
100 57
100 1402
100 1298
100 371
100 777
100 188
100 2020
100 588
100 139
100 1146
100 120
100 114
100 304
100 2
100 263
100 1532
100 50
100 857
100 524
100 57
100 1872
100 42
100 351
100 120
100 592
100 457
100 2002
100 355
100 391
100 72
100 55
100 869
100 656
100 464
100 286
100 584
100 376
100 1050
100 830
100 576
100 48
100 658
100 389
100 558
100 480
100 457
100 405
100 156
100 101
100 151
100 376
100 357
100 2094
100 176
100 254
100 36
100 202
100 129
100 1016
100 674
100 1297
100 337
100 343
100 515
100 79
100 1666
100 1554
100 541
100 1177
100 93
100 2471
100 616
100 656
100 812
100 858
100 760
100 474
100 729
100 2082
100 322
100 538
100 1302
100 271
100 520
100 173
100 475
100 196
100 223
100 116
100 40
100 203
100 166
100 178
100 153
100 784
100 109
100 326
100 728
100 976
100 659
100 20
100 90
100 195
100 568
100 2450
100 1582
100 566
100 998
100 69
100 104
100 1767
100 116
100 174
100 697
100 80
100 88
100 304
100 442
100 421
100 802
100 186
100 72
100 485
100 87
100 175
100 806
100 861
100 805
100 829
100 31
100 984
100 2319
100 1144
100 325
100 253
100 176
100 195
100 1856
100 561
100 490
100 149
100 83
100 571
100 903
100 112
100 449
100 236
100 40
100 2127
100 1066
100 259
100 1434
100 1437
100 208
100 124
100 143
100 223
100 444
100 78
100 370
100 137
100 599
100 535
100 1490
100 25
100 132
100 1201
100 134
100 665
100 939
100 425
100 1505
100 1081
100 161
100 240
100 133
100 2421
100 1014
100 518
100 438
100 1441
100 294
100 463
100 569
100 1760
100 331
100 63
100 661
100 939
100 438
100 173
100 122
100 27
100 507
100 257
100 20
100 311
100 73
100 189
100 46
100 202
100 52
100 1590
100 551
100 1061
100 438
100 570
100 356
100 110
100 152
100 94
100 336
100 43
100 493
100 215
100 204
100 1148
100 795
100 38
100 51
100 146
100 195
100 761
100 177
100 425
100 647
100 1797
100 1405
100 35
100 822
100 613
100 101
100 829
100 543
100 334
100 273
100 118
100 94
100 1064
100 735
100 637
100 538
100 125
100 445
100 465
100 3446
100 481
100 405
100 1141
100 39
100 283
100 370
100 1205
100 66
100 178
100 390
100 474
100 1063
100 1255
100 1338
100 1361
100 187
100 110
100 1272
100 205
100 1756
100 102
100 170
100 1043
100 525
100 1284
100 876
100 65
100 299
100 647
100 919
100 272
100 668
100 473
100 638
100 233
100 493
100 967
100 1071
100 808
100 395
100 662
100 1041
100 999
100 752
100 407
100 185
100 36
100 255
100 186
100 376
100 609
100 432
100 1906
100 570
100 581
100 432
100 821
100 712
100 125
100 94
100 468
100 43
100 290
100 267
100 569
100 1156
100 530
100 1747
100 475
100 73
100 1230
100 76
100 209
100 26
100 594
100 169
100 1856
100 841
100 514
100 323
100 156
100 113
100 52
100 69
100 1006
100 807
100 23
100 505
100 113
100 1834
100 433
100 445
100 1174
100 574
100 245
100 705
100 1093
100 4008
100 1253
100 1511
100 310
100 174
100 83
100 199
100 639
100 324
100 394
100 698
100 92
100 536
100 1580
100 481
100 69
100 824
100 144
100 1742
100 36
100 88
100 3
100 128
100 474
100 444
100 93
100 250
100 229
100 1168
100 51
100 2393
100 314
100 1664
100 583
100 1341
100 213
100 368
100 199
100 45
100 754
100 1111
100 61
100 867
100 368
100 628
100 152
100 553
100 764
100 337
100 98
100 303
100 1235
100 2137
100 412
100 995
100 1367
100 538
100 1844
100 151
100 270
100 386
100 435
100 331
100 1103
100 75
100 309
100 2014
100 222
100 1377
100 804
100 568
100 203
100 1370
100 149
100 3128
100 815
100 778
100 1727
100 640
100 622
100 765
100 261
100 2002
100 101
100 638
100 376
100 355
100 1691
100 211
100 444
100 137
100 851
100 207
100 45
100 402
100 793
100 574
100 1707
100 1333
100 336
100 616
100 437
100 1904
100 698
100 532
100 1098
100 585
100 1494
100 12
100 813
100 37
100 421
100 20
100 868
100 671
100 858
100 93
100 189
100 97
100 252
100 1123
100 821
100 426
100 834
100 163
100 0
100 1022
100 473
100 1019
100 93
100 601
100 104
100 247
100 990
100 181
100 84
100 373
100 527
100 1589
100 151
100 1536
100 151
100 117
100 756
100 339
100 86
100 34
100 533
100 120
100 698
100 240
100 3814
100 166
100 625
100 812
100 142
100 603
100 786
100 277
100 720
100 236
100 28
100 8
100 534
100 463
100 6
100 1452
100 608
100 1519
100 681
100 128
100 265
100 677
100 89
100 160
100 177
100 1185
100 692
100 476
100 197
100 196
100 318
100 362
100 1288
100 2420
100 550
100 1089
100 284
100 598
100 249
100 267
100 354
100 718
100 310
100 802
100 576
100 753
100 1196
100 44
100 289
100 119
100 638
100 560
100 203
100 31
100 1635
100 1008
100 465
100 125
100 933
100 495
100 306
100 618
100 182
100 548
100 452
100 1033
100 209
100 257
100 284
100 1013
100 155
100 690
100 6
100 387
100 122
100 303
100 447
100 318
100 753
100 459
100 198
100 210
100 777
100 251
100 1767
100 243
100 1080
100 1353
100 80
100 185
100 167
100 921
100 709
100 76
100 51
100 270
100 555
100 249
100 777
100 1950
100 2233
100 520
100 1868
100 102
100 978
100 2218
100 622
100 909
100 51
100 9
100 1091
100 272
100 340
100 1675
100 64
100 718
100 903
100 790
100 905
100 183
100 35
100 1119
100 424
100 309
100 1828
100 41
100 537
100 556
100 554
100 750
100 18
100 200
100 46
100 99
100 264
100 2891
100 631
100 1537
100 716
100 49
100 164
100 72
100 225
100 605
100 435
100 480
100 510
100 494
100 78
100 1248
100 410
100 552
100 413
100 819
100 485
100 838
100 8
100 576
100 741
100 1342
100 1553
100 1129
100 66
100 903
100 614
100 547
100 23
100 973
100 416
100 433
100 67
100 197
100 1957
100 65
100 1517
100 176
100 209
100 1237
100 275
100 144
100 1883
100 154
100 1243
100 182
100 1481
100 822
100 268
100 154
100 435
100 309
100 538
100 335
100 464
100 84
100 114
100 1030
100 91
100 450
100 310
100 579
100 927
100 560
100 125
100 61
100 573
100 1179
100 1935
100 1
100 179
100 621
100 53
100 427
100 675
100 656
100 111
100 462
100 432
100 312
100 745
100 620
100 451
100 1410
100 672
100 284
100 196
100 394
100 149
100 2061
100 1828
100 539
100 560
100 3288
100 284
100 276
100 239
100 2781
100 286
100 661
100 316
100 621
100 722
100 623
100 1710
100 650
100 1382
100 104
100 62
100 140
100 220
100 1033
100 162
100 565
100 334
100 23
100 366
100 13
100 51
100 22
100 66
100 650
100 192
100 386
100 2395
100 756
100 598
100 517
100 233
100 887
100 217
100 353
100 966
100 34
100 1339
100 16
100 247
100 2017
100 315
100 449
100 1039
100 279
100 208
100 560
100 331
100 495
100 194
100 126
100 586
100 509
100 1986
100 863
100 856
100 3446
100 443
100 64
100 1283
100 128
100 498
100 434
100 1783
100 126
100 241
100 165
100 430
100 2062
100 1775
100 207
100 322
100 1348
100 239
100 70
100 1514
100 66
100 1019
100 145
100 199
100 1664
100 770
100 1098
100 180
100 660
100 2253
100 249
100 497
100 1600
100 1137
100 3447
100 32
100 2853
100 925
100 4027
100 1090
100 235
100 149
100 501
100 1201
100 260
100 2020
100 230
100 226
100 841
100 1201
100 1092
100 937
100 203
100 242
100 756
100 629
100 2277
100 369
100 427
100 116
100 387
100 140
100 19
100 400
100 431
100 39
100 617
100 152
100 193
100 389
100 132
100 872
100 58
100 290
100 431
100 376
100 588
100 366
100 1799
100 1562
100 53
100 810
100 467
100 2571
100 1331
100 166
100 351
100 1947
100 69
100 1070
100 2697
100 531
100 400
100 1223
100 749
100 460
100 841
100 1524
100 18
100 1794
100 497
100 334
100 65
100 34
100 307
100 1405
100 563
100 619
100 91
100 60
100 679
100 205
100 429
100 725
100 596
100 693
100 580
100 11
100 79
100 496
100 100
100 104
100 426
100 132
100 166
100 750
100 227
100 65
100 234
100 111
100 1409
100 59
100 539
100 1375
100 527
100 674
100 1045
100 1320
100 2111
100 757
100 667
100 34
100 257
100 32
100 869
100 124
100 340
100 364
100 1282
100 1465
100 260
100 1266
100 450
100 9
100 62
100 757
100 486
100 1988
100 129
100 905
100 1354
100 179
100 1471
100 237
100 1765
100 870
100 345
100 167
100 739
100 324
100 2945
100 563
100 1110
100 2766
100 84
100 150
100 18
100 395
100 256
100 265
100 146
100 187
100 911
100 427
100 510
100 378
100 364
100 389
100 16
100 1089
100 1016
100 283
100 2122
100 358
100 2620
100 387
100 180
100 170
100 1304
100 1895
100 469
100 536
100 150
100 187
100 78
100 604
100 143
100 766
100 180
100 459
100 1083
100 2093
100 118
100 2835
100 22
100 329
100 2197
100 1083
100 2680
100 1978
100 1480
100 898
100 68
100 942
100 557
100 165
100 2135
100 279
100 196
100 297
100 184
100 841
100 11
100 1683
100 67
100 707
100 2156
100 146
100 1236
100 132
100 122
100 6
100 564
100 2075
100 787
100 316
100 343
100 207
100 155
100 48
100 2914
100 503
100 1422
100 305
100 1104
100 1048
100 191
100 373
100 410
100 1435
100 24
100 1775
100 341
100 205
100 601
100 269
100 581
100 510
100 1636
100 169
100 277
100 50
100 382
100 1206
100 874
100 367
100 836
100 284
100 623
100 512
100 1191
100 48
100 438
100 63
100 1083
100 1670
100 126
100 43
100 172
100 524
100 843
100 66
100 83
100 452
100 124
100 962
100 878
100 205
100 1055
100 17
100 636
100 336
100 1392
100 150
100 392
100 2491
100 588
100 95
100 613
100 82
100 435
100 226
100 446
100 1158
100 615
100 451
100 748
100 589
100 203
100 461
100 2345
100 685
100 1083
100 746
100 920
100 490
100 1008
100 259
100 742
100 998
100 661
100 102
100 143
100 114
100 1191
100 1471
100 110
100 1462
100 591
100 358
100 199
100 637
100 989
100 161
100 333
100 1325
100 2469
100 380
100 974
100 150
100 11
100 1821
100 205
100 619
100 874
100 268
100 113
100 282
100 597
100 1
100 170
100 342
100 1815
100 714
100 3340
100 3850
100 236
100 562
100 86
100 215
100 186
100 1253
100 1302
100 429
100 1525
100 300
100 423
100 1587
100 268
100 648
100 1465
100 11
100 182
100 279
100 198
100 924
100 1071
100 1181
100 22
100 1097
100 547
100 1532
100 542
100 120
100 155
100 1080
100 165
100 245
100 521
100 1535
100 480
100 407
100 239
100 551
100 373
100 1669
100 206
100 492
100 114
100 184
100 433
100 324
100 282
100 1582
100 74
100 1614
100 514
100 492
100 1602
100 159
100 597
100 2596
100 293
100 309
100 211
100 1040
100 622
100 589
100 1294
100 787
100 200
100 310
100 1309
100 1249
100 199
100 204
100 111
100 366
100 578
100 1317
100 148
100 226
100 348
100 353
100 2762
100 406
100 1556
100 443
100 579
100 974
100 303
100 390
100 221
100 773
100 352
100 1970
100 157
100 946
100 1139
100 44
100 36
100 274
100 1449
100 360
100 422
100 84
100 335
100 1931
100 275
100 226
100 204
100 1024
100 141
100 2024
100 915
100 3426
100 645
100 92
100 32
100 561
100 809
100 114
100 108
100 2334
100 227
100 676
100 674
100 1708
100 383
100 1434
100 1932
100 1417
100 956
100 184
100 502
100 21
100 1756
100 375
100 1816
100 423
100 4
100 418
100 1847
100 54
100 226
100 1296
100 35
100 395
100 192
100 175
100 1877
100 578
100 393
100 663
100 588
100 2138
100 841
100 483
100 604
100 765
100 1907
100 367
100 238
100 136
100 60
100 0
100 1808
100 1634
100 488
100 45
100 1122
100 519
100 750
100 2413
100 1370
100 207
100 139
100 1273
100 1264
100 192
100 1308
100 965
100 73
100 231
100 665
100 1992
100 238
100 886
100 273
100 203
100 1363
100 532
100 497
100 309
100 925
100 682
100 1811
100 676
100 39
100 867
100 1946
100 202
100 1033
100 244
100 140
100 25
100 403
100 164
100 136
100 270
100 756
100 258
100 349
100 62
100 1623
100 30
100 75
100 207
100 904
100 246
100 84
100 740
100 20
100 1400
100 42
100 795
100 637
100 661
100 837
100 314
100 46
100 570
100 74
100 549
100 444
100 464
100 47
100 125
100 246
100 156
100 52
100 666
100 1270
100 783
100 364
100 232
100 405
100 1748
100 367
100 683
100 1611
100 341
100 17
100 265
100 540
100 824
100 256
100 373
100 135
100 1542
100 105
100 588
100 1202
100 4665
100 1181
100 77
100 143
100 1508
100 457
100 1198
100 262
100 457
100 314
100 410
100 655
100 4050
100 219
100 159
100 194
100 32
100 334
100 709
100 878
100 173
100 1253
100 326
100 164
100 1293
100 3
100 1355
100 325
100 1737
100 824
100 1600
100 1629
100 632
100 112
100 150
100 480
100 113
100 2751
100 383
100 1142
100 311
100 325
100 276
100 431
100 373
100 1937
100 440
100 664
100 272
100 1108
100 69
100 308
100 114
100 1115
100 500
100 194
100 43
100 170
100 1414
100 284
100 728
100 241
100 2344
100 1714
100 213
100 335
100 174
100 1295
100 33
100 914
100 112
100 722
100 1319
100 29
100 1268
100 1867
100 164
100 24
100 504
100 13
100 256
100 369
100 1834
100 57
100 1564
100 1131
100 1099
100 541
100 498
100 31
100 1556
100 315
100 62
100 305
100 573
100 1479
100 1303
100 333
100 2001
100 1713
100 374
100 457
100 452
100 546
100 590
100 11
100 1407
100 926
100 483
100 191
100 125
100 1561
100 685
100 1140
100 270
100 1792
100 163
100 339
100 125
100 379
100 195
100 560
100 897
100 941
100 689
100 3571
100 362
100 410
100 471
100 451
100 1001
100 767
100 226
100 1389
100 416
100 200
100 0
100 1176
100 39
100 164
100 485
100 392
100 445
100 1092
100 941
100 659
100 768
100 1477
100 664
100 346
100 440
100 1645
100 53
100 240
100 1081
100 167
100 113
100 589
100 1810
100 36
100 642
100 544
100 287
100 1055
100 629
100 1657
100 1163
100 1031
100 744
100 538
100 1284
100 2326
100 706
100 367
100 1369
100 1419
100 500
100 916
100 63
100 201
100 897
100 4
100 23
100 2672
100 785
100 1117
100 1366
100 35
100 163
100 1021
100 36
100 717
100 152
100 1911
100 553
100 109
100 428
100 977
100 137
100 288
100 702
