100 70
100 70
100 270
100 201
100 80
100 118
100 19
100 165
100 35
100 36
100 350
100 134
100 266
100 401
100 299
100 656
100 212
100 156
100 397
100 26
100 111
100 211
100 234
100 72
100 429
100 395
100 9
100 43
100 0
100 280
100 26
100 506
100 83
100 269
100 74
100 162
100 21
100 387
100 305
100 5
100 175
100 231
100 54
100 8
100 123
100 129
100 58
100 1
100 373
100 473
100 139
100 32
100 274
100 197
100 970
100 17
100 64
100 114
100 109
100 79
100 250
100 23
100 39
100 58
100 85
100 65
100 249
100 388
100 635
100 75
100 29
100 15
100 60
100 86
100 511
100 126
100 35
100 109
100 6
100 332
100 358
100 273
100 121
100 128
100 215
100 408
100 325
100 205
100 119
100 151
100 68
100 348
100 75
100 42
100 328
100 877
100 338
100 176
100 673
100 83
100 127
100 38
100 514
100 65
100 187
100 1080
100 307
100 358
100 320
100 204
100 53
100 61
100 79
100 0
100 20
100 58
100 187
100 164
100 200
100 226
100 131
100 20
100 215
100 190
100 305
100 222
100 52
100 538
100 101
100 359
100 0
100 104
100 178
100 462
100 17
100 74
100 555
100 162
100 261
100 26
100 130
100 637
100 316
100 68
100 42
100 350
100 35
100 569
100 433
100 30
100 480
100 0
100 6
100 410
100 80
100 219
100 305
100 194
100 68
100 421
100 6
100 285
100 126
100 104
100 15
100 54
100 115
100 519
100 14
100 173
100 59
100 115
100 295
100 35
100 34
100 381
100 127
100 697
100 54
100 376
100 35
100 369
100 34
100 34
100 83
100 64
100 70
100 118
100 253
100 90
100 500
100 180
100 11
100 49
100 151
100 41
100 57
100 83
100 157
100 146
100 4
100 454
100 453
100 441
100 347
100 233
100 125
100 459
100 384
100 102
100 543
100 32
100 392
100 102
100 290
100 194
100 26
100 531
100 657
100 198
100 75
100 184
100 41
100 165
100 7
100 117
100 60
100 47
100 8
100 292
100 85
100 344
100 34
100 73
100 54
100 155
100 420
100 35
100 182
100 64
100 149
100 188
100 131
100 2
100 203
100 6
100 70
100 59
100 382
100 1244
100 16
100 189
100 132
100 160
100 149
100 277
100 14
100 500
100 295
100 540
100 47
100 7
100 77
100 55
100 41
100 473
100 65
100 848
100 258
100 21
100 235
100 46
100 190
100 115
100 447
100 97
100 115
100 4
100 298
100 705
100 204
100 7
100 152
100 893
100 99
100 16
100 310
100 66
100 125
100 412
100 93
100 330
100 277
100 81
100 17
100 164
100 24
100 187
100 58
100 33
100 205
100 12
100 17
100 7
100 122
100 363
100 215
100 325
100 478
100 217
100 97
100 66
100 555
100 79
100 131
100 347
100 137
100 245
100 43
100 42
100 150
100 348
100 50
100 70
100 221
100 62
100 28
100 200
100 49
100 429
100 189
100 150
100 686
100 165
100 42
100 84
100 298
100 142
100 336
100 283
100 150
100 479
100 221
100 112
100 200
100 301
100 45
100 298
100 202
100 24
100 23
100 64
100 192
100 232
100 212
100 420
100 144
100 232
100 41
100 137
100 156
100 56
100 356
100 42
100 22
100 915
100 75
100 110
100 342
100 135
100 40
100 19
100 69
100 152
100 190
100 98
100 77
100 13
100 206
100 23
100 17
100 352
100 210
100 344
100 139
100 433
100 64
100 348
100 163
100 427
100 271
100 173
100 299
100 6
100 691
100 246
100 317
100 354
100 162
100 395
100 100
100 150
100 151
100 41
100 650
100 10
100 586
100 198
100 248
100 58
100 483
100 363
100 253
100 346
100 71
100 27
100 11
100 12
100 229
100 474
100 132
100 236
100 362
100 33
100 1252
100 212
100 135
100 39
100 80
100 542
100 342
100 94
100 168
100 379
100 94
100 209
100 77
100 629
100 102
100 1231
100 19
100 67
100 181
100 544
100 384
100 324
100 11
100 710
100 150
100 52
100 103
100 612
100 96
100 46
100 119
100 170
100 17
100 2
100 158
100 393
100 483
100 10
100 3
100 241
100 423
100 352
100 219
100 125
100 36
100 192
100 481
100 10
100 451
100 408
100 298
100 36
100 81
100 7
100 448
100 111
100 93
100 479
100 78
100 249
100 0
100 144
100 25
100 757
100 378
100 158
100 272
100 59
100 109
100 218
100 114
100 95
100 127
100 187
100 390
100 29
100 343
100 63
100 573
100 350
100 362
100 229
100 318
100 543
100 185
100 410
100 197
100 288
100 240
100 1156
100 159
100 60
100 408
100 85
100 130
100 112
100 268
100 210
100 846
100 309
100 47
100 124
100 43
100 0
100 149
100 122
100 294
100 287
100 152
100 82
100 11
100 159
100 137
100 339
100 67
100 100
100 60
100 49
100 72
100 42
100 638
100 471
100 147
100 375
100 66
100 179
100 191
100 199
100 335
100 224
100 402
100 184
100 815
100 124
100 58
100 40
100 143
100 58
100 124
100 71
100 150
100 53
100 29
100 6
100 801
100 215
100 347
100 860
100 129
100 9
100 558
100 36
100 348
100 160
100 42
100 1
100 118
100 262
100 38
100 353
100 240
100 135
100 226
100 289
100 106
100 240
100 102
100 228
100 92
100 133
100 176
100 531
100 826
100 59
100 389
100 372
100 107
100 130
100 41
100 171
100 187
100 17
100 30
100 278
100 124
100 44
100 251
100 59
100 4
100 120
100 92
100 303
100 282
100 54
100 38
100 163
100 126
100 60
100 319
100 43
100 219
100 9
100 158
100 64
100 55
100 575
100 601
100 411
100 10
100 2
100 91
100 117
100 169
100 143
100 185
100 295
100 178
100 198
100 126
100 281
100 169
100 137
100 446
100 164
100 272
100 62
100 1142
100 553
100 112
100 151
100 70
100 654
100 16
100 191
100 363
100 1092
100 269
100 811
100 282
100 561
100 12
100 120
100 159
100 139
100 90
100 180
100 19
100 94
100 237
100 428
100 38
100 345
100 436
100 65
100 152
100 4
100 10
100 328
100 14
100 32
100 113
100 206
100 114
100 242
100 134
100 347
100 146
100 41
100 60
100 8
100 139
100 1010
100 230
100 173
100 584
100 229
100 74
100 76
100 34
100 4
100 11
100 348
100 570
100 6
100 349
100 46
100 145
100 79
100 49
100 195
100 65
100 189
100 9
100 79
100 65
100 78
100 100
100 44
100 334
100 288
100 478
100 12
100 25
100 172
100 55
100 100
100 12
100 221
100 639
100 558
100 64
100 767
100 80
100 453
100 48
100 113
100 273
100 37
100 53
100 196
100 85
100 7
100 455
100 527
100 28
100 415
100 9
100 15
100 13
100 847
100 445
100 87
100 96
100 211
100 89
100 124
100 337
100 145
100 38
100 124
100 10
100 15
100 43
100 630
100 437
100 2
100 135
100 125
100 494
100 379
100 23
100 69
100 32
100 8
100 11
100 80
100 163
100 172
100 86
100 402
100 431
100 49
100 131
100 69
100 132
100 53
100 427
100 637
100 1
100 293
100 38
100 359
100 105
100 179
100 470
100 49
100 79
100 86
100 260
100 130
100 854
100 348
100 214
100 28
100 113
100 192
100 78
100 150
100 282
100 122
100 749
100 103
100 232
100 302
100 8
100 428
100 697
100 165
100 122
100 241
100 15
100 459
100 254
100 13
100 107
100 0
100 236
100 16
100 144
100 55
100 176
100 236
100 367
100 219
100 654
100 190
100 33
100 696
100 10
100 343
100 76
100 508
100 25
100 115
100 285
100 269
100 664
100 26
100 465
100 143
100 54
100 145
100 287
100 147
100 448
100 28
100 300
100 267
100 790
100 320
100 55
100 333
100 443
100 295
100 652
100 100
100 721
100 379
100 200
100 335
100 93
100 58
100 92
100 9
100 14
100 387
100 661
100 184
100 838
100 340
100 487
100 154
100 57
100 35
100 27
100 30
100 329
100 31
100 13
100 7
100 217
100 56
100 156
100 438
100 9
100 217
100 235
100 68
100 151
100 1122
100 185
100 349
100 491
100 48
100 8
100 206
100 229
100 65
100 103
100 111
100 57
100 242
100 189
100 134
100 252
100 32
100 17
100 295
100 200
100 369
100 26
100 119
100 303
100 180
100 114
100 301
100 256
100 859
100 4
100 538
100 116
100 533
100 35
100 461
100 66
100 33
100 109
100 18
100 276
100 42
100 625
100 69
100 243
100 140
100 313
100 76
100 45
100 52
100 58
100 41
100 59
100 291
100 53
100 242
100 271
100 569
100 44
100 14
100 303
100 6
100 503
100 412
100 669
100 526
100 382
100 211
100 149
100 58
100 89
100 23
100 518
100 127
100 654
100 49
100 268
100 165
100 341
100 49
100 29
100 247
100 687
100 101
100 513
100 4
100 117
100 369
100 74
100 263
100 14
100 313
100 876
100 7
100 414
100 474
100 70
100 79
100 231
100 561
100 7
100 130
100 43
100 183
100 39
100 310
100 7
100 207
100 9
100 116
100 244
100 124
100 95
100 381
100 386
100 79
100 16
100 469
100 54
100 540
100 334
100 91
100 249
100 26
100 217
100 387
100 228
100 183
100 44
100 271
100 56
100 153
100 51
100 87
100 311
100 333
100 181
100 182
100 282
100 53
100 26
100 290
100 108
100 395
100 264
100 297
100 15
100 2
100 154
100 40
100 8
100 546
100 31
100 116
100 646
100 244
100 18
100 140
100 316
100 176
100 44
100 143
100 114
100 65
100 100
100 20
100 377
100 62
100 358
100 65
100 40
100 243
100 44
100 19
100 109
100 217
100 1
100 593
100 110
100 177
100 425
100 6
100 298
100 116
100 321
100 112
100 241
100 94
100 309
100 95
100 415
100 26
100 46
100 2
100 805
100 378
100 226
100 49
100 242
100 140
100 89
100 185
100 217
100 1
100 617
100 440
100 233
100 49
100 38
100 116
100 30
100 5
100 265
100 65
100 3
100 290
100 191
100 85
100 394
100 178
100 94
100 52
100 14
100 766
100 26
100 189
100 232
100 76
100 54
100 98
100 9
100 2
100 99
100 45
100 141
100 201
100 712
100 151
100 733
100 136
100 124
100 180
100 0
100 412
100 25
100 226
100 76
100 191
100 358
100 356
100 169
100 401
100 535
100 68
100 61
100 207
100 177
100 140
100 253
100 81
100 712
100 97
100 22
100 332
100 195
100 27
100 100
100 124
100 43
100 510
100 355
100 46
100 21
100 103
100 145
100 56
100 290
100 4
100 16
100 151
100 152
100 464
100 121
100 6
100 23
100 27
100 38
100 38
100 12
100 180
100 71
100 33
100 311
100 97
100 129
100 765
100 31
100 290
100 455
100 334
100 136
100 175
100 380
100 116
100 246
100 402
100 211
100 115
100 36
100 164
100 121
100 222
100 452
100 289
100 313
100 144
100 9
100 369
100 333
100 214
100 86
100 438
100 117
100 84
100 248
100 183
100 128
100 9
100 84
100 99
100 89
100 264
100 136
100 40
100 223
100 12
100 98
100 199
100 184
100 257
100 117
100 71
100 78
100 64
100 210
100 35
100 0
100 299
100 141
100 222
100 243
100 44
100 63
100 85
100 113
100 43
100 4
100 246
100 13
100 66
100 57
100 241
100 57
100 21
100 198
100 47
100 4
100 124
100 64
100 162
100 120
100 133
100 77
100 86
100 203
100 559
100 63
100 300
100 666
100 2
100 157
100 322
100 297
100 159
100 265
100 134
100 121
100 132
100 370
100 104
100 58
100 11
100 376
100 691
100 47
100 127
100 61
100 543
100 78
100 349
100 47
100 106
100 232
100 56
100 59
100 130
100 47
100 42
100 300
100 95
100 98
100 20
100 372
100 318
100 41
100 26
100 119
100 191
100 301
100 11
100 51
100 114
100 8
100 93
100 664
100 659
100 205
100 77
100 10
100 96
100 55
100 234
100 472
100 196
100 374
100 280
100 15
100 551
100 46
100 32
100 294
100 32
100 65
100 217
100 134
100 114
100 60
100 234
100 103
100 459
100 106
100 13
100 192
100 249
100 63
100 4
100 132
100 451
100 157
100 250
100 13
100 50
100 38
100 60
100 430
100 122
100 19
100 210
100 246
100 319
100 523
100 20
100 150
100 51
100 455
100 155
100 34
100 13
100 35
100 375
100 123
100 83
100 14
100 50
100 34
100 134
100 17
100 219
100 6
100 71
100 748
100 413
100 4
100 143
100 250
100 383
100 240
100 331
100 33
100 75
100 119
100 166
100 98
100 78
100 90
100 80
100 25
100 72
100 34
100 30
100 321
100 133
100 259
100 114
100 231
100 95
100 15
100 31
100 227
100 46
100 220
100 41
100 249
100 190
100 100
100 773
100 99
100 5
100 103
100 103
100 384
100 47
100 100
100 908
100 2
100 74
100 225
100 39
100 24
100 38
100 1301
100 187
100 26
100 298
100 291
100 206
100 147
100 65
100 204
100 98
100 535
100 97
100 55
100 160
100 87
100 224
100 9
100 284
100 1
100 11
100 13
100 1
100 69
100 75
100 21
100 278
100 20
100 56
100 581
100 100
100 104
100 149
100 22
100 379
100 144
100 26
100 396
100 233
100 406
100 744
100 609
100 38
100 190
100 72
100 321
100 230
100 46
100 609
100 245
100 33
100 1097
100 137
100 34
100 269
100 46
100 26
100 911
100 385
100 177
100 196
100 65
100 284
100 4
100 0
100 7
100 444
100 37
100 30
100 166
100 581
100 86
100 106
100 109
100 236
100 147
100 632
100 237
100 119
100 7
100 186
100 11
100 175
100 185
100 736
100 78
100 92
100 146
100 537
100 387
100 109
100 120
100 177
100 277
100 256
100 30
100 188
100 18
100 469
100 83
100 229
100 71
100 158
100 98
100 145
100 185
100 144
100 285
100 261
100 22
100 99
100 90
100 9
100 106
100 247
100 115
100 156
100 80
100 154
100 457
100 91
100 33
100 103
100 52
100 98
100 70
100 41
100 145
100 387
100 39
100 140
100 177
100 274
100 314
100 63
100 45
100 509
100 257
100 128
100 115
100 33
100 520
100 107
100 480
100 214
100 118
100 91
100 262
100 175
100 132
100 138
100 150
100 8
100 126
100 265
100 280
100 910
100 284
100 265
100 68
100 248
100 598
100 18
100 387
100 801
100 43
100 125
100 199
100 398
100 133
100 61
100 44
100 47
100 90
100 131
100 524
100 16
100 363
100 125
100 75
100 204
100 1
100 109
100 85
100 324
100 188
100 639
100 13
100 103
100 87
100 5
100 120
100 206
100 969
100 569
100 135
100 52
100 32
100 150
100 467
100 273
100 72
100 94
100 71
100 247
100 132
100 275
100 69
100 25
100 63
100 110
100 5
100 43
100 9
100 1004
100 231
100 49
100 166
100 51
100 211
100 301
100 149
100 160
100 308
100 119
100 115
100 180
100 1
100 139
100 39
100 179
100 421
100 391
100 505
100 470
100 140
100 320
100 6
100 50
100 8
100 317
100 55
100 33
100 98
100 337
100 184
100 4
100 669
100 228
100 92
100 169
100 187
100 187
100 101
100 58
100 180
100 623
100 198
100 132
100 73
100 88
100 620
100 127
100 381
100 808
100 267
100 174
100 521
100 334
100 28
100 24
100 369
100 281
100 135
100 250
100 328
100 98
100 566
100 67
100 201
100 333
100 301
100 107
100 382
100 298
100 31
100 160
100 58
100 338
100 13
100 297
100 96
100 41
100 12
100 256
100 28
100 104
100 57
100 118
100 65
100 193
100 92
100 81
100 2
100 194
100 451
100 45
100 54
100 341
100 34
100 144
100 231
100 18
100 266
100 724
100 126
100 154
100 52
100 7
100 423
100 192
100 1541
100 284
100 110
100 997
100 179
100 40
100 138
100 315
100 15
100 424
100 279
100 320
100 285
100 28
100 15
100 46
100 124
100 78
100 49
100 8
100 2
100 107
100 152
100 731
100 91
100 21
100 23
100 752
100 141
100 225
100 90
100 79
100 127
100 82
100 256
100 82
100 205
100 498
100 8
100 149
100 339
100 722
100 274
100 37
100 707
100 61
100 227
100 211
100 339
100 484
100 500
100 356
100 69
100 119
100 0
100 52
100 20
100 116
100 12
100 444
100 213
100 131
100 157
100 230
100 67
100 71
100 377
100 393
100 287
100 113
100 32
100 523
100 8
100 47
100 216
100 214
100 97
100 117
100 26
100 9
100 74
100 369
100 304
100 82
100 82
100 203
100 156
100 61
100 60
100 133
100 308
100 138
100 15
100 223
100 464
100 191
100 25
100 30
100 230
100 10
100 290
100 146
100 193
100 26
100 56
100 470
100 440
100 77
100 239
100 169
100 34
100 246
100 182
100 93
100 579
100 298
100 353
100 92
100 154
100 25
100 234
100 133
100 517
100 238
100 26
100 314
100 29
100 104
100 126
100 20
100 21
100 319
100 89
100 130
100 120
100 742
100 7
100 15
100 53
100 34
100 21
100 52
100 130
100 63
100 142
100 204
100 200
100 177
100 133
100 105
100 291
100 139
100 50
100 8
100 84
100 44
100 32
100 512
100 1156
100 250
100 145
100 602
100 29
100 175
100 298
100 13
100 124
100 143
100 37
100 94
100 255
100 111
100 8
100 672
100 17
100 8
100 748
100 432
100 196
100 98
100 62
100 325
100 65
100 92
100 156
100 309
100 20
100 99
100 739
100 155
100 52
100 122
100 461
100 320
100 376
100 566
100 68
100 35
100 203
100 50
100 45
100 7
100 153
100 132
100 346
100 76
100 267
100 80
100 290
100 3
100 63
100 118
100 80
100 99
100 497
100 20
100 812
100 145
100 84
100 48
100 46
100 338
100 4
100 62
100 213
100 147
100 40
100 447
100 24
100 177
100 12
100 1
100 14
100 206
100 19
100 95
100 32
100 37
100 166
100 23
100 358
100 336
100 138
100 143
100 99
100 217
100 191
100 117
100 171
100 83
100 11
100 298
100 43
100 20
100 88
100 34
100 102
100 161
100 53
100 35
100 339
100 22
100 323
100 579
100 48
100 315
100 169
100 237
100 65
100 23
100 765
100 64
100 356
100 193
100 726
100 67
100 60
100 106
100 64
100 30
100 31
100 179
100 120
100 135
100 46
100 116
100 93
100 271
100 592
100 189
100 198
100 175
100 136
100 34
100 298
100 329
100 626
100 3
100 87
100 53
100 25
100 629
100 258
100 131
100 143
100 77
100 201
100 71
100 185
100 94
100 81
100 48
100 100
100 155
100 62
100 176
100 9
100 440
100 70
100 188
100 99
100 104
100 17
100 191
100 140
100 280
100 448
100 4
100 349
100 93
100 331
100 228
100 227
100 0
100 85
100 372
100 61
100 82
100 482
100 511
100 56
100 134
100 384
100 474
100 52
100 422
100 105
100 124
100 113
100 118
100 523
100 127
100 73
100 118
100 7
100 14
100 5
100 16
100 259
100 42
100 175
100 537
100 95
100 207
100 125
100 13
100 398
100 213
100 45
100 83
100 57
100 120
100 37
100 42
100 198
100 3
100 143
100 117
100 429
100 304
100 111
100 51
100 144
100 92
100 257
100 23
100 292
100 111
100 48
100 59
100 132
100 201
100 203
100 362
100 175
100 118
100 1081
100 198
100 744
100 1
100 24
100 521
100 29
100 350
100 5
100 291
100 260
100 220
100 121
100 189
100 217
100 262
100 5
100 229
100 146
100 208
100 32
100 412
100 831
100 156
100 456
100 162
100 31
100 26
100 119
100 322
100 275
100 20
100 73
100 79
100 115
100 565
100 263
100 142
100 22
100 5
100 32
100 6
100 134
100 3
100 81
100 192
100 17
100 86
100 94
100 43
100 20
100 359
100 191
100 77
100 43
100 182
100 441
100 30
100 78
100 147
100 316
100 295
100 1
100 161
100 207
100 124
100 87
100 11
100 189
100 334
100 412
100 759
100 46
100 65
100 165
100 283
100 486
100 112
100 426
100 101
100 170
100 65
100 144
100 432
100 170
100 311
100 127
100 65
100 60
100 46
100 331
100 537
100 108
100 542
100 13
100 28
100 596
100 100
100 166
100 552
100 175
100 76
100 340
100 90
100 441
100 223
100 82
100 42
100 691
100 143
100 10
100 321
100 428
100 57
100 46
100 272
100 322
100 173
100 170
100 148
100 27
100 159
100 14
100 40
100 284
100 87
100 329
100 173
100 310
100 118
100 70
100 357
100 455
100 114
100 41
100 14
100 2
100 0
100 403
100 144
100 514
100 49
100 40
100 388
100 311
100 416
100 63
100 64
100 8
100 99
100 169
100 292
100 21
100 94
100 112
100 351
100 7
100 46
100 180
100 722
100 226
100 0
100 566
100 226
100 18
100 40
100 145
100 37
100 606
100 47
100 13
100 40
100 352
100 651
100 0
100 53
100 57
100 18
100 40
100 369
100 88
100 197
100 22
100 209
100 122
100 290
100 311
100 85
100 371
100 52
100 14
100 92
100 756
100 91
100 362
100 431
100 10
100 162
100 18
100 110
100 39
100 342
100 180
100 57
100 28
100 118
100 33
100 37
100 201
100 262
100 251
100 24
100 469
100 78
100 60
100 24
100 148
100 206
100 95
100 60
100 68
100 192
100 117
100 94
100 141
100 130
100 253
100 98
100 138
100 89
100 138
100 453
100 66
100 96
100 98
100 180
100 73
100 72
100 163
100 95
100 32
100 166
100 10
100 155
100 710
100 273
100 275
100 265
100 13
100 31
100 94
100 245
100 29
100 61
100 416
100 55
100 401
100 665
100 159
100 140
100 73
100 201
100 90
100 446
100 23
100 614
100 306
100 764
100 6
100 460
100 68
100 79
100 367
100 83
100 140
100 173
100 720
100 61
100 271
100 68
100 137
100 29
100 321
100 313
100 233
100 75
100 21
100 378
100 139
100 286
100 90
100 201
100 6
100 202
100 104
100 152
100 258
100 71
100 105
100 120
100 349
100 48
100 52
100 22
100 193
100 210
100 63
100 327
100 242
100 246
100 134
100 103
100 35
100 82
100 89
100 143
100 115
100 25
100 447
100 77
100 669
100 87
100 3
100 436
100 492
100 263
100 16
100 9
100 139
100 31
100 39
100 237
100 118
100 59
100 289
100 405
100 119
100 283
100 45
100 242
100 81
100 62
100 160
100 281
100 65
100 153
100 7
100 146
100 92
100 44
100 3
100 130
100 6
100 584
100 100
100 185
100 32
100 396
100 1
100 148
100 225
100 245
100 38
100 27
100 329
100 50
100 115
100 371
100 481
100 108
100 438
100 642
100 427
100 98
100 84
100 285
100 361
100 194
100 688
100 130
100 136
100 225
100 492
100 5
100 182
100 110
100 88
100 47
100 20
100 75
100 180
100 141
100 289
100 24
100 49
100 199
100 52
100 396
100 478
100 234
100 120
100 31
100 15
100 31
100 216
100 125
100 7
100 64
100 337
100 356
100 272
100 34
100 93
100 318
100 168
100 436
100 551
100 348
100 287
100 8
100 6
100 105
100 90
100 42
100 46
100 520
100 259
100 0
100 213
100 283
100 329
100 129
100 691
100 196
100 40
100 250
100 152
100 679
100 190
100 79
100 61
100 99
100 18
100 279
100 233
100 87
100 114
100 380
100 41
100 168
100 136
100 166
100 30
100 509
100 245
100 61
100 36
100 141
100 33
100 61
100 442
100 31
100 86
100 108
100 358
100 134
100 70
100 146
100 16
100 184
100 50
100 269
100 122
100 322
100 122
100 147
100 227
100 32
100 55
100 429
100 152
100 99
100 142
100 54
100 213
100 188
100 90
100 138
100 263
100 434
100 198
100 106
100 54
100 62
100 108
100 110
100 111
100 14
100 222
100 27
100 30
100 471
100 100
100 660
100 16
100 284
100 196
100 6
100 75
100 808
100 83
100 374
100 56
100 270
100 35
100 110
100 5
100 249
100 93
100 157
100 85
100 45
100 11
100 124
100 48
100 218
100 29
100 22
100 205
100 38
100 303
100 73
100 126
100 81
100 59
100 236
100 28
100 3
100 309
100 80
100 1
100 167
100 61
100 187
100 423
100 95
100 27
100 476
100 21
100 189
100 1169
100 181
100 832
100 599
100 173
100 14
100 54
100 286
100 254
100 175
100 22
100 554
100 46
100 419
100 73
100 22
100 38
100 73
100 8
100 47
100 53
100 187
100 315
100 91
100 387
100 233
100 220
100 25
100 432
100 70
100 323
100 45
100 4
100 88
100 12
100 17
100 60
100 102
100 261
100 697
100 301
100 69
100 125
100 307
100 350
100 139
100 222
100 61
100 4
100 175
100 228
100 665
100 48
100 40
100 118
100 24
100 149
100 90
100 517
100 213
100 86
100 93
100 433
100 30
100 33
100 690
100 101
100 389
100 225
100 68
100 139
100 131
100 115
100 160
100 155
100 52
100 180
100 19
100 109
100 50
100 233
100 544
100 332
100 207
100 19
100 56
100 162
100 428
100 224
100 108
100 206
100 99
100 93
100 159
100 79
100 128
100 103
100 227
100 26
100 31
100 24
100 296
100 117
100 223
100 56
100 39
100 138
100 230
100 332
100 513
100 159
100 141
100 81
100 66
100 276
100 701
100 49
100 76
100 83
100 58
100 176
100 20
100 161
100 167
100 827
100 1109
100 78
100 41
100 33
100 82
100 335
100 22
100 178
100 370
100 86
100 126
100 68
100 255
100 309
100 270
100 299
100 437
100 522
100 179
100 57
100 29
100 121
100 241
100 10
100 102
100 584
100 49
100 713
100 298
100 54
100 23
100 159
100 21
100 46
100 333
100 0
100 207
100 659
100 564
100 358
100 22
100 43
100 279
100 520
100 148
100 112
100 21
100 137
100 96
100 322
100 45
100 135
100 145
100 466
100 139
100 89
100 29
100 55
100 58
100 299
100 45
100 81
100 200
100 132
100 29
100 135
100 117
100 43
100 63
100 22
100 70
100 4
100 203
100 460
100 200
100 33
100 6
100 361
100 144
100 19
100 217
100 64
100 191
100 132
100 167
100 368
100 262
100 200
100 99
100 21
100 31
100 308
100 140
100 57
100 75
100 160
100 46
100 44
100 182
100 35
100 1
100 52
100 110
100 564
100 105
100 616
100 241
100 57
100 34
100 146
100 145
100 43
100 144
100 458
100 12
100 54
100 678
100 18
100 180
100 88
100 79
100 18
100 51
100 79
100 315
100 356
100 71
100 197
100 508
100 54
100 134
100 149
100 34
100 348
100 116
100 159
100 158
100 113
100 142
100 592
100 374
100 153
100 197
100 114
100 118
100 274
100 403
100 324
100 227
100 357
100 106
100 58
100 69
100 150
100 124
100 477
100 77
100 89
100 47
100 113
100 359
100 230
100 424
100 4
100 93
100 122
100 3
100 117
100 139
100 56
100 146
100 10
100 13
100 91
100 21
100 37
100 11
100 53
100 189
100 602
100 0
100 97
100 5
100 103
100 135
100 36
100 413
100 216
100 38
100 605
100 45
100 49
100 12
100 151
100 160
100 112
100 99
100 480
100 119
100 304
100 53
100 151
100 54
100 159
100 22
100 301
100 80
100 38
100 10
100 255
100 6
100 214
100 0
100 291
100 192
100 383
100 63
100 6
100 13
100 62
100 102
100 340
100 99
100 75
100 189
100 171
100 93
100 173
100 51
100 20
100 556
100 66
100 447
100 103
100 362
100 88
100 1145
100 156
100 24
100 163
100 27
100 451
100 156
100 245
100 228
100 6
100 225
100 75
100 304
100 524
100 423
100 348
100 6
100 188
100 80
100 16
100 78
100 14
100 220
100 41
100 27
100 54
100 75
100 280
100 68
100 59
100 78
100 1
100 768
100 316
100 247
100 44
100 132
100 39
100 87
100 454
100 239
100 127
100 309
100 357
100 416
100 168
100 202
100 82
100 438
100 59
100 265
100 99
100 691
100 111
100 384
100 15
100 183
100 336
100 153
100 289
100 234
100 38
100 536
100 300
100 65
100 104
100 172
100 9
100 21
100 202
100 269
100 106
100 538
100 335
100 51
100 396
100 17
100 314
100 135
100 35
100 385
100 105
100 143
100 23
100 72
100 339
100 222
100 11
100 306
100 287
100 100
100 101
100 176
100 134
100 175
100 399
100 15
100 328
100 262
100 13
100 372
100 68
100 50
100 248
100 245
100 5
100 125
100 260
100 34
100 314
100 238
100 118
100 23
100 322
100 85
100 89
100 238
100 57
100 297
100 19
100 176
100 114
100 67
100 32
100 228
100 143
100 387
100 16
100 140
100 569
100 5
100 1483
100 455
100 606
100 65
100 233
100 44
100 110
100 340
100 19
100 43
100 42
100 351
100 294
100 251
100 253
100 39
100 571
100 268
100 123
100 36
100 113
100 15
100 476
100 336
100 66
100 139
100 8
100 451
100 21
100 380
100 28
100 205
100 28
100 277
100 37
100 286
100 188
100 35
100 462
100 48
100 634
100 13
100 12
100 267
100 49
100 40
100 8
100 29
100 223
100 389
100 386
100 63
100 339
100 49
100 652
100 852
100 53
100 70
100 506
100 312
100 20
100 297
100 421
100 27
100 244
100 232
100 422
100 507
100 941
100 599
100 201
100 69
100 211
100 116
100 287
100 15
100 116
100 148
100 144
100 91
100 327
100 303
100 325
100 5
100 295
100 667
100 150
100 341
100 433
100 1491
100 287
100 37
100 133
100 16
100 194
100 178
100 199
100 952
100 45
100 81
100 97
100 310
100 188
100 472
100 131
100 165
100 181
100 304
100 410
100 93
100 1
100 117
100 449
100 890
100 281
100 222
100 356
100 110
100 169
100 419
100 249
100 35
100 172
100 32
100 633
100 40
100 100
100 6
100 185
100 60
100 286
100 446
100 464
100 214
100 88
100 281
100 19
100 129
100 38
100 8
100 107
100 134
100 24
100 139
100 43
100 140
100 192
100 139
100 2
100 786
100 229
100 237
100 324
100 16
100 16
100 423
100 65
100 196
100 21
100 666
100 492
100 78
100 7
100 18
100 530
100 34
100 149
100 58
100 689
100 8
100 204
100 95
100 189
100 479
100 147
100 403
100 140
100 62
100 40
100 63
100 133
100 313
100 207
100 615
100 85
100 220
100 344
100 133
100 37
100 28
100 46
100 248
100 9
100 1266
100 502
100 51
100 221
100 99
100 144
100 35
100 136
100 180
100 22
100 21
100 287
100 1
100 45
100 476
100 7
100 46
100 109
100 71
100 61
100 183
100 147
100 390
100 122
100 814
100 107
100 660
100 67
100 145
100 5
100 98
100 43
100 143
100 57
100 39
100 255
100 425
100 132
100 242
100 219
100 33
100 49
100 39
100 40
100 384
100 183
100 109
100 97
100 136
100 230
100 139
100 325
100 352
100 9
100 152
100 93
100 261
100 285
100 101
100 549
100 372
100 267
100 248
100 40
100 296
100 64
100 62
100 232
100 426
100 303
100 213
100 48
100 122
100 169
100 3
100 53
100 479
100 54
100 79
100 157
100 343
100 62
100 147
100 374
100 73
100 199
100 264
100 86
100 43
100 201
100 24
100 227
100 140
100 180
100 164
100 142
100 280
100 181
100 497
100 68
100 488
100 79
100 180
100 11
100 31
100 48
100 32
100 151
100 122
100 38
100 37
100 194
100 746
100 313
100 131
100 27
100 106
100 4
100 58
100 388
100 24
100 4
100 190
100 1003
100 164
100 28
100 317
100 642
100 562
100 259
100 44
100 146
100 516
100 39
100 94
100 304
100 144
100 286
100 77
100 401
100 15
100 456
100 83
100 451
100 162
100 1
100 150
100 2
100 91
100 2
100 346
100 75
100 62
100 67
100 213
100 223
100 186
100 421
100 16
100 162
100 394
100 317
100 37
100 19
100 60
100 73
100 291
100 229
100 112
100 4
100 129
100 54
100 72
100 852
100 3
100 62
100 208
100 31
100 274
100 108
100 282
100 33
100 181
100 228
100 87
100 82
100 111
100 56
100 298
100 10
100 199
100 197
100 522
100 192
100 414
100 504
100 148
100 56
100 513
100 4
100 140
100 96
100 370
100 287
100 65
100 115
100 216
100 213
100 32
100 65
100 181
100 280
100 59
100 140
100 70
100 161
100 127
100 50
100 276
100 16
100 31
100 245
100 1
100 197
100 126
100 460
100 175
100 458
100 7
100 31
100 156
100 188
100 56
100 56
100 355
100 428
100 171
100 42
100 23
100 90
100 218
100 42
100 6
100 186
100 0
100 66
100 176
100 495
100 413
100 133
100 137
100 351
100 436
100 51
100 94
100 757
100 167
100 181
100 182
100 137
100 69
100 514
100 364
100 849
100 158
100 111
100 311
100 138
100 199
100 296
100 60
100 341
100 36
100 33
100 93
100 60
100 111
100 56
100 40
100 44
100 225
100 518
100 190
100 402
100 19
100 447
100 26
100 19
100 551
100 116
100 499
100 963
100 332
100 148
100 61
100 31
100 710
100 170
100 33
100 135
100 215
100 6
100 208
100 86
100 60
100 134
100 111
100 695
100 16
100 327
100 61
100 33
100 40
100 58
100 158
100 58
100 247
100 74
100 203
100 198
100 140
100 96
100 106
100 16
100 57
100 275
100 385
100 71
100 118
100 614
100 77
100 401
100 224
100 234
100 411
100 46
100 399
100 369
100 73
100 12
100 21
100 3
100 348
100 387
100 534
100 89
100 51
100 1177
100 168
100 359
100 19
100 45
100 7
100 52
100 44
100 135
100 236
100 360
100 700
100 37
100 108
100 175
100 27
100 224
100 29
100 31
100 51
100 112
100 123
100 49
100 463
100 30
100 66
100 131
100 22
100 133
100 9
100 61
100 49
100 220
100 7
100 105
100 255
100 159
100 703
100 272
100 436
100 18
100 76
100 529
100 313
100 134
100 63
100 394
100 99
100 11
100 111
100 67
100 160
100 673
100 440
100 15
100 3
100 17
100 654
100 135
100 0
100 206
100 47
100 9
100 44
100 323
100 44
100 342
100 157
100 316
100 125
100 425
100 33
100 153
100 29
100 183
100 6
100 62
100 211
100 201
100 1091
100 54
100 143
100 27
100 448
100 24
100 313
100 129
100 1
100 99
100 20
100 194
100 618
100 192
100 356
100 332
100 163
100 161
100 5
100 147
100 378
100 879
100 110
100 21
100 146
100 328
100 292
100 10
100 140
100 50
100 178
100 53
100 37
100 14
100 6
100 482
100 468
100 40
100 130
100 27
100 124
100 83
100 273
100 20
100 67
100 19
100 448
100 52
100 139
100 389
100 530
100 76
100 30
100 62
100 51
100 393
100 71
100 251
100 169
100 140
100 72
100 477
100 313
100 63
100 443
100 105
100 115
100 529
100 124
100 144
100 48
100 17
100 130
100 332
100 175
100 224
100 207
100 107
100 126
100 20
100 310
100 140
100 123
100 325
100 18
100 515
100 146
100 7
100 386
100 29
100 88
100 24
100 222
100 150
100 22
100 58
100 464
100 117
100 458
100 165
100 482
100 234
100 64
100 166
100 210
100 91
100 23
100 59
100 345
100 140
100 272
100 69
100 47
100 390
100 81
100 169
100 257
100 112
100 6
100 353
100 362
100 99
100 4
100 123
100 161
100 225
100 181
100 189
100 25
100 154
100 313
100 88
100 99
100 136
100 60
100 162
100 7
100 25
100 137
100 17
100 6
100 401
100 17
100 88
100 221
100 152
100 283
100 156
100 70
100 78
100 17
100 711
100 1
100 106
100 123
100 66
100 79
100 357
100 116
100 35
100 301
100 32
100 43
100 166
100 19
100 27
100 171
100 157
100 286
100 125
100 18
100 111
100 54
100 23
100 86
100 227
100 98
100 126
100 256
100 812
100 40
100 320
100 467
100 8
100 13
100 77
100 553
100 175
100 583
100 407
100 243
100 134
100 17
100 336
100 186
100 135
100 600
100 237
100 105
100 1197
100 88
100 39
100 2
100 148
100 93
100 101
100 666
100 303
100 604
100 22
100 252
100 478
100 202
100 502
100 343
100 46
100 125
100 633
100 398
100 268
100 141
100 226
100 337
100 179
100 193
100 162
100 434
100 714
100 521
100 271
100 199
100 944
100 588
100 236
100 218
100 86
100 11
100 912
100 358
100 457
100 122
100 365
100 11
100 109
100 196
100 798
100 17
100 74
100 294
100 32
100 299
100 76
100 1060
100 130
100 160
100 126
100 117
100 105
100 129
100 69
100 61
100 110
100 463
100 11
100 204
100 138
100 213
100 429
100 190
100 110
100 183
100 294
100 804
100 153
100 62
100 120
100 78
100 1
100 20
100 135
100 101
100 154
100 567
100 307
100 23
100 53
100 134
100 17
100 70
100 217
100 57
100 17
100 36
100 908
100 164
100 208
100 286
100 298
100 443
100 45
100 155
100 199
100 68
100 17
100 238
100 229
100 175
100 46
100 141
100 62
100 311
100 350
100 192
100 138
100 265
100 22
100 26
100 580
100 1
100 257
100 96
100 1195
100 180
100 228
100 172
100 175
100 153
100 6
100 504
100 240
100 199
100 343
100 8
100 273
100 62
100 83
100 82
100 190
100 77
100 1
100 2
100 167
100 503
100 0
100 258
100 4
100 426
100 874
100 1
100 356
100 71
100 340
100 279
100 405
100 316
100 201
100 121
100 101
100 341
100 282
100 565
100 429
100 62
100 98
100 17
100 127
100 27
100 73
100 65
100 8
100 87
100 203
100 100
100 100
100 135
100 18
100 296
100 15
100 101
100 197
100 121
100 331
100 148
100 133
100 63
100 142
100 6
100 9
100 624
100 155
100 106
100 3
100 95
100 451
100 277
100 429
100 107
100 146
100 145
100 25
100 54
100 215
100 80
100 390
100 386
100 214
100 389
100 292
100 64
100 240
100 128
100 330
100 21
100 25
100 145
100 37
100 84
100 211
100 210
100 9
100 152
100 403
100 95
100 40
100 81
100 400
100 9
100 199
100 154
100 296
100 211
100 256
100 545
100 119
100 75
100 224
100 76
100 15
100 320
100 248
100 103
100 6
100 114
100 435
100 108
100 138
100 179
100 155
100 18
100 324
100 649
100 274
100 231
100 303
100 244
100 311
100 524
100 355
100 140
100 49
100 281
100 454
100 507
100 179
100 207
100 16
100 139
100 71
100 366
100 86
100 174
100 225
100 28
100 384
100 19
100 574
100 1044
100 281
100 214
100 73
100 373
100 55
100 100
100 349
100 180
100 327
100 292
100 166
100 181
100 32
100 12
100 167
100 69
100 140
100 519
100 418
100 6
100 207
100 106
100 34
100 218
100 332
100 381
100 210
100 45
100 450
100 350
100 10
100 318
100 329
100 126
100 28
100 166
100 173
100 47
100 204
100 71
100 312
100 72
100 273
100 118
100 269
100 256
100 20
100 325
100 46
100 159
100 30
100 111
100 71
100 279
100 323
100 104
100 161
100 275
100 126
100 22
100 7
100 162
100 148
100 20
100 76
100 83
100 162
100 65
100 39
100 153
100 146
100 62
100 180
100 1363
100 158
100 593
100 178
100 288
100 141
100 28
100 90
100 85
100 414
100 405
100 512
100 26
100 479
100 206
100 221
100 16
100 116
100 228
100 127
100 94
100 24
100 2
100 16
100 887
100 198
100 165
100 172
100 201
100 84
100 428
100 267
100 551
100 120
100 54
100 251
100 107
100 102
100 137
100 21
100 176
100 75
100 285
100 69
100 42
100 121
100 576
100 242
100 203
100 54
100 116
100 260
100 394
100 706
100 2
100 1161
100 43
100 73
100 1576
100 308
100 411
100 175
100 500
100 207
100 27
100 182
100 99
100 408
100 410
100 102
100 457
100 83
100 29
100 54
100 535
100 174
100 8
100 104
100 412
100 490
100 126
100 655
100 144
100 67
100 85
100 145
100 69
100 429
100 197
100 124
100 20
100 578
100 79
100 87
100 398
100 350
100 324
100 8
100 325
100 23
100 3
100 105
100 122
100 680
100 145
100 43
100 76
100 75
100 70
100 73
100 262
100 57
100 155
100 234
100 51
100 486
100 106
100 1114
100 189
100 115
100 80
100 234
100 767
100 22
100 119
100 4
100 132
100 509
100 104
100 4
100 211
100 254
100 483
100 179
100 555
100 66
100 391
100 31
100 27
100 76
100 384
100 28
100 99
100 21
100 362
100 28
100 141
100 2
100 296
100 86
100 323
100 131
100 21
100 114
100 202
100 202
100 132
100 51
100 782
100 70
100 0
100 514
100 651
100 92
100 243
100 506
100 15
100 227
100 121
100 107
100 411
100 409
100 58
100 477
100 13
100 9
100 65
100 506
100 53
100 601
100 214
100 981
100 129
100 458
100 19
100 138
100 206
100 108
100 96
100 322
100 183
100 691
100 124
100 294
100 6
100 555
100 281
100 292
100 4
100 108
100 435
100 81
100 50
100 456
100 33
100 304
100 1176
100 443
100 55
100 181
100 203
100 330
100 115
100 43
100 48
100 380
100 344
100 153
100 113
100 150
100 17
100 135
100 565
100 100
100 190
100 106
100 258
100 314
100 27
100 671
100 14
100 41
100 4
100 12
100 204
100 140
100 243
100 576
100 309
100 52
100 127
100 220
100 119
100 67
100 49
100 319
100 12
100 169
100 166
100 42
100 387
100 3
100 1222
100 86
100 294
100 323
100 16
100 161
100 42
100 184
100 386
100 162
100 47
100 139
100 856
100 95
100 140
100 424
100 483
100 199
100 173
100 155
100 581
100 139
100 415
100 158
100 381
100 121
100 1
100 835
100 93
100 128
100 194
100 443
100 20
100 156
100 283
100 62
100 261
100 30
100 6
100 183
100 6
100 161
100 121
100 11
100 97
100 46
100 151
100 101
100 56
100 188
100 216
100 521
100 277
100 64
100 347
100 36
100 53
100 20
100 1463
100 272
100 534
100 342
100 585
100 318
100 28
100 150
100 665
100 345
100 523
100 92
100 86
100 180
100 43
100 132
100 68
100 164
100 406
100 58
100 283
100 31
100 140
100 18
100 693
100 26
100 10
100 263
100 71
100 110
100 360
100 659
100 342
100 428
100 404
100 880
100 159
100 123
100 66
100 29
100 568
100 46
100 265
100 121
100 493
100 206
100 152
100 84
100 100
100 5
100 59
100 378
100 169
100 371
100 413
100 194
100 458
100 334
100 52
100 114
100 111
100 556
100 141
100 271
100 22
100 177
100 194
100 182
100 238
100 210
100 214
100 351
100 437
100 97
100 86
100 226
100 111
100 1
100 155
100 129
100 118
100 260
100 540
100 66
100 66
100 100
100 9
100 101
100 241
100 702
100 198
100 51
100 457
100 321
100 184
100 399
100 314
100 123
100 9
100 198
100 8
100 592
100 23
100 215
100 407
100 191
100 5
100 54
100 76
100 155
100 132
100 124
100 117
100 107
100 100
100 114
100 171
100 267
100 390
100 88
100 167
100 176
100 5
100 24
100 592
100 26
100 8
100 104
100 51
100 606
100 104
100 102
100 228
100 208
100 40
100 124
100 204
100 442
100 392
100 425
100 93
100 49
100 377
100 86
100 294
100 111
100 43
100 63
100 78
100 292
100 0
100 7
100 10
100 59
100 150
100 27
100 218
100 302
100 90
100 75
100 96
100 115
100 106
100 117
100 598
100 74
100 150
100 300
100 42
100 187
100 103
100 36
100 383
100 3
100 68
100 118
100 235
100 102
100 89
100 1073
100 684
100 71
100 128
100 117
100 295
100 124
100 67
100 31
100 62
100 47
100 822
100 1218
100 257
100 594
100 90
100 164
100 19
100 93
100 329
100 243
100 707
100 510
100 226
100 26
100 91
100 207
100 45
100 21
100 244
100 48
100 157
100 138
100 172
100 284
100 58
100 114
100 11
100 0
100 27
100 58
100 117
100 82
100 106
100 13
100 617
100 181
100 228
100 78
100 120
100 168
100 238
100 265
100 174
100 201
100 595
100 136
100 1424
100 421
100 122
100 41
100 31
100 563
100 327
100 33
100 387
100 785
100 430
100 604
100 126
100 16
100 367
100 75
100 115
100 5
100 61
100 27
100 468
100 7
100 45
100 463
100 0
100 51
100 360
100 21
100 518
100 4
100 30
100 56
100 148
100 128
100 266
100 191
100 106
100 168
100 185
100 20
100 142
100 147
100 131
100 327
100 134
100 113
100 11
100 154
100 18
100 108
100 103
100 11
100 90
100 113
100 101
100 93
100 440
100 12
100 87
100 220
100 216
100 22
100 122
100 253
100 426
100 178
100 490
100 490
100 429
100 19
100 148
100 259
100 682
100 472
100 18
100 21
100 27
100 84
100 559
100 908
100 37
100 183
100 87
100 270
100 75
100 260
100 220
100 222
100 36
100 44
100 111
100 21
100 165
100 99
100 62
100 46
100 404
100 5
100 388
100 143
100 127
100 213
100 500
100 39
100 31
100 198
100 6
100 183
100 55
100 69
100 16
100 9
100 15
100 351
100 124
100 154
100 78
100 215
100 231
100 494
100 298
100 882
100 1
100 845
100 125
100 63
100 27
100 12
100 77
100 310
100 42
100 165
100 87
100 39
100 63
100 414
100 10
100 338
100 54
100 713
100 102
100 245
100 243
100 114
100 54
100 399
100 36
100 113
100 75
100 40
100 27
100 127
100 286
100 326
100 158
100 7
100 125
100 78
100 203
100 84
100 246
100 159
100 611
100 243
100 42
100 154
100 222
100 244
100 91
100 112
100 45
100 122
100 157
100 131
100 97
100 212
100 559
100 44
100 413
100 133
100 46
100 682
100 121
100 288
100 117
100 97
100 65
100 29
100 13
100 14
100 342
100 421
100 24
100 280
100 28
100 300
100 168
100 694
100 195
100 6
100 479
100 95
100 18
100 133
100 212
100 107
100 111
100 962
100 707
100 266
100 73
100 24
100 226
100 42
100 737
100 2
100 271
100 6
100 229
100 420
100 100
100 432
100 315
100 328
100 206
100 3
100 23
100 291
100 126
100 98
100 435
100 18
100 187
100 78
100 61
100 100
100 265
100 30
100 269
100 4
100 578
100 40
100 62
100 616
100 44
100 203
100 105
100 45
100 120
100 183
100 861
100 159
100 257
100 55
100 103
100 61
100 48
100 111
100 3
100 20
100 541
100 43
100 135
100 26
100 289
100 324
100 10
100 158
100 632
100 62
100 231
100 720
100 308
100 189
100 95
100 180
100 142
100 30
100 34
100 238
100 42
100 398
100 196
100 42
100 118
100 23
100 49
100 159
100 210
100 144
100 274
100 31
100 26
100 20
100 254
100 365
100 109
100 500
100 64
100 171
100 216
100 98
100 191
100 42
100 142
100 439
100 5
100 124
100 789
100 86
100 33
100 119
100 450
100 28
100 129
100 260
100 117
100 467
100 557
100 111
100 10
100 295
100 515
100 120
100 209
100 536
100 80
100 84
100 11
100 56
100 6
100 176
100 18
100 45
100 14
100 110
100 203
100 490
100 126
100 247
100 325
100 271
100 45
100 264
100 654
100 16
100 555
100 109
100 132
100 35
100 90
100 31
100 325
100 113
100 167
100 132
100 60
100 589
100 194
100 9
100 16
100 1069
100 364
100 106
100 99
100 66
100 47
100 345
100 593
100 191
100 49
100 167
100 13
100 642
100 524
100 179
100 761
100 135
100 190
100 442
100 138
100 86
100 49
100 136
100 215
100 24
100 300
100 440
100 14
100 302
100 286
100 81
100 6
100 9
100 40
100 113
100 120
100 15
100 130
100 365
100 163
100 285
100 51
100 486
100 517
100 13
100 135
100 113
100 72
100 698
100 242
100 406
100 71
100 736
100 10
100 291
100 75
100 18
100 464
100 32
100 157
100 258
100 286
100 56
100 86
100 902
100 19
100 449
100 2
100 54
100 637
100 144
100 707
100 33
100 50
100 221
100 665
100 115
100 51
100 43
100 185
100 2
100 18
100 186
100 60
100 286
100 110
100 357
100 27
100 52
100 65
100 368
100 31
100 237
100 216
100 97
100 202
100 194
100 518
100 39
100 180
100 111
100 201
100 318
100 6
100 79
100 0
100 277
100 17
100 193
100 22
100 107
100 120
100 387
100 489
100 117
100 46
100 31
100 86
100 182
100 97
100 39
100 438
100 208
100 348
100 37
100 120
100 974
100 372
100 765
100 148
100 48
100 25
100 125
100 107
100 100
100 113
100 289
100 325
100 181
100 203
100 149
100 225
100 116
100 214
100 15
100 221
100 236
100 82
100 232
100 94
100 182
100 312
100 387
100 134
100 137
100 45
100 359
100 345
100 310
100 169
100 193
100 571
100 283
100 136
100 86
100 91
100 387
100 79
100 36
100 219
100 170
100 43
100 103
100 184
100 212
100 98
100 122
100 218
100 523
100 219
100 304
100 198
100 20
100 398
100 91
100 51
100 47
100 327
100 32
100 243
100 668
100 356
100 121
100 9
100 22
100 435
100 290
100 170
100 15
100 492
100 277
100 500
100 468
100 96
100 351
100 18
100 404
100 46
100 33
100 1641
100 81
100 60
100 97
100 188
100 153
100 355
100 33
100 936
100 244
100 377
100 331
100 152
100 113
100 669
100 259
100 60
100 44
100 669
100 131
100 185
100 219
100 57
100 184
100 41
100 127
100 301
100 242
100 236
100 276
100 31
100 166
100 479
100 76
100 41
100 196
100 134
100 297
100 517
100 211
100 5
100 288
100 80
100 185
100 898
100 273
100 177
100 95
100 373
100 133
100 61
100 182
100 351
100 213
100 235
100 72
100 105
100 11
100 350
100 170
100 101
100 53
100 78
100 113
100 383
100 287
100 45
100 123
100 148
100 34
100 224
100 30
100 93
100 217
100 103
100 221
100 117
100 62
100 81
100 698
100 294
100 712
100 377
100 54
100 428
100 118
100 61
100 270
100 549
100 95
100 688
100 104
100 148
100 86
100 291
100 430
100 137
100 225
100 15
100 4
100 70
100 192
100 755
100 474
100 78
100 300
100 226
100 387
100 54
100 287
100 383
100 29
100 166
100 318
100 404
100 439
100 146
100 297
100 76
100 156
100 87
100 100
100 71
100 400
100 218
100 1298
100 13
100 94
100 86
100 122
100 269
100 315
100 605
100 185
100 778
100 35
100 166
100 30
100 239
100 102
100 86
100 19
100 89
100 22
100 785
100 488
100 123
100 7
100 100
100 51
100 92
100 50
100 14
100 807
100 269
100 229
100 9
100 347
100 327
100 249
100 81
100 750
100 51
100 145
100 28
100 116
100 4
100 118
100 544
100 33
100 190
100 7
100 137
100 51
100 3
100 11
100 4
100 313
100 124
100 449
100 17
100 638
100 66
100 76
100 533
100 41
100 253
100 92
100 108
100 52
100 39
100 548
100 247
100 165
100 43
100 133
100 19
100 28
100 510
100 71
100 224
100 7
100 76
100 577
100 88
100 181
100 277
100 575
100 193
100 92
100 113
100 202
100 72
100 13
100 15
100 114
100 8
100 135
100 125
100 70
100 1659
100 177
100 81
100 64
100 233
100 232
100 266
100 33
100 239
100 524
100 55
100 132
100 163
100 821
100 239
100 22
100 1
100 474
100 766
100 196
100 257
100 592
100 443
100 183
100 24
100 323
100 357
100 224
100 129
100 350
100 414
100 106
100 231
100 246
100 68
100 265
100 383
100 126
100 64
100 442
100 150
100 41
100 198
100 257
100 86
100 544
100 163
100 50
100 152
100 48
100 21
100 97
100 402
100 465
100 190
100 31
100 24
100 423
100 157
100 24
100 43
100 329
100 45
100 17
100 233
100 549
100 216
100 520
100 604
100 242
100 50
100 711
100 11
100 150
100 406
100 278
100 91
100 153
100 623
100 52
100 7
100 2
100 142
100 199
100 1043
100 77
100 416
100 389
100 377
100 151
100 600
100 109
100 374
100 89
100 45
100 302
100 513
100 456
100 810
100 39
100 106
100 192
100 207
100 233
100 174
100 36
100 169
100 110
100 41
100 126
100 138
100 399
100 90
100 539
100 27
100 534
100 276
100 173
100 266
100 31
100 904
100 76
100 418
100 434
100 46
100 232
100 89
100 408
100 201
100 21
100 426
100 363
100 1809
100 55
100 210
100 113
100 130
100 119
100 301
100 221
100 203
100 91
100 103
100 495
100 74
100 687
100 6
100 180
100 487
100 48
100 140
100 228
100 183
100 263
100 289
100 316
100 494
100 77
100 12
100 529
100 391
100 197
100 9
100 951
100 197
100 39
100 106
100 147
100 110
100 99
100 48
100 41
100 24
100 281
100 126
100 386
100 40
100 88
100 26
100 73
100 12
100 429
100 270
100 63
100 532
100 3
100 170
100 17
100 116
100 48
100 109
100 100
100 379
100 154
100 262
100 35
100 567
100 3
100 95
100 267
100 402
100 357
100 156
100 0
100 61
100 54
100 28
100 141
100 34
100 218
100 377
100 269
100 251
100 144
100 375
100 209
100 273
100 160
100 37
100 163
100 206
100 18
100 177
100 586
100 34
100 788
100 87
100 23
100 298
100 19
100 1
100 821
100 768
100 284
100 356
100 6
100 666
100 22
100 100
100 40
100 152
100 443
100 210
100 146
100 57
100 10
100 397
100 121
100 58
100 460
100 357
100 96
100 29
100 19
100 36
100 42
100 272
100 272
100 172
100 363
100 44
100 17
100 80
100 396
100 88
100 276
100 124
100 0
100 165
100 2
100 194
100 22
100 62
100 23
100 120
100 80
100 280
100 287
100 194
100 310
100 18
100 451
100 4
100 83
100 366
100 251
100 609
100 195
100 41
100 3
100 402
100 0
100 27
100 350
100 54
100 502
100 279
100 239
100 270
100 78
100 9
100 106
100 479
100 27
100 192
100 93
100 261
100 562
100 626
100 198
100 1677
100 314
100 36
100 73
100 90
100 529
100 326
100 821
100 25
100 125
100 1
100 599
100 195
100 111
100 221
100 180
100 4
100 524
100 46
100 113
100 31
100 87
100 443
100 145
100 42
100 459
100 540
100 69
100 84
100 279
100 12
100 148
100 233
100 46
100 409
100 212
100 233
100 440
100 692
100 61
100 28
100 13
100 114
100 608
100 8
100 85
100 218
100 41
100 10
100 130
100 1
100 120
100 42
100 54
100 25
100 39
100 62
100 156
100 385
100 114
100 374
100 177
100 42
100 9
100 84
100 605
100 95
100 100
100 258
100 60
100 0
100 379
100 550
100 235
100 18
100 330
100 30
100 664
100 405
100 77
100 96
100 112
100 119
100 57
100 176
100 175
100 180
100 313
100 155
100 468
100 1182
100 78
100 45
100 101
100 298
100 422
100 49
100 617
100 151
100 39
100 463
100 17
100 196
100 193
100 108
100 443
100 67
100 166
100 20
100 18
100 242
100 229
100 240
100 238
100 122
100 86
100 68
100 56
100 60
100 304
100 36
100 353
100 686
100 401
100 245
100 185
100 128
100 13
100 64
100 591
100 377
100 270
100 28
100 496
100 57
100 119
100 388
100 111
100 95
100 56
100 19
100 272
100 38
100 282
100 51
100 395
100 59
100 32
100 247
100 276
100 169
100 19
100 40
100 176
100 90
100 149
100 468
100 21
100 843
100 865
100 203
100 20
100 198
100 219
100 619
100 60
100 82
100 15
100 68
100 194
100 97
100 259
100 184
100 52
100 348
100 312
100 55
100 116
100 15
100 108
100 446
100 658
100 92
100 111
100 269
100 183
100 479
100 109
100 942
100 69
100 380
100 243
100 110
100 1
100 522
100 15
100 171
100 47
100 62
100 209
100 32
100 145
100 99
100 305
100 749
100 32
100 266
100 142
100 7
100 72
100 303
100 112
100 431
100 79
100 214
100 25
100 171
100 111
100 132
100 1318
100 12
100 43
100 68
100 81
100 134
100 331
100 84
100 15
100 7
100 109
100 114
100 284
100 112
100 26
100 820
100 154
100 142
100 19
100 43
100 44
100 343
100 204
100 72
100 789
100 241
100 11
100 388
100 65
100 124
100 31
100 48
100 82
100 311
100 42
100 53
100 96
100 10
100 280
100 65
100 123
100 871
100 67
100 263
100 562
100 184
100 11
100 51
100 161
100 7
100 226
100 174
100 54
100 192
100 299
100 261
100 136
100 255
100 528
100 121
100 28
100 31
100 59
100 97
100 24
100 172
100 222
100 21
100 408
100 190
100 500
100 62
100 21
100 355
100 27
100 4
100 179
100 37
100 181
100 112
100 701
100 485
100 191
100 384
100 446
100 154
100 621
100 92
100 118
100 42
100 40
100 36
100 148
100 59
100 127
100 115
100 167
100 399
100 273
100 46
100 2
100 275
100 271
100 7
100 274
100 743
100 128
100 24
100 257
100 80
100 296
100 104
100 21
100 62
100 442
100 299
100 34
100 98
100 22
100 198
100 555
100 16
100 110
100 150
100 392
100 49
100 122
100 58
100 261
100 5
100 417
100 153
100 360
100 74
100 164
100 496
100 105
100 365
100 117
100 270
100 120
100 249
100 187
100 25
100 105
100 153
100 111
100 172
100 69
100 100
100 161
100 85
100 122
100 127
100 5
100 435
100 272
100 344
100 94
100 51
100 19
100 18
100 15
100 50
100 490
100 120
100 156
100 232
100 6
100 6
100 741
100 12
100 895
100 930
100 553
100 146
100 36
100 141
100 335
100 317
100 29
100 320
100 324
100 88
100 258
100 473
100 104
100 5
100 118
100 347
100 38
100 51
100 148
100 229
100 37
100 151
100 323
100 79
100 82
100 423
100 61
100 258
100 511
100 30
100 3
100 29
100 49
100 554
100 12
100 101
100 277
100 92
100 99
100 65
100 122
100 312
100 226
100 57
100 6
100 72
100 255
100 373
100 289
100 30
100 337
100 13
100 526
100 621
100 209
100 18
100 54
100 50
100 12
100 38
100 106
100 29
100 638
100 321
100 182
100 243
100 221
100 353
100 77
100 478
100 5
100 717
100 37
100 90
100 42
100 277
100 5
100 367
100 44
100 292
100 11
100 1167
100 23
100 181
100 31
100 416
100 150
100 331
100 147
100 73
100 686
100 332
100 94
100 71
100 67
100 174
100 480
100 262
100 25
100 12
100 507
100 260
100 44
100 343
100 196
100 136
100 358
100 10
100 224
100 299
100 362
100 494
100 284
100 91
100 314
100 18
100 53
100 197
100 52
100 38
100 343
100 2
100 913
100 51
100 525
100 29
100 294
100 107
100 164
100 321
100 372
100 351
100 303
100 375
100 152
100 255
100 315
100 85
100 82
100 727
100 341
100 14
100 86
100 88
100 21
100 15
100 375
100 165
100 967
100 383
100 199
100 86
100 8
100 64
100 414
100 99
100 287
100 42
100 61
100 115
100 232
100 138
100 142
100 82
100 2
100 507
100 403
100 22
100 260
100 318
100 319
100 113
100 332
100 408
100 0
100 52
100 8
100 245
100 236
100 1025
100 222
100 179
100 181
100 369
100 72
100 359
100 148
100 98
100 72
100 274
100 13
100 42
100 110
100 331
100 297
100 248
100 74
100 210
100 23
100 231
100 29
100 61
100 105
100 292
100 231
100 69
100 0
100 193
100 681
100 78
100 196
100 77
100 74
100 25
100 32
100 1172
100 86
100 166
100 588
100 143
100 17
100 21
100 17
100 263
100 385
100 205
100 114
100 83
100 461
100 19
100 149
100 9
100 490
100 139
100 435
100 7
100 142
100 285
100 5
100 471
100 52
100 16
100 275
100 110
100 35
100 154
100 301
100 63
100 403
100 173
100 117
100 234
100 56
100 68
100 204
100 257
100 22
100 136
100 85
100 20
100 129
100 474
100 126
100 1036
100 17
100 133
100 46
100 202
100 158
100 69
100 71
100 221
100 49
100 64
100 113
100 537
100 143
100 63
100 68
100 70
100 401
100 58
100 29
100 624
100 185
100 68
100 1525
100 482
100 900
100 298
100 47
100 268
100 417
100 148
100 363
100 95
100 371
100 193
100 161
100 141
100 304
100 221
100 6
100 408
100 365
100 294
100 53
100 191
100 664
100 539
100 90
100 122
100 30
100 37
100 265
100 114
100 22
100 191
100 303
100 133
100 71
100 7
100 134
100 523
100 325
100 33
100 168
100 693
100 424
100 848
100 265
100 405
100 311
100 126
100 20
100 60
100 76
100 126
100 83
100 59
100 91
100 402
100 93
100 110
100 314
100 66
100 58
100 74
100 81
100 56
100 351
100 31
100 233
100 14
100 13
100 124
100 10
100 77
100 261
100 304
100 208
100 1
100 190
100 184
100 123
100 138
100 41
100 214
100 210
100 8
100 123
100 48
100 57
100 101
100 242
100 98
100 263
100 206
100 29
100 419
100 65
100 767
100 318
100 218
100 75
100 37
100 94
100 84
100 18
100 110
100 196
100 19
100 379
100 1229
100 745
100 45
100 623
100 60
100 36
100 277
100 656
100 564
100 400
100 176
100 332
100 38
100 134
100 344
100 262
100 138
100 205
100 186
100 201
100 262
100 208
100 278
100 107
100 152
100 64
100 182
100 330
100 520
100 113
100 65
100 142
100 24
100 70
100 58
100 180
100 279
100 106
100 76
100 237
100 106
100 19
100 269
100 482
100 818
100 95
100 92
100 160
100 1
100 104
100 109
100 596
100 362
100 11
100 197
100 418
100 702
100 37
100 367
100 72
100 70
100 397
100 247
100 132
100 236
100 11
100 91
100 149
100 58
100 223
100 568
100 322
100 116
100 186
100 62
100 91
100 268
100 123
100 25
100 83
100 66
100 444
100 511
100 117
100 196
100 271
100 274
100 467
100 44
100 165
100 80
100 2
100 37
100 89
100 286
100 29
100 138
100 721
100 238
100 216
100 348
100 40
100 126
100 25
100 114
100 83
100 347
100 149
100 410
100 45
100 312
100 495
100 388
100 46
100 126
100 41
100 73
100 402
100 188
100 312
100 51
100 141
100 175
100 88
100 595
100 33
100 55
100 158
100 269
100 73
100 29
100 17
100 105
100 387
100 302
100 553
100 15
100 130
100 43
100 108
100 94
100 3
100 255
100 266
100 34
100 263
100 227
100 256
100 96
100 270
100 99
100 422
100 389
100 187
100 89
100 232
100 0
100 209
100 443
100 120
100 24
100 70
100 94
100 238
100 195
100 97
100 333
100 27
100 19
100 14
100 400
100 351
100 164
100 70
100 277
100 243
100 151
100 457
100 36
100 292
100 184
100 92
100 105
100 213
100 108
100 366
100 259
100 233
100 66
100 240
100 90
100 48
100 58
100 287
100 196
100 140
100 43
100 152
100 122
100 173
100 184
100 208
100 13
100 263
100 330
100 210
100 151
100 200
100 648
100 507
100 103
100 932
100 100
100 87
100 625
100 81
100 84
100 44
100 204
100 536
100 223
100 117
100 134
100 44
100 5
100 424
100 37
100 88
100 68
100 92
100 32
100 256
100 116
100 62
100 75
100 66
100 60
100 127
100 76
100 77
100 489
100 231
100 196
100 184
100 200
100 232
100 37
100 33
100 111
100 40
100 337
100 260
100 25
100 177
100 15
100 60
100 129
100 124
100 35
100 374
100 63
100 15
100 324
100 72
100 87
100 461
100 18
100 27
100 38
100 143
100 603
100 118
100 151
100 171
100 88
100 301
100 5
100 159
100 523
100 221
100 87
100 226
100 178
100 392
100 250
100 58
100 224
100 145
100 120
100 22
100 18
100 48
100 201
100 195
100 303
100 1026
100 70
100 239
100 306
100 155
100 500
100 460
100 256
100 311
100 32
100 473
100 210
100 99
100 155
100 224
100 9
100 39
100 141
100 285
100 76
100 134
100 260
100 171
100 332
100 310
100 20
100 219
100 92
100 103
100 481
100 502
100 373
100 136
100 83
100 164
100 287
100 38
100 351
100 29
100 416
100 76
100 76
100 81
100 196
100 82
100 298
100 202
100 126
100 4
100 30
100 174
100 63
100 18
100 0
100 5
100 114
100 156
100 91
100 27
100 17
100 262
100 38
100 128
100 113
100 103
100 83
100 446
100 46
100 197
100 257
100 108
100 696
100 125
100 434
100 8
100 214
100 370
100 219
100 59
100 172
100 324
100 79
100 38
100 140
100 240
100 512
100 404
100 34
100 397
100 2
100 209
100 522
100 277
100 191
100 266
100 131
100 89
100 100
100 58
100 398
100 1286
100 659
100 388
100 146
100 408
100 380
100 396
100 4
100 325
100 340
100 287
100 380
100 196
100 919
100 136
100 61
100 14
100 87
100 27
100 177
100 106
100 302
100 303
100 215
100 125
100 14
100 27
100 219
100 56
100 415
100 31
100 100
100 440
100 209
100 257
100 28
100 79
100 44
100 114
100 171
100 190
100 286
100 110
100 49
100 123
100 100
100 335
100 378
100 131
100 151
100 41
100 32
100 347
100 528
100 281
100 140
100 125
100 361
100 863
100 242
100 93
100 707
100 36
100 343
100 343
100 50
100 69
100 129
100 191
100 104
100 567
100 97
100 21
100 227
100 54
100 49
100 1095
100 19
100 6
100 217
100 236
100 74
100 299
100 188
100 108
100 99
100 137
100 85
100 105
100 11
100 88
100 339
100 300
100 96
100 91
100 243
100 477
100 169
100 0
100 220
100 1
100 872
100 100
100 93
100 162
100 276
100 56
100 351
100 87
100 598
100 92
100 184
100 406
100 275
100 50
100 286
100 382
100 46
100 53
100 222
100 494
100 50
100 378
100 10
100 68
100 19
100 167
100 33
100 622
100 92
100 183
100 140
100 332
100 10
100 234
100 16
100 413
100 614
100 69
100 71
100 420
100 360
100 262
100 37
100 189
100 187
100 376
100 330
100 32
100 150
100 54
100 47
100 28
100 200
100 84
100 270
100 365
100 32
100 22
100 46
100 486
100 434
100 476
100 344
100 185
100 31
100 73
100 19
100 421
100 196
100 30
100 792
100 422
100 106
100 377
100 274
100 240
100 204
100 292
100 54
100 286
100 331
100 143
100 103
100 146
100 435
100 134
100 92
100 179
100 8
100 169
100 443
100 137
100 15
100 204
100 70
100 838
100 167
100 180
100 18
100 333
100 208
100 12
100 121
100 353
100 179
100 55
100 68
100 41
100 197
100 228
100 219
100 74
100 38
100 37
100 80
100 0
100 192
100 10
100 215
100 38
100 21
100 690
100 16
100 419
100 245
100 98
100 45
100 329
100 689
100 323
100 179
100 745
100 170
100 423
100 23
100 52
100 94
100 290
100 93
100 153
100 138
100 108
100 129
100 177
100 52
100 13
100 77
100 119
100 77
100 177
100 257
100 13
100 129
100 45
100 103
100 232
100 68
100 336
100 15
100 44
100 82
100 570
100 137
100 79
100 39
100 74
100 160
100 128
100 20
100 518
100 39
100 183
100 32
100 398
100 234
100 1376
100 43
100 231
100 118
100 322
100 194
100 453
100 136
100 102
100 101
100 297
100 224
100 98
100 153
100 50
100 215
100 257
100 14
100 422
100 960
100 431
100 132
100 15
100 154
100 247
100 3
100 31
100 14
100 46
100 276
100 218
100 390
100 388
100 180
100 307
100 20
100 9
100 397
100 25
100 447
100 71
100 140
100 521
100 46
100 760
100 244
100 361
100 139
100 381
100 714
100 744
100 19
100 222
100 52
100 169
100 164
100 1177
100 95
100 265
100 75
100 10
100 32
100 179
100 274
100 554
100 410
100 210
100 156
100 12
100 40
100 136
100 73
100 172
100 67
100 110
100 21
100 798
100 120
100 80
100 338
100 49
100 188
100 181
100 323
100 55
100 1
100 450
100 81
100 151
100 100
100 282
100 58
100 259
100 2
100 102
100 63
100 137
100 531
100 22
100 165
100 168
100 72
100 126
100 196
100 115
100 431
100 808
100 139
100 673
100 165
100 155
100 741
100 232
100 99
100 124
100 480
100 165
100 153
100 311
100 90
100 85
100 308
100 182
100 101
100 542
100 362
100 677
100 184
100 82
100 209
100 291
100 539
100 256
100 21
100 416
100 120
100 408
100 622
100 118
100 476
100 78
100 396
100 141
100 220
100 115
100 225
100 254
100 66
100 160
100 208
100 21
100 256
100 162
100 28
100 91
100 49
100 2
100 424
100 239
100 68
100 243
100 47
100 30
100 185
100 30
100 193
100 23
100 291
100 147
100 229
100 197
100 949
100 3
100 56
100 163
100 195
100 288
100 69
100 14
100 148
100 41
100 273
100 538
100 485
100 315
100 25
100 144
100 185
100 260
100 122
100 20
100 224
100 452
100 93
100 173
100 34
100 552
100 335
100 24
100 172
100 61
100 582
100 148
100 230
100 18
100 94
100 2
100 12
100 154
100 386
100 17
100 454
100 16
100 115
100 130
100 350
100 742
100 228
100 128
100 58
100 78
100 269
100 103
100 245
100 320
100 255
100 145
100 20
100 76
100 240
100 217
100 5
100 74
100 187
100 60
100 31
100 30
100 189
100 41
100 22
100 96
100 449
100 84
100 189
100 262
100 74
100 228
100 39
100 268
100 37
100 783
100 163
100 388
100 185
100 106
100 22
100 317
100 98
100 101
100 304
100 158
100 19
100 287
100 327
100 722
100 434
100 140
100 103
100 41
100 253
100 33
100 235
100 293
100 444
100 48
100 227
100 283
100 72
100 168
100 50
100 181
100 7
100 6
100 36
100 757
100 385
100 214
100 50
100 309
100 107
100 72
100 112
100 173
100 98
100 95
100 19
100 236
100 352
100 49
100 16
100 11
100 41
100 4
100 117
100 157
100 277
100 453
100 731
100 182
100 46
100 44
100 254
100 162
100 175
100 613
100 13
100 513
100 137
100 327
100 964
100 301
100 261
100 89
100 1146
100 445
100 15
100 105
100 41
100 91
100 66
100 56
100 382
100 277
100 84
100 216
100 256
100 94
100 340
100 103
100 746
100 6
100 10
100 506
100 138
100 311
100 140
100 532
100 122
100 185
100 12
100 328
100 690
100 145
100 122
100 66
100 272
100 69
100 22
100 771
100 8
100 140
100 99
100 0
100 197
100 388
100 78
100 75
100 16
100 78
100 65
100 395
100 63
100 13
100 306
100 448
100 168
100 189
100 375
100 162
100 133
100 37
100 270
100 326
100 53
100 1008
100 452
100 114
100 10
100 223
100 655
100 138
100 673
100 72
100 12
100 110
100 141
100 19
100 87
100 231
100 167
100 32
100 723
100 500
100 1172
100 183
100 369
100 41
100 204
100 24
100 817
100 201
100 515
100 177
100 31
100 25
100 28
100 24
100 397
100 506
100 163
100 165
100 437
100 175
100 24
100 117
100 443
100 185
100 56
100 109
100 94
100 24
100 34
100 279
100 3
100 94
100 289
100 137
100 171
100 112
100 16
100 55
100 83
100 149
100 362
100 585
100 83
100 272
100 167
100 86
100 89
100 346
100 314
100 284
100 302
100 191
100 171
100 101
100 43
100 144
100 219
100 12
100 332
100 203
100 38
100 368
100 45
100 81
100 342
100 381
100 0
100 62
100 90
100 519
100 31
100 97
100 14
100 463
100 371
100 127
100 158
100 25
100 29
100 58
100 33
100 15
100 168
100 30
100 110
100 19
100 288
100 167
100 135
100 350
100 3
100 255
100 327
100 46
100 31
100 128
100 82
100 78
100 22
100 43
100 27
100 133
100 177
100 148
100 34
100 32
100 317
100 0
100 319
100 69
100 176
100 241
100 118
100 252
100 12
100 95
100 24
100 610
100 22
100 49
100 226
100 248
100 129
100 0
100 249
100 47
100 148
100 42
100 86
100 12
100 47
100 169
100 49
100 54
100 192
100 125
100 125
100 8
100 516
100 191
100 150
100 245
100 192
100 318
100 21
100 184
100 274
100 95
100 408
100 87
100 45
100 311
100 40
100 361
100 23
100 137
100 169
100 56
100 121
100 240
100 125
100 17
100 228
100 109
100 43
100 388
100 169
100 143
100 107
100 11
100 105
100 111
100 67
100 198
100 335
100 48
100 214
100 30
100 873
100 92
100 75
100 123
100 217
100 4
100 270
100 117
100 150
100 226
100 32
100 230
100 8
100 308
100 153
100 502
100 430
100 145
100 101
100 82
100 323
100 174
100 653
100 134
100 196
100 154
100 233
100 90
100 303
100 87
100 396
100 175
100 5
100 256
100 65
100 6
100 77
100 199
100 29
100 282
100 124
100 214
100 184
100 64
100 28
100 52
100 387
100 318
100 268
100 545
100 39
100 58
100 523
100 12
100 78
100 230
100 207
100 263
100 773
100 143
100 249
100 486
100 52
100 255
100 150
100 128
100 460
100 5
100 81
100 533
100 71
100 116
100 372
100 25
100 107
100 172
100 324
100 4
100 154
100 272
100 11
100 62
100 108
100 374
100 86
100 472
100 59
100 46
100 309
100 561
100 170
100 307
100 337
100 240
100 162
100 66
100 159
100 524
100 19
100 157
100 116
100 984
100 559
100 308
100 44
100 59
100 228
100 19
100 163
100 201
100 67
100 1
100 221
100 330
100 19
100 203
100 48
100 215
100 259
100 76
100 72
100 17
100 41
100 140
100 375
100 178
100 118
100 177
100 300
100 72
100 378
100 151
100 300
100 179
100 118
100 14
100 6
100 190
100 364
100 115
100 30
100 288
100 40
100 419
100 38
100 28
100 32
100 4
100 53
100 49
100 21
100 109
100 115
100 84
100 57
100 265
100 115
100 436
100 812
100 180
100 355
100 31
100 126
100 114
100 776
100 222
100 181
100 35
100 126
100 385
100 113
100 673
100 108
100 513
100 476
100 589
100 18
100 258
100 197
100 210
100 78
100 224
100 297
100 170
100 184
100 107
100 246
100 600
100 97
100 29
100 27
100 20
100 53
100 54
100 18
100 159
100 241
100 652
100 466
100 31
100 103
100 155
100 252
100 59
100 63
100 84
100 130
100 466
100 178
100 387
100 321
100 252
100 335
100 431
100 95
100 13
100 185
100 36
100 45
100 12
100 41
100 90
100 507
100 93
100 244
100 132
100 134
100 269
100 20
100 378
100 360
100 58
100 188
100 8
100 196
100 376
100 220
100 35
100 515
100 138
100 74
100 234
100 383
100 372
100 531
100 5
100 92
100 264
100 130
100 21
100 121
100 380
100 6
100 260
100 303
100 159
100 85
100 70
100 0
100 177
100 41
100 67
100 331
100 120
100 49
100 96
100 468
100 74
100 85
100 331
100 614
100 721
100 568
100 276
100 162
100 55
100 35
100 393
100 45
100 144
100 119
100 137
100 183
100 9
100 89
100 223
100 252
100 131
100 89
100 298
100 470
100 74
100 467
100 55
100 410
100 705
100 128
100 31
100 402
100 176
100 107
100 57
100 156
100 1
100 427
100 793
100 2
100 113
100 3
100 25
100 1152
100 74
100 71
100 91
100 5
100 30
100 82
100 158
100 113
100 95
100 111
100 235
100 83
100 38
100 85
100 483
100 63
100 57
100 839
100 310
100 97
100 387
100 91
100 59
100 161
100 78
100 50
100 27
100 220
100 183
100 138
100 134
100 409
100 38
100 25
100 182
100 195
100 52
100 257
100 114
100 122
100 57
100 270
100 134
100 21
100 468
100 663
100 560
100 150
100 490
100 33
100 75
100 25
100 25
100 91
100 224
100 279
100 14
100 239
100 126
100 106
100 379
100 12
100 29
100 16
100 222
100 345
100 109
100 527
100 346
100 115
100 259
100 163
100 263
100 23
100 21
100 338
100 368
100 73
100 423
100 298
100 195
100 75
100 18
100 18
100 116
100 265
100 400
100 199
100 810
100 28
100 31
100 105
100 566
100 16
100 209
100 907
100 270
100 129
100 347
100 478
100 14
100 120
100 82
100 116
100 477
100 10
100 228
100 366
100 136
100 180
100 28
100 26
100 91
100 330
100 245
100 50
100 331
100 64
100 177
100 367
100 341
100 91
100 61
100 76
100 313
100 204
100 382
100 10
100 178
100 451
100 137
100 185
100 228
100 423
100 187
100 72
100 198
100 196
100 243
100 540
100 114
100 103
100 76
100 297
100 31
100 211
100 495
100 126
100 150
100 679
100 329
100 90
100 166
100 17
100 238
100 176
100 60
100 6
100 139
100 157
100 28
100 67
100 182
100 66
100 4
100 393
100 94
100 233
100 54
100 530
100 261
100 76
100 151
100 655
100 241
100 85
100 77
100 21
100 34
100 132
100 105
100 149
100 360
100 61
100 20
100 734
100 448
100 377
100 35
100 128
100 144
100 26
100 3
100 561
100 4
100 135
100 89
100 118
100 186
100 21
100 104
100 293
100 36
100 115
100 18
100 33
100 446
100 32
100 51
100 23
100 226
100 34
100 105
100 791
100 208
100 365
100 63
100 219
100 348
100 274
100 488
100 304
100 319
100 41
100 2
100 65
100 631
100 240
100 254
100 63
100 132
100 42
100 831
100 92
100 288
100 126
100 99
100 42
100 10
100 292
100 8
100 57
100 37
100 309
100 60
100 242
100 157
100 1
100 124
100 171
100 318
100 150
100 351
100 273
100 182
100 809
100 41
100 21
100 50
100 40
100 488
100 190
100 198
100 139
100 66
100 31
100 1030
100 33
100 61
100 391
100 35
100 102
100 48
100 80
100 442
100 229
100 154
100 561
100 13
100 11
100 399
100 312
100 22
100 366
100 45
100 655
100 49
100 319
100 222
100 80
100 413
100 143
100 31
100 36
100 110
100 10
100 35
100 176
100 288
100 493
100 60
100 92
100 396
100 302
100 136
100 162
100 74
100 311
100 95
100 52
100 212
100 228
100 58
100 670
100 102
100 197
100 125
100 90
100 471
100 80
100 86
100 24
100 13
100 94
100 440
100 142
100 20
100 394
100 90
100 717
100 0
100 11
100 135
100 27
100 407
100 1
100 87
100 43
100 3
100 65
100 136
100 301
100 113
100 100
100 109
100 942
100 14
100 45
100 39
100 51
100 75
100 77
100 150
100 30
100 1299
100 471
100 177
100 198
100 8
100 45
100 366
100 216
100 90
100 105
100 153
100 70
100 514
100 445
100 134
100 1927
100 93
100 111
100 135
100 162
100 172
100 313
100 110
100 210
100 4
100 6
100 62
100 99
100 77
100 535
100 952
100 81
100 48
100 122
100 120
100 248
100 50
100 458
100 202
100 189
100 276
100 290
100 171
100 114
100 454
100 37
100 801
100 51
100 233
100 33
100 220
100 52
100 232
100 169
100 20
100 95
100 355
100 773
100 175
100 5
100 29
100 164
100 5
100 223
100 269
100 99
100 45
100 203
100 425
100 80
100 15
100 160
100 201
100 88
100 258
100 4
100 457
100 53
100 395
100 57
100 206
100 409
100 8
100 12
100 276
100 240
100 9
100 45
100 172
100 253
100 31
100 14
100 38
100 152
100 71
100 240
100 108
100 339
100 933
100 364
100 374
100 86
100 39
100 372
100 99
100 20
100 137
100 219
100 2
100 241
100 28
100 58
100 443
100 143
100 192
100 302
100 186
100 434
100 55
100 134
100 255
100 46
100 214
100 11
100 62
100 31
100 105
100 459
100 416
100 68
100 112
100 130
100 192
100 63
100 77
100 206
100 255
100 480
100 84
100 38
100 25
100 143
100 367
100 107
100 960
100 19
100 107
100 472
100 41
100 947
100 71
100 109
100 36
100 56
100 52
100 327
100 382
100 15
100 426
100 26
100 746
100 353
100 427
100 307
100 362
100 117
100 100
100 96
100 156
100 208
100 114
100 27
100 170
100 4
100 160
100 266
100 306
100 21
100 331
100 143
100 309
100 51
100 143
100 41
100 222
100 236
100 327
100 64
100 68
100 372
100 117
100 11
100 47
100 21
100 63
100 408
100 236
100 59
100 268
100 87
100 458
100 392
100 245
100 500
100 31
100 50
100 23
100 598
100 302
100 687
100 54
100 24
100 321
100 154
100 258
100 33
100 67
100 27
100 45
100 263
100 349
100 683
100 29
100 25
100 130
100 91
100 641
100 187
100 21
100 45
100 8
100 361
100 589
100 574
100 141
100 57
100 150
100 422
100 365
100 161
100 72
100 104
100 82
100 48
100 478
100 232
100 189
100 342
100 176
100 117
100 267
100 24
100 25
100 472
100 133
100 9
100 228
100 144
100 698
100 71
100 239
100 84
100 74
100 101
100 199
100 500
100 556
100 1
100 136
100 636
100 18
100 6
100 52
100 284
100 15
100 421
100 224
100 118
100 125
100 141
100 39
100 113
100 482
100 471
100 387
100 273
100 156
100 195
100 187
100 83
100 51
100 239
100 196
100 568
100 49
100 25
100 94
100 967
100 73
100 229
100 87
100 17
100 207
100 166
100 3
100 248
100 77
100 82
100 275
100 112
100 268
100 123
100 25
100 37
100 110
100 295
100 251
100 383
100 177
100 170
100 7
100 593
100 124
100 74
100 139
100 113
100 9
100 212
100 47
100 271
100 40
100 82
100 28
100 211
100 779
100 134
100 100
100 18
100 144
100 140
100 297
100 1
100 18
100 133
100 107
100 366
100 62
100 227
100 28
100 470
100 259
100 90
100 103
100 288
100 71
100 144
100 141
100 56
100 247
100 44
100 132
100 79
100 171
100 70
100 474
100 693
100 132
100 297
100 304
100 14
100 28
100 514
100 466
100 412
100 20
100 320
100 1
100 230
100 203
100 165
100 34
100 307
100 275
100 146
100 111
100 901
100 132
100 157
100 146
100 58
100 66
100 55
100 316
100 182
100 427
100 55
100 174
100 521
100 40
100 33
100 130
100 299
100 156
100 196
100 68
100 99
100 143
100 31
100 237
100 104
100 409
100 57
100 194
100 16
100 3
100 98
100 238
100 369
100 2
100 127
100 20
100 499
100 281
100 223
100 222
100 98
100 457
100 523
100 42
100 207
100 144
100 77
100 16
100 273
100 102
100 24
100 674
100 380
100 165
100 48
100 135
100 161
100 373
100 8
100 419
100 58
100 65
100 104
100 122
100 488
100 267
100 4
100 33
100 225
100 248
100 3
100 19
100 277
100 181
100 45
100 307
100 124
100 242
100 204
100 108
100 18
100 77
100 802
100 444
100 64
100 325
100 72
100 582
100 78
100 341
100 737
100 102
100 60
100 7
100 117
100 41
100 158
100 248
100 163
100 275
100 76
100 67
100 94
100 95
100 196
100 522
100 195
100 47
100 441
100 259
100 24
100 238
100 27
100 181
100 59
100 31
100 752
100 58
100 214
100 560
100 392
100 21
100 390
100 195
100 189
100 98
100 77
100 361
100 292
100 656
100 433
100 145
100 17
100 103
100 158
100 280
100 134
100 670
100 151
100 108
100 231
100 85
100 161
100 622
100 367
100 350
100 37
100 14
100 160
100 87
100 339
100 268
100 754
100 443
100 151
100 207
100 70
100 138
100 231
100 1
100 599
100 0
100 154
100 25
100 206
100 517
100 353
100 59
100 39
100 304
100 147
100 328
100 223
100 262
100 122
100 27
100 45
100 413
100 333
100 131
100 92
100 479
100 391
100 365
100 236
100 362
100 173
100 90
100 301
100 67
100 73
100 27
100 508
100 89
100 60
100 618
100 22
100 483
100 1
100 30
100 140
100 57
100 340
100 25
100 35
100 199
100 139
100 904
100 181
100 43
100 441
100 16
100 471
100 163
100 46
100 773
100 90
100 326
100 346
100 446
100 3
100 138
100 280
100 38
100 8
100 239
100 1000
100 197
100 177
100 197
100 191
100 8
100 82
100 4
100 159
100 381
100 194
100 286
100 34
100 523
100 36
100 53
100 269
100 206
100 4
100 160
100 166
100 27
100 67
100 133
100 442
100 56
100 524
100 117
100 9
100 19
100 256
100 453
100 131
100 505
100 21
100 37
100 127
100 264
100 248
100 157
100 67
100 23
100 379
100 111
100 62
100 120
100 237
100 11
100 568
100 86
100 102
100 226
100 417
100 184
100 18
100 0
100 156
100 107
100 22
100 396
100 65
100 2
100 95
100 22
100 102
100 108
100 151
100 138
100 612
100 248
100 0
100 25
100 33
100 198
100 466
100 68
100 133
100 43
100 183
100 81
100 138
100 102
100 109
100 255
100 175
100 57
100 19
100 116
100 53
100 145
100 62
100 68
100 230
100 206
100 196
100 82
100 7
100 112
100 296
100 54
100 274
100 816
100 68
100 8
100 4
100 199
100 118
100 166
100 374
100 304
100 85
100 142
100 52
100 813
100 78
100 14
100 33
100 99
100 125
100 170
100 807
100 190
100 299
100 304
100 282
100 24
100 352
100 643
100 43
100 117
100 1131
100 97
100 223
100 230
100 96
100 108
100 83
100 17
100 468
100 158
100 217
100 45
100 123
100 14
100 0
100 81
100 83
100 197
100 33
100 26
100 337
100 23
100 87
100 37
100 221
100 167
100 154
100 22
100 269
100 15
100 217
100 396
100 348
100 40
100 36
100 194
100 60
100 20
100 18
100 407
100 151
100 143
100 95
100 106
100 239
100 43
100 344
100 757
100 17
100 67
100 133
100 33
100 51
100 27
100 93
100 8
100 350
100 77
100 109
100 339
100 69
100 49
100 146
100 66
100 1147
100 225
100 251
100 454
100 123
100 69
100 501
100 284
100 107
100 255
100 444
100 202
100 1026
100 133
100 230
100 166
100 409
100 0
100 214
100 155
100 520
100 179
100 250
100 23
100 129
100 351
100 128
100 231
100 13
100 31
100 330
100 648
100 84
100 159
100 465
100 155
100 213
100 28
100 95
100 230
100 185
100 58
100 242
100 280
100 177
100 17
100 167
100 11
100 13
100 165
100 10
100 380
100 145
100 187
100 161
100 220
100 35
100 241
100 93
100 157
100 182
100 6
100 30
100 290
100 117
100 6
100 195
100 55
100 307
100 176
100 93
100 162
100 196
100 63
100 199
100 181
100 353
100 241
100 115
100 92
100 53
100 83
100 362
100 58
100 58
100 418
100 363
100 123
100 149
100 114
100 586
100 226
100 57
100 105
100 182
100 248
100 25
100 54
100 210
100 206
100 251
100 107
100 59
100 251
100 1037
100 198
100 51
100 220
100 187
100 79
100 64
100 109
100 130
100 251
100 144
100 498
100 127
100 316
100 341
100 90
100 297
100 105
100 99
100 58
100 59
100 29
100 90
100 69
100 23
100 53
100 20
100 46
100 602
100 313
100 28
100 42
100 106
100 370
100 90
100 541
100 130
100 250
100 159
100 171
100 678
100 185
100 502
100 139
100 115
100 60
100 183
100 632
100 14
100 519
100 48
100 493
100 12
100 97
100 122
100 23
100 122
100 154
100 288
100 138
100 8
100 199
100 207
100 33
100 908
100 108
100 69
100 101
100 17
100 15
100 365
100 427
100 129
100 95
100 212
100 139
100 108
100 314
100 143
100 733
100 30
100 218
100 145
100 139
100 405
100 71
100 310
100 347
100 465
100 49
100 572
100 203
100 203
100 1128
100 42
100 360
100 591
100 411
100 60
100 397
100 58
100 10
100 50
100 29
100 100
100 164
100 267
100 49
100 95
100 66
100 39
100 69
100 70
100 151
100 18
100 993
100 206
100 400
100 329
100 146
100 502
100 168
100 203
100 42
100 538
100 261
100 75
100 793
100 111
100 119
100 67
100 0
100 63
100 37
100 25
100 38
100 184
100 279
100 134
100 42
100 384
100 72
100 393
100 9
100 46
100 14
100 88
100 713
100 630
100 148
100 117
100 288
100 224
100 295
100 154
100 289
100 133
100 348
100 112
100 459
100 15
100 149
100 57
100 19
100 131
100 615
100 548
100 71
100 1014
100 93
100 5
100 144
100 119
100 227
100 392
100 256
100 56
100 798
100 730
100 252
100 5
100 563
100 80
100 310
100 66
100 317
100 130
100 234
100 134
100 204
100 228
100 247
100 786
100 470
100 190
100 386
100 42
100 148
100 62
100 496
100 133
100 229
100 213
100 501
100 188
100 199
100 321
100 68
100 17
100 112
100 483
100 18
100 505
100 40
100 50
100 75
100 376
100 383
100 0
100 21
100 151
100 63
100 255
100 126
100 8
100 143
100 251
100 180
100 163
100 561
100 557
100 172
100 626
100 201
100 294
100 4
100 48
100 42
100 115
100 179
100 759
100 223
100 352
100 203
100 193
100 47
100 193
100 42
100 101
100 125
100 69
100 298
100 175
100 148
100 174
100 48
100 400
100 311
100 352
100 9
100 446
100 11
100 258
100 6
100 389
100 477
100 87
100 351
100 648
100 6
100 22
100 169
100 8
100 176
100 216
100 136
100 361
100 20
100 701
100 53
100 115
100 5
100 132
100 206
100 82
100 283
100 47
100 324
100 442
100 217
100 255
100 393
100 22
100 89
100 115
100 64
100 749
100 257
100 64
100 147
100 307
100 306
100 374
100 119
100 307
100 26
100 158
100 552
100 83
100 111
100 315
100 167
100 48
100 31
100 100
100 81
100 155
100 86
100 32
100 45
100 16
100 204
100 193
100 231
100 807
100 164
100 79
100 213
100 10
100 251
100 42
100 79
100 28
100 186
100 396
100 302
100 103
100 319
100 49
100 138
100 41
100 99
100 6
100 122
100 99
100 392
100 6
100 316
100 231
100 28
100 21
100 147
100 69
100 229
100 226
100 169
100 0
100 100
100 383
100 351
100 165
100 81
100 115
100 366
100 258
100 47
100 74
100 55
100 68
100 489
100 41
100 227
100 392
