100 377
100 890
100 337
100 1401
100 1939
100 810
100 1826
100 749
100 683
100 631
100 854
100 935
100 1148
100 956
100 432
100 243
100 1091
100 238
100 206
100 1019
100 963
100 542
100 155
100 934
100 178
100 114
100 449
100 17
100 380
100 209
100 577
100 108
100 1399
100 211
100 3166
100 1320
100 527
100 1052
100 1255
100 1040
100 970
100 3601
100 55
100 865
100 399
100 297
100 1086
100 487
100 2366
100 81
100 1020
100 1104
100 2688
100 1364
100 238
100 1032
100 1046
100 432
100 3076
100 653
100 455
100 112
100 1645
100 948
100 1948
100 341
100 617
100 1768
100 353
100 936
100 570
100 463
100 222
100 230
100 3373
100 1953
100 2175
100 113
100 2568
100 98
100 2022
100 2057
100 848
100 197
100 2636
100 755
100 157
100 283
100 2693
100 300
100 697
100 350
100 2708
100 2
100 1619
100 1924
100 487
100 2032
100 1038
100 102
100 6820
100 206
100 1661
100 310
100 648
100 653
100 8
100 991
100 38
100 894
100 209
100 350
100 791
100 123
100 2698
100 1823
100 400
100 526
100 395
100 719
100 2307
100 1005
100 99
100 790
100 788
100 183
100 1428
100 556
100 215
100 2781
100 3598
100 1877
100 1375
100 898
100 26
100 1196
100 1305
100 508
100 1454
100 1798
100 470
100 266
100 478
100 176
100 426
100 86
100 2889
100 350
100 329
100 428
100 44
100 2568
100 83
100 904
100 551
100 338
100 2569
100 132
100 544
100 984
100 75
100 250
100 1486
100 65
100 427
100 1908
100 231
100 1208
100 786
100 502
100 257
100 2243
100 2701
100 91
100 282
100 576
100 265
100 1105
100 1668
100 193
100 265
100 976
100 988
100 104
100 148
100 1277
100 441
100 780
100 47
100 3415
100 396
100 1745
100 117
100 221
100 506
100 3317
100 595
100 137
100 240
100 1216
100 596
100 674
100 1210
100 599
100 262
100 1673
100 783
100 4675
100 3574
100 727
100 1877
100 1251
100 127
100 133
100 281
100 398
100 706
100 303
100 1166
100 357
100 690
100 702
100 145
100 81
100 248
100 4134
100 322
100 532
100 1273
100 176
100 16
100 908
100 23
100 1
100 1199
100 2095
100 504
100 279
100 1022
100 457
100 112
100 245
100 326
100 209
100 791
100 3970
100 298
100 205
100 60
100 458
100 621
100 1134
100 2205
100 436
100 1672
100 1126
100 1222
100 1137
100 1366
100 708
100 448
100 181
100 1019
100 464
100 468
100 405
100 2093
100 202
100 158
100 700
100 747
100 1365
100 448
100 71
100 786
100 2369
100 1104
100 531
100 905
100 1017
100 310
100 52
100 1880
100 959
100 381
100 672
100 262
100 332
100 899
100 387
100 445
100 10
100 122
100 1462
100 2276
100 91
100 809
100 44
100 156
100 484
100 1678
100 414
100 535
100 1291
100 857
100 232
100 381
100 222
100 3033
100 262
100 1019
100 27
100 793
100 397
100 47
100 93
100 192
100 1350
100 1356
100 396
100 519
100 332
100 166
100 1554
100 1398
100 250
100 3850
100 321
100 872
100 313
100 544
100 1905
100 414
100 988
100 724
100 5
100 555
100 172
100 2351
100 328
100 419
100 329
100 346
100 1132
100 246
100 2751
100 295
100 1740
100 161
100 386
100 1721
100 488
100 698
100 216
100 576
100 1743
100 502
100 785
100 827
100 353
100 202
100 2487
100 54
100 609
100 1213
100 1244
100 1629
100 2014
100 36
100 2818
100 58
100 1251
100 2052
100 462
100 735
100 5060
100 443
100 958
100 156
100 1052
100 470
100 1952
100 1075
100 61
100 289
100 2574
100 274
100 91
100 1226
100 319
100 846
100 2408
100 1513
100 780
100 1018
100 528
100 571
100 330
100 125
100 980
100 691
100 43
100 476
100 1323
100 1195
100 230
100 2081
100 39
100 105
100 2035
100 2949
100 1828
100 120
100 691
100 553
100 34
100 217
100 564
100 296
100 115
100 667
100 2042
100 240
100 3444
100 2295
100 1050
100 456
100 1427
100 555
100 200
100 204
100 766
100 393
100 170
100 275
100 185
100 1330
100 230
100 665
100 457
100 870
100 2542
100 61
100 1457
100 1142
100 983
100 499
100 2277
100 3959
100 1053
100 1872
100 99
100 223
100 398
100 1862
100 628
100 701
100 1023
100 1886
100 825
100 451
100 550
100 490
100 1996
100 1791
100 393
100 651
100 439
100 44
100 726
100 163
100 1277
100 2016
100 868
100 429
100 1859
100 820
100 2033
100 42
100 447
100 911
100 848
100 1301
100 23
100 255
100 452
100 218
100 3111
100 213
100 760
100 776
100 644
100 946
100 1903
100 2214
100 649
100 49
100 1051
100 2118
100 1076
100 543
100 1669
100 163
100 1063
100 3226
100 1322
100 701
100 515
100 767
100 323
100 188
100 2155
100 15
100 1191
100 1443
100 496
100 944
100 30
100 736
100 367
100 192
100 3148
100 370
100 851
100 84
100 624
100 641
100 1
100 1502
100 14
100 137
100 782
100 745
100 120
100 1032
100 942
100 302
100 313
100 141
100 156
100 3317
100 360
100 1320
100 366
100 5545
100 3529
100 2279
100 663
100 329
100 2026
100 1656
100 464
100 592
100 281
100 554
100 130
100 186
100 2830
100 238
100 1232
100 4830
100 149
100 227
100 756
100 424
100 286
100 714
100 3
100 538
100 717
100 790
100 861
100 1861
100 309
100 319
100 410
100 2436
100 2513
100 56
100 395
100 1652
100 114
100 9
100 2986
100 1598
100 113
100 2542
100 59
100 84
100 2350
100 2112
100 68
100 115
100 807
100 1826
100 843
100 249
100 376
100 154
100 732
100 3620
100 1275
100 84
100 686
100 32
100 351
100 1115
100 668
100 1167
100 98
100 425
100 1762
100 740
100 447
100 809
100 680
100 7
100 1091
100 63
100 3910
100 730
100 3356
100 361
100 324
100 363
100 830
100 3136
100 923
100 401
100 307
100 125
100 1353
100 803
100 691
100 197
100 1885
100 234
100 187
100 423
100 837
100 615
100 3056
100 792
100 428
100 522
100 2196
100 835
100 1294
100 441
100 391
100 115
100 86
100 282
100 858
100 515
100 1527
100 311
100 114
100 346
100 353
100 429
100 305
100 577
100 784
100 1120
100 1465
100 2019
100 219
100 419
100 770
100 308
100 69
100 640
100 1534
100 437
100 510
100 1033
100 3693
100 925
100 146
100 62
100 170
100 467
100 976
100 2522
100 561
100 1858
100 758
100 378
100 164
100 797
100 468
100 40
100 1228
100 2020
100 660
100 426
100 373
100 476
100 1335
100 1727
100 907
100 40
100 151
100 413
100 270
100 186
100 1144
100 587
100 271
100 813
100 1494
100 1391
100 409
100 2572
100 176
100 1205
100 442
100 543
100 975
100 1177
100 254
100 1358
100 2192
100 2488
100 809
100 367
100 17
100 136
100 42
100 1641
100 28
100 546
100 1901
100 348
100 1558
100 1279
100 2673
100 1053
100 102
100 106
100 746
100 499
100 2190
100 489
100 485
100 5114
100 656
100 321
100 918
100 376
100 178
100 97
100 238
100 920
100 380
100 900
100 654
100 1257
100 1606
100 972
100 88
100 950
100 173
100 923
100 385
100 13
100 1235
100 224
100 66
100 1006
100 268
100 1582
100 53
100 1047
100 350
100 3325
100 1548
100 638
100 924
100 335
100 1201
100 166
100 578
100 950
100 342
100 1079
100 876
100 13
100 1351
100 1421
100 958
100 285
100 342
100 1516
100 737
100 706
100 337
100 1810
100 48
100 784
100 156
100 703
100 430
100 1209
100 705
100 64
100 605
100 431
100 3625
100 546
100 937
100 30
100 869
100 169
100 37
100 1656
100 4
100 3163
100 207
100 1794
100 95
100 1346
100 276
100 657
100 2250
100 0
100 2150
100 154
100 1604
100 1633
100 993
100 1005
100 1457
100 2521
100 1013
100 1646
100 1297
100 848
100 3
100 22
100 3086
100 27
100 483
100 279
100 42
100 2484
100 343
100 809
100 273
100 41
100 712
100 46
100 1795
100 608
100 56
100 78
100 60
100 358
100 749
100 1654
100 1117
100 764
100 348
100 370
100 942
100 1224
100 2180
100 540
100 1600
100 156
100 1515
100 1089
100 92
100 312
100 1160
100 2643
100 1723
100 227
100 419
100 1209
100 1789
100 2256
100 96
100 575
100 772
100 1032
100 142
100 332
100 689
100 31
100 2460
100 229
100 1450
100 37
100 836
100 219
100 363
100 198
100 2133
100 93
100 138
100 189
100 76
100 142
100 834
100 1018
100 628
100 745
100 1887
100 567
100 114
100 1654
100 1996
100 470
100 32
100 1302
100 96
100 2166
100 211
100 839
100 1735
100 229
100 1363
100 902
100 6992
100 257
100 165
100 709
100 604
100 305
100 259
100 1777
100 203
100 12
100 528
100 610
100 1043
100 420
100 1888
100 1067
100 283
100 1743
100 233
100 13
100 1566
100 1563
100 315
100 68
100 683
100 558
100 161
100 1169
100 1585
100 839
100 101
100 564
100 646
100 337
100 912
100 734
100 736
100 142
100 80
100 993
100 24
100 10
100 862
100 1972
100 1483
100 1077
100 637
100 213
100 1753
100 802
100 399
100 52
100 16
100 948
100 291
100 726
100 95
100 119
100 1994
100 601
100 1980
100 775
100 576
100 135
100 742
100 2885
100 136
100 4045
100 183
100 1015
100 172
100 393
100 1368
100 1618
100 138
100 319
100 1329
100 433
100 357
100 281
100 100
100 320
100 65
100 75
100 612
100 926
100 1292
100 615
100 616
100 11
100 619
100 895
100 2124
100 2365
100 158
100 502
100 1733
100 403
100 424
100 1103
100 1207
100 292
100 805
100 2721
100 376
100 20
100 2282
100 346
100 334
100 71
100 216
100 695
100 542
100 1611
100 438
100 3001
100 935
100 1424
100 93
100 485
100 1802
100 1017
100 308
100 2865
100 416
100 485
100 1519
100 118
100 1649
100 1183
100 1583
100 68
100 724
100 321
100 1100
100 20
100 134
100 678
100 784
100 314
100 1359
100 1835
100 1600
100 366
100 817
100 1241
100 762
100 435
100 96
100 37
100 83
100 1072
100 551
100 2752
100 268
100 592
100 238
100 395
100 954
100 400
100 2687
100 2031
100 121
100 834
100 2382
100 1367
100 831
100 71
100 53
100 158
100 2445
100 1793
100 1089
100 189
100 2330
100 1603
100 1422
100 713
100 40
100 75
100 2000
100 890
100 35
100 586
100 237
100 522
100 1355
100 363
100 66
100 2877
100 2537
100 1983
100 752
100 821
100 100
100 10
100 379
100 2043
100 205
100 461
100 2605
100 562
100 442
100 329
100 774
100 798
100 159
100 361
100 430
100 569
100 673
100 760
100 441
100 88
100 130
100 7
100 813
100 2145
100 1151
100 348
100 2278
100 76
100 669
100 1530
100 233
100 2572
100 805
100 1205
100 247
100 864
100 70
100 606
100 655
100 675
100 908
100 2107
100 2723
100 116
100 2722
100 376
100 7
100 885
100 159
100 710
100 1566
100 1022
100 1109
100 313
100 1581
100 694
100 2583
100 342
100 27
100 1789
100 984
100 370
100 614
100 1001
100 1048
100 2567
100 1733
100 381
100 1022
100 830
100 385
100 294
100 2776
100 641
100 1892
100 567
100 1497
100 2682
100 596
100 3696
100 1643
100 863
100 1051
100 43
100 1246
100 18
100 1374
100 6057
100 997
100 239
100 291
100 437
100 459
100 3256
100 1391
100 121
100 546
100 1200
100 56
100 504
100 2431
100 154
100 352
100 10
100 923
100 601
100 1745
100 856
100 395
100 314
100 381
100 5184
100 1590
100 493
100 216
100 1067
100 449
100 1038
100 3635
100 2
100 105
100 3291
100 1750
100 269
100 182
100 825
100 317
100 180
100 763
100 1628
100 1397
100 55
100 651
100 12
100 171
100 1411
100 680
100 2382
100 664
100 21
100 53
100 566
100 1310
100 753
100 2894
100 824
100 277
100 2767
100 884
100 1471
100 159
100 244
100 404
100 73
100 116
100 591
100 886
100 1130
100 1054
100 903
100 1421
100 696
100 2035
100 474
100 147
100 2930
100 1773
100 559
100 1211
100 1576
100 592
100 3783
100 1551
100 184
100 201
100 1707
100 957
100 230
100 576
100 257
100 943
100 174
100 537
100 142
100 167
100 2613
100 152
100 1327
100 1271
100 1267
100 513
100 151
100 200
100 2657
100 2890
100 506
100 752
100 858
100 313
100 335
100 1891
100 706
100 667
100 337
100 447
100 289
100 59
100 112
100 207
100 1801
100 786
100 221
100 86
100 62
100 512
100 164
100 23
100 1140
100 3316
100 1319
100 663
100 303
100 218
100 635
100 56
100 284
100 1459
100 7
100 62
100 45
100 205
100 355
100 1048
100 94
100 1151
100 2903
100 2235
100 1162
100 276
100 1810
100 81
100 210
100 83
100 578
100 471
100 316
100 2495
100 1587
100 749
100 1800
100 4108
100 254
100 553
100 1813
100 1380
100 1482
100 897
100 1543
100 1680
100 1392
100 2564
100 1487
100 474
100 1127
100 1731
100 1742
100 430
100 40
100 1848
100 335
100 477
100 968
100 1705
100 705
100 61
100 1054
100 29
100 452
100 588
100 506
100 631
100 57
100 1672
100 152
100 1495
100 85
100 1333
100 337
100 20
100 278
100 371
100 438
100 431
100 1624
100 158
100 2045
100 20
100 93
100 71
100 365
100 222
100 2597
100 113
100 405
100 107
100 2555
100 2636
100 184
100 381
100 1501
100 767
100 13
100 1755
100 811
100 834
100 667
100 830
100 95
100 769
100 308
100 1811
100 179
100 865
100 509
100 570
100 806
100 2593
100 99
100 259
100 755
100 422
100 165
100 87
100 436
100 1899
100 2468
100 1782
100 1252
100 413
100 2839
100 3510
100 2376
100 1047
100 262
100 104
100 400
100 727
100 1304
100 616
100 3089
100 311
100 103
100 0
100 756
100 522
100 4872
100 1232
100 1265
100 558
100 796
100 3703
100 361
100 321
100 231
100 3955
100 1192
100 1285
100 1399
100 364
100 769
100 562
100 112
100 284
100 207
100 302
100 538
100 2441
100 715
100 269
100 20
100 1869
100 194
100 787
100 95
100 213
100 786
100 316
100 520
100 556
100 1864
100 3763
100 847
100 541
100 325
100 60
100 1257
100 338
100 220
100 1753
100 779
100 339
100 261
100 880
100 269
100 1089
100 735
100 516
100 878
100 1013
100 925
100 21
100 804
100 799
100 714
100 441
100 2543
100 505
100 1203
100 3247
100 3706
100 346
100 785
100 314
100 405
100 1680
100 532
100 121
100 517
100 451
100 1791
100 431
100 1543
100 1232
100 91
100 315
100 331
100 534
100 1100
100 113
100 3872
100 17
100 482
100 2365
100 37
100 47
100 1934
100 34
100 82
100 431
100 1230
100 171
100 506
100 1019
100 597
100 722
100 220
100 1386
100 750
100 1086
100 12
100 3792
100 377
100 44
100 659
100 2800
100 196
100 720
100 721
100 2623
100 141
100 597
100 110
100 1600
100 2089
100 1029
100 104
100 1087
100 1226
100 87
100 142
100 53
100 27
100 1720
100 912
100 275
100 877
100 155
100 43
100 394
100 2990
100 702
100 223
100 926
100 13
100 855
100 713
100 1585
100 430
100 164
100 448
100 2813
100 30
100 247
100 654
100 182
100 1443
100 354
100 109
100 607
100 671
100 1268
100 1010
100 10
100 60
100 1107
100 383
100 183
100 483
100 371
100 480
100 2015
100 763
100 39
100 381
100 158
100 88
100 193
100 1937
100 247
100 2965
100 2685
100 94
100 171
100 188
100 1547
100 116
100 1187
100 1144
100 345
100 128
100 1219
100 659
100 1644
100 632
100 1944
100 147
100 1783
100 14
100 909
100 995
100 695
100 242
100 320
100 266
100 61
100 213
100 511
100 624
100 1599
100 573
100 1759
100 419
100 954
100 918
100 943
100 164
100 584
100 1715
100 192
100 1003
100 1842
100 241
100 1620
100 469
100 661
100 140
100 265
100 159
100 217
100 1311
100 406
100 517
100 699
100 100
100 642
100 282
100 239
100 2165
100 3108
100 4467
100 46
100 96
100 525
100 117
100 301
100 1189
100 351
100 379
100 586
100 320
100 199
100 274
100 380
100 371
100 301
100 334
100 194
100 1413
100 392
100 706
100 253
100 1665
100 367
100 2705
100 239
100 131
100 449
100 4774
100 2069
100 322
100 2070
100 454
100 651
100 443
100 1897
100 355
100 1628
100 479
100 488
100 2197
100 77
100 454
100 428
100 82
100 1268
100 282
100 189
100 1154
100 144
100 778
100 113
100 655
100 3673
100 747
100 3274
100 451
100 852
100 178
100 1914
100 89
100 452
100 1546
100 303
100 203
100 708
100 534
100 922
100 37
100 5729
100 65
100 1162
100 2147
100 1684
100 845
100 804
100 2552
100 650
100 213
100 258
100 500
100 109
100 1989
100 391
100 39
100 160
100 9
100 707
100 591
100 1706
100 1751
100 88
100 883
100 2221
100 757
100 40
100 92
100 908
100 1475
100 309
100 3399
100 307
100 8042
100 1005
100 304
100 41
100 947
100 215
100 213
100 312
100 1835
100 528
100 92
100 372
100 1236
100 251
100 419
100 746
100 19
100 893
100 37
100 1058
100 1522
100 58
100 468
100 723
100 1
100 2018
100 774
100 402
100 92
100 634
100 140
100 372
100 1157
100 3112
100 142
100 180
100 5298
100 3263
100 761
100 3790
100 2698
100 2216
100 117
100 1118
100 5
100 279
100 466
100 241
100 176
100 416
100 382
100 1285
100 689
100 159
100 138
100 11
100 99
100 921
100 2846
100 1257
100 996
100 1519
100 358
100 1704
100 372
100 178
100 559
100 629
100 206
100 1166
100 1801
100 525
100 183
100 2780
100 797
100 1092
100 2428
100 223
100 720
100 64
100 380
100 146
100 1261
100 767
100 381
100 362
100 432
100 582
100 364
100 142
100 15
100 218
100 308
100 1181
100 78
100 44
100 3027
100 137
100 1234
100 2457
100 2480
100 203
100 55
100 525
100 29
100 844
100 385
100 608
100 948
100 258
100 86
100 446
100 536
100 1109
100 1311
100 424
100 1532
100 298
100 159
100 150
100 1702
100 820
100 217
100 3994
100 535
100 22
100 401
100 646
100 1605
100 591
100 2680
100 3057
100 1081
100 605
100 400
100 1380
100 1744
100 2232
100 1096
100 562
100 20
100 158
100 753
100 239
100 343
100 189
100 1421
100 1175
100 242
100 32
100 407
100 171
100 240
100 821
100 256
100 4493
100 893
100 2330
100 3442
100 1202
100 473
100 770
100 233
100 620
100 3519
100 529
100 2049
100 828
100 211
100 2092
100 494
100 1002
100 425
100 36
100 343
100 694
100 1048
100 2547
100 0
100 228
100 1561
100 56
100 25
100 2147
100 3268
100 87
100 485
100 968
100 1645
100 1359
100 3248
100 485
100 1115
100 1
100 234
100 1434
100 614
100 354
100 218
100 686
100 137
100 114
100 3203
100 739
100 264
100 431
100 1602
100 28
100 44
100 341
100 1066
100 138
100 753
100 2207
100 127
100 2341
100 163
100 2722
100 62
100 1257
100 1795
100 358
100 14
100 299
100 830
100 1174
100 997
100 196
100 290
100 165
100 1434
100 497
100 362
100 458
100 4395
100 1922
100 240
100 186
100 125
100 3404
100 2493
100 1039
100 1038
100 687
100 395
100 1351
100 389
100 683
100 64
100 227
100 457
100 473
100 85
100 62
100 578
100 440
100 26
100 1304
100 25
100 747
100 1250
100 778
100 669
100 213
100 657
100 306
100 522
100 3706
100 8
100 60
100 184
100 561
100 2877
100 23
100 1940
100 269
100 400
100 741
100 105
100 1045
100 1316
100 479
100 489
100 429
100 393
100 1826
100 89
100 19
100 649
100 616
100 966
100 1201
100 1039
100 1216
100 1330
100 3159
100 563
100 5751
100 52
100 147
100 454
100 15
100 485
100 185
100 2144
100 1162
100 1638
100 925
100 636
100 579
100 108
100 606
100 153
100 728
100 1697
100 2553
100 1609
100 1350
100 132
100 598
100 1154
100 1821
100 164
100 529
100 1769
100 22
100 2962
100 857
100 2089
100 518
100 536
100 385
100 2357
100 2160
100 406
100 565
100 1060
100 1231
100 127
100 540
100 404
100 177
100 2636
100 112
100 707
100 60
100 1698
100 624
100 713
100 608
100 45
100 784
100 476
100 1312
100 183
100 1626
100 1262
100 265
100 566
100 1468
100 41
100 1708
100 586
100 541
100 2430
100 227
100 279
100 350
100 202
100 66
100 307
100 686
100 157
100 154
100 525
100 163
100 1079
100 5819
100 157
100 221
100 915
100 77
100 337
100 761
100 254
100 227
100 87
100 1114
100 641
100 183
100 2993
100 822
100 55
100 72
100 611
100 708
100 2777
100 189
100 2696
100 75
100 384
100 830
100 1467
100 665
100 437
100 395
100 564
100 418
100 863
100 1007
100 664
100 780
100 1817
100 885
100 167
100 383
100 108
100 864
100 929
100 108
100 20
100 865
100 45
100 273
100 452
100 100
100 225
100 2274
100 1667
100 622
100 548
100 48
100 954
100 1174
100 91
100 505
100 449
100 1669
100 157
100 292
100 115
100 521
100 421
100 628
100 3178
100 536
100 274
100 156
100 1048
100 252
100 335
100 678
100 1659
100 224
100 637
100 16
100 509
100 39
100 352
100 748
100 343
100 844
100 3279
100 185
100 2250
100 401
100 271
100 882
100 697
100 241
100 1216
100 2587
100 1078
100 1037
100 765
100 1218
100 921
100 5
100 419
100 814
100 510
100 2461
100 493
100 797
100 0
100 99
100 440
100 1035
100 4467
100 2571
100 391
100 1221
100 956
100 2083
100 629
100 1291
100 149
100 966
100 1811
100 515
100 1802
100 1387
100 602
100 327
100 1312
100 715
100 1058
100 1335
100 145
100 794
100 156
100 770
100 374
100 372
100 522
100 1687
100 196
100 520
100 1305
100 1021
100 2548
100 561
100 244
100 1591
100 615
100 675
100 273
100 281
100 39
100 16
100 281
100 458
100 103
100 750
100 1784
100 1287
100 227
100 123
100 965
100 553
100 2038
100 2580
100 238
100 1678
100 134
100 440
100 421
100 455
100 161
100 702
100 1488
100 228
100 1315
100 1446
100 201
100 285
100 432
100 18
100 240
100 965
100 221
100 2436
100 306
100 718
100 114
100 398
100 434
100 595
100 1760
100 144
100 605
100 1202
100 525
100 1140
100 470
100 535
100 180
100 790
100 331
100 1626
100 1299
100 27
100 41
100 1629
100 790
100 869
100 1725
100 550
100 547
100 535
100 392
100 1779
100 0
100 871
100 719
100 313
100 538
100 326
100 636
100 1259
100 1359
100 486
100 928
100 755
100 154
100 431
100 1191
100 222
100 1347
100 8
100 69
100 1294
100 957
100 1183
100 1548
100 1559
100 1448
100 243
100 320
100 673
100 460
100 868
100 259
100 1682
100 10
100 1645
100 260
100 820
100 722
100 775
100 1287
100 717
100 3069
100 262
100 353
100 288
100 1028
100 1386
100 3619
100 370
100 12
100 1215
100 73
100 2278
100 397
100 956
100 1909
100 645
100 573
100 731
100 325
100 7
100 2409
100 2251
100 865
100 359
100 352
100 1538
100 1853
100 1311
100 161
100 639
100 2903
100 2681
100 585
100 30
100 811
100 145
100 709
100 541
100 404
100 311
100 208
100 3797
100 403
100 46
100 865
100 524
100 141
100 1780
100 118
100 241
100 551
100 119
100 454
100 596
100 1435
100 332
100 941
100 330
100 975
100 51
100 269
100 150
100 285
100 2234
100 1001
100 1983
100 161
100 150
100 2220
100 2175
100 111
100 1000
100 305
100 1245
100 551
100 57
100 1599
100 747
100 1251
100 235
100 174
100 343
100 2686
100 1416
100 1656
100 994
100 259
100 955
100 1001
100 1582
100 1148
100 1268
100 1124
100 1234
100 587
100 845
100 577
100 33
100 28
100 652
100 1364
100 269
100 759
100 1969
100 45
100 399
100 1270
100 37
100 1037
100 51
100 809
100 408
100 144
100 525
100 3168
100 138
100 1479
100 1949
100 226
100 374
100 195
100 1527
100 4087
100 946
100 314
100 1937
100 690
100 1531
100 1230
100 7
100 475
100 13
100 1256
100 1901
100 3670
100 1767
100 3611
100 185
100 3419
100 791
100 1009
100 147
100 1316
100 164
100 530
100 74
100 315
100 1055
100 196
100 1389
100 102
100 51
100 440
100 399
100 105
100 1821
100 62
100 1263
100 583
100 1280
100 972
100 650
100 230
100 2963
100 500
100 1205
100 151
100 612
100 809
100 39
100 289
100 338
100 95
100 139
100 928
100 146
100 55
100 566
100 1220
100 196
100 14
100 198
100 130
100 287
100 518
100 170
100 281
100 608
100 51
100 1024
100 371
100 138
100 228
100 58
100 293
100 599
100 831
100 1814
100 1351
100 32
100 695
100 1030
100 3044
100 48
100 449
100 219
100 1502
100 256
100 401
100 191
100 982
100 1056
100 138
100 116
100 1566
100 4223
100 839
100 279
100 211
100 1697
100 1045
100 143
100 1763
100 2027
100 1524
100 1455
100 732
100 1386
100 165
100 507
100 458
100 1159
100 1868
100 21
100 749
100 285
100 1151
100 3276
100 1236
100 113
100 442
100 1730
100 1782
100 474
100 1938
100 203
100 1395
100 849
100 1932
100 1689
100 567
100 1134
100 146
100 1611
100 905
100 1956
100 568
100 359
100 376
100 84
100 1182
100 673
100 331
100 719
100 384
100 34
100 417
100 1020
100 614
100 313
100 415
100 432
100 1128
100 1596
100 477
100 1706
100 1289
100 561
100 15
100 118
100 3974
100 1260
100 1668
100 834
100 401
100 330
100 342
100 512
100 40
100 1454
100 1696
100 636
100 460
100 563
100 2058
100 138
100 464
100 1286
100 4637
100 195
100 866
100 262
100 1404
100 978
100 181
100 1132
100 548
100 3970
100 193
100 921
100 2036
100 1004
100 1381
100 704
100 633
100 1216
100 601
100 614
100 2818
100 91
100 10
100 146
100 145
100 1015
100 532
100 846
100 269
100 341
100 2982
100 4394
100 509
100 159
100 1740
100 1514
100 1693
100 1150
100 1609
100 650
100 990
100 167
100 516
100 1489
100 882
100 28
100 1116
100 620
100 1203
100 966
100 831
100 78
100 209
100 278
100 774
100 424
100 565
100 186
100 409
100 1642
100 520
100 433
100 1598
100 399
100 112
100 168
100 66
100 623
100 53
100 764
100 638
100 235
100 738
100 230
100 390
100 321
100 400
100 2764
100 240
100 140
100 123
100 1407
100 378
100 26
100 510
100 2276
100 430
100 100
100 14
100 176
100 172
100 39
100 683
100 41
100 281
100 731
100 718
100 740
100 651
100 520
100 2909
100 1709
100 79
100 844
100 614
100 1163
100 1078
100 1192
100 409
100 2571
100 133
100 367
100 315
100 482
100 182
100 3688
100 1299
100 1184
100 777
100 5
100 1102
100 118
100 2184
100 182
100 209
100 378
100 337
100 981
100 3666
100 331
100 584
100 1256
100 1320
100 2519
100 2000
100 1971
100 691
100 479
100 208
100 484
100 393
100 483
100 38
100 780
100 79
100 883
100 1302
100 610
100 194
100 1636
100 34
100 745
100 2015
100 28
100 431
100 1458
100 577
100 571
100 2380
100 2537
100 1859
100 330
100 560
100 538
100 137
100 507
100 328
100 405
100 527
100 1209
100 458
100 991
100 1058
100 416
100 830
100 280
100 1372
100 2155
100 12
100 1653
100 309
100 2658
100 242
100 1774
100 868
100 286
100 779
100 788
100 9
100 1709
100 321
100 57
100 541
100 247
100 1893
100 93
100 1501
100 2420
100 1043
100 362
100 265
100 454
100 346
100 2426
100 4974
100 3883
100 2144
100 285
100 490
100 340
100 119
100 928
100 1090
100 195
100 300
100 214
100 381
100 850
100 1759
100 159
100 436
100 2219
100 968
100 2941
100 884
100 113
100 318
100 926
100 838
100 271
100 400
100 398
100 471
100 113
100 816
100 412
100 1463
100 1093
100 1049
100 617
100 361
100 370
100 734
100 55
100 1510
100 127
100 960
100 916
100 1594
100 306
100 288
100 164
100 7
100 166
100 513
100 1039
100 744
100 896
100 1620
100 1280
100 104
100 3285
100 315
100 1217
100 1377
100 1764
100 39
100 1248
100 576
100 306
100 2101
100 30
100 699
100 281
100 3827
100 432
100 7
100 973
100 2387
100 1262
100 837
100 1409
100 643
100 1754
100 347
100 344
100 1006
100 85
100 20
100 484
100 565
100 805
100 652
100 393
100 238
100 37
100 662
100 1766
100 557
100 131
100 268
100 181
100 1215
100 2656
100 71
100 132
100 122
100 144
100 1283
100 187
100 168
100 1414
100 262
100 2991
100 1685
100 793
100 275
100 307
100 644
100 1609
100 4116
100 288
100 1024
100 3871
100 1790
100 918
100 2362
100 2327
100 2875
100 1550
100 901
100 833
100 706
100 1790
100 606
100 1510
100 1012
100 471
100 1356
100 2000
100 2133
100 1567
100 2325
100 519
100 126
100 1635
100 489
100 93
100 773
100 1124
100 12
100 222
100 460
100 1203
100 135
100 227
100 2148
100 1166
100 534
100 2297
100 265
100 1860
100 186
100 1128
100 106
100 937
100 196
100 27
100 128
100 1331
100 311
100 1269
100 79
100 235
100 444
100 446
100 427
100 1857
100 96
100 539
100 1955
100 73
100 669
100 113
100 2158
100 2387
100 4978
100 574
100 218
100 455
100 328
100 28
100 775
100 1044
100 342
100 704
100 131
100 459
100 1109
100 339
100 243
100 94
100 230
100 305
100 161
100 630
100 609
100 1039
100 513
100 1312
100 291
100 496
100 216
100 671
100 1730
100 87
100 1211
100 22
100 1529
100 83
100 1280
100 105
100 3180
100 1114
100 4144
100 4142
100 1975
100 116
100 553
100 2246
100 844
100 3577
100 509
100 891
100 705
100 334
100 473
100 406
100 3444
100 4249
100 12
100 880
100 1251
100 1896
100 1778
100 988
100 1210
100 1194
100 1454
100 78
100 1336
100 843
100 741
100 5215
100 783
100 1380
100 27
100 1471
100 273
100 3737
100 180
100 834
100 290
100 1113
100 1163
100 382
100 278
100 1234
100 704
100 1029
100 1268
100 1323
100 197
100 1928
100 506
100 126
100 354
100 3646
100 1664
100 631
100 429
100 1800
100 802
100 696
100 421
100 522
100 2748
100 83
100 611
100 7
100 1164
100 478
100 1138
100 263
100 50
100 1040
100 408
100 1400
100 27
100 726
100 2614
100 1073
100 2735
100 476
100 348
100 142
100 350
100 35
100 755
100 209
100 170
100 946
100 1009
100 2097
100 779
100 1062
100 1640
100 2675
100 1311
100 756
100 729
100 1423
100 3361
100 1222
100 3150
100 3588
100 3013
100 1701
100 157
100 2268
100 1948
100 1271
100 2098
100 1658
100 808
100 641
100 604
100 14
100 3140
100 789
100 94
100 97
100 740
100 33
100 488
100 1614
100 277
100 337
100 638
100 316
100 67
100 547
100 1202
100 164
100 2724
100 1058
100 821
100 52
100 255
100 310
100 1037
100 727
100 312
100 1422
100 2139
100 2696
100 510
100 2001
100 428
100 244
100 642
100 420
100 651
100 783
100 155
100 149
100 235
100 1026
100 607
100 713
100 566
100 263
100 180
100 1610
100 1643
100 287
100 24
100 611
100 1625
100 143
100 316
100 1193
100 1000
100 260
100 1009
100 498
100 1230
100 694
100 133
100 235
100 135
100 13
100 2535
100 334
100 569
100 1805
100 955
100 307
100 490
100 81
100 1195
100 216
100 3181
100 478
100 679
100 1693
100 220
100 136
100 1414
100 981
100 1195
100 77
100 3403
100 323
100 478
100 842
100 196
100 129
100 1520
100 1751
100 689
100 2035
100 975
100 1005
100 838
100 1073
100 1980
100 1003
100 643
100 165
100 458
100 133
100 2254
100 174
100 2808
100 152
100 70
100 2115
100 411
100 282
100 1196
100 1226
100 1417
100 1432
100 205
100 433
100 748
100 1818
100 279
100 1181
100 1226
100 2
100 409
100 1390
100 2
100 2245
100 194
100 44
100 1893
100 11
100 1398
100 900
100 647
100 352
100 541
100 911
100 2643
100 811
100 2009
100 872
100 121
100 900
100 586
100 761
100 1001
100 890
100 212
100 606
100 1167
100 499
100 643
100 514
100 1695
100 2244
100 246
100 599
100 2109
100 1129
100 52
100 1177
100 2104
100 66
100 87
100 638
100 145
100 153
100 167
100 258
100 72
100 431
100 1373
100 1454
100 1070
100 2462
100 74
100 432
100 890
100 1463
100 971
100 2697
100 364
100 603
100 1201
100 878
100 1154
100 561
100 1320
100 2197
100 1639
100 202
100 970
100 505
100 612
100 1577
100 370
100 2074
100 87
100 1887
100 1001
100 220
100 350
100 250
100 3109
100 584
100 192
100 293
100 2439
100 743
100 1711
100 262
100 1195
100 1
100 59
100 296
100 639
100 507
100 843
100 145
100 3728
100 737
100 21
100 620
100 88
100 1188
100 729
100 104
100 1106
100 1433
100 570
100 262
100 278
100 162
100 224
100 4
100 1445
100 94
100 896
100 165
100 3302
100 254
100 2122
100 86
100 104
100 1834
100 231
100 431
100 284
100 417
100 945
100 324
100 502
100 10
100 585
100 310
100 1306
100 727
100 255
100 1131
100 36
100 946
100 19
100 981
100 259
100 149
100 3962
100 911
100 26
100 2855
100 373
100 731
100 7
100 25
100 566
100 571
100 1835
100 552
100 398
100 473
100 770
100 47
100 1572
100 2061
100 1650
100 1587
100 28
100 570
100 53
100 416
100 189
100 733
100 221
100 581
100 64
100 758
100 95
100 366
100 96
100 40
100 221
100 342
100 925
100 1171
100 178
100 379
100 193
100 175
100 504
100 496
100 75
100 1008
100 404
100 674
100 86
100 373
100 407
100 690
100 4
100 174
100 80
100 162
100 600
100 706
100 5057
100 305
100 282
100 3246
100 320
100 996
100 377
100 964
100 1848
100 2014
100 754
100 44
100 2512
100 3660
100 84
100 2935
100 192
100 4450
100 1023
100 3675
100 1723
100 1214
100 624
100 726
100 1177
100 165
100 360
100 1313
100 1110
100 2339
100 5
100 545
100 3
100 1692
100 278
100 1906
100 416
100 1351
100 172
100 144
100 433
100 816
100 3520
100 65
100 259
100 462
100 1954
100 2787
100 389
100 5716
100 673
100 1032
100 706
100 496
100 3258
100 1150
100 273
100 351
100 3128
100 279
100 1373
100 283
100 7
100 831
100 647
100 968
100 919
100 354
100 109
100 2194
100 1025
100 959
100 29
100 2290
100 1608
100 791
100 784
100 859
100 1877
100 438
100 73
100 977
100 468
100 157
100 866
100 629
100 920
100 426
100 159
100 4942
100 173
100 3456
100 706
100 310
100 62
100 136
100 97
100 355
100 17
100 1373
100 1392
100 2580
100 398
100 436
100 442
100 512
100 783
100 1179
100 47
100 205
100 69
100 663
100 226
100 728
100 780
100 352
100 1067
100 163
100 1886
100 674
100 34
100 1342
100 2231
100 196
100 1463
100 1307
100 311
100 1690
100 168
100 920
100 143
100 438
100 2273
100 1108
100 2195
100 1313
100 2929
100 441
100 1302
100 3768
100 320
100 615
100 1550
100 150
100 227
100 458
100 1671
100 1696
100 536
100 1032
100 92
100 851
100 520
100 269
100 368
100 2089
100 1000
100 222
100 486
100 347
100 253
100 1107
100 798
100 1179
100 73
100 583
100 327
100 967
100 230
100 39
100 887
100 581
100 5
100 442
100 237
100 151
100 174
100 317
100 24
100 939
100 205
100 846
100 1542
100 206
100 523
100 3442
100 428
100 1267
100 827
100 1220
100 681
100 873
100 85
100 353
100 2355
100 639
100 1588
100 266
100 325
100 1165
100 397
100 561
100 889
100 258
100 171
100 838
100 82
100 406
100 1668
100 200
100 291
100 34
100 603
100 1339
100 356
100 255
100 549
100 57
100 179
100 2023
100 573
100 1807
100 5350
100 823
100 438
100 1035
100 939
100 258
100 3051
100 509
100 2969
100 188
100 318
100 275
100 1590
100 60
100 1435
100 555
100 1158
100 95
100 2133
100 1366
100 426
100 549
100 409
100 5
100 882
100 646
100 1258
100 144
100 474
100 2368
100 579
100 582
100 153
100 487
100 14
100 1487
100 2
100 3502
100 339
100 366
100 684
100 1199
100 171
100 46
100 914
100 1119
100 681
100 1641
100 1398
100 48
100 6
100 1322
100 1394
100 256
100 109
100 186
100 45
100 294
100 1220
100 598
100 881
100 1210
100 212
100 95
100 1140
100 82
100 343
100 14
100 384
100 832
100 1016
100 409
100 1191
100 631
100 749
100 38
100 523
100 3727
100 1089
100 3177
100 761
100 364
100 814
100 698
100 512
100 635
100 1885
100 554
100 1326
100 2216
100 205
100 970
100 656
100 1418
100 2807
100 1850
100 2286
100 1141
100 2277
100 2594
100 646
100 688
100 350
100 209
100 1158
100 582
100 1417
100 333
100 359
100 1738
100 220
100 1548
100 805
100 2602
100 440
100 540
100 369
100 118
100 29
100 352
100 865
100 177
100 19
100 129
100 436
100 971
100 560
100 461
100 230
100 295
100 367
100 1975
100 1853
100 232
100 332
100 375
100 1675
100 2919
100 106
100 1523
100 1283
100 534
100 334
100 455
100 1061
100 647
100 505
100 788
100 151
100 239
100 1570
100 133
100 1657
100 1192
100 1069
100 34
100 2649
100 565
100 552
100 220
100 4069
100 118
100 108
100 1308
100 3339
100 633
100 1258
100 322
100 1193
100 744
100 331
100 3733
100 767
100 658
100 873
100 1713
100 1257
100 1175
100 549
100 1223
100 1130
100 219
100 315
100 775
100 367
100 896
100 1058
100 1425
100 62
100 2820
100 1352
100 393
100 912
100 1107
100 239
100 789
100 784
100 82
100 766
100 2266
100 452
100 641
100 492
100 1534
100 893
100 130
100 193
100 1856
100 1031
100 2586
100 711
100 979
100 1186
100 49
100 1833
100 526
100 1072
100 2381
100 2971
100 1637
100 108
100 348
100 1934
100 410
100 564
100 554
100 265
100 1284
100 552
100 189
100 40
100 1478
100 118
100 8
100 1752
100 197
100 228
100 2225
100 44
100 2353
100 813
100 1040
100 281
100 1100
100 312
100 819
100 1119
100 1929
100 96
100 662
100 1702
100 494
100 800
100 334
100 1232
100 68
100 2020
100 1016
100 20
100 269
100 1018
100 488
100 553
100 533
100 141
100 651
100 156
100 4
100 1625
100 71
100 787
100 1267
100 685
100 2509
100 94
100 636
100 104
100 682
100 870
100 107
100 128
100 1415
100 453
100 442
100 2445
100 1484
100 1351
100 573
100 3034
100 468
100 375
100 2033
100 211
100 53
100 516
100 131
100 3586
100 800
100 1398
100 477
100 2494
100 1902
100 1321
100 3
100 40
100 547
100 805
100 2052
100 277
100 57
100 1759
100 482
100 869
100 727
100 910
100 144
100 1534
100 515
100 199
100 371
100 142
100 50
100 3266
100 144
100 2206
100 406
100 520
100 223
100 91
100 1426
100 1034
100 1405
100 1288
100 1310
100 58
100 1344
100 1395
100 2904
100 801
100 2690
100 347
100 152
100 1325
100 906
100 1261
100 1327
100 1637
100 533
100 153
100 385
100 1568
100 1224
100 1219
100 1446
100 558
100 570
100 63
100 488
100 1312
100 1550
100 468
100 1646
100 752
100 801
100 168
100 38
100 223
100 670
100 184
100 614
100 2012
100 195
100 1191
100 497
100 230
100 317
100 667
100 1138
100 847
100 245
100 99
100 330
100 920
100 2277
100 574
100 267
100 237
100 853
100 1347
100 810
100 988
100 44
100 2999
100 181
100 184
100 1048
100 667
100 110
100 565
100 1211
100 602
100 392
100 1302
100 241
100 368
100 444
100 44
100 1213
100 894
100 1352
100 302
100 443
100 77
100 2232
100 1691
100 1484
100 152
100 1529
100 566
100 2056
100 362
100 2966
100 393
100 470
100 200
100 5020
100 394
100 1798
100 1577
100 418
100 228
100 1251
100 1572
100 516
100 286
100 1365
100 2105
100 1426
100 1092
100 283
100 2196
100 2307
100 371
100 2399
100 202
100 109
100 1968
100 108
100 975
100 304
100 104
100 158
100 386
100 247
100 4023
100 11
100 364
100 27
100 480
100 1792
100 3052
100 5
100 1097
100 1318
100 82
100 100
100 604
100 1083
100 991
100 1270
100 809
100 3
100 664
100 215
100 188
100 195
100 846
100 2457
100 1257
100 1060
100 1086
100 1840
100 608
100 745
100 54
100 85
100 138
100 0
100 1970
100 355
100 596
100 971
100 1865
100 2348
100 180
100 935
100 286
100 2529
100 436
100 402
100 301
100 1403
100 349
100 122
100 998
100 365
100 84
100 880
100 71
100 453
100 934
100 87
100 269
100 114
100 388
100 1220
100 180
100 714
100 736
100 1173
100 117
100 703
100 1398
100 993
100 2610
100 704
100 416
100 1120
100 95
100 2289
100 354
100 644
100 915
100 731
100 509
100 2018
100 214
100 1715
100 52
100 186
100 2465
100 2113
100 30
100 68
100 6430
100 1122
100 229
100 624
100 2175
100 1085
100 46
100 530
100 551
100 1069
100 271
100 8
100 1031
100 111
100 91
100 2659
100 650
100 236
100 549
100 856
100 1388
100 364
100 203
100 58
100 377
100 1610
100 549
100 1819
100 241
100 2191
100 1150
100 555
100 66
100 2024
100 541
100 188
100 208
100 1916
100 174
100 80
100 853
100 4373
100 236
100 688
100 735
100 745
100 414
100 572
100 59
100 1344
100 1035
100 1378
100 1774
100 1223
100 639
100 1799
100 1024
100 112
100 55
100 258
100 47
100 749
100 1488
100 10
100 1065
100 361
100 1024
100 775
100 123
100 895
100 1087
100 186
100 1193
100 1294
100 298
100 243
100 527
100 1179
100 661
100 92
100 60
100 45
100 376
100 593
100 2902
100 283
100 2729
100 158
100 202
100 876
100 1917
100 454
100 47
100 318
100 1784
100 1325
100 3075
100 2196
100 121
100 1990
100 399
100 148
100 366
100 237
100 1052
100 2051
100 2047
100 674
100 540
100 1026
100 114
100 114
100 4753
100 1485
100 2556
100 759
100 3287
100 443
100 1705
100 95
100 1969
100 485
100 2829
100 280
100 362
100 316
100 21
100 697
100 639
100 296
100 1717
100 497
100 2189
100 437
100 331
100 961
100 84
100 1169
100 3392
100 149
100 90
100 391
100 966
100 338
100 1703
100 414
100 521
100 90
100 910
100 99
100 377
100 45
100 636
100 738
100 25
100 3193
100 27
100 654
100 275
100 526
100 111
100 684
100 876
100 542
100 583
100 378
100 57
100 469
100 265
100 773
100 81
100 2242
100 74
100 867
100 754
100 689
100 2485
100 1529
100 743
100 652
100 559
100 727
100 29
100 1715
100 411
100 1819
100 676
100 283
100 1707
100 63
100 126
100 422
100 483
100 2
100 1685
100 1126
100 228
100 459
100 404
100 26
100 199
100 34
100 1404
100 7
100 1394
100 1395
100 855
100 1653
100 119
100 348
100 1193
100 4180
100 1278
100 681
100 38
100 625
100 712
100 432
100 181
100 1682
100 218
100 237
100 4536
100 93
100 651
100 691
100 4
100 223
100 208
100 1210
100 2332
100 233
100 482
100 0
100 571
100 243
100 2503
100 313
100 28
100 392
100 491
100 1103
100 171
100 759
100 217
100 795
100 799
100 34
100 816
100 254
100 1006
100 1011
100 17
100 120
100 1697
100 1741
100 839
100 3209
100 2369
100 2823
100 161
100 537
100 2854
100 777
100 0
100 375
100 109
100 1102
100 412
100 42
100 535
100 74
100 747
100 3286
100 200
100 62
100 885
100 596
100 1021
100 74
100 1035
100 676
100 379
100 792
100 1254
100 78
100 628
100 2053
100 21
100 239
100 352
100 134
100 193
100 154
100 137
100 5344
100 6155
100 768
100 214
100 471
100 22
100 88
100 2
100 76
100 449
100 1569
100 2510
100 531
100 1922
100 415
100 723
100 409
100 42
100 240
100 1773
100 1048
100 162
100 1310
100 1775
100 63
100 423
100 868
100 230
100 116
100 3563
100 540
100 2407
100 398
100 44
100 536
100 290
100 459
100 461
100 53
100 3796
100 88
100 1055
100 691
100 824
100 167
100 865
100 176
100 45
100 213
100 2172
100 1879
100 274
100 412
100 1825
100 1830
100 631
100 1315
100 2382
100 44
100 653
100 116
100 1621
100 228
100 176
100 781
100 39
100 1037
100 56
100 720
100 94
100 2388
100 1282
100 398
100 359
100 100
100 1969
100 172
100 185
100 692
100 860
100 242
100 2456
100 514
100 1893
100 994
100 460
100 23
100 609
100 2299
100 20
100 747
100 73
100 346
100 7
100 898
100 75
100 4
100 1899
100 600
100 2076
100 406
100 229
100 733
100 2279
100 787
100 2223
100 1745
100 696
100 170
100 879
100 273
100 534
100 1975
100 2789
100 5283
100 801
100 1419
100 57
100 823
100 1787
100 927
100 1835
100 5
100 436
100 1357
100 575
100 2164
100 130
100 720
100 1177
100 445
100 1454
100 2802
100 1011
100 94
100 958
100 481
100 847
100 379
100 96
100 210
100 1126
100 77
100 8
100 50
100 24
100 58
100 1072
100 360
100 1843
100 138
100 1064
100 1251
100 138
100 285
100 422
100 1142
100 410
100 488
100 134
100 44
100 1587
100 140
100 1627
100 289
100 2056
100 711
100 1119
100 537
100 582
100 5
100 1341
100 456
100 2452
100 107
100 739
100 477
100 282
100 1991
100 2405
100 292
100 1229
100 257
100 230
100 561
100 722
100 189
100 1617
100 320
100 4
100 1601
100 1531
100 1486
100 248
100 3705
100 1142
100 664
100 665
100 314
100 271
100 23
100 1223
100 745
100 707
100 1218
100 2402
100 785
100 5584
100 248
100 1690
100 1140
100 750
100 91
100 54
100 966
100 200
100 350
100 3728
100 2705
100 2036
100 1246
100 2198
100 985
100 36
100 499
100 194
100 906
100 2882
100 1705
100 279
100 273
100 1013
100 286
100 46
100 422
100 457
100 1
100 749
100 165
100 1634
100 319
100 998
100 1165
100 1502
100 145
100 1731
100 1845
100 1135
100 1785
100 578
100 363
100 593
100 2097
100 668
100 1101
100 2060
100 929
100 2816
100 2065
100 725
100 726
100 496
100 1208
100 77
100 3700
100 286
100 2686
100 4095
100 1227
100 66
100 293
100 1219
100 1089
100 973
100 32
100 312
100 72
100 338
100 98
100 425
100 408
100 34
100 19
100 441
100 103
100 44
100 1315
100 1375
100 203
100 51
100 596
100 401
100 298
100 1797
100 558
100 1142
100 565
100 1373
100 109
100 14
100 839
100 193
100 396
100 99
100 679
100 43
100 118
100 136
100 65
100 534
100 246
100 147
100 1834
100 760
100 89
100 1393
100 593
100 1
100 930
100 663
100 963
100 106
100 670
100 708
100 202
100 2017
100 47
100 195
100 469
100 446
100 556
100 4673
100 342
100 5644
100 548
100 1225
100 2632
100 1731
100 779
100 4002
100 229
100 2629
100 357
100 396
100 1364
100 683
100 1468
100 567
100 1324
100 200
100 2374
100 2195
100 434
100 680
100 508
100 596
100 355
100 825
100 265
100 669
100 275
100 2256
100 6200
100 676
100 391
100 762
100 1587
100 893
100 151
100 322
100 302
100 706
100 3677
100 260
100 49
100 268
100 729
100 443
100 69
100 1697
100 352
100 543
100 942
100 575
100 334
100 78
100 776
100 1109
100 1068
100 85
100 805
100 187
100 2112
100 57
100 498
100 1447
100 114
100 1564
100 349
100 707
100 447
100 3272
100 33
100 491
100 1330
100 1493
100 861
100 1898
100 80
100 2454
100 1147
100 1270
100 70
100 126
100 3342
100 403
100 2290
100 769
100 3892
100 2825
100 88
100 1045
100 994
100 1716
100 1153
100 549
100 856
100 87
100 576
100 1391
100 295
100 1605
100 280
100 1007
100 203
100 582
100 704
100 2274
100 1152
100 1680
100 1002
100 54
100 493
100 1618
100 648
100 380
100 451
100 1499
100 782
100 1217
100 250
100 232
100 913
100 183
100 522
100 235
100 82
100 471
100 4
100 475
100 694
100 766
100 488
100 579
100 886
100 220
100 1410
100 4697
100 2684
100 3728
100 657
100 751
100 1665
100 451
100 2462
100 434
100 479
100 901
100 842
100 314
100 15
100 312
100 916
100 271
100 947
100 1218
100 234
100 2099
100 4309
100 126
100 364
100 171
100 159
100 231
100 980
100 721
100 8
100 769
100 657
100 476
100 1025
100 202
100 198
100 664
100 9
100 1379
100 530
100 2855
100 792
100 3578
100 998
100 778
100 1336
100 349
100 530
100 597
100 932
100 255
100 386
100 276
100 1278
100 424
100 229
100 237
100 95
100 824
100 271
100 378
100 2188
100 677
100 1073
100 1416
100 2326
100 707
100 1105
100 956
100 1225
100 656
100 459
100 476
100 204
100 1106
100 990
100 1718
100 1152
100 475
100 1723
100 184
100 1083
100 691
100 2630
100 3963
100 1373
100 492
100 392
100 29
100 139
100 385
100 1858
100 5523
100 1346
100 1827
100 367
100 635
100 150
100 1873
100 304
100 2121
100 893
100 1498
100 980
100 2310
100 423
100 1235
100 340
100 274
100 1402
100 110
100 2244
100 4050
100 559
100 88
100 286
100 487
100 5060
100 2336
100 282
100 1058
100 621
100 3507
100 4028
100 297
100 632
100 43
100 2644
100 91
100 1719
100 167
100 143
100 1155
100 1093
100 2599
100 461
100 3823
100 882
100 520
100 2379
100 135
100 332
100 2549
100 76
100 2110
100 720
100 1223
100 276
100 608
100 1603
100 2018
100 803
100 216
100 1028
100 447
100 895
100 92
100 1754
100 97
100 337
100 1840
100 36
100 1492
100 559
100 1206
100 3181
100 1078
100 4676
100 2449
100 338
100 109
100 4369
100 2474
100 825
100 126
100 1901
100 993
100 1891
100 1657
100 651
100 144
100 16
100 1043
100 1094
100 1035
100 354
100 959
100 1108
100 111
100 490
100 2130
100 1317
100 191
100 2355
100 414
100 291
100 1825
100 420
100 89
100 5205
100 114
100 1143
100 1318
100 1724
100 33
100 1386
100 114
100 1075
100 94
100 690
100 361
100 1151
100 2557
100 212
100 731
100 339
100 253
100 1078
100 3008
100 195
100 51
100 1873
100 1043
100 1580
100 920
100 1993
100 1002
100 226
100 2157
100 538
100 570
100 60
100 352
100 2748
100 1294
100 3230
100 112
100 893
100 493
100 1207
100 153
100 650
100 212
100 127
100 676
100 1537
100 814
100 392
100 121
100 16
100 223
100 595
100 841
100 613
100 538
100 2121
100 49
100 249
100 889
100 640
100 1594
100 336
100 1
100 1054
100 9
100 1565
100 511
100 6
100 295
100 576
100 3064
100 2502
100 104
100 423
100 1235
100 828
100 785
100 850
100 249
100 1097
100 2013
100 1383
100 3789
100 279
100 1696
100 316
100 110
100 809
100 152
100 1055
100 2001
100 2095
100 88
100 954
100 223
100 1029
100 123
100 840
100 2956
100 2794
100 330
100 110
100 960
100 3221
100 307
100 167
100 0
100 84
100 1180
100 1355
100 283
100 603
100 149
100 916
100 516
100 220
100 2988
100 113
100 625
100 268
100 1285
100 283
100 810
100 84
100 1177
100 2277
100 1122
100 229
100 243
100 432
100 245
100 1617
100 203
100 4131
100 494
100 239
100 1965
100 5
100 1405
100 1186
100 430
100 2343
100 523
100 681
100 1348
100 223
100 350
100 1356
100 3764
100 950
100 1011
100 374
100 621
100 19
100 118
100 2109
100 2432
100 538
100 133
100 621
100 729
100 1685
100 1696
100 1771
100 579
100 934
100 542
100 531
100 1566
100 1581
100 219
100 2381
100 389
100 463
100 78
100 55
100 69
100 291
100 1384
100 4100
100 449
100 74
100 284
100 1001
100 1282
100 4
100 1640
100 1405
100 1326
100 194
100 998
100 679
100 1374
100 376
100 163
100 179
100 3
100 1665
100 1106
100 265
100 37
100 1170
100 716
100 582
100 298
100 1800
100 712
100 1390
100 1532
100 2590
100 1120
100 3756
100 46
100 1712
100 1429
100 346
100 171
100 19
100 194
100 192
100 1632
100 177
100 567
100 676
100 49
100 1110
100 123
100 821
100 425
100 102
100 1468
100 1029
100 683
100 156
100 278
100 1096
100 1315
100 243
100 1234
100 510
100 418
100 4019
100 4174
100 657
100 222
100 333
100 1090
100 451
100 3292
100 519
100 1835
100 232
100 395
100 272
100 644
100 1494
100 235
100 596
100 4324
100 730
100 614
100 384
100 378
100 1399
100 734
100 241
100 126
100 703
100 681
100 371
100 1675
100 18
100 208
100 229
100 286
100 394
100 790
100 1784
100 2633
100 1434
100 385
100 4577
100 1525
100 722
100 179
100 44
100 1047
100 901
100 631
100 558
100 226
100 1199
100 47
100 523
100 394
100 54
100 262
100 135
100 157
100 58
100 721
100 69
100 706
100 2521
100 1274
100 1553
100 785
100 687
100 1002
100 1179
100 61
100 803
100 567
100 145
100 1261
100 1467
100 1800
100 256
100 1413
100 788
100 582
100 419
100 1237
100 370
100 2021
100 181
100 1114
100 261
100 140
100 302
100 243
100 408
100 267
100 509
100 3437
100 953
100 92
100 2032
100 2849
100 108
100 697
100 655
100 1330
100 132
100 949
100 66
100 1243
100 1397
100 2257
100 22
100 3574
100 782
100 960
100 2074
100 62
100 168
100 638
100 1494
100 2276
100 329
100 116
100 1735
100 555
100 293
100 596
100 1771
100 1618
100 1863
100 1485
100 1142
100 417
100 105
100 295
100 408
100 22
100 827
100 49
100 817
100 1576
100 1440
100 1916
100 4001
100 633
100 2756
100 1603
100 4865
100 164
100 2169
100 205
100 412
100 287
100 2496
100 567
100 77
100 910
100 53
100 1520
100 2702
100 52
100 250
100 778
100 1549
100 377
100 974
100 680
100 267
100 601
100 242
100 15
100 1520
100 718
100 305
100 534
100 625
100 2604
100 1690
100 28
100 477
100 503
100 158
100 1336
100 841
100 1493
100 587
100 195
100 243
100 1623
100 4134
100 1281
100 638
100 3174
100 294
100 665
100 517
100 30
100 316
100 268
100 101
100 2206
100 224
100 1395
100 684
100 210
100 491
100 1827
100 73
100 407
100 472
100 804
100 552
100 190
100 699
100 804
100 378
100 59
100 966
100 2262
100 5726
100 410
100 1200
100 699
100 110
100 1168
100 209
100 1249
100 583
100 178
100 82
100 125
100 1099
100 1255
100 617
100 1258
100 688
100 211
100 627
100 2803
100 258
100 749
100 297
100 961
100 108
100 1112
100 647
100 825
100 647
100 221
100 395
100 5196
100 569
100 36
100 351
100 321
100 514
100 561
100 176
100 342
100 955
100 548
100 1275
100 1081
100 134
100 528
100 368
100 19
100 681
100 204
100 3677
100 475
100 573
100 3194
100 62
100 189
100 1939
100 241
100 119
100 780
100 1080
100 688
100 1119
100 41
100 167
100 57
100 17
100 167
100 382
100 881
100 392
100 422
100 1956
100 488
100 339
100 442
100 1312
100 375
100 2242
100 1141
100 1634
100 639
100 210
100 590
100 244
100 47
100 38
100 163
100 666
100 2910
100 2814
100 75
100 821
100 1852
100 1210
100 729
100 452
100 962
100 641
100 379
100 1104
100 1840
100 3077
100 1902
100 1189
100 2406
100 1352
100 1915
100 21
100 863
100 89
100 521
100 70
100 451
100 819
100 166
100 1249
100 1573
100 577
100 702
100 66
100 41
100 2593
100 903
100 2012
100 697
100 1087
100 88
100 666
100 1297
100 226
100 509
100 1049
100 1137
100 2829
100 814
100 175
100 1421
100 3016
100 1238
100 657
100 1648
100 135
100 1801
100 1837
100 2
100 1127
100 167
100 2242
100 560
100 1745
100 863
100 238
100 137
100 3680
100 43
100 4269
100 176
100 2191
100 484
100 115
100 1582
100 33
100 1848
100 1975
100 927
100 40
100 171
100 649
100 93
100 2114
100 36
100 33
100 414
100 38
100 186
100 1434
100 29
100 625
100 1019
100 1120
100 192
100 696
100 1904
100 2362
100 1096
100 256
100 608
100 1832
100 150
100 209
100 144
100 356
100 484
100 152
100 1010
100 191
100 254
100 976
100 443
100 1087
100 1063
100 1228
100 3677
100 584
100 414
100 485
100 947
100 1772
100 848
100 826
100 1805
100 1195
100 545
100 3145
100 405
100 514
100 730
100 1234
100 1488
100 307
100 2509
100 1395
100 21
100 255
100 1397
100 160
100 1483
100 342
100 1271
100 832
100 347
100 2151
100 467
100 1079
100 2583
100 1586
100 478
100 128
100 176
100 3443
100 763
100 2034
100 325
100 698
100 3406
100 80
100 196
100 267
100 387
100 254
100 349
100 204
100 966
100 409
100 943
100 907
100 322
100 1375
100 1013
100 1360
100 1240
100 1439
100 1233
100 605
100 317
100 63
100 112
100 846
100 124
100 788
100 310
100 293
100 519
100 220
100 1033
100 1222
100 1403
100 1321
100 671
100 2059
100 2337
100 1952
100 2048
100 1302
100 27
100 1119
100 371
100 791
100 401
100 2636
100 3481
100 801
100 180
100 745
100 471
100 94
100 2383
100 1996
100 463
100 2447
100 32
100 1220
100 1468
100 1651
100 143
100 1866
100 691
100 392
100 652
100 1505
100 1891
100 155
100 364
100 1357
100 1544
100 136
100 508
100 306
100 1695
100 333
100 1607
100 1292
100 165
100 575
100 2226
100 161
100 155
100 1521
100 2039
100 1473
100 380
100 356
100 1517
100 2524
100 2585
100 189
100 764
100 600
100 963
100 1344
100 1756
100 819
100 898
100 551
100 401
100 88
100 447
100 717
100 330
100 1345
100 626
100 174
100 169
100 3281
100 1517
100 3380
100 1668
100 295
100 2787
100 27
100 140
100 337
100 1109
100 714
100 2038
100 38
100 1505
100 369
100 185
100 144
100 205
100 3691
100 747
100 550
100 1228
100 325
100 286
100 1071
100 689
100 2530
100 263
100 242
100 441
100 630
100 71
100 820
100 404
100 1277
100 12
100 260
100 439
100 2678
100 1107
100 2080
100 74
100 1652
100 389
100 1191
100 17
100 3065
100 166
100 541
100 257
100 237
100 5277
100 1696
100 64
100 221
100 1052
100 1531
100 256
100 2080
100 2445
100 738
100 388
100 1593
100 334
100 12
100 69
100 949
100 813
100 158
100 250
100 634
100 537
100 394
100 245
100 1341
100 1186
100 1872
100 286
100 10645
100 421
100 1540
100 123
100 933
100 1152
100 302
100 157
100 197
100 92
100 821
100 1121
100 1370
100 3286
100 373
100 81
100 876
100 714
100 573
100 1278
100 2498
100 52
100 1173
100 485
100 294
100 835
100 572
100 677
100 654
100 1312
100 767
100 961
100 1315
100 2065
100 227
100 205
100 298
100 1439
100 892
100 1526
100 72
100 618
100 37
100 1326
100 395
100 197
100 128
100 811
100 903
100 2985
100 4356
100 229
100 879
100 230
100 776
100 1509
100 598
100 679
100 91
100 742
100 1017
100 4066
100 408
100 62
100 980
100 628
100 1195
100 68
100 1924
100 51
100 873
100 276
100 137
100 5
100 240
100 21
100 382
100 639
100 1148
100 2519
100 44
100 422
100 1768
100 114
100 1572
100 1417
100 292
100 2331
100 1771
100 12
100 301
100 182
100 106
100 1121
100 1115
100 112
100 1848
100 511
100 1334
100 52
100 200
100 200
100 453
100 856
100 1351
100 518
100 1124
100 1577
100 644
100 12
100 67
100 305
100 237
100 382
100 1145
100 1095
100 655
100 482
100 1308
100 241
100 1661
100 1017
100 421
100 391
100 43
100 21
100 1283
100 1195
100 150
100 831
100 4479
100 1284
100 3206
100 531
100 1226
100 1109
100 1284
100 378
100 906
100 328
100 541
100 191
100 618
100 293
100 421
100 214
100 504
100 1491
100 803
100 1063
100 1691
100 2843
100 914
100 3086
100 18
100 1987
100 1752
100 724
100 349
100 344
100 359
100 1722
100 225
100 657
100 81
100 1754
100 383
100 2667
100 1082
100 486
100 316
100 939
100 612
100 599
100 350
100 164
100 2596
100 1584
100 281
100 273
100 195
100 1969
100 1
100 906
100 1820
100 318
100 1504
100 879
100 906
100 1943
100 3142
100 58
100 1394
100 209
100 147
100 1362
100 789
100 22
100 659
100 365
100 793
100 2383
100 399
100 2499
100 982
100 2900
100 142
100 126
100 771
100 76
100 2067
100 163
100 62
100 1409
100 840
100 1483
100 107
100 58
100 695
100 1396
100 2214
100 569
100 82
100 1420
100 1482
100 1300
100 3118
100 1857
100 330
100 307
100 380
100 15
100 128
100 79
100 1692
100 1481
100 762
100 28
100 1037
100 700
100 920
100 2498
100 788
100 56
100 1796
100 216
100 186
100 115
100 2402
100 152
100 1720
100 465
100 1735
100 83
100 1675
100 410
100 2159
100 510
100 978
100 2012
100 73
100 196
100 3349
100 2251
100 135
100 128
100 326
100 229
100 1558
100 109
100 83
100 496
100 198
100 550
100 774
100 300
100 1653
100 160
100 288
100 668
100 1011
100 4254
100 1058
100 1946
100 494
100 402
100 1330
100 1171
100 314
100 78
100 2808
100 1131
100 2139
100 373
100 408
100 86
100 245
100 79
100 1515
100 330
100 1533
100 158
100 93
100 611
100 2686
100 1160
100 2132
100 34
100 598
100 1726
100 583
100 975
100 428
100 430
100 3625
100 1958
100 343
100 133
100 482
100 1783
100 3172
100 711
100 860
100 1894
100 160
100 3077
100 1684
100 1485
100 1385
100 893
100 1281
100 566
100 12
100 504
100 254
100 2213
100 5127
100 1017
100 257
100 944
100 1048
100 98
100 207
100 2357
100 5308
100 2056
100 36
100 1646
100 380
100 915
100 1196
100 1936
100 759
100 49
100 3296
100 759
100 1241
100 176
100 82
100 131
100 707
100 1355
100 2134
100 1932
100 532
100 482
100 2857
100 1236
100 443
100 302
100 288
100 557
100 2259
100 659
100 52
100 943
100 20
100 569
100 1290
100 316
100 1833
100 45
100 1039
100 2857
100 58
100 1196
100 631
100 487
100 208
100 465
100 101
100 1427
100 354
100 46
100 518
100 677
100 1145
100 154
100 568
100 203
100 159
100 515
100 662
100 200
100 1049
100 231
100 231
100 38
100 264
100 2163
100 843
100 1157
100 234
100 309
100 586
100 904
100 427
100 1409
100 388
100 1069
100 1556
100 481
100 1253
100 363
100 202
100 70
100 727
100 396
100 809
100 470
100 299
100 505
100 380
100 1757
100 1364
100 350
100 576
100 2561
100 1248
100 230
100 293
100 876
100 600
100 1587
100 130
100 454
100 1636
100 2389
100 2622
100 3574
100 326
100 906
100 1168
100 144
100 957
100 43
100 2015
100 154
100 112
100 416
100 429
100 1400
100 607
100 888
100 2180
100 351
100 461
100 985
100 1533
100 339
100 24
100 1367
100 1113
100 1339
100 188
100 263
100 815
100 1269
100 354
100 2114
100 803
100 212
100 36
100 578
100 465
100 1065
100 729
100 785
100 394
100 594
100 430
100 441
100 326
100 217
100 186
100 179
100 162
100 73
100 607
100 143
100 1742
100 53
100 4185
100 188
100 833
100 579
100 60
100 761
100 328
100 67
100 348
100 758
100 1519
100 1352
100 2257
100 1259
100 739
100 439
100 1248
100 558
100 756
100 254
100 642
100 854
100 117
100 1391
100 778
100 1869
100 457
100 1139
100 3302
100 1838
100 2401
100 1954
100 508
100 654
100 1559
100 545
100 747
100 149
100 6
100 613
100 312
100 2060
100 821
100 979
100 767
100 537
100 35
100 759
100 2101
100 3055
100 3558
100 1519
100 397
100 2107
100 149
100 542
100 1457
100 293
100 1354
100 77
100 1133
100 639
100 532
100 235
100 1412
100 104
100 199
100 376
100 840
100 478
100 683
100 57
100 1502
100 230
100 139
100 478
100 1411
100 65
100 94
100 864
100 2358
100 245
100 80
100 631
100 98
100 121
100 627
100 360
100 1394
100 952
100 699
100 158
100 135
100 6259
100 633
100 622
100 3145
100 1221
100 1725
100 2203
100 1801
100 773
100 275
100 904
100 2690
100 809
100 284
100 3559
100 21
100 1229
100 827
100 1080
100 847
100 2958
100 83
100 840
100 1551
100 102
100 635
100 980
100 545
100 962
100 255
100 152
100 1632
100 185
100 650
100 374
100 147
100 2491
100 2122
100 78
100 1488
100 196
100 2707
100 423
100 868
100 614
100 579
100 574
100 866
100 1129
100 330
100 508
100 2194
100 905
100 2043
100 1759
100 131
100 394
100 1106
100 712
100 1370
100 361
100 111
100 165
100 514
100 203
100 1056
100 140
100 76
100 420
100 15
100 457
100 806
100 865
100 1416
100 1703
100 2203
100 70
100 1314
100 592
100 250
100 664
100 1578
100 2106
100 625
100 139
100 1252
100 48
100 692
100 385
100 499
100 119
100 212
100 165
100 1329
100 585
100 420
100 1171
100 766
100 1529
100 211
100 806
100 1000
100 233
100 961
100 1323
100 1378
100 823
100 114
100 1612
100 404
100 70
100 2450
100 936
100 1970
100 260
100 699
100 238
100 282
100 875
100 199
100 1066
100 1096
100 172
100 1520
100 1566
100 42
100 172
100 1225
100 448
100 1163
100 598
100 446
100 160
100 17
100 844
100 1404
100 2386
100 569
100 484
100 674
100 488
100 516
100 1114
100 93
100 1571
100 459
100 314
100 3869
100 1649
100 126
100 456
100 612
100 564
100 1055
100 507
100 612
100 656
100 224
100 1666
100 1446
100 390
100 1146
100 782
100 461
100 468
100 609
100 579
100 1762
100 659
100 315
100 2178
100 189
100 246
100 665
100 2585
100 1482
100 307
100 26
100 779
100 1263
100 2010
100 230
100 462
100 1244
100 561
100 615
100 1906
100 441
100 388
100 511
100 1051
100 1024
100 198
100 742
100 1549
100 1645
100 2644
100 533
100 3
100 532
100 4240
100 1527
100 1845
100 135
100 445
100 51
100 288
100 335
100 2592
100 387
100 739
100 169
100 740
100 2607
100 647
100 21
100 680
100 891
100 23
100 2729
100 318
100 414
100 554
100 27
100 171
100 91
100 405
100 2257
100 580
100 251
100 257
100 931
100 916
100 1763
100 56
100 489
100 347
100 523
100 2472
100 1865
100 189
100 811
100 1663
100 262
100 1539
100 216
100 1492
100 47
100 918
100 187
100 3523
100 58
100 5269
100 683
100 4
100 2347
100 1278
100 2348
100 528
100 87
100 1366
100 295
100 1064
100 145
100 2610
100 491
100 967
100 3160
100 1160
100 508
100 272
100 6
100 758
100 3523
100 505
100 31
100 2244
100 353
100 219
100 136
100 713
100 401
100 647
100 60
100 294
100 62
100 859
100 1398
100 210
100 1113
100 1147
100 121
100 470
100 824
100 3644
100 471
100 2397
100 457
100 913
100 1096
100 298
100 1037
100 859
100 1277
100 1509
100 45
100 758
100 371
100 794
100 2037
100 1042
100 1549
100 1181
100 115
100 116
100 1222
100 1704
100 70
100 425
100 2872
100 774
100 1286
100 128
100 358
100 118
100 756
100 993
100 281
100 25
100 1576
100 333
100 1269
100 79
100 2890
100 1398
100 514
100 485
100 380
100 483
100 1180
100 163
100 1853
100 9
100 738
100 161
100 418
100 361
100 1107
100 373
100 825
100 48
100 683
100 628
100 101
100 1367
100 430
100 823
100 1013
100 2278
100 1844
100 250
100 2673
100 164
100 1699
100 76
100 429
100 369
100 1520
100 736
100 1130
100 631
100 262
100 8143
100 544
100 402
100 146
100 116
100 810
100 362
100 1362
100 517
100 410
100 574
100 1705
100 1134
100 1978
100 247
100 1361
100 1059
100 369
100 169
100 1027
100 1845
100 14
100 1163
100 1431
100 372
100 3882
100 3046
100 438
100 181
100 1448
100 293
100 155
100 111
100 186
100 494
100 234
100 1883
100 357
100 1438
100 754
100 17
100 304
100 144
100 367
100 373
100 1281
100 670
100 61
100 157
100 386
100 709
100 340
100 1470
100 886
100 335
100 2987
100 469
100 2422
100 139
100 2194
100 1016
100 304
100 65
100 496
100 1274
100 508
100 892
100 458
100 154
100 1408
100 148
100 392
100 179
100 1491
100 582
100 253
100 1003
100 1274
100 14
100 112
100 2060
100 719
100 714
100 1237
100 182
100 161
100 591
100 921
100 806
100 1929
100 2913
100 143
100 843
100 189
100 0
100 969
100 183
100 4401
100 545
100 1162
100 443
100 724
100 1048
100 679
100 92
100 611
100 917
100 3919
100 1254
100 1269
100 628
100 1575
100 1624
100 99
100 718
100 123
100 875
100 330
100 266
100 2673
100 1533
100 252
100 904
100 1210
100 1130
100 979
100 1021
100 1493
100 814
100 481
100 633
100 3817
100 863
100 244
100 461
100 502
100 2045
100 1175
100 232
100 299
100 394
100 1688
100 2306
100 2201
100 1511
100 1117
100 627
100 505
100 1394
100 1614
100 545
100 1742
100 1087
100 2810
100 4140
100 96
100 1035
100 588
100 51
100 1188
100 159
100 813
100 1330
100 34
100 1317
100 311
100 146
100 2955
100 866
100 338
100 290
100 232
100 2947
100 2396
100 98
100 1102
100 25
100 212
100 163
100 759
100 1381
100 655
100 353
100 296
100 44
100 1945
100 347
100 1777
100 283
100 189
100 325
100 505
100 1402
100 992
100 3013
100 692
100 648
100 788
100 114
100 699
100 1135
100 951
100 1388
100 66
100 63
100 43
100 666
100 142
100 311
100 17
100 785
100 245
100 518
100 2067
100 985
100 1653
100 1322
100 196
100 935
100 976
100 251
100 695
100 1115
100 1028
100 817
100 275
100 348
100 1193
100 166
100 102
100 30
100 47
100 111
100 812
100 57
100 382
100 365
100 537
100 163
100 245
100 168
100 199
100 57
100 1332
100 459
100 19
100 214
100 411
100 6
100 890
100 156
100 501
100 1391
100 270
100 606
100 133
100 566
100 295
100 170
100 47
100 101
100 1170
100 1010
100 216
100 2
100 105
100 2336
100 740
100 231
100 141
100 112
100 635
100 1318
100 635
100 745
100 113
100 106
100 2027
100 146
100 243
100 6
100 1880
100 166
100 2110
100 328
100 910
100 571
100 785
100 855
100 330
100 638
100 219
100 34
100 361
100 351
100 43
100 1049
100 1453
100 385
100 2536
100 124
100 857
100 687
100 555
100 3110
100 295
100 146
100 413
100 122
100 1372
100 3211
100 245
100 45
100 1966
100 1223
100 313
100 146
100 1079
100 414
100 1352
100 188
100 1319
100 332
100 363
100 6798
100 505
100 239
100 515
100 51
100 200
100 2509
100 675
100 495
100 2732
100 1216
100 54
100 1356
100 220
100 30
100 1356
100 1598
100 408
100 541
100 406
100 412
100 1762
100 1517
100 47
100 140
100 152
100 717
100 100
100 864
100 311
100 133
100 866
100 848
100 77
100 1287
100 53
100 588
100 107
100 628
100 82
100 2057
100 440
100 764
100 438
100 163
100 396
100 583
100 937
100 169
100 84
100 1201
100 908
100 542
100 35
100 1456
100 63
100 835
100 563
100 757
100 1461
100 694
100 499
100 1013
100 1240
100 116
100 9
100 1203
100 1305
100 2577
100 76
100 1440
100 311
100 72
100 12
100 706
100 1553
100 802
100 894
100 3462
100 566
100 2731
100 183
100 1443
100 622
100 627
100 814
100 756
100 1345
100 90
100 404
100 459
100 729
100 396
100 361
100 204
100 458
100 330
100 462
100 54
100 330
100 2197
100 315
100 192
100 56
100 218
100 417
100 1134
100 612
100 451
100 809
100 1189
100 624
100 418
100 194
100 688
100 147
100 468
100 921
100 182
100 831
100 2840
100 70
100 1890
100 150
100 1391
100 201
100 732
100 430
100 1589
100 61
100 1552
100 131
100 141
100 1193
100 3625
100 167
100 29
100 1684
100 537
100 1233
100 73
100 232
100 1099
100 571
100 1871
100 334
100 361
100 1220
100 39
100 520
100 387
100 640
100 111
100 6209
100 7
100 100
100 2106
100 206
100 264
100 668
100 398
100 234
100 556
100 331
100 1825
100 1
100 1101
100 480
100 96
100 3715
100 206
100 65
100 963
100 705
100 727
100 499
100 10
100 1
100 91
100 858
100 443
100 625
100 750
100 700
100 965
100 1017
100 1173
100 865
100 367
100 667
100 1241
100 391
100 236
100 470
100 2505
100 686
100 74
100 12
100 35
100 845
100 154
100 541
100 933
100 802
100 462
100 1571
100 1119
100 130
100 680
100 2097
100 196
100 600
100 817
100 129
100 1803
100 1606
100 548
100 11
100 88
100 721
100 221
100 474
100 2135
100 1262
100 159
100 821
100 1099
100 761
100 139
100 3067
100 329
100 1753
100 145
100 833
100 506
100 947
100 1177
100 1001
100 111
100 1888
100 206
100 2640
100 187
100 162
100 1517
100 2153
100 2177
100 2359
100 1239
100 2297
100 1972
100 70
100 327
100 658
100 262
100 411
100 2065
100 1173
100 409
100 1223
100 270
100 641
100 2472
100 430
100 552
100 2513
100 143
100 164
100 3301
100 2152
100 790
100 619
100 850
100 612
100 2026
100 361
100 800
100 440
100 923
100 204
100 463
100 564
100 1648
100 2173
100 634
100 869
100 4096
100 2045
100 920
100 612
100 694
100 1688
100 740
100 371
100 562
100 386
100 1172
100 2223
100 251
100 1093
100 211
100 156
100 2586
100 1297
100 1040
100 1259
100 1796
100 448
100 1736
100 530
100 770
100 769
100 1317
100 1642
100 180
100 1035
100 2995
100 227
100 667
100 231
100 1546
100 968
100 243
100 277
100 672
100 918
100 90
100 201
100 1147
100 3966
100 128
100 1356
100 1071
100 567
100 466
100 710
100 574
100 650
100 1403
100 153
100 1532
100 908
100 2140
100 998
100 830
100 65
100 722
100 288
100 1812
100 842
100 716
100 1189
100 2213
100 620
100 571
100 882
100 1151
100 138
100 1306
100 909
100 681
100 2060
100 1046
100 215
100 1021
100 18
100 707
100 668
100 223
100 1172
100 371
100 956
100 1277
100 769
100 693
100 51
100 142
100 680
100 508
100 867
100 1605
100 739
100 353
100 1348
100 1443
100 924
100 328
100 1085
100 787
100 627
100 161
100 660
100 181
100 307
100 2289
100 204
100 1087
100 858
100 1017
100 711
100 765
100 1050
100 569
100 122
100 394
100 513
100 221
100 1479
100 1742
100 409
100 1809
100 435
100 3611
100 944
100 2990
100 390
100 1146
100 130
100 825
100 902
100 360
100 105
100 230
100 1535
100 894
100 185
100 142
100 405
100 144
100 1542
100 1298
100 828
100 1265
100 120
100 608
100 396
100 684
100 1885
100 102
100 1468
100 461
100 1148
100 1048
100 995
100 3423
100 543
100 1742
100 3800
100 565
100 171
100 323
100 3681
100 16
100 132
100 36
100 41
100 396
100 456
100 860
100 2601
100 651
100 413
100 245
100 1027
100 3977
100 1492
100 1214
100 1198
100 659
100 1917
100 22
100 250
100 342
100 1901
100 516
100 151
100 331
100 1994
100 1659
100 1288
100 1091
100 1481
100 267
100 2224
100 83
100 831
100 348
100 62
100 441
100 389
100 35
100 1348
100 283
100 1277
100 859
100 1963
100 310
100 463
100 2479
100 1471
100 945
100 3651
100 3038
100 4995
100 2074
100 1213
100 2226
100 2141
100 1390
100 3964
100 171
100 2401
100 11
100 1026
100 57
100 1808
100 892
100 1216
100 513
100 258
100 844
100 266
100 508
100 328
100 356
100 1185
100 487
100 246
100 415
100 960
100 863
100 624
100 412
100 340
100 1184
100 966
100 758
100 312
100 4
100 103
100 48
100 692
100 2
100 577
100 881
100 3091
100 1145
100 4714
100 1970
100 354
100 1081
100 436
100 454
100 135
100 2414
100 1
100 348
100 48
100 35
100 266
100 1610
100 172
100 195
100 482
100 697
100 1034
100 1068
100 711
100 3160
100 1013
100 481
100 255
100 428
100 577
100 212
100 20
100 1370
100 1288
100 3300
100 156
100 17
100 815
100 538
100 724
100 1258
100 3503
100 917
100 278
100 97
100 23
100 2605
100 1075
100 579
100 2417
100 22
100 2256
100 747
100 3966
100 30
100 1484
100 532
100 1284
100 1183
100 1705
100 410
100 312
100 2173
100 1073
100 714
100 206
100 814
100 1264
100 901
100 443
100 73
100 440
100 293
100 388
100 245
100 1801
100 1
100 2811
100 179
100 2349
100 285
100 3
100 741
100 10
100 261
100 68
100 392
100 218
100 782
100 193
100 881
100 85
100 459
100 1972
100 339
100 1492
100 83
100 82
100 1548
100 673
100 57
100 261
100 485
100 2491
100 1797
100 164
100 668
100 395
100 2406
100 1039
100 167
100 2048
100 1382
100 199
100 213
100 1151
100 786
100 2671
100 592
100 1059
100 652
100 264
100 123
100 493
100 1701
100 105
100 686
100 1042
100 772
100 3251
100 814
100 1088
100 284
100 1842
100 152
100 1284
100 318
100 673
100 3476
100 147
100 2705
100 1305
100 310
100 2323
100 1239
100 1190
100 284
100 4857
100 30
100 777
100 53
100 1697
100 2417
100 821
100 235
100 758
100 73
100 131
100 162
100 426
100 1018
100 652
100 98
100 506
100 49
100 382
100 770
100 918
100 1187
100 521
100 126
100 320
100 1784
100 954
100 2130
100 1692
100 492
100 1779
100 601
100 324
100 1495
100 2053
100 534
100 132
100 186
100 129
100 208
100 275
100 867
100 113
100 414
100 2680
100 135
100 26
100 1914
100 111
100 139
100 5077
100 1424
100 86
100 9
100 489
100 389
100 2190
100 33
100 1210
100 4677
100 1526
100 406
100 425
100 1190
100 67
100 1767
100 251
100 1138
100 381
100 167
100 2915
100 1619
100 742
100 57
100 1485
100 416
100 559
100 1304
100 192
100 1042
100 431
100 776
100 465
100 3327
100 1380
100 2510
100 617
100 246
100 641
100 1036
100 247
100 601
100 1365
100 1286
100 1335
100 100
100 1
100 226
100 322
100 439
100 430
100 1014
100 323
100 56
100 1452
100 238
100 516
100 839
100 120
100 366
100 556
100 748
100 445
100 85
100 401
100 794
100 791
100 538
100 787
100 3
100 550
100 122
100 660
100 329
100 33
100 1007
100 227
100 1824
100 817
100 818
100 969
100 947
100 252
100 3264
100 131
100 120
100 988
100 209
100 367
100 208
100 710
100 136
100 1160
100 527
100 287
100 981
100 889
100 491
100 3272
100 4438
100 110
100 1608
100 45
100 1222
100 2295
100 10
100 451
100 401
100 52
100 226
100 1956
100 1002
100 913
100 594
100 834
100 484
100 286
100 184
100 584
100 726
100 86
100 866
100 285
100 99
100 148
100 345
100 3523
100 1116
100 586
100 982
100 408
100 723
100 2381
100 0
100 1559
100 907
100 671
100 1161
100 1213
100 174
100 926
100 1416
100 192
100 127
100 299
100 433
100 153
100 292
100 466
100 1116
100 1950
100 44
100 162
100 407
100 590
100 1781
100 197
100 279
100 70
100 52
100 612
100 989
100 137
100 535
100 2459
100 201
100 86
100 432
100 261
100 800
100 1408
100 121
100 1372
100 258
100 584
100 6
100 1089
100 127
100 932
100 849
100 2214
100 1536
100 868
100 1321
100 2177
100 343
100 3533
100 1884
100 103
100 936
100 189
100 118
100 3054
100 37
100 1136
100 95
100 618
100 784
100 738
100 1676
100 1926
100 106
100 1090
100 1357
100 2387
100 652
100 838
100 2119
100 2020
100 323
100 212
100 880
100 865
100 344
100 2449
100 106
100 791
100 498
100 891
100 1078
100 1820
100 296
100 857
100 206
100 41
100 840
100 39
100 1915
100 973
100 567
100 583
100 605
100 120
100 750
100 3129
100 432
100 289
100 1198
100 1106
100 465
100 290
100 8
100 849
100 159
100 28
100 762
100 453
100 265
100 581
100 2308
100 194
100 39
100 3514
100 494
100 2005
100 1485
100 1778
100 678
100 625
100 738
100 209
100 236
100 1006
100 1293
100 151
100 553
100 1170
100 241
100 1151
100 67
100 892
100 41
100 991
100 1268
100 133
100 76
100 1514
100 449
100 997
100 358
100 501
100 597
100 514
100 2068
100 1177
100 635
100 838
100 191
100 1808
100 244
100 2705
100 117
100 1274
100 1577
100 468
100 776
100 424
100 2112
100 313
100 1124
100 507
100 805
100 1252
100 61
100 87
100 1659
100 109
100 199
100 2086
100 137
100 606
100 3424
100 417
100 734
100 29
100 1373
100 5654
100 1169
100 1058
100 668
100 49
100 267
100 1404
100 88
100 143
100 41
100 916
100 652
100 1937
100 416
100 4348
100 753
100 2136
100 3536
100 986
100 3015
100 268
100 830
100 1312
100 798
100 928
100 2267
100 39
100 532
100 139
100 958
100 2437
100 393
100 800
100 235
100 220
100 201
100 41
100 132
100 1677
100 1353
100 1647
100 177
100 940
100 21
100 1336
100 1269
100 1554
100 2010
100 511
100 299
100 1073
100 164
100 1334
100 325
100 1060
100 92
100 30
100 1816
100 740
100 2071
100 1482
100 41
100 1172
100 1862
100 320
100 81
100 854
100 671
100 100
100 453
100 1100
100 2237
100 2179
100 1131
100 88
100 1582
100 282
100 2633
100 410
100 505
100 2163
100 12
100 730
100 248
100 1436
100 1085
100 1220
100 2035
100 577
100 370
100 262
100 1755
100 1258
100 172
100 687
100 376
100 233
100 569
100 326
100 736
100 28
100 1500
100 273
100 267
100 2476
100 645
100 224
100 2794
100 1016
100 530
100 2314
100 357
100 147
100 862
100 1540
100 2328
100 2155
100 156
100 97
100 39
100 56
100 236
100 2844
100 766
100 886
100 306
100 240
100 509
100 3330
100 2956
100 70
100 497
100 587
100 1063
100 1515
100 87
100 1394
100 489
100 293
100 1234
100 164
100 202
100 691
100 246
100 2078
100 1316
100 514
100 2084
100 435
100 3089
100 165
100 1224
100 720
100 1854
100 523
100 1487
100 226
100 340
100 283
100 675
100 21
100 2953
100 900
100 932
100 1698
100 1003
100 267
100 1010
100 1138
100 1087
100 348
100 785
100 710
100 228
100 5856
100 632
100 660
100 58
100 4070
100 187
100 68
100 1029
100 1784
100 147
100 91
100 621
100 878
100 530
100 3874
100 760
100 983
100 275
100 416
100 792
100 357
100 1249
100 189
100 2391
100 581
100 57
100 1819
100 30
100 1702
100 281
100 137
100 353
100 532
100 425
100 445
100 896
100 124
100 490
100 451
100 452
100 5069
100 517
100 1712
100 1280
100 181
100 289
100 612
100 197
100 379
100 1384
100 32
100 1500
100 151
100 436
100 1523
100 316
100 365
100 525
100 1146
100 934
100 1191
100 562
100 184
100 12
100 890
100 463
100 467
100 263
100 1058
100 689
100 1631
100 82
100 284
100 75
100 567
100 1187
100 1654
100 630
100 1455
100 181
100 227
100 656
100 120
100 764
100 631
100 911
100 301
100 587
100 523
100 364
100 806
100 572
100 788
100 4463
100 720
100 60
100 748
100 115
100 987
100 309
100 137
100 1588
100 304
100 533
100 1136
100 498
100 234
100 2812
100 26
100 1674
100 1318
100 555
100 145
100 555
100 60
100 2069
100 284
100 1963
100 914
100 88
100 339
100 1870
100 736
100 395
100 386
100 791
100 247
100 649
100 12
100 808
100 1347
100 1350
100 456
100 19
100 608
100 1594
100 1030
100 198
100 740
100 439
100 869
100 274
100 391
100 1016
100 1616
100 247
100 1140
100 1158
100 2173
100 836
100 592
100 393
100 2131
100 748
100 1422
100 1884
100 379
100 243
100 534
100 1356
100 531
100 750
100 1500
100 929
100 1586
100 1371
100 528
100 578
100 2529
100 167
100 735
100 4476
100 402
100 1264
100 7119
100 239
100 11
100 560
100 709
100 442
100 245
100 852
100 721
100 742
100 424
100 2
100 419
100 1326
100 769
100 236
100 1249
100 1569
100 505
100 241
100 519
100 934
100 602
100 520
100 1175
100 32
100 113
100 1209
100 1658
100 1345
100 5259
100 918
100 220
100 1897
100 615
100 867
100 516
100 1754
100 531
100 55
100 4649
100 179
100 417
100 3085
100 281
100 642
100 154
100 1840
100 920
100 485
100 3
100 1747
100 326
100 130
100 842
100 993
100 2550
100 1910
100 2272
100 1282
100 366
100 1265
100 415
100 95
100 203
100 115
100 1190
100 121
100 1662
100 2094
100 743
100 4146
100 946
100 1000
100 447
100 773
100 737
100 349
100 643
100 137
100 50
100 1531
100 3
100 157
100 1290
100 931
100 2663
100 324
100 533
100 1365
100 1935
100 169
100 616
100 1211
100 857
100 1474
100 675
100 405
100 1311
100 339
100 369
100 333
100 1417
100 137
100 375
100 15
100 38
100 3
100 349
100 812
100 1875
100 1815
100 433
100 89
100 2112
100 654
100 2297
100 2166
100 190
100 358
100 1009
100 2850
100 994
100 462
100 1346
100 1494
100 609
100 1896
100 594
100 183
100 732
100 1077
100 2116
100 217
100 409
100 320
100 135
100 1221
100 114
100 439
100 54
100 523
100 53
100 194
100 130
100 512
100 396
100 212
100 845
100 1959
100 1103
100 273
100 289
100 190
100 157
100 2715
100 939
100 442
100 711
100 348
100 1635
100 364
100 162
100 361
100 51
100 518
100 1118
100 151
100 351
100 1336
100 849
100 261
100 249
100 906
100 433
100 106
100 138
100 302
100 2085
100 456
100 17
100 157
100 648
100 34
100 782
100 632
100 289
100 94
100 1065
100 1333
100 846
100 4869
100 1627
100 25
100 327
100 444
100 1743
100 326
100 865
100 25
100 1097
100 2974
100 1066
100 1697
100 587
100 403
100 788
100 72
100 218
100 1917
100 352
100 10
100 445
100 58
100 270
100 413
100 579
100 1152
100 1458
100 235
100 1178
100 9
100 409
100 35
100 862
100 98
100 392
100 88
100 97
100 145
100 415
100 562
100 618
100 93
100 925
100 1146
100 1458
100 3231
100 2277
100 848
100 270
100 1798
100 23
100 935
100 115
100 2042
100 1978
100 258
100 384
100 790
100 797
100 679
100 240
100 165
100 224
100 442
100 183
100 3090
100 1196
100 14
100 860
100 1817
100 745
100 56
100 326
100 259
100 92
100 2512
100 234
100 2580
100 458
100 437
100 560
100 148
100 96
100 2304
100 43
100 583
100 835
100 1311
100 1157
100 892
100 889
100 396
100 1197
100 2213
100 2288
100 1173
100 2559
100 1762
100 534
100 168
100 1791
100 336
100 1142
100 82
100 965
100 258
100 3129
100 91
100 1042
100 875
100 316
100 500
100 128
100 54
100 1805
100 186
100 427
100 378
100 206
100 298
100 100
100 130
100 135
100 588
100 2005
100 359
100 2650
100 1109
100 1569
100 1545
100 1241
100 80
100 105
100 442
100 2782
100 29
100 2693
100 0
100 328
100 4107
100 364
100 109
100 1957
100 418
100 938
100 555
100 829
100 342
100 317
100 1496
100 586
100 1
100 1175
100 1663
100 5029
100 2224
100 9
100 1186
100 2055
100 2197
100 217
100 1440
100 1833
100 220
100 1180
100 647
100 2375
100 1151
100 2179
100 169
100 54
100 1246
100 1410
100 367
100 121
100 1201
100 562
100 1584
100 1332
100 2871
100 436
100 575
100 557
100 512
100 2040
100 162
100 297
100 1348
100 171
100 363
100 288
100 970
100 78
100 1665
100 959
100 199
100 110
100 758
100 2
100 967
100 849
100 1456
100 275
100 1056
100 212
100 1219
100 287
100 698
100 677
100 746
100 1084
100 2094
100 133
100 1767
100 3193
100 1735
100 491
100 426
100 316
100 194
100 2082
100 1417
100 334
100 1706
100 818
100 260
100 793
100 633
100 1389
100 1105
100 1029
100 2023
100 405
100 4512
100 2491
100 609
100 488
100 1624
100 1295
100 152
100 93
100 179
100 3232
100 1192
100 414
100 369
100 481
100 1246
100 613
100 265
100 1123
100 543
100 58
100 90
100 657
100 479
100 617
100 480
100 1510
100 24
100 913
100 2641
100 594
100 139
100 1401
100 1664
100 1814
100 159
100 984
100 456
100 657
100 539
100 127
100 1459
100 2485
100 574
100 200
100 963
100 94
100 420
100 100
100 1710
100 1744
100 30
100 194
100 868
100 1541
100 223
100 48
100 472
100 220
100 198
100 387
100 1229
100 499
100 580
100 211
100 1944
100 1520
100 1000
100 1094
100 1755
100 1067
100 114
100 1882
100 125
100 716
100 166
100 409
100 3
100 385
100 1846
100 876
100 443
100 319
100 26
100 624
100 2042
100 624
100 129
100 148
100 100
100 2659
100 806
100 115
100 1184
100 1514
100 2053
100 1434
100 334
100 714
100 234
100 2051
100 162
100 547
100 8
100 100
100 1148
100 359
100 1140
100 53
100 377
100 1503
100 388
100 33
100 302
100 101
100 1158
100 963
100 1656
100 0
100 59
100 75
100 1499
100 283
100 731
100 393
100 263
100 1315
100 68
100 429
100 841
100 629
100 244
100 1291
100 1879
100 1046
100 156
100 2120
100 1162
100 200
100 1725
100 2275
100 365
100 939
100 230
100 223
100 14
100 940
100 2926
100 75
100 302
100 29
100 174
100 965
100 1229
100 317
100 49
100 974
100 1510
100 597
100 313
100 250
100 43
100 174
100 483
100 1342
100 315
100 475
100 558
100 726
100 102
100 1062
100 877
100 731
100 1413
100 388
100 295
100 46
100 1081
100 3232
100 1024
100 185
100 1683
100 654
100 145
100 83
100 1470
100 505
100 728
100 601
100 598
100 1313
100 467
100 1713
100 135
100 285
100 453
100 997
100 173
100 633
100 94
100 200
100 671
100 365
100 539
100 139
100 387
100 1890
100 987
100 2316
100 215
100 1050
100 936
100 518
100 73
100 842
100 611
100 1514
100 382
100 96
100 911
100 70
100 251
100 1451
100 933
100 534
100 2282
100 382
100 3084
100 513
100 351
100 1030
100 2152
100 146
100 208
100 549
100 492
100 1299
100 797
100 384
100 4225
100 155
100 980
100 1927
100 997
100 1136
100 1072
100 95
100 740
100 779
100 654
100 286
100 701
100 1965
100 877
100 943
100 284
100 114
100 993
100 1312
100 472
100 175
100 575
100 80
100 1521
100 649
100 523
100 1611
100 82
100 349
100 5097
100 332
100 85
100 1087
100 2541
100 242
100 100
100 2633
100 1393
100 1765
100 448
100 1859
100 297
100 220
100 46
100 871
100 442
100 828
100 1102
100 2524
100 722
100 702
100 141
100 115
100 1422
100 52
100 372
100 78
100 782
100 152
100 319
100 849
100 973
100 3803
100 889
100 30
100 1034
100 406
100 1475
100 1257
100 821
100 645
100 493
100 240
100 613
100 251
100 568
100 326
100 4814
100 928
100 252
100 468
100 591
100 651
100 1064
100 415
100 851
100 400
100 854
100 267
100 38
100 41
100 162
100 1455
100 2235
100 4344
100 511
100 359
100 393
100 1404
100 324
100 814
100 842
100 3027
100 87
100 759
100 196
100 697
100 12
100 846
100 46
100 798
100 804
100 177
100 717
100 1350
100 792
100 283
100 1059
100 94
100 1713
100 113
100 436
100 1286
100 470
100 1790
100 96
100 671
100 434
100 1237
100 775
100 725
100 224
100 229
100 280
100 996
100 592
100 1016
100 2258
100 372
100 895
100 1311
100 132
100 3774
100 1526
100 1760
100 562
100 99
100 72
100 1213
100 45
100 36
100 1153
100 195
100 1760
100 1534
100 619
100 70
100 3
100 403
100 265
100 1057
100 58
100 2016
100 2934
100 684
100 1274
100 82
100 869
100 190
100 1421
100 368
100 1039
100 2204
100 200
100 212
100 505
100 736
100 457
100 1688
100 659
100 1389
100 771
100 697
100 1641
100 157
100 54
100 618
100 2972
100 217
100 390
100 408
100 2688
100 572
100 2114
100 2144
100 924
100 225
100 404
100 1409
100 1778
100 423
100 1320
100 304
100 2888
100 1724
100 674
100 2898
100 963
100 101
100 716
100 1132
100 1118
100 441
100 655
100 1720
100 904
100 1331
100 223
100 341
100 1763
100 1153
100 1689
100 49
100 978
100 630
100 805
100 372
100 729
100 919
100 1811
100 826
100 869
100 1186
100 880
100 1233
100 120
100 627
100 959
100 996
100 1773
100 1372
100 1233
100 1
100 680
100 1910
100 176
100 913
100 2773
100 256
100 97
100 123
100 33
100 369
100 1411
100 81
100 4249
100 953
100 633
100 1518
100 1711
100 2055
100 196
100 967
100 479
100 201
100 2077
100 2312
100 1389
100 85
100 29
100 312
100 538
100 305
100 650
100 3794
100 1019
100 1323
100 1628
100 800
100 1572
100 642
100 124
100 302
100 3913
100 1280
100 239
100 345
100 1173
100 971
100 680
100 1141
100 849
100 715
100 519
100 810
100 485
100 1008
100 207
100 62
100 736
100 642
100 1266
100 189
100 1277
100 45
100 2075
100 66
100 208
100 729
100 1162
100 825
100 334
100 976
100 256
100 649
100 60
100 665
100 76
100 467
100 1076
100 2293
100 581
100 428
100 369
100 1424
100 430
100 36
100 3190
100 242
100 142
100 2
100 725
100 171
100 334
100 1341
100 166
100 580
100 331
100 1194
100 367
100 1207
100 24
100 14
100 281
100 45
100 1025
100 1647
100 616
100 1951
100 667
100 20
100 2885
100 652
100 205
100 593
100 131
100 2108
100 69
100 1291
100 1234
100 287
100 372
100 1864
100 337
100 483
100 609
100 2297
100 535
100 783
100 1652
100 238
100 592
100 33
100 358
100 587
100 239
100 3254
100 462
100 751
100 494
100 1325
100 806
100 393
100 79
100 1210
100 996
100 393
100 509
100 45
100 1028
100 299
100 248
100 2915
100 1357
100 160
100 2445
100 62
100 1724
100 1903
100 111
100 524
100 314
100 582
100 1306
100 123
100 1119
100 448
100 164
100 204
100 492
100 208
100 975
100 274
100 1293
100 363
100 186
100 302
100 71
100 1302
100 589
100 255
