100 1265
100 298
100 482
100 4
100 872
100 806
100 1863
100 1226
100 100
100 1842
100 3532
100 1054
100 1418
100 84
100 527
100 21
100 784
100 103
100 755
100 5399
100 1484
100 69
100 2011
100 875
100 584
100 77
100 1406
100 1961
100 548
100 2000
100 14
100 2143
100 663
100 109
100 83
100 1354
100 220
100 566
100 6150
100 816
100 32
100 176
100 2413
100 563
100 1122
100 188
100 2237
100 623
100 298
100 757
100 841
100 4762
100 389
100 4726
100 1750
100 4175
100 1748
100 1608
100 1396
100 241
100 131
100 2004
100 256
100 2214
100 2584
100 1975
100 44
100 13
100 1085
100 792
100 2193
100 6
100 2001
100 567
100 1782
100 45
100 2338
100 729
100 31
100 2079
100 1424
100 346
100 1602
100 1499
100 655
100 2030
100 538
100 53
100 659
100 544
100 498
100 742
100 2462
100 2327
100 338
100 1831
100 439
100 1417
100 781
100 620
100 448
100 1027
100 230
100 1931
100 1770
100 695
100 264
100 1940
100 768
100 1154
100 183
100 15
100 1155
100 688
100 293
100 378
100 200
100 2836
100 139
100 335
100 157
100 600
100 2711
100 1096
100 3733
100 92
100 1168
100 700
100 1197
100 464
100 5326
100 245
100 680
100 4254
100 1733
100 5077
100 32
100 1001
100 267
100 293
100 2079
100 433
100 986
100 1345
100 429
100 3091
100 626
100 3895
100 3101
100 1162
100 16
100 1092
100 3336
100 418
100 2500
100 575
100 1129
100 1701
100 492
100 1576
100 1216
100 1039
100 136
100 1333
100 891
100 1242
100 1579
100 987
100 1199
100 221
100 390
100 2287
100 613
100 612
100 333
100 1843
100 1832
100 230
100 102
100 4939
100 177
100 3404
100 335
100 592
100 446
100 1279
100 390
100 744
100 15
100 1446
100 409
100 789
100 51
100 119
100 1831
100 1218
100 333
100 388
100 2669
100 846
100 204
100 17
100 352
100 139
100 779
100 753
100 70
100 1197
100 1370
100 4128
100 4328
100 437
100 873
100 1330
100 944
100 1798
100 1187
100 375
100 3400
100 1040
100 323
100 767
100 923
100 892
100 792
100 1711
100 69
100 1435
100 20
100 955
100 51
100 854
100 1218
100 863
100 1502
100 1481
100 2742
100 600
100 1331
100 1067
100 2000
100 205
100 2131
100 585
100 1390
100 70
100 1581
100 688
100 429
100 498
100 349
100 796
100 1327
100 156
100 2630
100 1466
100 2109
100 5389
100 726
100 1678
100 437
100 368
100 1599
100 2491
100 824
100 266
100 96
100 280
100 15
100 692
100 233
100 450
100 1227
100 401
100 741
100 2582
100 699
100 953
100 725
100 568
100 724
100 240
100 2588
100 191
100 358
100 1515
100 100
100 858
100 2741
100 2000
100 3523
100 267
100 1882
100 797
100 3015
100 1175
100 810
100 255
100 1880
100 5355
100 544
100 413
100 1353
100 1797
100 462
100 1541
100 2489
100 1634
100 327
100 163
100 883
100 273
100 525
100 588
100 409
100 531
100 3096
100 304
100 338
100 933
100 13
100 2056
100 1945
100 2606
100 3587
100 649
100 1432
100 647
100 893
100 1442
100 218
100 1134
100 2526
100 1685
100 2174
100 24
100 1149
100 898
100 361
100 197
100 688
100 2365
100 365
100 1703
100 369
100 1083
100 2667
100 956
100 1123
100 3464
100 2907
100 936
100 472
100 379
100 1181
100 963
100 479
100 162
100 73
100 42
100 608
100 657
100 1801
100 4217
100 49
100 2687
100 469
100 861
100 540
100 1389
100 322
100 856
100 1355
100 959
100 192
100 242
100 3054
100 218
100 1716
100 3233
100 307
100 88
100 645
100 1361
100 250
100 102
100 1016
100 3399
100 1920
100 1806
100 3777
100 1980
100 1192
100 1162
100 1613
100 286
100 2143
100 447
100 63
100 2004
100 1837
100 3960
100 442
100 334
100 1077
100 489
100 1643
100 112
100 1096
100 1631
100 1384
100 3681
100 902
100 1226
100 2573
100 537
100 777
100 842
100 98
100 3133
100 1724
100 3189
100 508
100 1795
100 732
100 137
100 201
100 488
100 3892
100 199
100 70
100 383
100 1980
100 54
100 319
100 1203
100 1210
100 1217
100 786
100 4385
100 281
100 2825
100 252
100 648
100 1999
100 443
100 578
100 989
100 1169
100 707
100 2648
100 136
100 956
100 1650
100 315
100 2438
100 286
100 1084
100 835
100 178
100 2281
100 403
100 879
100 1263
100 608
100 226
100 3478
100 585
100 4239
100 150
100 338
100 4232
100 530
100 1187
100 465
100 434
100 834
100 106
100 2445
100 4397
100 758
100 3242
100 352
100 301
100 169
100 1457
100 454
100 382
100 1134
100 635
100 76
100 775
100 2349
100 2551
100 474
100 1219
100 1185
100 1153
100 645
100 964
100 457
100 224
100 1802
100 1036
100 3248
100 123
100 824
100 2166
100 1385
100 841
100 1361
100 2348
100 944
100 738
100 1795
100 47
100 159
100 596
100 226
100 1149
100 1763
100 1360
100 1734
100 66
100 673
100 2572
100 534
100 1549
100 1941
100 418
100 578
100 1880
100 451
100 4887
100 1693
100 34
100 311
100 1970
100 1324
100 1430
100 302
100 87
100 1245
100 4211
100 745
100 597
100 859
100 2703
100 867
100 786
100 273
100 203
100 494
100 115
100 17
100 1282
100 3262
100 206
100 878
100 240
100 1398
100 1274
100 1871
100 696
100 288
100 315
100 70
100 1101
100 1256
100 1849
100 1341
100 759
100 1373
100 525
100 2253
100 1631
100 272
100 391
100 267
100 227
100 516
100 2328
100 1974
100 3049
100 1237
100 770
100 2158
100 193
100 673
100 973
100 294
100 1025
100 377
100 2585
100 3815
100 562
100 272
100 2275
100 2289
100 1711
100 600
100 739
100 1367
100 3314
100 837
100 814
100 704
100 178
100 1168
100 55
100 86
100 1909
100 335
100 740
100 37
100 867
100 794
100 637
100 265
100 779
100 637
100 1912
100 1161
100 104
100 156
100 2372
100 3164
100 459
100 392
100 393
100 147
100 649
100 523
100 2632
100 892
100 3308
100 512
100 268
100 587
100 1139
100 1305
100 835
100 208
100 2535
100 1868
100 4011
100 3759
100 350
100 496
100 2027
100 1413
100 3093
100 611
100 22
100 1735
100 388
100 95
100 1198
100 2002
100 732
100 42
100 3344
100 3
100 2980
100 142
100 686
100 1261
100 357
100 82
100 171
100 1278
100 1382
100 97
100 3818
100 3431
100 347
100 321
100 240
100 1917
100 746
100 1895
100 229
100 1071
100 1460
100 4077
100 1049
100 644
100 146
100 4968
100 147
100 1382
100 1099
100 1363
100 912
100 1074
100 124
100 992
100 798
100 178
100 580
100 501
100 1112
100 1490
100 730
100 835
100 554
100 393
100 1666
100 1792
100 161
100 3439
100 2422
100 37
100 38
100 88
100 1446
100 2252
100 807
100 3429
100 1964
100 854
100 871
100 2349
100 3061
100 667
100 99
100 935
100 417
100 2114
100 2139
100 4978
100 1272
100 958
100 166
100 1060
100 2507
100 404
100 1149
100 241
100 1282
100 716
100 173
100 195
100 390
100 544
100 508
100 1395
100 68
100 788
100 322
100 2159
100 48
100 4579
100 378
100 1160
100 91
100 254
100 874
100 118
100 69
100 654
100 1665
100 228
100 1403
100 874
100 1026
100 2501
100 52
100 606
100 4415
100 1220
100 324
100 33
100 44
100 2198
100 2948
100 46
100 248
100 3144
100 146
100 839
100 2451
100 367
100 1451
100 256
100 1130
100 280
100 1230
100 700
100 270
100 521
100 134
100 1044
100 942
100 42
100 378
100 1958
100 615
100 1960
100 3148
100 6651
100 240
100 1651
100 1770
100 837
100 2086
100 545
100 634
100 818
100 6865
100 286
100 2567
100 905
100 1436
100 450
100 1338
100 3877
100 391
100 1182
100 36
100 592
100 1566
100 1198
100 563
100 899
100 179
100 266
100 115
100 2214
100 476
100 177
100 1157
100 76
100 235
100 1361
100 1168
100 1072
100 37
100 2185
100 5
100 3347
100 702
100 1040
100 639
100 1307
100 6381
100 2015
100 92
100 1941
100 812
100 3944
100 1034
100 3745
100 467
100 458
100 490
100 3572
100 80
100 1704
100 1767
100 1970
100 11
100 1685
100 694
100 2229
100 111
100 616
100 853
100 881
100 136
100 1188
100 1492
100 246
100 3227
100 1811
100 2862
100 1876
100 330
100 162
100 240
100 2249
100 703
100 3150
100 252
100 2
100 185
100 3840
100 290
100 1537
100 1271
100 345
100 722
100 64
100 21
100 111
100 121
100 682
100 601
100 2355
100 186
100 501
100 189
100 900
100 2035
100 3404
100 920
100 1243
100 189
100 164
100 3
100 2472
100 115
100 2296
100 1155
100 1310
100 1333
100 1482
100 973
100 2405
100 1457
100 1365
100 1361
100 257
100 1102
100 269
100 4071
100 687
100 152
100 184
100 1301
100 226
100 1628
100 240
100 31
100 1561
100 1660
100 1074
100 2026
100 1565
100 340
100 400
100 143
100 186
100 480
100 3304
100 106
100 1441
100 1808
100 1833
100 542
100 1147
100 2258
100 1277
100 2072
100 2177
100 3129
100 2023
100 137
100 569
100 289
100 174
100 349
100 317
100 1837
100 709
100 41
100 346
100 1179
100 90
100 65
100 456
100 349
100 3841
100 75
100 1733
100 790
100 4574
100 969
100 1136
100 2058
100 339
100 560
100 391
100 3017
100 1260
100 764
100 878
100 988
100 290
100 27
100 412
100 693
100 33
100 1184
100 290
100 584
100 703
100 100
100 1301
100 159
100 23
100 209
100 809
100 259
100 2754
100 1565
100 350
100 99
100 2319
100 384
100 1385
100 165
100 261
100 605
100 1317
100 76
100 1164
100 1056
100 1338
100 2771
100 2275
100 237
100 765
100 443
100 1438
100 84
100 197
100 2875
100 215
100 146
100 476
100 337
100 623
100 730
100 531
100 3479
100 363
100 851
100 73
100 314
100 221
100 1099
100 3279
100 905
100 1163
100 846
100 246
100 289
100 2654
100 733
100 2396
100 4028
100 1725
100 480
100 265
100 104
100 387
100 1130
100 1002
100 324
100 130
100 921
100 2515
100 1049
100 1069
100 1217
100 789
100 1300
100 658
100 652
100 2399
100 1841
100 534
100 2723
100 2005
100 1679
100 416
100 1768
100 1807
100 220
100 1655
100 373
100 1422
100 62
100 1714
100 1251
100 1636
100 234
100 1250
100 44
100 1353
100 212
100 915
100 909
100 1503
100 1132
100 122
100 1432
100 65
100 175
100 1934
100 2114
100 580
100 154
100 283
100 2267
100 807
100 1086
100 331
100 850
100 2610
100 838
100 111
100 154
100 1229
100 1131
100 298
100 1379
100 743
100 416
100 68
100 4342
100 1862
100 2501
100 1041
100 402
100 1708
100 1148
100 373
100 25
100 5421
100 216
100 75
100 552
100 833
100 549
100 1279
100 973
100 1197
100 929
100 804
100 299
100 1483
100 486
100 2480
100 1791
100 568
100 411
100 601
100 2954
100 3261
100 1838
100 1582
100 1785
100 1441
100 1080
100 253
100 240
100 730
100 2202
100 1049
100 4388
100 231
100 46
100 708
100 197
100 1905
100 1689
100 93
100 937
100 485
100 252
100 3858
100 1473
100 279
100 219
100 572
100 903
100 2026
100 1137
100 485
100 659
100 291
100 134
100 224
100 11
100 10
100 441
100 2597
100 587
100 2578
100 600
100 1009
100 1479
100 288
100 7732
100 1167
100 1892
100 276
100 134
100 238
100 3297
100 525
100 58
100 563
100 819
100 46
100 1790
100 606
100 2016
100 217
100 2989
100 1269
100 2238
100 456
100 723
100 831
100 498
100 333
100 135
100 542
100 792
100 1733
100 1651
100 635
100 561
100 161
100 37
100 169
100 750
100 2051
100 528
100 152
100 661
100 2120
100 199
100 139
100 154
100 3655
100 21
100 481
100 368
100 234
100 889
100 1454
100 1094
100 574
100 2523
100 122
100 1285
100 657
100 555
100 1487
100 2198
100 36
100 1483
100 2189
100 666
100 2135
100 682
100 360
100 977
100 369
100 1161
100 162
100 685
100 5754
100 271
100 562
100 39
100 713
100 697
100 1992
100 4542
100 2479
100 854
100 1247
100 3674
100 297
100 668
100 163
100 1312
100 2989
100 849
100 429
100 553
100 269
100 3479
100 1126
100 992
100 20
100 468
100 884
100 901
100 914
100 493
100 221
100 1400
100 1220
100 339
100 2758
100 2017
100 4188
100 64
100 68
100 3855
100 2320
100 1693
100 2154
100 3315
100 1840
100 1282
100 301
100 275
100 564
100 722
100 530
100 1792
100 203
100 1510
100 23
100 3614
100 728
100 321
100 515
100 408
100 82
100 11
100 797
100 48
100 2802
100 984
100 290
100 599
100 1890
100 92
100 1701
100 1698
100 470
100 1206
100 669
100 786
100 262
100 647
100 1501
100 654
100 1285
100 2917
100 3320
100 62
100 476
100 1411
100 1166
100 1268
100 251
100 920
100 4927
100 312
100 745
100 107
100 562
100 137
100 1230
100 960
100 1334
100 655
100 3102
100 1620
100 1312
100 1303
100 5718
100 2778
100 1165
100 1463
100 1222
100 364
100 65
100 1770
100 80
100 653
100 1334
100 845
100 915
100 190
100 881
100 2824
100 1017
100 759
100 3353
100 592
100 1045
100 1052
100 1291
100 18
100 3235
100 2594
100 187
100 500
100 920
100 653
100 199
100 159
100 206
100 467
100 627
100 3062
100 347
100 681
100 227
100 261
100 1119
100 4506
100 1675
100 202
100 1063
100 16
100 2793
100 381
100 2070
100 903
100 253
100 731
100 1597
100 504
100 314
100 503
100 4234
100 1774
100 266
100 119
100 1332
100 2803
100 103
100 868
100 4016
100 33
100 1694
100 195
100 44
100 3123
100 753
100 1878
100 4410
100 2218
100 122
100 783
100 1444
100 1859
100 237
100 420
100 439
100 1012
100 3348
100 1561
100 339
100 5609
100 266
100 246
100 728
100 3601
100 716
100 273
100 265
100 2004
100 2271
100 423
100 247
100 436
100 12
100 553
100 355
100 3372
100 1254
100 1247
100 30
100 442
100 70
100 1644
100 5393
100 1123
100 415
100 2767
100 2713
100 1617
100 368
100 360
100 412
100 518
100 506
100 262
100 2535
100 730
100 682
100 494
100 5113
100 826
100 431
100 1242
100 116
100 611
100 673
100 396
100 631
100 471
100 3
100 333
100 974
100 3603
100 146
100 897
100 100
100 9
100 38
100 211
100 741
100 1088
100 184
100 1303
100 379
100 835
100 1685
100 171
100 750
100 1875
100 814
100 1791
100 489
100 114
100 448
100 171
100 67
100 680
100 31
100 99
100 1295
100 2193
100 2253
100 1053
100 2261
100 1655
100 57
100 626
100 264
100 544
100 1258
100 287
100 1121
100 705
100 771
100 1031
100 532
100 557
100 1549
100 105
100 52
100 468
100 315
100 3872
100 2146
100 1684
100 1084
100 836
100 29
100 1958
100 363
100 1286
100 788
100 9
100 119
100 166
100 201
100 1034
100 722
100 958
100 3621
100 1654
100 19
100 119
100 226
100 567
100 51
100 2077
100 589
100 3138
100 1
100 3219
100 4546
100 408
100 679
100 694
100 371
100 715
100 1638
100 931
100 281
100 236
100 338
100 369
100 561
100 147
100 23
100 240
100 1587
100 34
100 1905
100 1464
100 788
100 724
100 206
100 62
100 2067
100 560
100 715
100 3225
100 585
100 857
100 965
100 684
100 632
100 0
100 685
100 397
100 41
100 426
100 415
100 1082
100 1638
100 1544
100 2335
100 25
100 1159
100 957
100 793
100 2019
100 755
100 531
100 3484
100 226
100 66
100 222
100 750
100 1706
100 266
100 4431
100 388
100 801
100 2507
100 198
100 927
100 223
100 291
100 841
100 2162
100 260
100 1350
100 1576
100 815
100 835
100 2321
100 294
100 163
100 1460
100 91
100 311
100 2146
100 3747
100 2848
100 262
100 4376
100 1276
100 559
100 1051
100 283
100 301
100 548
100 54
100 887
100 3285
100 1252
100 2280
100 1111
100 2900
100 900
100 2631
100 149
100 517
100 212
100 342
100 1079
100 1185
100 2428
100 499
100 6638
100 1073
100 204
100 1289
100 648
100 2629
100 2463
100 592
100 557
100 1719
100 645
100 1377
100 1684
100 3474
100 2000
100 4565
100 2928
100 648
100 1197
100 2369
100 2339
100 795
100 1274
100 945
100 3351
100 202
100 354
100 380
100 113
100 1623
100 268
100 1711
100 73
100 255
100 346
100 1749
100 200
100 97
100 864
100 993
100 946
100 1900
100 494
100 68
100 737
100 501
100 1407
100 208
100 202
100 185
100 907
100 1138
100 790
100 813
100 551
100 368
100 4674
100 850
100 3211
100 1224
100 175
100 134
100 1352
100 1360
100 17
100 756
100 615
100 1137
100 319
100 1901
100 4885
100 2962
100 33
100 1363
100 773
100 1855
100 623
100 1135
100 86
100 2778
100 675
100 529
100 898
100 329
100 721
100 82
100 858
100 1111
100 35
100 2
100 1232
100 1912
100 336
100 17
100 2765
100 1372
100 700
100 3099
100 1398
100 524
100 452
100 1777
100 273
100 1024
100 1841
100 168
100 1608
100 721
100 516
100 160
100 2667
100 804
100 1153
100 2549
100 1336
100 1074
100 1388
100 1129
100 1588
100 621
100 319
100 1625
100 783
100 1106
100 12
100 1010
100 2938
100 97
100 3214
100 15
100 1205
100 1064
100 2785
100 83
100 947
100 845
100 131
100 1234
100 470
100 162
100 1083
100 169
100 401
100 85
100 1082
100 5220
100 6
100 145
100 1008
100 1226
100 2042
100 8
100 583
100 4310
100 571
100 462
100 1352
100 1171
100 28
100 335
100 917
100 581
100 2090
100 415
100 1804
100 426
100 1423
100 2078
100 1019
100 3475
100 566
100 240
100 218
100 852
100 10
100 897
100 971
100 951
100 234
100 4820
100 265
100 253
100 831
100 1192
100 1768
100 388
100 3600
100 1848
100 2182
100 2803
100 682
100 59
100 2449
100 712
100 3421
100 794
100 562
100 6651
100 56
100 269
100 492
100 460
100 3717
100 599
100 1962
100 1522
100 900
100 1532
100 1087
100 142
100 1940
100 493
100 3248
100 1841
100 156
100 178
100 1039
100 344
100 51
100 3598
100 711
100 1550
100 1671
100 158
100 3340
100 2096
100 745
100 40
100 260
100 887
100 1124
100 1409
100 192
100 501
100 3359
100 1968
100 1525
100 227
100 87
100 107
100 2154
100 496
100 1102
100 782
100 156
100 5253
100 425
100 58
100 4468
100 200
100 50
100 844
100 986
100 129
100 268
100 807
100 276
100 644
100 1444
100 1392
100 182
100 33
100 1720
100 4343
100 341
100 457
100 2993
100 620
100 116
100 2264
100 796
100 1629
100 53
100 3807
100 182
100 925
100 1121
100 1925
100 431
100 92
100 2
100 389
100 326
100 120
100 198
100 223
100 2710
100 876
100 2569
100 122
100 145
100 2363
100 1323
100 1
100 402
100 840
100 612
100 311
100 1088
100 2514
100 286
100 2237
100 1815
100 2442
100 1073
100 808
100 1377
100 525
100 2895
100 1815
100 501
100 1519
100 1094
100 1149
100 563
100 625
100 296
100 4405
100 1561
100 2434
100 1009
100 261
100 637
100 700
100 829
100 125
100 370
100 552
100 2298
100 1046
100 647
100 11
100 1617
100 325
100 6412
100 2679
100 872
100 1038
100 1654
100 413
100 1650
100 5967
100 291
100 144
100 600
100 1944
100 842
100 3558
100 1946
100 740
100 111
100 4597
100 503
100 1633
100 269
100 2207
100 1506
100 1630
100 115
100 818
100 14
100 2024
100 563
100 1638
100 2456
100 444
100 441
100 24
100 625
100 836
100 32
100 226
100 1021
100 163
100 926
100 690
100 1053
100 421
100 1156
100 3574
100 88
100 168
100 84
100 1048
100 60
100 2201
100 2347
100 3080
100 105
100 1923
100 1315
100 781
100 510
100 226
100 461
100 144
100 489
100 88
100 616
100 228
100 1989
100 880
100 4494
100 2290
100 95
100 465
100 356
100 914
100 1333
100 1782
100 1859
100 1671
100 873
100 228
100 1613
100 1891
100 669
100 212
100 359
100 354
100 1438
100 1475
100 1556
100 463
100 875
100 1773
100 1526
100 306
100 876
100 773
100 2061
100 5847
100 539
100 162
100 524
100 125
100 5223
100 225
100 565
100 346
100 587
100 612
100 1142
100 135
100 1762
100 1818
100 2052
100 481
100 4772
100 1674
100 0
100 3683
100 660
100 1202
100 4568
100 321
100 426
100 329
100 5338
100 1323
100 730
100 285
100 1392
100 8
100 474
100 549
100 184
100 1356
100 317
100 2389
100 1417
100 3534
100 219
100 123
100 403
100 561
100 1675
100 1356
100 69
100 1157
100 373
100 285
100 78
100 154
100 790
100 265
100 125
100 1365
100 252
100 303
100 552
100 2115
100 502
100 528
100 125
100 4178
100 1445
100 639
100 48
100 111
100 502
100 2952
100 1184
100 95
100 2551
100 305
100 1622
100 2692
100 567
100 639
100 65
100 1243
100 393
100 537
100 329
100 2018
100 803
100 287
100 820
100 23
100 1469
100 1120
100 320
100 881
100 521
100 126
100 287
100 236
100 1964
100 65
100 1619
100 1451
100 1480
100 424
100 504
100 4200
100 831
100 2098
100 384
100 543
100 1406
100 3363
100 229
100 435
100 361
100 232
100 2481
100 655
100 1132
100 1081
100 663
100 1144
100 914
100 4760
100 997
100 274
100 467
100 586
100 3414
100 1279
100 354
100 0
100 905
100 478
100 581
100 1097
100 928
100 265
100 942
100 1149
100 441
100 326
100 400
100 127
100 253
100 319
100 512
100 6489
100 583
100 872
100 1375
100 668
100 368
100 0
100 369
100 1121
100 1461
100 2019
100 253
100 3298
100 3436
100 270
100 1506
100 1860
100 28
100 1029
100 2712
100 957
100 1248
100 113
100 143
100 336
100 309
100 545
100 307
100 5775
100 379
100 719
100 1263
100 251
100 1430
100 1856
100 3571
100 640
100 78
100 377
100 5809
100 1112
100 760
100 138
100 1714
100 134
100 561
100 1064
100 2
100 205
100 919
100 1972
100 349
100 277
100 1344
100 3352
100 204
100 621
100 589
100 1505
100 1484
100 1495
100 302
100 60
100 867
100 166
100 1621
100 92
100 3747
100 835
100 1679
100 16
100 577
100 2023
100 1374
100 2311
100 1981
100 697
100 461
100 1921
100 236
100 855
100 125
100 250
100 285
100 2587
100 1023
100 1512
100 2045
100 587
100 482
100 311
100 656
100 234
100 1054
100 177
100 1520
100 203
100 349
100 2690
100 288
100 358
100 692
100 2338
100 1352
100 302
100 115
100 1115
100 1149
100 1387
100 3856
100 3269
100 699
100 299
100 3470
100 615
100 592
100 2254
100 467
100 982
100 50
100 185
100 30
100 750
100 995
100 396
100 647
100 4989
100 1203
100 568
100 2480
100 174
100 859
100 1439
100 543
100 880
100 257
100 1303
100 1556
100 547
100 1426
100 13
100 855
100 911
100 307
100 1142
100 1869
100 176
100 578
100 436
100 2157
100 2596
100 377
100 489
100 3151
100 199
100 646
100 1284
100 2439
100 389
100 110
100 398
100 1085
100 402
100 925
100 20
100 449
100 1963
100 1330
100 88
100 2402
100 1581
100 1485
100 163
100 40
100 171
100 1470
100 1394
100 1411
100 504
100 1876
100 1008
100 613
100 739
100 676
100 2111
100 2257
100 2667
100 1068
100 1982
100 1015
100 687
100 1020
100 2213
100 2570
100 219
100 105
100 1528
100 782
100 1327
100 0
100 207
100 812
100 885
100 1029
100 346
100 175
100 2250
100 172
100 1892
100 338
100 3550
100 323
100 595
100 1532
100 1468
100 1441
100 409
100 1011
100 296
100 3392
100 922
100 978
100 167
100 411
100 1196
100 311
100 3028
100 21
100 334
100 325
100 303
100 884
100 610
100 346
100 1929
100 1995
100 1313
100 1030
100 3004
100 625
100 711
100 3507
100 1488
100 813
100 597
100 1020
100 219
100 2539
100 1901
100 236
100 522
100 1969
100 166
100 710
100 8
100 39
100 705
100 290
100 83
100 1575
100 953
100 1878
100 649
100 788
100 391
100 2461
100 1719
100 1598
100 91
100 448
100 457
100 14
100 2096
100 2578
100 788
100 348
100 732
100 943
100 527
100 1714
100 1030
100 1255
100 875
100 418
100 18
100 705
100 937
100 278
100 2060
100 4035
100 1042
100 2016
100 310
100 1426
100 35
100 1374
100 5591
100 445
100 150
100 2075
100 248
100 1950
100 1112
100 1244
100 2108
100 474
100 13
100 202
100 2265
100 849
100 396
100 22
100 1142
100 489
100 965
100 4841
100 1356
100 717
100 394
100 1002
100 4299
100 1764
100 722
100 1027
100 901
100 265
100 620
100 414
100 290
100 1882
100 1602
100 3037
100 695
100 292
100 544
100 529
100 577
100 314
100 1841
100 112
100 419
100 1775
100 2574
100 473
100 4178
100 84
100 147
100 1564
100 612
100 307
100 5717
100 122
100 775
100 1684
100 1277
100 224
100 1137
100 584
100 226
100 519
100 1201
100 888
100 253
100 738
100 1614
100 380
100 1997
100 1350
100 2918
100 1773
100 431
100 247
100 1987
100 2168
100 2844
100 1443
100 124
100 2191
100 344
100 2602
100 191
100 817
100 1049
100 246
100 124
100 579
100 2069
100 430
100 1041
100 437
100 549
100 1420
100 532
100 719
100 1117
100 2250
100 311
100 110
100 2375
100 1389
100 1114
100 294
100 1146
100 2430
100 30
100 2959
100 1800
100 109
100 4480
100 478
100 3971
100 3101
100 145
100 1013
100 402
100 380
100 912
100 448
100 927
100 899
100 5041
100 1614
100 3593
100 2487
100 839
100 90
100 4413
100 358
100 1290
100 723
100 941
100 269
100 2013
100 178
100 871
100 2017
100 1162
100 576
100 459
100 1674
100 2908
100 2730
100 2722
100 553
100 2044
100 28
100 316
100 178
100 322
100 563
100 3142
100 5206
100 430
100 2658
100 1414
100 3
100 233
100 159
100 1775
100 525
100 172
100 1024
100 1800
100 1808
100 471
100 1993
100 136
100 4730
100 918
100 793
100 1037
100 372
100 1955
100 990
100 632
100 1773
100 2601
100 647
100 2067
100 1179
100 441
100 1034
100 2119
100 326
100 442
100 2429
100 489
100 478
100 257
100 1938
100 2617
100 974
100 624
100 776
100 2301
100 2585
100 1247
100 6
100 2
100 31
100 1115
100 220
100 603
100 928
100 804
100 3754
100 245
100 642
100 2800
100 269
100 633
100 139
100 284
100 1753
100 3332
100 794
100 361
100 274
100 1029
100 154
100 1265
100 306
100 1762
100 173
100 626
100 327
100 460
100 1755
100 204
100 3160
100 192
100 1810
100 1456
100 1122
100 47
100 1560
100 928
100 2346
100 1647
100 144
100 860
100 655
100 256
100 250
100 462
100 740
100 1195
100 1937
100 2728
100 289
100 1415
100 2256
100 67
100 217
100 1890
100 520
100 434
100 571
100 464
100 538
100 3147
100 1405
100 1542
100 1861
100 186
100 212
100 986
100 174
100 1076
100 919
100 751
100 277
100 7
100 9
100 633
100 461
100 889
100 3964
100 2098
100 731
100 1682
100 160
100 516
100 369
100 1357
100 753
100 431
100 5345
100 611
100 56
100 1530
100 2054
100 109
100 135
100 307
100 2098
100 1570
100 296
100 778
100 1459
100 1162
100 1296
100 999
100 279
100 721
100 390
100 108
100 59
100 498
100 553
100 49
100 1567
100 831
100 1467
100 1635
100 715
100 442
100 531
100 1512
100 372
100 254
100 118
100 1378
100 61
100 1761
100 939
100 79
100 413
100 2755
100 281
100 2356
100 414
100 36
100 163
100 409
100 2414
100 1039
100 758
100 345
100 2112
100 125
100 455
100 577
100 971
100 465
100 4940
100 1435
100 480
100 482
100 179
100 627
100 1228
100 6626
100 574
100 2178
100 1443
100 426
100 1081
100 868
100 1356
100 361
100 4100
100 432
100 579
100 354
100 1376
100 321
100 2321
100 2025
100 71
100 223
100 1269
100 717
100 2054
100 1468
100 23
100 1526
100 912
100 2494
100 772
100 385
100 0
100 224
100 331
100 522
100 2902
100 408
100 236
100 653
100 781
100 2026
100 475
100 43
100 1816
100 283
100 2153
100 2519
100 773
100 2478
100 339
100 448
100 692
100 3414
100 21
100 873
100 621
100 332
100 1087
100 525
100 288
100 1408
100 514
100 329
100 832
100 1333
100 4045
100 3066
100 252
100 1499
100 1280
100 2818
100 1707
100 5208
100 998
100 1568
100 506
100 228
100 1444
100 314
100 294
100 3073
100 223
100 529
100 584
100 38
100 234
100 860
100 2959
100 3995
100 265
100 566
100 290
100 2116
100 1473
100 41
100 1294
100 1343
100 168
100 1914
100 3470
100 1867
100 23
100 80
100 2805
100 1097
100 566
100 69
100 601
100 165
100 1338
100 282
100 1217
100 433
100 44
100 3764
100 173
100 1634
100 107
100 1416
100 11
100 1224
100 166
100 363
100 1065
100 2981
100 2274
100 566
100 1888
100 1360
100 1204
100 875
100 255
100 34
100 777
100 199
100 1500
100 583
100 401
100 193
100 6239
100 871
100 1346
100 127
100 380
100 1134
100 1468
100 2747
100 52
100 635
100 284
100 3935
100 1636
100 875
100 28
100 2232
100 1722
100 2200
100 901
100 1981
100 1793
100 2551
100 420
100 929
100 2001
100 511
100 776
100 1922
100 1078
100 1853
100 4692
100 258
100 701
100 258
100 2731
100 1167
100 44
100 636
100 951
100 207
100 1993
100 3916
100 2832
100 4239
100 1101
100 1829
100 1372
100 299
100 9
100 75
100 533
100 1044
100 837
100 1370
100 1759
100 463
100 316
100 1455
100 5161
100 194
100 1568
100 1111
100 2126
100 2231
100 2036
100 3581
100 766
100 151
100 1157
100 2347
100 1135
100 1122
100 1100
100 501
100 1283
100 3536
100 2341
100 891
100 1863
100 785
100 443
100 205
100 2204
100 320
100 310
100 508
100 420
100 984
100 984
100 2992
100 263
100 1237
100 491
100 489
100 22
100 708
100 162
100 352
100 1411
100 699
100 68
100 133
100 152
100 566
100 75
100 591
100 1004
100 180
100 4433
100 1937
100 6655
100 313
100 839
100 1073
100 964
100 788
100 1969
100 5326
100 532
100 737
100 641
100 183
100 829
100 1065
100 1562
100 1252
100 416
100 2011
100 554
100 40
100 2217
100 24
100 807
100 1776
100 1439
100 127
100 199
100 840
100 1992
100 2362
100 2870
100 761
100 847
100 444
100 456
100 440
100 273
100 152
100 947
100 9
100 614
100 453
100 757
100 1104
100 2220
100 674
100 50
100 1680
100 2563
100 624
100 1665
100 1123
100 387
100 514
100 628
100 6493
100 763
100 340
100 701
100 1499
100 2374
100 917
100 288
100 2150
100 1021
100 2220
100 448
100 286
100 1279
100 1139
100 242
100 904
100 325
100 130
100 2273
100 435
100 2093
100 675
100 994
100 45
100 854
100 776
100 518
100 927
100 464
100 1149
100 1244
100 333
100 1928
100 105
100 649
100 231
100 77
100 976
100 289
100 1073
100 5236
100 310
100 2305
100 722
100 2109
100 1148
100 358
100 2771
100 299
100 2952
100 1251
100 235
100 980
100 1369
100 837
100 1151
100 2191
100 534
100 961
100 3208
100 1231
100 21
100 42
100 1588
100 985
100 936
100 3068
100 1238
100 289
100 3990
100 1682
100 86
100 703
100 2564
100 2599
100 1093
100 1430
100 48
100 67
100 1907
100 654
100 90
100 795
100 43
100 1012
100 1438
100 518
100 439
100 267
100 256
100 774
100 62
100 330
100 3288
100 1317
100 173
100 2377
100 1140
100 1
100 1354
100 3032
100 634
100 304
100 1000
100 939
100 256
100 414
100 1725
100 574
100 270
100 1223
100 127
100 3180
100 188
100 1123
100 250
100 174
100 940
100 2160
100 1390
100 3322
100 372
100 1816
100 3949
100 2534
100 2568
100 97
100 440
100 2990
100 1859
100 73
100 968
100 28
100 1752
100 1125
100 826
100 178
100 656
100 555
100 371
100 1272
100 275
100 3685
100 1723
100 2432
100 513
100 1214
100 1575
100 1755
100 1535
100 756
100 3264
100 194
100 1262
100 2340
100 956
100 455
100 40
100 292
100 360
100 204
100 322
100 291
100 771
100 304
100 347
100 2110
100 546
100 53
100 988
100 348
100 630
100 1647
100 236
100 514
100 478
100 1322
100 1358
100 2121
100 1496
100 320
100 282
100 1063
100 1222
100 439
100 358
100 1545
100 63
100 355
100 1731
100 44
100 3778
100 1584
100 1109
100 917
100 748
100 391
100 424
100 192
100 139
100 179
100 208
100 1116
100 1354
100 2834
100 2006
100 851
100 605
100 577
100 1084
100 200
100 1194
100 2658
100 1179
100 338
100 542
100 206
100 868
100 1378
100 337
100 441
100 234
100 869
100 349
100 1583
100 1009
100 1476
100 652
100 2714
100 727
100 397
100 724
100 1016
100 95
100 743
100 4460
100 519
100 1067
100 1947
100 432
100 444
100 4535
100 2235
100 79
100 1159
100 323
100 351
100 299
100 2441
100 1023
100 294
100 2296
100 520
100 1921
100 251
100 732
100 180
100 650
100 572
100 171
100 1897
100 359
100 694
100 619
100 4300
100 154
100 191
100 23
100 1230
100 894
100 2202
100 702
100 1088
100 3731
100 2607
100 1616
100 22
100 715
100 3530
100 340
100 1793
100 235
100 67
100 520
100 1048
100 90
100 1702
100 1342
100 1702
100 1031
100 203
100 3122
100 334
100 28
100 921
100 35
100 15
100 462
100 795
100 34
100 2290
100 1241
100 4349
100 346
100 2495
100 1014
100 1420
100 3510
100 1117
100 788
100 1929
100 1358
100 2976
100 366
100 444
100 13
100 3234
100 131
100 1327
100 1075
100 94
100 501
100 52
100 133
100 286
100 55
100 515
100 655
100 236
100 1437
100 67
100 783
100 290
100 362
100 325
100 335
100 571
100 67
100 1048
100 1946
100 267
100 1260
100 692
100 1178
100 819
100 1616
100 545
100 111
100 620
100 242
100 792
100 488
100 342
100 843
100 1330
100 383
100 1160
100 175
100 46
100 1006
100 501
100 3
100 1285
100 216
100 3774
100 453
100 813
100 2318
100 6163
100 1188
100 452
100 142
100 447
100 349
100 1808
100 208
100 284
100 847
100 1297
100 960
100 1314
100 589
100 405
100 4243
100 412
100 440
100 1096
100 1106
100 951
100 618
100 621
100 2205
100 35
100 2442
100 612
100 501
100 46
100 522
100 3686
100 7
100 1109
100 1066
100 580
100 1464
100 762
100 2171
100 737
100 25
100 456
100 1225
100 2008
100 686
100 45
100 1313
100 1391
100 818
100 249
100 358
100 2308
100 56
100 1417
100 1587
100 685
100 2685
100 804
100 673
100 1488
100 836
100 1080
100 1961
100 1457
100 128
100 636
100 3704
100 1022
100 1372
100 561
100 794
100 947
100 553
100 5585
100 1498
100 2676
100 126
100 779
100 402
100 706
100 247
100 433
100 1848
100 444
100 1617
100 523
100 687
100 1632
100 1099
100 351
100 106
100 211
100 891
100 1278
100 1917
100 1340
100 672
100 483
100 1010
100 116
100 2721
100 2291
100 1252
100 953
100 343
100 633
100 233
100 978
100 51
100 2798
100 394
100 1198
100 554
100 1756
100 1781
100 197
100 536
100 472
100 1063
100 996
100 1553
100 531
100 1467
100 321
100 1155
100 5271
100 1012
100 149
100 268
100 708
100 31
100 209
100 1677
100 2459
100 755
100 555
100 1794
100 1898
100 493
100 832
100 152
100 380
100 528
100 747
100 360
100 5906
100 233
100 1401
100 310
100 55
100 892
100 0
100 184
100 1372
100 582
100 587
100 2008
100 1009
100 278
100 7774
100 1376
100 840
100 1985
100 86
100 1902
100 21
100 296
100 1014
100 295
100 2225
100 375
100 1515
100 93
100 153
100 2469
100 104
100 1207
100 1893
100 2387
100 254
100 2108
100 1315
100 109
100 857
100 2476
100 383
100 2579
100 659
100 668
100 741
100 627
100 722
100 3471
100 1565
100 2767
100 47
100 872
100 2226
100 348
100 2199
100 1058
100 139
100 344
100 1108
100 1151
100 241
100 1286
100 697
100 1294
100 550
100 2175
100 764
100 618
100 532
100 1026
100 2329
100 1993
100 461
100 350
100 3436
100 65
100 649
100 2378
100 1013
100 2890
100 965
100 555
100 258
100 516
100 578
100 1854
100 123
100 104
100 843
100 236
100 398
100 392
100 2839
100 4538
100 738
100 627
100 781
100 885
100 255
100 1149
100 233
100 1937
100 1204
100 309
100 3303
100 62
100 1618
100 2189
100 6
100 2274
100 1897
100 1238
100 3716
100 0
100 186
100 426
100 1158
100 1240
100 673
100 250
100 990
100 1971
100 1174
100 332
100 1340
100 1207
100 1669
100 515
100 1499
100 2914
100 5069
100 212
100 361
100 751
100 445
100 653
100 35
100 3637
100 601
100 575
100 78
100 588
100 1918
100 248
100 102
100 2896
100 2484
100 115
100 744
100 850
100 345
100 924
100 849
100 430
100 867
100 559
100 136
100 2739
100 15
100 1006
100 28
100 24
100 1613
100 346
100 1709
100 527
100 1430
100 1020
100 312
100 1001
100 160
100 1458
100 2220
100 1738
100 651
100 24
100 2087
100 1194
100 2695
100 58
100 2569
100 241
100 460
100 811
100 379
100 666
100 1363
100 3173
100 426
100 1176
100 438
100 1040
100 314
100 418
100 1667
100 791
100 1053
100 584
100 1614
100 253
100 204
100 206
100 1030
100 50
100 90
100 2701
100 185
100 217
100 471
100 397
100 2711
100 333
100 359
100 1257
100 274
100 2157
100 2438
100 147
100 533
100 99
100 1111
100 764
100 480
100 5667
100 541
100 1595
100 814
100 559
100 539
100 156
100 1805
100 224
100 249
100 540
100 1331
100 107
100 385
100 76
100 519
100 101
100 127
100 1214
100 801
100 58
100 2484
100 1712
100 354
100 2162
100 864
100 2252
100 708
100 521
100 1863
100 173
100 2977
100 49
100 2730
100 0
100 920
100 3814
100 4467
100 5079
100 1634
100 62
100 606
100 419
100 1393
100 318
100 189
100 361
100 229
100 192
100 325
100 247
100 1805
100 798
100 247
100 559
100 864
100 1590
100 204
100 1105
100 1217
100 1454
100 576
100 1037
100 2023
100 3085
100 5412
100 1185
100 188
100 541
100 1309
100 301
100 3730
100 263
100 671
100 1675
100 2609
100 663
100 349
100 54
100 838
100 582
100 741
100 1715
100 66
100 61
100 361
100 1252
100 313
100 1198
100 267
100 4971
100 979
100 3234
100 1253
100 280
100 3240
100 26
100 10
100 7215
100 812
100 1837
100 1319
100 1051
100 335
100 1390
100 350
100 761
100 130
100 677
100 59
100 791
100 2428
100 1096
100 1486
100 773
100 906
100 857
100 797
100 1366
100 4638
100 610
100 4073
100 195
100 48
100 227
100 675
100 263
100 846
100 563
100 36
100 990
100 1523
100 525
100 337
100 1116
100 1183
100 598
100 28
100 409
100 1266
100 5822
100 8
100 113
100 339
100 425
100 1186
100 1614
100 1440
100 193
100 45
100 93
100 1480
100 264
100 951
100 917
100 348
100 4330
100 534
100 3802
100 1194
100 195
100 539
100 838
100 752
100 2912
100 388
100 366
100 832
100 417
100 745
100 2412
100 3454
100 36
100 1050
100 2349
100 41
100 322
100 471
100 4
100 310
100 65
100 3210
100 1097
100 264
100 3945
100 1532
100 1883
100 1382
100 684
100 259
100 1052
100 1665
100 1256
100 2503
100 2807
100 1297
100 733
100 296
100 1459
100 100
100 2499
100 84
100 2043
100 480
100 1720
100 429
100 1601
100 393
100 801
100 1576
100 4401
100 1473
100 606
100 799
100 588
100 457
100 1364
100 152
100 1195
100 260
100 2686
100 1711
100 1829
100 484
100 69
100 472
100 207
100 2766
100 691
100 21
100 875
100 1185
100 2039
100 37
100 1120
100 2424
100 895
100 182
100 139
100 3813
100 186
100 90
100 737
100 363
100 22
100 1911
100 689
100 461
100 578
100 2019
100 687
100 1381
100 329
100 626
100 394
100 534
100 652
100 1102
100 2108
100 326
100 3147
100 4352
100 177
100 4244
100 367
100 1407
100 55
100 1038
100 77
100 2151
100 895
100 3349
100 3875
100 811
100 329
100 892
100 2597
100 1101
100 4498
100 356
100 3139
100 4312
100 1462
100 2148
100 657
100 1255
100 388
100 501
100 660
100 2495
100 3526
100 91
100 269
100 387
100 426
100 448
100 566
100 1544
100 22
100 609
100 2
100 4306
100 300
100 539
100 371
100 764
100 877
100 405
100 188
100 272
100 683
100 2169
100 1307
100 273
100 1146
100 533
100 436
100 904
100 1628
100 905
100 2231
100 466
100 2318
100 85
100 1708
100 986
100 1051
100 137
100 2010
100 1268
100 1118
100 3743
100 1561
100 1929
100 761
100 71
100 2391
100 1917
100 833
100 2863
100 2255
100 212
100 475
100 495
100 3281
100 2194
100 365
100 403
100 879
100 798
100 578
100 687
100 505
100 1448
100 151
100 2027
100 2288
100 911
100 3342
100 542
100 1189
100 1500
100 70
100 569
100 733
100 748
100 326
100 663
100 558
100 2093
100 3314
100 335
100 54
100 538
100 23
100 893
100 553
100 1699
100 2882
100 434
100 970
100 218
100 1830
100 1213
100 186
100 5401
100 478
100 217
100 45
100 423
100 1059
100 116
100 142
100 164
100 362
100 988
100 401
100 828
100 1611
100 89
100 206
100 421
100 4373
100 81
100 265
100 938
100 410
100 210
100 189
100 289
100 583
100 2206
100 235
100 889
100 155
100 31
100 1034
100 2068
100 1222
100 605
100 495
100 1479
100 349
100 547
100 1284
100 2014
100 659
100 2533
100 450
100 2727
100 2992
100 961
100 1518
100 1791
100 130
100 925
100 35
100 168
100 769
100 2107
100 2912
100 571
100 113
100 1074
100 629
100 419
100 65
100 907
100 1664
100 835
100 1104
100 800
100 327
100 96
100 278
100 1903
100 789
100 2010
100 2083
100 783
100 1403
100 421
100 715
100 599
100 75
100 3034
100 623
100 816
100 5205
100 1052
100 1445
100 1839
100 914
100 1307
100 2128
100 613
100 3526
100 130
100 1487
100 219
100 2043
100 1895
100 3025
100 273
100 273
100 6538
100 1984
100 787
100 1010
100 110
100 1349
100 699
100 409
100 2075
100 216
100 33
100 193
100 53
100 152
100 3356
100 4844
100 1953
100 43
100 997
100 601
100 5180
100 1428
100 1812
100 22
100 1542
100 330
100 189
100 4
100 370
100 1769
100 2603
100 77
100 81
100 1961
100 803
100 1693
100 624
100 1602
100 2303
100 185
100 757
100 1972
100 569
100 410
100 655
100 1678
100 1501
100 1461
100 3312
100 907
100 442
100 418
100 103
100 782
100 1079
100 5269
100 256
100 581
100 3439
100 2005
100 3123
100 98
100 1114
100 1665
100 1047
100 430
100 1384
100 133
100 42
100 865
100 215
100 644
100 170
100 304
100 1373
100 848
100 615
100 1079
100 1235
100 3243
100 129
100 1532
100 213
100 689
100 2100
100 188
100 2827
100 6963
100 922
100 564
100 843
100 1741
100 2725
100 328
100 1897
100 874
100 143
100 2293
100 149
100 2427
100 396
100 1323
100 48
100 2278
100 636
100 1192
100 1227
100 569
100 23
100 872
100 808
100 1011
100 2269
100 235
100 460
100 6457
100 866
100 349
100 626
100 942
100 618
100 1483
100 1307
100 571
100 377
100 749
100 436
100 814
100 725
100 2874
100 2315
100 799
100 7144
100 1157
100 2177
100 301
100 537
100 36
100 1430
100 1315
100 162
100 461
100 117
100 137
100 626
100 1043
100 971
100 1647
100 820
100 2498
100 1663
100 1458
100 206
100 859
100 3377
100 613
100 63
100 1909
100 6101
100 3029
100 2037
100 512
100 914
100 1467
100 1419
100 857
100 1221
100 1399
100 1078
100 896
100 1317
100 2008
100 588
100 2284
100 1363
100 143
100 2765
100 1143
100 2166
100 926
100 535
100 1200
100 3282
100 2706
100 818
100 751
100 78
100 1741
100 2907
100 90
100 4152
100 326
100 149
100 1082
100 846
100 891
100 468
100 249
100 2609
100 332
100 1025
100 174
100 2438
100 571
100 209
100 381
100 1215
100 1366
100 3129
100 361
100 588
100 7246
100 3689
100 31
100 465
100 1066
100 298
100 1788
100 714
100 2305
100 1479
100 1758
100 2657
100 1690
100 108
100 1102
100 877
100 2653
100 243
100 664
100 3819
100 688
100 746
100 263
100 2437
100 478
100 643
100 209
100 318
100 518
100 14
100 698
100 107
100 2392
100 1603
100 1534
100 1921
100 439
100 775
100 313
100 116
100 198
100 738
100 208
100 455
100 775
100 392
100 1041
100 350
100 672
100 612
100 4050
100 427
100 1309
100 2397
100 1280
100 574
100 644
100 330
100 2113
100 751
100 277
100 675
100 1316
100 372
100 524
100 2597
100 1254
100 254
100 1543
100 163
100 551
100 4865
100 22
100 220
100 785
100 1881
100 5008
100 97
100 907
100 908
100 921
100 234
100 880
100 1691
100 31
100 428
100 325
100 2683
100 581
100 1919
100 549
100 498
100 1018
100 2426
100 578
100 419
100 251
100 1607
100 267
100 2600
100 4075
100 235
100 4097
100 1786
100 34
100 601
100 5017
100 1790
100 416
100 797
100 829
100 1895
100 535
100 1423
100 412
100 675
100 462
100 1936
100 2394
100 4278
100 642
100 551
100 1252
100 4751
100 2767
100 736
100 1763
100 37
100 2260
100 847
100 631
100 835
100 879
100 1260
100 1599
100 885
100 283
100 1025
100 2475
100 2121
100 501
100 169
100 330
100 1367
100 759
100 1091
100 2186
100 262
100 229
100 473
100 143
100 450
100 815
100 2917
100 284
100 778
100 59
100 1942
100 2973
100 449
100 1218
100 1165
100 740
100 284
100 833
100 2579
100 855
100 1668
100 2219
100 1008
100 1642
100 466
100 511
100 206
100 18
100 915
100 977
100 3478
100 24
100 5242
100 582
100 633
100 525
100 2952
100 791
100 1419
100 286
100 3033
100 1252
100 1853
100 306
100 1500
100 1672
100 268
100 199
100 432
100 1325
100 2608
100 2327
100 1899
100 340
100 128
100 478
100 623
100 1102
100 175
100 59
100 2722
100 599
100 257
100 419
100 126
100 4077
100 78
100 771
100 193
100 3006
100 454
100 268
100 654
100 312
100 664
100 567
100 906
100 147
100 2016
100 473
100 409
100 1634
100 1114
100 1610
100 2366
100 3529
100 739
100 799
100 145
100 1662
100 158
100 1552
100 631
100 1772
100 1057
100 559
100 1099
100 434
100 45
100 953
100 37
100 291
100 1156
100 85
100 68
100 766
100 309
100 892
100 1023
100 1137
100 853
100 3005
100 1159
100 3193
100 221
100 926
100 1931
100 53
100 50
100 1670
100 2444
100 167
100 1926
100 637
100 1099
100 88
100 170
100 252
100 588
100 2100
100 720
100 4386
100 2201
100 470
100 887
100 1945
100 84
100 1349
100 414
100 420
100 1533
100 2402
100 408
100 3368
100 202
100 4063
100 1324
100 912
100 162
100 150
100 53
100 993
100 1997
100 486
100 3069
100 17
100 161
100 23
100 57
100 1230
100 1241
100 527
100 2100
100 995
100 664
100 2731
100 2108
100 2715
100 631
100 628
100 411
100 1751
100 1049
100 1169
100 457
100 2564
100 1227
100 965
100 1552
100 537
100 460
100 1023
100 178
100 1693
100 345
100 1670
100 141
100 1041
100 1227
100 1599
100 2861
100 457
100 623
100 1413
100 661
100 604
100 1134
100 193
100 251
100 737
100 541
100 1330
100 438
100 131
100 814
100 190
100 845
100 775
100 553
100 2790
100 249
100 436
100 529
100 4612
100 734
100 282
100 250
100 516
100 108
100 1317
100 678
100 3244
100 1560
100 470
100 204
100 167
100 2477
100 39
100 5991
100 740
100 181
100 1088
100 1772
100 1096
100 184
100 316
100 684
100 728
100 3144
100 1571
100 1588
100 45
100 50
100 857
100 174
100 724
100 1340
100 1074
100 1283
100 153
100 1258
100 936
100 1814
100 406
100 1757
100 1625
100 2072
100 4
100 1116
100 341
100 52
100 93
100 1237
100 414
100 2110
100 225
100 266
100 1025
100 1603
100 485
100 1640
100 1628
100 848
100 412
100 780
100 1584
100 1281
100 583
100 164
100 166
100 289
100 1880
100 914
100 250
100 692
100 322
100 125
100 4752
100 545
100 1159
100 892
100 928
100 380
100 2851
100 617
100 1269
100 139
100 952
100 748
100 1681
100 698
100 1273
100 10
100 1176
100 37
100 894
100 611
100 1172
100 347
100 628
100 1182
100 3980
100 957
100 513
100 2649
100 1852
100 1087
100 678
100 2620
100 1227
100 1755
100 185
100 86
100 2673
100 2047
100 754
100 1725
100 1267
100 492
100 186
100 775
100 644
100 1500
100 25
100 962
100 461
100 933
100 4908
100 1051
100 2184
100 1361
100 2096
100 383
100 2004
100 386
100 413
100 339
100 3211
100 556
100 3030
100 1093
100 23
100 546
100 122
100 847
100 1836
100 429
100 1614
100 5842
100 45
100 150
100 2015
100 3205
100 862
100 660
100 431
100 756
100 301
100 582
100 237
100 1503
100 3302
100 1045
100 1051
100 668
100 1585
100 529
100 2278
100 399
100 1924
100 769
100 171
100 729
100 963
100 1167
100 363
100 2030
100 1365
100 717
100 76
100 4377
100 1149
100 291
100 2108
100 1106
100 852
100 1960
100 662
100 131
100 1193
100 1518
100 1038
100 2483
100 1420
100 822
100 159
100 809
100 467
100 3353
100 840
100 313
100 265
100 506
100 747
100 1300
100 733
100 1198
100 564
100 315
100 544
100 573
100 333
100 2496
100 397
100 390
100 879
100 3808
100 395
100 1845
100 3009
100 635
100 997
100 4215
100 42
100 20
100 1202
100 415
100 925
100 4705
100 510
100 993
100 1248
100 3229
100 883
100 1784
100 122
100 1570
100 265
100 123
100 4197
100 1537
100 364
100 599
100 1013
100 354
100 402
100 302
100 932
100 2894
100 8333
100 6
100 56
100 2744
100 186
100 763
100 264
100 1284
100 902
100 590
100 1587
100 2631
100 103
100 291
100 458
100 55
100 242
100 506
100 1767
100 6
100 210
100 825
100 339
100 50
100 1667
100 203
100 471
100 24
100 143
100 610
100 2483
100 398
100 707
100 891
100 3018
100 162
100 350
100 1182
100 333
100 536
100 459
100 203
100 472
100 1288
100 1031
100 426
100 882
100 384
100 1373
100 1656
100 5594
100 754
100 133
100 732
100 170
100 182
100 4617
100 479
100 1016
100 1149
100 3257
100 870
100 454
100 301
100 693
100 393
100 473
100 93
100 522
100 2262
100 938
100 712
100 2555
100 984
100 807
100 1807
100 22
100 2694
100 875
100 1984
100 1710
100 1267
100 103
100 2547
100 760
100 357
100 715
100 541
100 2165
100 2526
100 85
100 346
100 189
100 1483
100 999
100 221
100 3930
100 417
100 579
100 3153
100 139
100 1328
100 300
100 43
100 526
100 1610
100 665
100 2352
100 877
100 2271
100 4396
100 59
100 100
100 993
100 2254
100 1110
100 58
100 336
100 1734
100 447
100 893
100 617
100 778
100 765
100 18
100 338
100 2173
100 972
100 530
100 2350
100 495
100 220
100 961
100 705
100 116
100 1018
100 998
100 930
100 1092
100 46
100 747
100 2065
100 1571
100 2102
100 834
100 140
100 84
100 913
100 696
100 204
100 1376
100 1083
100 883
100 852
100 3590
100 1141
100 471
100 342
100 487
100 3078
100 1223
100 4061
100 1599
100 493
100 978
100 156
100 1555
100 278
100 2180
100 1279
100 987
100 609
100 305
100 990
100 3656
100 309
100 295
100 1529
100 2790
100 1179
100 736
100 400
100 1984
100 444
100 2180
100 387
100 159
100 2441
100 485
100 338
100 261
100 62
100 923
100 1477
100 1373
100 6073
100 2917
100 68
100 2701
100 2724
100 1033
100 41
100 2256
100 1231
100 1631
100 1459
100 438
100 740
100 482
100 477
100 70
100 947
100 4721
100 1818
100 1109
100 597
100 601
100 377
100 1529
100 1416
100 926
100 319
100 466
100 637
100 790
100 216
100 1374
100 404
100 3935
100 1658
100 2442
100 2113
100 1014
100 61
100 1279
100 725
100 540
100 810
100 286
100 546
100 686
100 2
100 581
100 4877
100 1222
100 168
100 566
100 537
100 2058
100 2664
100 8
100 1954
100 92
100 2204
100 1313
100 1248
100 1470
100 1020
100 6960
100 2394
100 906
100 74
100 2038
100 548
100 1296
100 2485
100 51
100 826
100 2846
100 20
100 267
100 4508
100 285
100 527
100 443
100 1169
100 1267
100 528
100 56
100 454
100 262
100 17
100 1770
100 1792
100 1901
100 700
100 508
100 2126
100 2689
100 163
100 1957
100 12
100 1649
100 3811
100 1310
100 1910
100 1800
100 889
100 738
100 1183
100 3149
100 793
100 271
100 356
100 199
100 167
100 4575
100 2379
100 1495
100 2315
100 2995
100 283
100 1322
100 162
100 5443
100 1156
100 259
100 902
100 1896
100 58
100 148
100 67
100 1793
100 1746
100 425
100 1081
100 357
100 955
100 1645
100 0
100 738
100 1486
100 1346
100 306
100 40
100 1574
100 1153
100 1770
100 1874
100 1498
100 168
100 1188
100 725
100 162
100 2511
100 1563
100 767
100 191
100 274
100 1003
100 162
100 1462
100 487
100 212
100 150
100 451
100 879
100 1047
100 49
100 757
100 2411
100 683
100 868
100 22
100 622
100 592
100 299
100 1193
100 87
100 88
100 316
100 57
100 118
100 101
100 2162
100 219
100 609
100 3341
100 1351
100 1078
100 272
100 5338
100 2339
100 6284
100 1296
100 58
100 2140
100 1678
100 660
100 1265
100 104
100 1335
100 398
100 1626
100 478
100 1774
100 34
100 1629
100 1925
100 604
100 1126
100 3256
100 4006
100 678
100 774
100 971
100 291
100 234
100 1058
100 2001
100 556
100 3053
100 365
100 743
100 960
100 171
100 346
100 7
100 654
100 1083
100 19
100 1227
100 482
100 1300
100 1549
100 1516
100 1671
100 1062
100 491
100 830
100 1272
100 421
100 511
100 2882
100 539
100 3967
100 12
100 333
100 1884
100 229
100 421
100 2229
100 335
100 112
100 229
100 951
100 3864
100 644
100 1995
100 1335
100 2021
100 1971
100 516
100 2951
100 46
100 407
100 2122
100 298
100 4533
100 147
100 394
100 181
100 694
100 2062
100 1179
100 762
100 779
100 222
100 1575
100 745
100 637
100 4356
100 295
100 457
100 1102
100 169
100 854
100 470
100 320
100 168
100 1530
100 6
100 1563
100 306
100 1625
100 2776
100 97
100 1195
100 1715
100 599
100 1173
100 1105
100 535
100 1013
100 128
100 175
100 175
100 736
100 441
100 1276
100 84
100 1117
100 2550
100 756
100 131
100 2409
100 2070
100 8564
100 3916
100 210
100 647
100 1700
100 861
100 463
100 1229
100 1109
100 767
100 2047
100 749
100 708
100 372
100 1613
100 529
100 802
100 24
100 2339
100 573
100 2571
100 262
100 169
100 217
100 2294
100 2761
100 310
100 184
100 544
100 400
100 2039
100 1749
100 186
100 536
100 84
100 462
100 1636
100 2336
100 548
100 1804
100 5779
100 2064
100 266
100 2199
100 1112
100 483
100 786
100 2699
100 208
100 231
100 406
100 770
100 29
100 182
100 1202
100 988
100 949
100 56
100 14
100 302
100 720
100 684
100 1018
100 360
100 188
100 1897
100 469
100 2725
100 42
100 51
100 4569
100 4300
100 560
100 850
100 260
100 956
100 169
100 168
100 1281
100 101
100 1003
100 534
100 926
100 1266
100 1371
100 1221
100 326
100 916
100 375
100 1956
100 722
100 113
100 1115
100 366
100 90
100 451
100 1299
100 1723
100 1859
100 32
100 2473
100 739
100 1020
100 2239
100 600
100 100
100 2207
100 2294
100 631
100 93
100 195
100 1661
100 2586
100 102
100 122
100 162
100 39
100 110
100 1104
100 196
100 213
100 840
100 1746
100 193
100 1776
100 449
100 2840
100 513
100 2774
100 94
100 598
100 82
100 320
100 2528
100 1115
100 1053
100 456
100 108
100 292
100 611
100 2694
100 706
100 3549
100 386
100 224
100 498
100 2369
100 1849
100 2424
100 1289
100 221
100 170
100 179
100 1774
100 12
100 75
100 435
100 140
100 1034
100 1458
100 842
100 9
100 637
100 1110
100 48
100 1932
100 618
100 1250
100 1082
100 1047
100 1017
100 70
100 1332
100 786
100 1909
100 1469
100 2942
100 1197
100 1316
100 236
100 2118
100 2149
100 171
100 7853
100 739
100 3594
100 143
100 2864
100 2284
100 3265
100 64
100 17
100 1114
100 233
100 1871
100 2493
100 208
100 3655
100 44
100 3159
100 226
100 1097
100 13
100 741
100 719
100 889
100 299
100 858
100 1773
100 379
100 5947
100 1360
100 347
100 552
100 1384
100 2059
100 1662
100 142
100 295
100 437
100 64
100 753
100 2863
100 33
100 313
100 465
100 1300
100 58
100 133
100 366
100 563
100 465
100 717
100 2822
100 87
100 294
100 596
100 1343
100 282
100 21
100 592
100 267
100 129
100 1601
100 407
100 981
100 290
100 1646
100 121
100 295
100 2736
100 3152
100 265
100 1246
100 1026
100 975
100 434
100 400
100 690
100 1214
100 402
100 872
100 1905
100 3570
100 325
100 866
100 509
100 436
100 1331
100 626
100 506
100 361
100 1640
100 322
100 474
100 1515
100 417
100 964
100 1925
100 2150
100 2144
100 597
100 2170
100 289
100 6018
100 1686
100 1410
100 384
100 4
100 891
100 34
100 778
100 65
100 4159
100 1383
100 571
100 20
100 486
100 839
100 644
100 2129
100 182
100 1663
100 277
100 4281
100 709
100 223
100 390
100 680
100 3208
100 387
100 4601
100 394
100 1393
100 1613
100 547
100 580
100 84
100 215
100 1298
100 101
100 318
100 924
100 1089
100 994
100 3474
100 4221
100 6297
100 203
100 589
100 116
100 168
100 557
100 759
100 1553
100 415
100 6819
100 1793
100 225
100 4199
100 1595
100 244
100 42
100 24
100 174
100 661
100 898
100 55
100 1768
100 933
100 1529
100 550
100 312
100 2321
100 538
100 2923
100 2823
100 1135
100 521
100 1191
100 2013
100 489
100 410
100 333
100 377
100 1931
100 372
100 413
100 180
100 4339
100 1002
100 647
100 358
100 2674
100 812
100 694
100 45
100 142
100 2657
100 830
100 2396
100 169
100 1898
100 76
100 527
100 829
100 1599
100 1350
100 315
100 514
100 1849
100 812
100 907
100 222
100 2879
100 2479
100 806
100 1077
100 1012
100 222
100 524
100 437
100 1498
100 2224
100 680
100 251
100 730
100 32
100 253
100 772
100 2226
100 1687
100 1053
100 1004
100 3157
100 2185
100 1471
100 1781
100 512
100 1229
100 2631
100 55
100 1149
100 375
100 833
100 1149
100 2400
100 1257
100 2406
100 59
100 649
100 276
100 985
100 1411
100 1469
100 1016
100 502
100 250
100 2724
100 735
100 492
100 1405
100 3598
100 944
100 1149
100 9754
100 250
100 2008
100 3321
100 175
100 65
100 82
100 1529
100 132
100 311
100 390
100 251
100 836
100 490
100 932
100 874
100 246
100 491
100 198
100 1719
100 17
100 591
100 1045
100 3778
100 896
100 966
100 2075
100 940
100 974
100 582
100 267
100 6
100 1710
100 661
100 1919
100 615
100 470
100 827
100 428
100 710
100 3786
100 158
100 463
100 514
100 2816
100 456
100 2523
100 3661
100 46
100 813
100 1614
100 615
100 196
100 1888
100 1973
100 1925
100 384
100 11280
100 1816
100 1931
100 839
100 134
100 727
100 976
100 3395
100 32
100 78
100 98
100 406
100 1223
100 497
100 307
100 30
100 2698
100 4286
100 712
100 6042
100 62
100 1701
100 858
100 2365
100 1920
100 1285
100 59
100 746
100 658
100 359
100 693
100 533
100 70
100 2029
100 1580
100 1920
100 2055
100 2536
100 3768
100 8418
100 67
100 548
100 848
100 4181
100 18
100 3737
100 567
100 1594
100 1141
100 1403
100 2988
100 202
100 1011
100 103
100 453
100 18
100 2388
100 948
100 275
100 344
100 419
100 2248
100 204
100 123
100 370
100 559
100 473
100 39
100 673
100 636
100 1947
100 8077
100 345
100 289
100 154
100 1926
100 966
100 2314
100 1618
100 1232
100 994
100 299
100 2361
100 892
100 34
100 6386
100 607
100 625
100 253
100 202
100 56
100 963
100 1648
100 721
100 930
100 836
100 1291
100 752
100 95
100 777
100 246
100 816
100 1249
100 3954
100 617
100 3135
100 501
100 49
100 3873
100 1860
100 465
100 741
100 439
100 1206
100 1406
100 2097
100 564
100 1231
100 547
100 464
100 355
100 5469
100 1138
100 2118
100 381
100 1090
100 138
100 224
100 2322
100 1046
100 4252
100 447
100 101
100 430
100 537
100 225
100 328
100 861
100 493
100 39
100 479
100 1155
100 170
100 1640
100 1296
100 2380
100 798
100 138
100 54
100 1219
100 3509
100 2935
100 2282
100 866
100 1896
100 734
100 4919
100 1631
100 434
100 101
100 9
100 1472
100 1405
100 1317
100 603
100 35
100 2721
100 2698
100 313
100 2022
100 455
100 1381
100 4015
100 2455
100 166
100 14
100 471
100 608
100 83
100 315
100 255
100 130
100 28
100 321
100 1169
100 364
100 211
100 2240
100 1641
100 280
100 139
100 421
100 691
100 332
100 1814
100 533
100 2374
100 1324
100 1671
100 2769
100 1604
100 91
100 233
100 409
100 1138
100 404
100 1460
100 1059
100 454
100 281
100 143
100 2183
100 135
100 905
100 253
100 2456
100 333
100 905
100 1059
100 756
100 2014
100 86
100 4083
100 2199
100 1744
100 802
100 3661
100 14
100 920
100 2457
100 459
100 214
100 160
100 108
100 100
100 1145
100 3238
100 676
100 430
100 2437
100 506
100 359
100 1234
100 1606
100 1546
100 108
100 241
100 790
100 329
100 2163
100 4394
100 192
100 97
100 1868
100 484
100 22
100 1104
100 612
100 1094
100 1231
100 551
100 1007
100 2511
100 427
100 61
100 2567
100 1631
100 1592
100 691
100 28
100 2363
100 11
100 585
100 3124
100 1588
100 339
100 933
100 1866
100 970
100 862
100 490
100 20
100 336
100 131
100 441
100 1183
100 2420
100 4023
100 97
100 619
100 3695
100 1863
100 1201
100 1153
100 790
100 119
100 6074
100 241
100 0
100 301
100 937
100 2204
100 571
100 4783
100 1044
100 960
100 2274
100 243
100 1370
100 420
100 504
100 3193
100 2353
100 920
100 37
100 1571
100 40
100 45
100 488
100 822
100 580
100 210
100 752
100 584
100 4955
100 1310
100 231
100 317
100 1309
100 474
100 1645
100 403
100 1058
100 1462
100 1076
100 2047
100 1076
100 105
100 6433
100 81
100 385
100 986
100 4123
100 2210
100 1251
100 981
100 276
100 525
100 1062
100 590
100 1874
100 1221
100 2929
100 563
100 4
100 98
100 1276
100 450
100 1796
100 46
100 388
100 341
100 737
100 679
100 1066
100 742
100 471
100 1283
100 471
100 1336
100 669
100 218
100 3373
100 565
100 872
100 351
100 646
100 499
100 940
100 70
100 421
100 2399
100 542
100 719
100 142
100 145
100 138
100 1436
100 363
100 1462
100 205
100 397
100 799
100 1899
100 1319
100 643
100 1107
100 159
100 1644
100 2113
100 1032
100 96
100 3498
100 156
100 569
100 779
100 385
100 280
100 752
100 391
100 32
100 821
100 261
100 2834
100 32
100 2762
100 1675
100 957
100 237
100 399
100 413
100 1355
100 2764
100 55
100 426
100 316
100 1579
100 377
100 1036
100 335
100 7542
100 428
100 34
100 301
100 784
100 2693
100 136
100 1883
100 25
100 238
100 554
100 50
100 1355
100 936
100 557
100 1146
100 742
100 430
100 107
100 73
100 97
100 2565
100 814
100 1939
100 616
100 424
100 1023
100 744
100 290
100 1647
100 1285
100 991
100 923
100 291
100 223
100 1025
100 3542
100 997
100 844
100 3157
100 256
100 74
100 2495
100 911
100 3630
100 670
100 1007
100 2048
100 3366
100 982
100 4006
100 1193
100 825
100 100
100 1715
100 921
100 2722
100 841
100 1667
100 1019
100 565
100 1157
100 1497
100 2255
100 94
100 1167
100 79
100 916
100 708
100 229
100 1009
100 1064
100 9
100 2009
100 385
100 3940
100 1446
100 897
100 129
100 1251
100 380
100 11882
100 534
100 99
100 266
100 2213
100 255
100 1466
100 762
100 2312
100 68
100 407
100 2393
100 935
100 2272
100 223
100 1732
100 1125
100 177
100 3205
100 1316
100 483
100 148
100 1312
100 3
100 1538
100 851
100 206
100 1674
100 206
100 565
100 1318
100 4035
100 773
100 1205
100 0
100 378
100 2214
100 3009
100 2815
100 81
100 3488
100 8
100 36
100 2020
100 564
100 1651
100 879
100 2945
100 1433
100 440
100 1740
100 1345
100 853
100 238
100 1033
100 1977
100 215
100 979
100 1269
100 1494
100 249
100 529
100 1187
100 3462
100 3
100 1021
100 305
100 527
100 2151
100 2525
100 727
100 1287
100 238
100 2646
100 167
100 2
100 1679
100 680
100 5605
100 350
100 1425
100 2848
100 1337
100 296
100 826
100 2447
100 739
100 121
100 339
100 620
100 1087
100 773
100 422
100 1134
100 1121
100 188
100 174
100 1075
100 2841
100 460
100 903
100 4660
100 541
100 392
100 1662
100 1439
100 1760
100 700
100 445
100 48
100 2419
100 467
100 1546
100 181
100 399
100 2712
100 410
100 1062
100 513
100 263
100 305
100 432
100 3428
100 481
100 956
100 2092
100 445
100 399
100 517
100 1351
100 811
100 207
100 1898
100 741
100 5
100 200
100 541
100 265
100 780
100 327
100 1983
100 730
100 47
100 1
100 198
100 2773
100 2497
100 398
100 2924
100 501
100 303
100 2261
100 148
100 2729
100 946
100 119
100 848
100 2616
100 4458
100 435
100 556
100 1061
100 340
100 2815
100 465
100 456
100 45
100 3668
100 300
100 3172
100 1006
100 270
100 2328
100 2659
100 1223
100 1444
100 1763
100 3360
100 43
100 1541
100 3187
100 418
100 2153
100 1187
100 2102
100 1485
100 849
100 230
100 1137
100 342
100 658
100 2399
100 556
100 99
100 349
100 897
100 812
100 1337
100 1200
100 1393
100 332
100 665
100 713
100 340
100 39
100 1105
100 556
100 1029
100 716
100 191
100 288
100 60
100 386
100 1666
100 799
100 119
100 168
100 274
100 22
100 686
100 429
100 5366
100 590
100 553
100 524
100 2205
100 2388
100 2049
100 488
100 409
100 2402
100 1193
100 842
100 1503
100 379
100 80
100 610
100 303
100 339
100 770
100 2098
100 244
100 2546
100 27
100 293
100 1620
100 123
100 283
100 439
100 1510
100 1929
100 2304
100 2379
100 876
100 348
100 245
100 943
100 121
100 3519
100 1402
100 1955
100 118
100 1936
100 560
100 21
100 884
100 307
100 63
100 264
100 400
100 180
100 7075
100 286
100 1438
100 484
100 1085
100 2345
100 703
100 235
100 62
100 511
100 802
100 2336
100 227
100 287
100 160
100 1288
100 1739
100 686
100 2421
100 2238
100 4557
100 2279
100 229
100 1416
100 1381
100 38
100 428
100 76
100 1670
100 1190
100 1702
100 51
100 2088
100 655
100 38
100 338
100 991
100 3465
100 444
100 33
100 616
100 507
100 167
100 1927
100 178
100 400
100 3104
100 1148
100 1951
100 182
100 1876
100 1450
100 223
100 2145
100 485
100 1524
100 289
100 3989
100 450
100 870
100 198
100 662
100 652
100 511
100 1456
100 3251
100 418
100 750
100 315
100 2253
100 1090
100 621
100 960
100 935
100 1207
100 1386
100 168
100 128
100 813
100 2344
100 2355
100 434
100 985
100 1051
100 1456
100 2069
100 244
100 1118
100 438
100 787
100 4453
100 417
100 1763
100 175
100 1558
100 250
100 516
100 191
100 545
100 273
100 2547
100 1350
100 2255
100 623
100 926
100 2063
100 1353
100 877
100 870
100 2099
100 397
100 1210
100 5510
100 434
100 3394
100 379
100 916
100 1062
100 1787
100 294
100 1683
100 751
100 121
100 107
100 183
100 739
100 1134
100 85
100 461
100 4239
100 252
100 1841
100 389
100 314
100 530
100 1198
100 2189
100 26
100 870
100 628
100 302
100 132
100 215
100 860
100 181
100 112
100 361
100 233
100 550
100 464
100 1170
100 691
100 160
100 1685
100 807
100 1384
100 97
100 624
100 848
100 378
100 1344
100 720
100 461
100 316
100 100
100 188
100 716
100 715
100 794
100 239
100 169
100 952
100 2522
100 347
100 444
100 254
100 72
100 1092
100 1324
100 266
100 3773
100 2859
100 104
100 443
100 1068
100 174
100 673
100 969
100 927
100 933
100 905
100 3
100 75
100 2889
100 1783
100 1819
100 445
100 1449
100 481
100 1190
100 2298
100 538
100 489
100 430
100 72
100 821
100 1499
100 781
100 1802
100 87
100 2150
100 744
100 601
100 879
100 1031
100 2672
100 249
100 545
100 1473
100 242
100 789
100 1022
100 928
100 628
100 412
100 1047
100 487
100 3076
100 459
100 1841
100 1201
100 369
100 455
100 674
100 1117
100 1760
100 2813
100 213
100 675
100 1206
100 442
100 310
100 367
100 1269
100 2556
100 568
100 46
100 170
100 1945
100 255
100 1086
100 237
100 568
100 4
100 121
100 108
100 451
100 129
100 975
100 1521
100 1290
100 439
100 2547
100 1893
100 474
100 696
100 2347
100 422
100 1615
100 839
100 115
100 157
100 622
100 291
100 251
100 562
100 219
100 306
100 423
100 5747
100 1515
100 2264
100 1752
100 884
100 100
100 2806
100 545
100 155
100 236
100 680
100 554
100 875
100 2774
100 1499
100 2
100 285
100 86
100 38
100 517
100 1330
100 40
100 1008
100 2912
100 1147
100 623
100 137
100 25
100 1229
100 3165
100 298
100 1813
100 1791
100 2372
100 3775
100 3498
100 1160
100 352
100 522
100 1693
100 851
100 392
100 49
100 849
100 696
100 862
100 1064
100 520
100 1315
100 0
100 747
100 270
100 1079
100 7
100 1717
100 2697
100 450
100 434
100 390
100 427
100 1397
100 801
100 44
100 905
100 1265
100 1533
100 30
100 3439
100 1470
100 116
100 1904
100 46
100 361
100 653
100 2469
100 2900
100 237
100 1897
100 318
100 1470
100 445
100 510
100 306
100 939
100 1182
100 3407
100 908
100 1122
100 39
100 172
100 489
100 4583
100 549
100 1151
100 117
100 1620
100 1925
100 51
100 4098
100 96
100 657
100 1998
100 571
100 383
100 2741
100 1572
100 3778
100 2001
100 1097
100 33
100 538
100 303
100 1475
100 1845
100 3816
100 791
100 2404
100 1821
100 1286
100 1260
100 962
100 352
100 1216
100 2035
100 1025
100 967
100 6649
100 83
100 1914
100 1055
100 1037
100 4032
100 607
100 1421
100 200
100 331
100 623
100 1427
100 197
100 4162
100 1508
100 1039
100 101
100 228
100 535
100 539
100 3667
100 1488
100 496
100 1236
100 58
100 1064
100 860
100 282
100 1708
100 109
100 1510
100 354
100 1601
100 267
100 795
100 93
100 693
100 2288
100 1815
100 492
100 1569
100 602
100 1376
100 2297
100 1600
100 1019
100 743
100 3434
100 807
100 2778
100 1033
100 513
100 53
100 499
100 989
100 673
100 992
100 1674
100 432
100 584
100 1128
100 828
100 132
100 839
100 562
100 100
100 2927
100 5452
100 1370
100 574
100 862
100 202
100 6279
100 193
100 137
100 2071
100 343
100 2421
100 2473
100 307
100 2075
100 1529
100 108
100 768
100 292
100 249
100 2423
100 332
100 214
100 1320
100 1937
100 2255
100 3581
100 2099
100 1348
100 442
100 891
100 1117
100 11
100 669
100 1452
100 3223
100 686
100 1173
100 1434
100 116
100 1190
100 1399
100 571
100 499
100 367
100 2937
100 6036
100 924
100 211
100 1528
100 2613
100 4472
100 168
100 2080
100 237
100 723
100 362
100 2057
100 787
100 3712
100 1983
100 848
100 722
100 324
100 892
100 744
100 93
100 224
100 1465
100 1886
100 275
100 3865
100 89
100 1112
100 331
100 1418
100 936
100 2672
100 3245
100 322
100 605
100 554
100 94
100 714
100 988
100 532
100 808
100 5903
100 901
100 817
100 10
100 710
100 2663
100 717
100 303
100 1180
100 150
100 2085
100 868
100 450
100 1949
100 3154
100 638
100 46
100 5163
100 352
100 627
100 2380
100 56
100 2575
100 108
100 51
100 479
100 2087
100 2911
100 496
100 65
100 43
100 47
100 75
100 2054
100 1517
100 862
100 785
100 3014
100 862
100 2132
100 41
100 739
100 422
100 734
100 411
100 346
100 1046
100 988
100 1123
100 1423
100 29
100 678
100 2594
100 520
100 393
100 216
100 886
100 83
100 485
100 433
100 681
100 822
100 69
100 2789
100 5153
100 1
100 3727
100 647
100 1794
100 1520
100 6902
100 120
100 530
100 833
100 189
100 504
100 547
100 1515
100 235
100 81
100 2384
100 1034
100 391
100 527
100 275
100 181
100 362
100 110
100 754
100 960
100 3751
100 828
100 2535
100 1088
100 6073
100 160
100 164
100 92
100 93
100 20
100 25
100 209
100 2681
100 259
100 3926
100 1006
100 3117
100 77
100 1304
100 122
100 595
100 526
100 202
100 98
100 1491
100 3116
100 773
100 1129
100 1185
100 85
100 3075
100 1476
100 1676
100 2123
100 2359
100 661
100 754
100 524
100 629
100 662
100 1284
100 1111
100 518
100 708
100 658
100 137
100 619
100 122
100 692
100 1379
100 1654
100 1624
100 1648
100 763
100 1587
100 209
100 23
100 618
100 768
100 1010
100 467
100 7
100 72
100 126
100 860
100 48
100 5005
100 2758
100 1826
100 1764
100 1895
100 2078
100 14
100 521
100 905
100 63
100 2371
100 894
100 1870
100 1278
100 742
100 3719
100 190
100 1197
100 520
100 739
100 1009
100 2711
100 377
100 604
100 11
100 2273
100 211
100 111
100 2189
100 778
100 676
100 945
100 836
100 4218
100 11
100 1011
100 128
100 742
100 464
100 1948
100 121
100 398
100 183
100 2905
100 603
100 122
100 493
100 649
100 374
100 78
100 1578
100 484
100 659
100 809
100 162
100 529
100 208
100 555
100 80
100 189
100 576
100 379
100 546
100 644
100 15
100 2494
100 258
100 1830
100 917
100 2327
100 4216
100 1108
100 2899
100 872
100 327
100 463
100 3807
100 382
100 748
100 238
100 451
100 528
100 476
100 2812
100 637
100 560
100 281
100 1518
100 1019
100 1966
100 157
100 1511
100 615
100 842
100 1632
100 371
100 404
100 1493
100 442
100 147
100 1057
100 985
100 1009
100 705
100 992
100 198
100 127
100 1987
100 2065
100 2190
100 18
100 395
100 115
100 2602
100 407
100 396
100 3365
100 285
100 132
100 990
100 1085
100 61
100 2375
100 442
100 524
100 855
100 946
100 1223
100 11
100 95
100 247
100 1149
100 127
100 1772
100 207
100 89
100 581
100 313
100 509
100 358
100 640
100 545
100 263
100 383
100 2032
100 219
100 964
100 2091
100 250
100 387
100 382
100 1367
100 2096
100 527
100 108
100 686
100 612
100 576
100 473
100 272
100 1245
100 2128
100 3515
100 782
100 2680
100 909
100 215
100 1000
100 895
100 302
100 835
100 286
100 3811
100 765
100 62
100 1069
100 840
100 237
100 603
100 795
100 40
100 21
100 1542
100 352
100 1566
100 1116
100 2748
100 561
100 583
100 1764
100 2534
100 628
100 74
100 1469
100 1698
100 5527
100 112
100 3007
100 78
100 124
100 1426
100 1238
100 646
100 720
100 129
100 3715
100 3827
100 2067
100 2019
100 1152
100 802
100 590
100 41
100 21
100 711
100 1574
100 714
100 941
100 619
100 70
100 2713
100 652
100 450
100 1802
100 180
100 1551
100 413
100 2061
100 4882
100 71
100 2314
100 868
100 290
100 411
100 317
100 2870
100 29
100 1040
100 130
100 1257
100 1121
100 275
100 1128
100 764
100 3772
100 279
100 914
100 1361
100 591
100 1699
100 92
100 884
100 106
100 295
100 2343
100 3203
100 1418
100 81
100 567
100 5686
100 235
100 623
100 1410
100 1742
100 1102
100 6948
100 90
100 203
100 887
100 1643
100 300
100 535
100 124
100 4782
100 344
100 1459
100 898
100 599
100 297
100 18
100 98
100 278
100 600
100 68
100 2502
100 466
100 241
100 1205
100 4323
100 1977
100 1005
100 837
100 2814
100 14
100 668
100 936
100 3249
100 1051
100 301
100 2321
100 168
100 271
100 1153
100 2925
100 546
100 2451
100 781
100 1892
100 1529
100 1250
100 592
100 2843
100 1692
100 315
100 1140
100 1476
100 4400
100 898
100 491
100 993
100 3115
100 842
100 2837
100 2161
100 550
100 1286
100 226
100 2074
100 4519
100 1711
100 792
100 845
100 565
100 269
100 5528
100 320
100 1782
100 2265
100 5415
100 11
100 2579
100 107
100 1193
100 975
100 357
100 1024
100 68
100 1642
100 2149
100 495
100 2119
100 183
100 51
100 305
100 1233
100 1071
100 385
100 885
100 2995
100 782
100 223
100 1076
100 853
100 6139
100 2092
100 115
100 282
100 2484
100 1877
100 2064
100 1893
100 3556
100 1031
100 1475
100 133
100 1349
100 661
100 4813
100 646
100 2036
100 899
100 235
100 2560
100 1505
100 2127
100 1108
100 139
100 283
100 1472
100 448
100 696
100 5629
100 279
100 401
100 1591
100 204
100 3297
100 815
100 953
100 118
100 1771
100 300
100 79
100 2227
100 543
100 128
100 315
100 189
100 175
100 336
100 114
100 2337
100 1096
100 777
100 827
100 70
100 521
100 732
100 4209
100 1096
100 2846
100 106
100 883
100 65
100 488
100 225
100 3164
100 1845
100 243
100 2159
100 309
100 969
100 375
100 335
100 407
100 3754
100 3526
100 1564
100 1382
100 936
100 2100
100 211
100 1690
100 376
100 724
100 2773
100 72
100 251
100 390
100 469
100 265
100 3661
100 734
100 1450
100 5213
100 674
100 235
100 433
100 22
100 847
100 915
100 6939
100 749
100 2627
100 1000
100 1173
100 561
100 3
100 657
100 616
100 96
100 2846
100 384
100 826
100 722
100 222
100 9
100 3591
100 282
100 185
100 3671
100 2400
100 238
100 539
100 1732
100 2963
100 1320
100 319
100 4750
100 860
100 1867
100 2177
100 1833
100 565
100 1372
100 223
100 1635
100 100
100 1637
100 1262
100 2239
100 517
100 237
100 396
100 915
100 665
100 27
100 739
100 112
100 3984
100 325
100 1417
100 921
100 568
100 1270
100 2883
100 2708
100 1322
100 830
100 2611
100 73
100 1792
100 951
100 644
100 548
100 458
100 164
100 1251
100 1028
100 992
100 961
100 324
100 672
100 2369
100 2672
100 462
100 4066
100 987
100 364
100 1721
100 2106
100 637
100 2242
100 766
100 150
100 1520
100 542
100 772
100 277
100 2024
100 401
100 55
100 2383
100 468
100 403
100 455
100 686
100 1218
100 883
100 134
100 541
100 1374
100 395
100 627
100 1030
100 863
100 440
100 2269
100 404
100 966
100 1351
100 1426
100 620
100 485
100 8629
100 865
100 239
100 4195
100 3041
100 2266
100 1284
100 582
100 231
100 1991
100 155
100 23
100 204
100 355
100 635
100 613
100 1628
100 4164
100 3651
100 2457
100 810
100 2043
100 2069
100 1420
100 953
100 716
100 302
100 1153
100 3368
100 4876
100 128
100 2113
100 1194
100 1114
100 417
100 680
100 104
100 568
100 1459
100 3155
100 1871
100 1618
100 949
100 202
100 522
100 1009
100 801
100 751
100 24
100 1447
100 462
100 3429
100 1441
100 1411
100 213
100 214
100 1331
100 965
100 304
100 163
100 1294
100 1587
100 2686
100 275
100 342
100 1516
100 259
100 2393
100 3539
100 2005
100 101
100 1321
100 1639
100 372
100 448
100 554
100 717
100 556
100 700
100 1066
100 318
100 5881
100 1339
100 2531
100 400
100 251
100 35
100 914
100 585
100 1751
100 64
100 681
100 743
100 2161
100 910
100 9
100 186
100 1023
100 678
100 401
100 1576
100 674
100 1836
100 2665
100 1275
100 1394
100 143
100 1630
100 2471
100 1187
100 274
100 1462
100 1018
100 701
100 114
100 549
100 115
100 1116
100 1072
100 1351
100 239
100 127
100 271
100 2169
100 206
100 1878
100 850
100 616
100 2639
100 239
100 226
100 542
100 5022
100 4935
100 85
100 1104
100 4
100 929
100 716
100 515
100 334
100 5139
100 1877
100 30
100 952
100 352
100 2190
100 287
100 828
100 1061
100 2
100 3298
100 889
100 604
100 63
100 2136
100 4544
100 321
100 194
100 1172
100 1933
100 196
100 156
100 1234
100 1273
100 805
100 2379
100 884
100 223
100 193
100 840
100 4920
100 77
100 179
100 207
100 1375
100 1382
100 1191
100 751
100 724
100 217
100 1295
100 1607
100 896
100 668
100 629
100 1089
100 2900
100 1916
100 548
100 1650
100 176
100 387
100 1422
100 3101
100 685
100 259
100 832
100 529
100 101
100 4170
100 301
100 522
100 168
100 229
100 315
100 656
100 82
100 105
100 2677
100 1218
100 1243
100 171
100 12622
100 1307
100 1000
100 2914
100 317
100 118
100 1204
100 957
100 1283
100 704
100 5172
100 1053
100 665
100 328
100 2092
100 1058
100 630
100 2165
100 2375
100 392
100 1606
100 2207
100 1427
100 1794
100 1205
100 140
100 452
100 749
100 594
100 2586
100 150
100 2424
100 496
100 1713
100 1219
100 670
100 242
100 465
100 1191
100 2055
100 284
100 102
100 605
100 1222
100 666
100 4917
100 675
100 871
100 1073
100 254
100 72
100 287
100 82
100 484
100 1119
100 1489
100 333
100 1131
100 1093
100 901
100 285
100 478
100 457
100 3236
100 154
100 6634
100 448
100 1377
100 879
100 1422
100 561
100 28
100 1832
100 990
100 865
100 1095
100 689
100 978
100 2447
100 2152
100 721
100 1343
100 878
100 1077
100 839
100 1644
100 192
100 343
100 233
100 24
100 292
100 337
100 322
100 865
100 524
100 1382
100 230
100 1174
100 305
100 2985
100 1423
100 713
100 335
100 204
100 2798
100 338
100 580
100 763
100 2597
100 586
100 1930
100 1320
100 419
100 722
100 236
100 530
100 739
100 19
100 75
100 1
100 1555
100 268
100 1453
100 9
100 1618
100 207
100 506
100 4919
100 4345
100 555
100 830
100 298
100 882
100 609
100 736
100 2321
100 1634
100 2914
100 1150
100 924
100 2619
100 250
100 2953
100 872
100 979
100 761
100 2200
100 90
100 2366
100 649
100 3436
100 157
100 1645
100 170
100 639
100 1107
100 94
100 1684
100 1856
100 339
100 2320
100 2413
100 858
100 749
100 284
100 369
100 3274
100 3304
100 355
100 26
100 386
100 1055
100 261
100 984
100 756
100 472
100 645
100 356
100 2510
100 943
100 1021
100 891
100 1189
100 985
100 595
100 642
100 691
100 4148
100 149
100 187
100 7
100 283
100 1549
100 3994
100 662
100 952
100 1648
100 61
100 339
100 166
100 1137
100 1117
100 203
100 705
100 1747
100 1415
100 2487
100 851
100 419
100 1307
100 98
100 762
100 39
100 834
100 35
100 270
100 251
100 669
100 583
100 351
100 381
100 2579
100 2406
100 1759
100 2542
100 420
100 766
100 2084
100 252
100 3153
100 446
100 726
100 502
100 1430
100 1287
100 1416
100 800
100 1882
100 805
100 450
100 3013
100 450
100 2663
100 2148
100 1209
100 3101
100 886
100 1747
100 3691
100 18
100 329
100 471
100 1648
100 1518
100 331
100 1368
100 203
100 1709
100 3544
100 1008
100 3164
100 1466
100 337
100 1561
100 298
100 561
100 246
100 1922
100 690
100 1464
100 985
100 1574
100 63
100 164
100 250
100 613
100 171
100 1780
100 416
100 585
100 2982
100 607
100 607
100 308
100 1025
100 2957
100 952
100 829
100 926
100 1027
100 57
100 80
100 367
100 152
100 545
100 485
100 2461
100 70
100 543
100 514
100 297
100 1134
100 188
100 291
100 200
100 1537
100 323
100 1266
100 254
100 70
100 2216
100 63
100 3008
100 477
100 140
100 1464
100 74
100 302
100 1228
100 610
100 4696
100 1194
100 109
100 6269
100 359
100 888
100 1336
100 1802
100 3529
100 720
100 1344
100 135
100 72
100 584
100 435
100 1893
100 347
100 702
100 290
100 501
100 1
100 463
100 934
100 1490
100 78
100 1016
100 1558
100 1984
100 881
100 2338
100 1219
100 278
100 991
100 19
100 177
100 4095
100 506
100 2733
100 879
100 18
100 833
100 365
100 529
100 1723
100 813
100 1728
100 141
100 1283
100 884
100 602
100 3100
100 23
100 326
100 1725
100 1806
100 574
100 527
100 136
100 27
100 24
100 1370
100 234
100 1314
100 663
100 518
100 641
100 379
100 176
100 1494
100 359
100 787
100 2037
100 113
100 459
100 1752
100 1934
100 3992
100 182
100 887
100 3386
100 440
100 2451
100 226
100 564
100 175
100 1813
100 864
100 4466
100 41
100 4790
100 555
100 158
100 2957
100 2998
100 102
100 1614
100 3495
100 1883
100 119
100 2243
100 1327
100 936
100 1381
100 270
100 2131
100 2130
100 1290
100 231
100 102
100 721
100 839
100 3591
100 1335
100 568
100 241
100 111
100 285
100 846
100 109
100 57
100 95
100 2250
100 1620
100 2139
100 3272
100 1029
100 898
100 430
100 782
100 1808
100 383
100 3180
100 135
100 906
100 517
100 1462
100 439
100 722
100 2485
100 44
100 534
100 231
100 255
100 740
100 764
100 695
100 543
100 118
100 35
100 556
100 124
100 1801
100 124
100 696
100 674
100 2175
100 2397
100 784
100 2933
100 291
100 23
100 8
100 1735
100 5974
100 1833
100 139
100 2767
100 2
100 1068
100 63
100 1467
100 4821
100 204
100 900
100 795
100 2450
100 999
100 1453
100 2627
100 1561
100 532
100 404
100 576
100 1102
100 2125
100 850
100 468
100 50
100 408
100 981
100 368
100 1190
100 93
100 2347
100 139
100 2115
100 971
100 3329
100 878
100 1735
100 468
100 4170
100 459
100 390
100 76
100 1570
100 4596
100 3532
100 715
100 1684
100 311
100 3240
100 318
100 2319
100 935
100 1893
100 1211
100 511
100 794
100 1284
100 170
100 533
100 561
100 523
100 547
100 180
100 8
100 348
100 852
100 1946
100 81
100 293
100 316
100 2843
100 921
100 387
100 1030
100 3532
100 544
100 2264
100 1588
100 1532
100 123
100 3958
100 672
100 3938
100 100
100 886
100 93
100 2025
100 288
100 1234
100 276
100 3240
100 2831
100 4606
100 99
100 951
100 778
100 1145
100 2244
100 550
100 1510
100 249
100 1266
100 485
100 495
100 1156
100 844
100 1137
100 1495
100 4066
100 137
100 1129
100 642
100 160
100 1741
100 490
100 3649
100 1926
100 48
100 3498
100 149
100 1958
100 34
100 389
100 2671
100 163
100 575
100 820
100 1758
100 2044
100 308
100 0
100 1419
100 324
100 90
100 907
100 2252
100 2611
100 2414
100 1325
100 181
100 1209
100 182
100 1494
100 3943
100 2663
100 345
100 985
100 133
100 1648
100 333
100 99
100 1950
100 2085
100 291
100 1092
100 2174
100 1702
100 712
100 262
100 547
100 221
100 37
100 43
100 215
100 1494
100 2809
100 85
100 1774
100 5660
100 2341
100 705
100 1962
100 3617
100 1913
100 13
100 148
100 432
100 108
100 1157
100 642
100 149
100 899
100 2712
100 1591
100 448
100 1488
100 644
100 2404
100 1700
100 1440
100 3064
100 1980
100 336
100 666
100 1637
100 105
100 330
100 158
100 1625
100 66
100 290
100 2494
100 528
100 1127
100 1243
100 1188
100 308
100 1322
100 322
100 89
100 9
100 1289
100 485
100 1853
100 2394
100 1242
100 1871
100 79
100 36
100 828
100 316
100 1255
100 838
100 1081
100 346
100 377
100 55
100 134
100 1490
100 229
100 729
100 267
100 746
100 461
100 2020
100 15
100 1819
100 1235
100 1977
100 82
100 63
100 1439
100 139
100 1805
100 115
100 854
100 93
100 837
100 1646
100 328
100 1014
100 4279
100 2617
100 637
100 1109
100 199
100 140
100 345
100 274
100 152
100 2370
100 70
100 636
100 2774
100 2483
100 380
100 1195
100 199
100 1618
100 1076
100 2554
100 2153
100 327
100 111
100 671
100 212
100 387
100 1942
100 1692
100 527
100 136
100 29
100 119
100 93
100 1394
100 768
100 625
100 2806
100 1874
100 471
100 605
100 332
100 3421
100 1145
100 1097
100 2830
100 2597
100 1589
100 2907
100 231
100 3266
100 510
100 816
100 405
100 3271
100 97
100 143
100 1963
100 4993
100 909
100 1443
100 2929
100 628
100 2676
100 427
100 302
100 2439
100 3415
100 223
100 0
100 3325
100 1009
100 192
100 672
100 192
100 1051
100 1899
100 1324
100 593
100 303
100 224
100 1272
100 605
100 266
100 541
100 521
100 995
100 1447
100 317
100 105
100 405
100 149
100 1483
100 563
100 1539
100 1139
100 2184
100 4656
100 925
100 1507
100 654
100 224
100 85
100 236
100 226
100 1007
100 1171
100 717
100 1802
100 446
100 809
100 1218
100 946
100 218
100 1357
100 1137
100 734
100 829
100 1361
100 324
100 1374
100 491
100 813
100 1589
100 13
100 828
100 588
100 842
100 375
100 2356
100 103
100 3266
100 1381
100 1272
100 1499
100 433
100 1052
100 99
100 195
100 597
100 1301
100 1488
100 882
100 806
100 2493
100 480
100 260
100 1455
100 253
100 1394
100 426
100 4345
100 2022
100 2099
100 683
100 454
100 111
100 1108
100 2255
100 1310
100 811
100 333
100 231
100 286
100 817
100 120
100 1885
100 869
100 2808
100 1848
100 172
100 7
100 1724
100 1427
100 1979
100 920
100 198
100 1574
100 2453
100 765
100 1431
100 382
100 232
100 6390
100 1937
100 295
100 1127
100 1217
100 346
100 531
100 519
100 5625
100 1288
100 147
100 895
100 825
100 427
100 1137
100 1353
100 844
100 3726
100 697
100 3
100 378
100 491
100 3308
100 139
100 6297
100 25
100 250
100 456
100 653
100 1218
100 150
100 530
100 1649
100 6592
100 90
100 202
100 2176
100 1293
100 28
100 2558
100 1193
100 439
100 495
100 12
100 731
100 1084
100 696
100 569
100 1181
100 1834
100 534
100 1748
100 474
100 131
100 5743
100 2700
100 847
100 173
100 532
100 55
100 546
100 1269
100 1125
100 489
100 283
100 1144
100 439
100 193
100 460
100 168
100 793
100 2812
100 237
100 539
100 1533
100 480
100 568
100 333
100 1462
100 197
100 26
100 1667
100 796
100 69
100 1654
100 318
100 109
100 11
100 1005
100 1311
100 1142
100 2790
100 578
100 943
100 1403
100 1104
100 1226
100 988
100 576
100 2076
100 489
100 363
100 641
100 380
100 1496
100 2295
100 55
100 3497
100 1633
100 799
100 6976
100 5007
100 51
100 126
100 1225
100 3270
100 790
100 1998
100 665
100 3105
100 107
100 350
100 1596
100 2593
100 1284
100 1109
100 1030
100 546
100 2425
100 1207
100 1912
100 657
100 1198
100 973
100 66
100 2212
100 715
100 2611
100 3163
100 2653
100 1074
100 1270
100 1855
100 943
100 1103
100 751
100 2681
100 246
100 1000
100 995
100 622
100 4381
100 1613
100 395
100 154
100 43
100 354
100 788
100 2744
100 170
100 845
100 467
100 339
100 424
100 407
100 2115
100 533
100 30
100 391
100 1637
100 365
100 1029
100 161
100 478
100 315
100 241
100 525
100 1380
100 2037
100 82
100 2858
100 201
100 1782
100 1238
100 5422
100 222
100 92
100 1698
100 2579
100 1275
100 299
100 8
100 2061
100 1389
100 404
100 1119
100 704
100 655
100 266
100 1494
100 1034
100 2283
100 1057
100 659
100 41
100 579
100 519
100 355
100 218
100 77
100 494
100 646
100 741
100 1120
100 1947
100 153
100 2088
100 1593
100 99
100 466
100 1796
100 2097
100 1591
100 1042
100 1032
100 1141
100 1538
100 3493
100 1798
100 807
100 260
100 2218
100 462
100 883
100 87
100 365
100 1809
100 209
100 203
100 128
100 48
100 3637
100 324
100 2128
100 192
100 2057
100 468
100 1633
100 4032
100 309
100 1917
100 1978
100 1704
100 919
100 196
100 208
100 436
100 1361
100 131
100 202
100 690
100 1667
100 1641
100 736
100 779
100 1449
100 3947
100 3558
100 904
100 4320
100 469
100 175
100 3300
100 1766
100 347
100 286
100 38
100 1041
100 759
100 94
100 420
100 2238
100 925
100 456
100 87
100 945
100 8553
100 196
100 271
100 1026
100 374
100 1100
100 3505
100 2678
100 3230
100 279
100 218
100 1590
100 425
100 30
100 330
100 188
100 3107
100 1287
100 3989
100 175
100 127
100 56
100 512
100 957
100 660
100 94
100 2474
100 1782
100 647
100 1562
100 1801
100 700
100 2652
100 247
100 1927
100 36
100 1170
100 992
100 1042
100 641
100 2183
100 168
100 1140
100 336
100 392
100 90
100 566
100 302
100 141
100 1299
100 1210
100 424
100 153
100 191
100 2391
100 934
100 2264
100 3440
100 1719
100 197
100 906
100 577
100 1360
100 331
100 175
100 750
100 456
100 2889
100 3165
100 911
100 1099
100 1507
100 1774
100 439
100 1929
100 2200
100 483
100 204
100 468
100 2474
100 42
100 89
100 4
100 549
100 1251
100 324
100 218
100 1510
100 1020
100 218
100 584
100 0
100 208
100 5
100 437
100 1658
100 1806
100 659
100 638
100 312
100 946
100 14
100 300
100 929
100 2275
100 383
100 546
100 297
100 1222
100 202
100 4464
100 804
100 390
100 730
100 4608
100 575
100 1181
100 283
100 3989
100 660
100 54
100 72
100 585
100 2001
100 697
100 840
100 511
100 481
100 2744
100 3540
100 2308
100 5
100 746
100 435
100 2430
100 574
100 1723
100 142
100 4145
100 2429
100 1190
100 3119
100 1565
100 2707
100 689
100 256
100 847
100 3253
100 121
100 1060
100 120
100 2980
100 659
100 1360
100 4656
100 443
100 111
100 85
100 2397
100 2123
100 1188
100 2403
100 1171
100 160
100 1260
100 17
100 240
100 727
100 2909
100 1814
100 5252
100 1851
100 4958
100 589
100 669
100 960
100 589
100 433
100 1195
100 1118
100 441
100 2764
100 68
100 88
100 291
100 1101
100 3241
100 1779
100 956
100 2040
100 2205
100 1582
100 2456
100 936
100 920
100 332
100 2036
100 1040
100 710
100 3022
100 33
100 712
100 2988
100 97
100 29
100 694
100 763
100 677
100 1201
100 2243
100 248
100 1496
100 2710
100 1254
100 698
100 483
100 205
100 70
100 1761
100 3423
100 661
100 1929
100 1884
100 1769
100 1137
100 920
100 4571
100 5929
100 800
100 3544
100 260
100 63
100 357
100 1762
100 827
100 1569
100 381
100 2156
100 368
100 748
100 2601
100 27
100 366
100 1082
100 1131
