100 32
100 111
100 732
100 315
100 589
100 367
100 128
100 368
100 388
100 794
100 477
100 265
100 691
100 748
100 20
100 999
100 364
100 44
100 253
100 69
100 49
100 335
100 256
100 72
100 233
100 418
100 29
100 245
100 654
100 289
100 237
100 540
100 616
100 233
100 293
100 611
100 76
100 344
100 88
100 45
100 1160
100 6
100 166
100 603
100 96
100 220
100 14
100 122
100 339
100 609
100 374
100 34
100 962
100 56
100 75
100 971
100 223
100 533
100 497
100 124
100 178
100 785
100 1088
100 426
100 512
100 1160
100 38
100 299
100 530
100 3
100 101
100 264
100 273
100 758
100 543
100 119
100 379
100 213
100 106
100 219
100 487
100 502
100 992
100 1198
100 290
100 324
100 79
100 203
100 352
100 386
100 24
100 396
100 380
100 365
100 67
100 268
100 450
100 45
100 462
100 246
100 390
100 47
100 1084
100 769
100 458
100 29
100 337
100 163
100 487
100 24
100 237
100 179
100 28
100 1001
100 156
100 18
100 114
100 383
100 0
100 60
100 201
100 199
100 1065
100 170
100 299
100 153
100 920
100 204
100 491
100 61
100 78
100 666
100 115
100 107
100 12
100 105
100 178
100 606
100 886
100 75
100 187
100 56
100 137
100 417
100 204
100 154
100 534
100 660
100 189
100 949
100 1340
100 12
100 1273
100 162
100 281
100 340
100 1056
100 288
100 1105
100 1007
100 985
100 57
100 19
100 612
100 139
100 407
100 62
100 299
100 392
100 612
100 531
100 196
100 191
100 340
100 1818
100 128
100 400
100 387
100 348
100 166
100 377
100 178
100 719
100 229
100 537
100 252
100 72
100 340
100 140
100 246
100 376
100 123
100 843
100 435
100 204
100 487
100 425
100 746
100 42
100 920
100 684
100 492
100 78
100 15
100 717
100 69
100 326
100 814
100 732
100 540
100 369
100 246
100 382
100 34
100 848
100 492
100 447
100 914
100 102
100 500
100 93
100 63
100 867
100 66
100 397
100 277
100 276
100 175
100 201
100 1210
100 150
100 614
100 494
100 1520
100 823
100 581
100 616
100 1924
100 231
100 458
100 822
100 623
100 550
100 326
100 210
100 87
100 321
100 197
100 568
100 210
100 484
100 15
100 438
100 32
100 58
100 85
100 114
100 1587
100 519
100 13
100 190
100 168
100 284
100 1375
100 171
100 313
100 203
100 806
100 104
100 1566
100 450
100 337
100 195
100 123
100 546
100 186
100 596
100 22
100 176
100 794
100 391
100 75
100 121
100 387
100 129
100 515
100 355
100 26
100 310
100 113
100 86
100 220
100 1644
100 193
100 442
100 1071
100 275
100 245
100 153
100 65
100 38
100 116
100 100
100 20
100 185
100 119
100 7
100 433
100 502
100 414
100 277
100 1961
100 220
100 342
100 38
100 493
100 669
100 1765
100 94
100 326
100 15
100 810
100 1967
100 282
100 129
100 553
100 375
100 1914
100 679
100 351
100 75
100 650
100 412
100 68
100 315
100 399
100 554
100 4
100 214
100 227
100 298
100 109
100 81
100 111
100 264
100 418
100 600
100 146
100 414
100 147
100 456
100 41
100 213
100 113
100 882
100 216
100 221
100 286
100 1877
100 1263
100 97
100 3
100 273
100 15
100 250
100 57
100 485
100 517
100 389
100 147
100 716
100 72
100 13
100 633
100 1181
100 18
100 411
100 771
100 28
100 218
100 69
100 61
100 526
100 120
100 408
100 1044
100 100
100 91
100 451
100 643
100 507
100 154
100 1079
100 520
100 1000
100 448
100 30
100 377
100 347
100 191
100 354
100 275
100 1097
100 74
100 130
100 15
100 569
100 8
100 24
100 376
100 341
100 202
100 229
100 149
100 272
100 1143
100 437
100 45
100 434
100 60
100 68
100 773
100 212
100 306
100 200
100 357
100 53
100 69
100 167
100 585
100 120
100 156
100 482
100 145
100 319
100 338
100 604
100 43
100 1620
100 482
100 72
100 356
100 17
100 1478
100 297
100 296
100 702
100 216
100 212
100 9
100 225
100 38
100 275
100 224
100 294
100 353
100 1602
100 159
100 14
100 1026
100 25
100 90
100 167
100 345
100 318
100 335
100 386
100 62
100 253
100 180
100 2
100 69
100 176
100 198
100 96
100 640
100 759
100 164
100 541
100 1263
100 408
100 332
100 611
100 404
100 127
100 1076
100 69
100 105
100 11
100 508
100 281
100 496
100 611
100 73
100 468
100 131
100 1058
100 264
100 185
100 183
100 72
100 454
100 103
100 243
100 220
100 311
100 534
100 39
100 41
100 1446
100 603
100 78
100 250
100 99
100 120
100 1210
100 344
100 238
100 25
100 296
100 124
100 395
100 365
100 11
100 16
100 47
100 388
100 159
100 152
100 582
100 455
100 4
100 267
100 879
100 995
100 27
100 594
100 640
100 747
100 830
100 166
100 170
100 81
100 187
100 113
100 271
100 45
100 194
100 194
100 71
100 322
100 173
100 342
100 16
100 157
100 131
100 345
100 15
100 539
100 1094
100 51
100 519
100 307
100 591
100 205
100 322
100 358
100 997
100 13
100 395
100 38
100 30
100 771
100 205
100 431
100 123
100 612
100 105
100 669
100 49
100 598
100 220
100 278
100 22
100 443
100 53
100 249
100 284
100 779
100 467
100 222
100 17
100 1008
100 623
100 113
100 75
100 685
100 412
100 324
100 430
100 322
100 733
100 41
100 1033
100 192
100 545
100 518
100 68
100 348
100 67
100 153
100 139
100 479
100 54
100 16
100 603
100 151
100 574
100 846
100 902
100 506
100 123
100 302
100 499
100 246
100 25
100 363
100 411
100 118
100 433
100 74
100 273
100 242
100 61
100 597
100 1084
100 567
100 425
100 1580
100 518
100 278
100 711
100 86
100 798
100 1035
100 120
100 41
100 611
100 124
100 500
100 112
100 33
100 376
100 364
100 11
100 182
100 247
100 512
100 114
100 113
100 5
100 609
100 230
100 223
100 178
100 195
100 314
100 101
100 619
100 226
100 718
100 481
100 243
100 240
100 185
100 107
100 744
100 5
100 525
100 55
100 72
100 96
100 84
100 127
100 142
100 78
100 231
100 403
100 316
100 81
100 72
100 791
100 45
100 154
100 321
100 21
100 435
100 126
100 176
100 10
100 661
100 392
100 163
100 809
100 265
100 489
100 146
100 171
100 1057
100 57
100 174
100 58
100 494
100 3041
100 744
100 214
100 442
100 218
100 772
100 265
100 274
100 82
100 133
100 400
100 551
100 633
100 1286
100 350
100 322
100 48
100 191
100 114
100 168
100 230
100 298
100 72
100 147
100 510
100 1036
100 68
100 1079
100 77
100 7
100 124
100 245
100 945
100 247
100 545
100 314
100 48
100 1235
100 449
100 95
100 67
100 203
100 123
100 419
100 816
100 931
100 132
100 782
100 337
100 99
100 761
100 279
100 65
100 198
100 72
100 330
100 610
100 105
100 7
100 187
100 17
100 703
100 375
100 174
100 60
100 27
100 631
100 141
100 69
100 133
100 489
100 284
100 980
100 9
100 44
100 2990
100 19
100 46
100 19
100 1497
100 309
100 9
100 509
100 1070
100 546
100 1545
100 171
100 595
100 1125
100 230
100 1333
100 59
100 513
100 52
100 199
100 360
100 6
100 44
100 352
100 208
100 496
100 861
100 228
100 216
100 362
100 616
100 116
100 980
100 119
100 196
100 950
100 27
100 846
100 402
100 110
100 102
100 707
100 342
100 204
100 238
100 207
100 244
100 82
100 80
100 804
100 1
100 126
100 430
100 767
100 1791
100 120
100 708
100 460
100 295
100 314
100 135
100 703
100 477
100 334
100 55
100 603
100 314
100 252
100 267
100 17
100 347
100 319
100 48
100 58
100 120
100 1410
100 90
100 1
100 52
100 215
100 358
100 659
100 1999
100 320
100 74
100 653
100 212
100 232
100 290
100 293
100 246
100 138
100 268
100 185
100 130
100 271
100 405
100 153
100 80
100 107
100 93
100 450
100 483
100 187
100 749
100 679
100 490
100 224
100 669
100 43
100 408
100 23
100 46
100 1503
100 354
100 285
100 216
100 1052
100 983
100 335
100 705
100 346
100 283
100 550
100 359
100 234
100 330
100 175
100 567
100 689
100 145
100 649
100 318
100 3
100 52
100 136
100 327
100 324
100 474
100 283
100 1452
100 135
100 407
100 59
100 341
100 55
100 113
100 2257
100 789
100 1
100 121
100 51
100 595
100 239
100 114
100 55
100 26
100 37
100 304
100 1031
100 436
100 301
100 699
100 126
100 598
100 449
100 181
100 375
100 381
100 911
100 256
100 580
100 56
100 23
100 98
100 700
100 181
100 134
100 265
100 360
100 133
100 145
100 114
100 198
100 629
100 914
100 496
100 608
100 513
100 205
100 138
100 112
100 141
100 107
100 135
100 2595
100 537
100 386
100 193
100 932
100 20
100 242
100 824
100 199
100 196
100 333
100 95
100 73
100 548
100 306
100 277
100 401
100 32
100 131
100 950
100 14
100 1030
100 213
100 56
100 23
100 882
100 799
100 327
100 62
100 215
100 231
100 61
100 78
100 882
100 364
100 14
100 143
100 14
100 721
100 493
100 297
100 212
100 579
100 387
100 239
100 85
100 292
100 30
100 6
100 661
100 550
100 311
100 121
100 887
100 145
100 228
100 305
100 257
100 207
100 45
100 1051
100 190
100 2364
100 54
100 125
100 778
100 685
100 34
100 29
100 9
100 19
100 428
100 398
100 49
100 648
100 1154
100 949
100 42
100 619
100 137
100 188
100 313
100 108
100 802
100 446
100 766
100 442
100 198
100 6
100 1113
100 136
100 816
100 262
100 305
100 209
100 304
100 401
100 589
100 50
100 450
100 311
100 2
100 355
100 79
100 396
100 52
100 350
100 4
100 128
100 338
100 70
100 289
100 261
100 1119
100 2981
100 354
100 109
100 34
100 1205
100 329
100 383
100 424
100 213
100 660
100 736
100 154
100 343
100 262
100 48
100 100
100 69
100 1370
100 10
100 433
100 724
100 1052
100 45
100 429
100 39
100 168
100 372
100 1850
100 157
100 857
100 56
100 661
100 244
100 303
100 146
100 265
100 198
100 70
100 506
100 226
100 59
100 506
100 1022
100 43
100 288
100 1518
100 209
100 295
100 351
100 920
100 66
100 311
100 306
100 427
100 652
100 22
100 167
100 1497
100 748
100 186
100 1209
100 654
100 439
100 119
100 8
100 602
100 307
100 298
100 967
100 76
100 180
100 14
100 134
100 408
100 1520
100 23
100 732
100 112
100 324
100 21
100 276
100 162
100 48
100 488
100 172
100 509
100 93
100 212
100 12
100 369
100 210
100 279
100 295
100 674
100 282
100 455
100 227
100 48
100 832
100 376
100 155
100 815
100 212
100 1471
100 508
100 445
100 74
100 166
100 29
100 496
100 256
100 254
100 168
100 61
100 187
100 380
100 425
100 1138
100 146
100 727
100 40
100 819
100 308
100 1190
100 765
100 86
100 146
100 70
100 135
100 218
100 302
100 38
100 1093
100 21
100 351
100 164
100 206
100 39
100 32
100 1740
100 314
100 56
100 52
100 356
100 570
100 295
100 74
100 181
100 962
100 29
100 157
100 17
100 493
100 55
100 260
100 170
100 1204
100 44
100 29
100 603
100 188
100 1019
100 177
100 78
100 434
100 91
100 742
100 101
100 519
100 46
100 169
100 7
100 214
100 572
100 50
100 299
100 301
100 384
100 1374
100 496
100 823
100 198
100 85
100 217
100 1049
100 91
100 229
100 237
100 2129
100 134
100 595
100 1274
100 102
100 1020
100 900
100 501
100 578
100 169
100 220
100 883
100 50
100 372
100 648
100 23
100 218
100 165
100 484
100 116
100 1352
100 44
100 275
100 290
100 202
100 747
100 327
100 1083
100 411
100 257
100 343
100 89
100 415
100 173
100 353
100 49
100 314
100 256
100 14
100 126
100 765
100 25
100 302
100 381
100 42
100 375
100 269
100 372
100 223
100 296
100 1010
100 91
100 152
100 231
100 79
100 826
100 454
100 1193
100 122
100 258
100 37
100 1084
100 459
100 215
100 311
100 113
100 825
100 85
100 108
100 433
100 199
100 1637
100 687
100 386
100 35
100 40
100 10
100 357
100 62
100 284
100 150
100 221
100 555
100 113
100 817
100 71
100 225
100 157
100 43
100 2134
100 71
100 277
100 90
100 123
100 124
100 183
100 898
100 626
100 472
100 435
100 328
100 266
100 5
100 469
100 32
100 65
100 2
100 1629
100 614
100 139
100 1003
100 75
100 298
100 528
100 74
100 3
100 317
100 211
100 675
100 336
100 702
100 1338
100 483
100 1005
100 276
100 310
100 991
100 570
100 312
100 29
100 2
100 49
100 734
100 19
100 99
100 169
100 193
100 246
100 15
100 23
100 261
100 185
100 922
100 249
100 375
100 434
100 624
100 126
100 717
100 83
100 536
100 66
100 243
100 536
100 18
100 45
100 44
100 21
100 279
100 190
100 87
100 118
100 484
100 689
100 122
100 191
100 691
100 82
100 14
100 532
100 94
100 352
100 101
100 254
100 1124
100 339
100 23
100 204
100 838
100 247
100 558
100 386
100 370
100 113
100 380
100 6
100 83
100 347
100 1378
100 336
100 93
100 554
100 306
100 107
100 126
100 539
100 1541
100 38
100 213
100 94
100 210
100 7
100 1349
100 470
100 20
100 984
100 164
100 159
100 774
100 538
100 45
100 4
100 708
100 314
100 323
100 646
100 98
100 294
100 15
100 568
100 687
100 548
100 199
100 466
100 137
100 193
100 455
100 554
100 723
100 59
100 71
100 776
100 187
100 78
100 1025
100 138
100 304
100 1337
100 236
100 123
100 419
100 0
100 497
100 398
100 356
100 509
100 131
100 65
100 1885
100 477
100 530
100 44
100 65
100 187
100 1387
100 124
100 207
100 45
100 610
100 943
100 131
100 237
100 1
100 342
100 529
100 605
100 1262
100 217
100 188
100 299
100 28
100 158
100 30
100 145
100 801
100 766
100 622
100 755
100 1132
100 237
100 7
100 281
100 194
100 757
100 1206
100 263
100 15
100 27
100 1283
100 391
100 135
100 349
100 266
100 281
100 323
100 437
100 223
100 606
100 1602
100 131
100 149
100 51
100 1117
100 638
100 822
100 500
100 142
100 58
100 178
100 226
100 437
100 217
100 81
100 321
100 1335
100 93
100 1098
100 192
100 526
100 826
100 119
100 214
100 822
100 1039
100 181
100 804
100 351
100 91
100 11
100 264
100 613
100 1239
100 298
100 342
100 288
100 244
100 313
100 454
100 159
100 208
100 93
100 254
100 259
100 511
100 141
100 234
100 124
100 0
100 226
100 110
100 182
100 325
100 378
100 246
100 1389
100 85
100 330
100 239
100 615
100 304
100 194
100 338
100 129
100 741
100 677
100 160
100 131
100 17
100 198
100 427
100 5
100 91
100 130
100 850
100 73
100 147
100 136
100 179
100 13
100 99
100 967
100 941
100 172
100 252
100 463
100 55
100 749
100 103
100 37
100 660
100 325
100 837
100 412
100 263
100 190
100 661
100 305
100 468
100 626
100 254
100 456
100 506
100 16
100 295
100 261
100 13
100 132
100 161
100 198
100 380
100 331
100 488
100 310
100 177
100 417
100 592
100 502
100 887
100 284
100 223
100 192
100 75
100 476
100 306
100 535
100 132
100 136
100 4
100 115
100 58
100 111
100 471
100 832
100 34
100 88
100 1009
100 19
100 17
100 800
100 185
100 315
100 116
100 55
100 1096
100 520
100 4
100 215
100 450
100 202
100 412
100 418
100 150
100 66
100 342
100 918
100 28
100 673
100 90
100 48
100 621
100 1130
100 26
100 1004
100 550
100 13
100 533
100 393
100 172
100 319
100 306
100 221
100 203
100 273
100 40
100 18
100 944
100 133
100 255
100 64
100 257
100 102
100 352
100 12
100 289
100 136
100 1126
100 104
100 970
100 444
100 986
100 657
100 131
100 48
100 840
100 51
100 119
100 280
100 651
100 86
100 7
100 255
100 280
100 374
100 137
100 164
100 20
100 872
100 611
100 185
100 292
100 1630
100 270
100 242
100 619
100 742
100 74
100 615
100 794
100 424
100 318
100 207
100 521
100 917
100 71
100 1152
100 6
100 264
100 327
100 41
100 398
100 13
100 0
100 287
100 628
100 198
100 263
100 656
100 75
100 55
100 551
100 327
100 47
100 572
100 1281
100 381
100 51
100 461
100 7
100 996
100 56
100 81
100 552
100 572
100 67
100 226
100 467
100 34
100 52
100 253
100 100
100 616
100 1138
100 79
100 224
100 255
100 159
100 472
100 60
100 272
100 106
100 1151
100 16
100 751
100 199
100 719
100 133
100 22
100 286
100 700
100 277
100 292
100 86
100 1119
100 558
100 524
100 1324
100 647
100 222
100 82
100 33
100 162
100 189
100 444
100 94
100 559
100 254
100 262
100 935
100 74
100 129
100 935
100 590
100 94
100 437
100 66
100 197
100 678
100 151
100 224
100 22
100 289
100 524
100 99
100 178
100 576
100 1018
100 252
100 477
100 949
100 112
100 2150
100 625
100 100
100 392
100 698
100 426
100 1415
100 361
100 69
100 230
100 391
100 587
100 238
100 569
100 641
100 218
100 420
100 1039
100 730
100 531
100 121
100 316
100 28
100 160
100 32
100 22
100 49
100 445
100 104
100 2612
100 25
100 412
100 3
100 841
100 326
100 457
100 519
100 1
100 7
100 68
100 752
100 27
100 205
100 140
100 313
100 228
100 845
100 521
100 112
100 1266
100 453
100 175
100 901
100 429
100 417
100 114
100 73
100 1432
100 909
100 1758
100 388
100 13
100 144
100 383
100 128
100 358
100 122
100 33
100 167
100 1107
100 999
100 105
100 176
100 251
100 490
100 376
100 29
100 164
100 42
100 19
100 747
100 308
100 430
100 111
100 9
100 842
100 220
100 133
100 631
100 409
100 202
100 381
100 107
100 139
100 165
100 170
100 20
100 95
100 578
100 320
100 1545
100 324
100 193
100 289
100 461
100 81
100 691
100 87
100 29
100 202
100 58
100 613
100 12
100 24
100 351
100 328
100 124
100 302
100 14
100 1057
100 288
100 14
100 302
100 279
100 76
100 99
100 359
100 281
100 222
100 410
100 76
100 320
100 408
100 188
100 946
100 481
100 201
100 157
100 75
100 240
100 916
100 98
100 1221
100 23
100 42
100 500
100 9
100 75
100 923
100 271
100 169
100 347
100 419
100 120
100 216
100 378
100 106
100 212
100 545
100 85
100 16
100 30
100 1703
100 580
100 549
100 253
100 110
100 359
100 301
100 243
100 331
100 92
100 252
100 751
100 194
100 126
100 118
100 244
100 29
100 212
100 77
100 122
100 1936
100 574
100 247
100 24
100 254
100 118
100 439
100 662
100 850
100 93
100 170
100 682
100 224
100 88
100 609
100 364
100 718
100 136
100 545
100 182
100 1276
100 406
100 358
100 289
100 423
100 631
100 495
100 333
100 19
100 360
100 888
100 15
100 58
100 123
100 369
100 717
100 26
100 143
100 101
100 310
100 324
100 86
100 130
100 385
100 113
100 923
100 246
100 42
100 433
100 18
100 97
100 156
100 770
100 514
100 117
100 799
100 91
100 240
100 3
100 766
100 314
100 573
100 6
100 123
100 119
100 956
100 65
100 138
100 114
100 133
100 182
100 681
100 115
100 238
100 995
100 163
100 409
100 89
100 85
100 186
100 404
100 485
100 1441
100 630
100 364
100 129
100 355
100 155
100 662
100 153
100 324
100 933
100 349
100 1231
100 234
100 98
100 482
100 434
100 10
100 259
100 586
100 532
100 279
100 463
100 61
100 740
100 580
100 256
100 115
100 274
100 295
100 473
100 777
100 103
100 839
100 1413
100 173
100 498
100 267
100 177
100 63
100 98
100 2345
100 0
100 583
100 425
100 109
100 942
100 122
100 17
100 377
100 264
100 119
100 102
100 1056
100 296
100 58
100 121
100 651
100 224
100 290
100 234
100 150
100 344
100 23
100 148
100 12
100 836
100 261
100 104
100 321
100 1139
100 228
100 101
100 39
100 1638
100 388
100 215
100 3
100 504
100 337
100 25
100 588
100 225
100 266
100 95
100 209
100 17
100 933
100 831
100 200
100 78
100 164
100 954
100 948
100 791
100 465
100 69
100 7
100 157
100 320
100 417
100 1106
100 250
100 529
100 496
100 532
100 366
100 525
100 462
100 81
100 882
100 181
100 363
100 279
100 561
100 219
100 169
100 0
100 266
100 96
100 20
100 357
100 232
100 225
100 516
100 58
100 557
100 459
100 195
100 282
100 352
100 256
100 106
100 256
100 557
100 162
100 1305
100 103
100 104
100 283
100 445
100 576
100 148
100 220
100 314
100 819
100 194
100 9
100 152
100 155
100 265
100 147
100 478
100 11
100 171
100 482
100 372
100 4
100 673
100 37
100 97
100 830
100 274
100 315
100 321
100 363
100 64
100 53
100 395
100 255
100 205
100 1779
100 1058
100 44
100 44
100 546
100 105
100 2
100 692
100 519
100 1055
100 348
100 172
100 296
100 812
100 228
100 375
100 392
100 306
100 104
100 39
100 832
100 865
100 297
100 181
100 300
100 313
100 407
100 196
100 125
100 175
100 208
100 82
100 689
100 169
100 630
100 270
100 38
100 475
100 27
100 1255
100 230
100 316
100 563
100 22
100 574
100 152
100 993
100 635
100 766
100 260
100 263
100 199
100 505
100 473
100 146
100 103
100 123
100 121
100 212
100 211
100 54
100 2
100 234
100 419
100 228
100 401
100 852
100 419
100 524
100 272
100 616
100 1008
100 68
100 32
100 249
100 641
100 426
100 981
100 52
100 259
100 66
100 45
100 1706
100 505
100 802
100 337
100 6
100 88
100 113
100 225
100 145
100 126
100 328
100 40
100 158
100 981
100 365
100 10
100 575
100 216
100 64
100 693
100 213
100 17
100 177
100 111
100 205
100 203
100 471
100 207
100 1426
100 58
100 432
100 39
100 1116
100 236
100 95
100 340
100 349
100 521
100 62
100 192
100 467
100 71
100 373
100 77
100 411
100 57
100 388
100 270
100 540
100 184
100 82
100 251
100 288
100 1377
100 563
100 22
100 59
100 351
100 211
100 604
100 91
100 201
100 80
100 201
100 570
100 323
100 5
100 2045
100 183
100 248
100 266
100 107
100 509
100 491
100 81
100 829
100 1508
100 376
100 139
100 56
100 705
100 209
100 684
100 780
100 659
100 589
100 556
100 567
100 191
100 93
100 442
100 114
100 1106
100 298
100 261
100 463
100 300
100 156
100 189
100 199
100 91
100 445
100 567
100 191
100 823
100 575
100 196
100 1979
100 529
100 1252
100 1668
100 136
100 160
100 687
100 259
100 701
100 129
100 376
100 62
100 156
100 44
100 1963
100 79
100 100
100 1266
100 342
100 279
100 913
100 252
100 873
100 902
100 708
100 128
100 545
100 625
100 380
100 68
100 1565
100 137
100 377
100 525
100 99
100 713
100 54
100 184
100 54
100 971
100 166
100 507
100 1022
100 289
100 80
100 22
100 180
100 79
100 481
100 559
100 39
100 167
100 295
100 472
100 437
100 278
100 192
100 192
100 2134
100 73
100 480
100 47
100 561
100 451
100 137
100 539
100 28
100 454
100 28
100 218
100 140
100 244
100 206
100 164
100 215
100 470
100 232
100 2034
100 158
100 99
100 41
100 366
100 489
100 235
100 438
100 353
100 662
100 67
100 482
100 529
100 125
100 1149
100 133
100 301
100 1357
100 762
100 26
100 198
100 286
100 814
100 166
100 239
100 617
100 22
100 52
100 170
100 497
100 637
100 173
100 375
100 765
100 235
100 215
100 183
100 618
100 536
100 114
100 819
100 282
100 481
100 386
100 41
100 380
100 78
100 262
100 275
100 51
100 328
100 279
100 80
100 686
100 646
100 124
100 56
100 413
100 0
100 320
100 524
100 20
100 210
100 200
100 1175
100 681
100 256
100 732
100 97
100 198
100 88
100 400
100 187
100 400
100 188
100 318
100 111
100 88
100 843
100 86
100 0
100 488
100 405
100 30
100 309
100 236
100 72
100 562
100 376
100 407
100 158
100 101
100 266
100 670
100 161
100 319
100 665
100 23
100 136
100 383
100 365
100 68
100 183
100 57
100 50
100 137
100 1089
100 277
100 1005
100 169
100 86
100 951
100 624
100 352
100 88
100 946
100 304
100 461
100 15
100 233
100 411
100 0
100 524
100 86
100 42
100 451
100 17
100 84
100 652
100 77
100 2067
100 373
100 437
100 685
100 367
100 93
100 11
100 57
100 854
100 326
100 188
100 757
100 928
100 540
100 312
100 147
100 321
100 344
100 43
100 182
100 782
100 235
100 191
100 287
100 813
100 64
100 339
100 798
100 39
100 15
100 688
100 1702
100 504
100 90
100 14
100 207
100 107
100 252
100 156
100 864
100 729
100 226
100 344
100 59
100 974
100 245
100 953
100 236
100 308
100 735
100 323
100 417
100 56
100 344
100 365
100 256
100 716
100 547
100 797
100 10
100 241
100 1369
100 500
100 317
100 642
100 181
100 637
100 115
100 563
100 72
100 222
100 8
100 51
100 804
100 173
100 566
100 1500
100 605
100 67
100 330
100 125
100 132
100 241
100 80
100 206
100 41
100 352
100 61
100 23
100 19
100 1225
100 127
100 49
100 238
100 518
100 113
100 22
100 30
100 878
100 457
100 50
100 823
100 111
100 295
100 1375
100 144
100 196
100 1404
100 28
100 1040
100 106
100 358
100 846
100 61
100 5
100 393
100 259
100 288
100 383
100 38
100 369
100 285
100 596
100 542
100 258
100 54
100 422
100 373
100 227
100 302
100 344
100 700
100 234
100 346
100 616
100 6
100 292
100 58
100 214
100 263
100 826
100 261
100 119
100 515
100 95
100 227
100 527
100 55
100 539
100 367
100 174
100 1011
100 451
100 171
100 119
100 365
100 126
100 12
100 92
100 608
100 386
100 97
100 129
100 792
100 206
100 235
100 24
100 201
100 880
100 647
100 222
100 440
100 85
100 391
100 2183
100 548
100 2
100 60
100 158
100 86
100 824
100 1204
100 871
100 129
100 221
100 124
100 50
100 282
100 576
100 4
100 1277
100 2
100 1029
100 137
100 62
100 10
100 872
100 739
100 815
100 56
100 2586
100 133
100 771
100 264
100 51
100 1057
100 51
100 287
100 402
100 14
100 296
100 35
100 534
100 1062
100 399
100 621
100 3
100 244
100 693
100 62
100 28
100 8
100 499
100 432
100 1112
100 83
100 41
100 566
100 415
100 35
100 39
100 244
100 5
100 447
100 886
100 151
100 942
100 251
100 811
100 335
100 7
100 605
100 137
100 115
100 873
100 420
100 262
100 251
100 174
100 130
100 25
100 672
100 635
100 195
100 560
100 81
100 312
100 171
100 329
100 396
100 311
100 794
100 230
100 214
100 126
100 122
100 281
100 334
100 123
100 307
100 49
100 646
100 61
100 97
100 55
100 836
100 106
100 554
100 176
100 219
100 570
100 92
100 45
100 492
100 145
100 228
100 382
100 341
100 217
100 1219
100 658
100 157
100 537
100 43
100 449
100 479
100 1066
100 486
100 271
100 91
100 993
100 373
100 367
100 92
100 409
100 427
100 472
100 65
100 180
100 3
100 392
100 61
100 110
100 445
100 237
100 709
100 1373
100 668
100 1161
100 149
100 692
100 225
100 322
100 108
100 0
100 162
100 85
100 849
100 371
100 287
100 141
100 76
100 250
100 195
100 181
100 329
100 694
100 61
100 31
100 700
100 28
100 453
100 311
100 93
100 619
100 213
100 52
100 790
100 549
100 743
100 49
100 765
100 557
100 640
100 147
100 34
100 187
100 62
100 873
100 126
100 152
100 458
100 767
100 274
100 260
100 165
100 1340
100 29
100 1505
100 45
100 35
100 148
100 79
100 748
100 487
100 154
100 994
100 530
100 773
100 273
100 70
100 760
100 83
100 81
100 182
100 821
100 867
100 488
100 70
100 138
100 181
100 10
100 321
100 26
100 333
100 29
100 878
100 361
100 174
100 73
100 232
100 505
100 359
100 674
100 77
100 357
100 301
100 702
100 707
100 363
100 32
100 301
100 219
100 229
100 489
100 173
100 67
100 504
100 613
100 648
100 209
100 164
100 493
100 46
100 612
100 102
100 147
100 188
100 127
100 501
100 149
100 278
100 598
100 614
100 157
100 26
100 426
100 312
100 1268
100 11
100 323
100 297
100 37
100 269
100 7
100 5
100 134
100 452
100 159
100 129
100 124
100 411
100 199
100 1458
100 825
100 7
100 50
100 1053
100 509
100 623
100 897
100 68
100 144
100 91
100 337
100 648
100 126
100 1296
100 597
100 1324
100 385
100 531
100 431
100 383
100 60
100 817
100 88
100 51
100 134
100 321
100 151
100 21
100 224
100 420
100 334
100 258
100 1104
100 112
100 56
100 185
100 648
100 180
100 22
100 929
100 4
100 1176
100 247
100 609
100 1261
100 54
100 66
100 287
100 80
100 475
100 439
100 31
100 200
100 52
100 287
100 217
100 4
100 251
100 9
100 10
100 205
100 83
100 453
100 571
100 138
100 32
100 207
100 240
100 280
100 191
100 393
100 1219
100 1330
100 1073
100 421
100 869
100 1017
100 1251
100 51
100 815
100 68
100 95
100 43
100 242
100 766
100 1631
100 268
100 398
100 89
100 1
100 337
100 1451
100 285
100 128
100 736
100 837
100 1294
100 294
100 405
100 20
100 647
100 147
100 75
100 389
100 39
100 15
100 23
100 82
100 175
100 273
100 195
100 205
100 76
100 233
100 543
100 133
100 600
100 278
100 70
100 290
100 29
100 1073
100 258
100 371
100 844
100 112
100 420
100 11
100 216
100 462
100 242
100 977
100 126
100 60
100 289
100 233
100 10
100 1075
100 169
100 81
100 21
100 936
100 162
100 192
100 150
100 80
100 178
100 327
100 148
100 131
100 472
100 1858
100 325
100 14
100 354
100 209
100 158
100 387
100 498
100 945
100 134
100 7
100 410
100 135
100 278
100 114
100 110
100 751
100 375
100 450
100 550
100 412
100 243
100 473
100 292
100 171
100 126
100 1705
100 466
100 220
100 387
100 331
100 73
100 151
100 59
100 658
100 180
100 39
100 219
100 178
100 148
100 344
100 43
100 458
100 659
100 199
100 661
100 209
100 930
100 181
100 661
100 96
100 347
100 2029
100 51
100 137
100 60
100 197
100 296
100 295
100 146
100 60
100 218
100 80
100 416
100 1001
100 193
100 120
100 1082
100 384
100 200
100 71
100 1185
100 629
100 27
100 234
100 52
100 274
100 1185
100 308
100 292
100 114
100 246
100 44
100 301
100 500
100 247
100 444
100 784
100 606
100 1511
100 364
100 124
100 879
100 21
100 183
100 119
100 1350
100 153
100 197
100 45
100 124
100 21
100 164
100 243
100 546
100 363
100 569
100 942
100 362
100 287
100 382
100 721
100 1435
100 311
100 158
100 113
100 357
100 32
100 785
100 271
100 357
100 597
100 140
100 173
100 7
100 647
100 261
100 13
100 328
100 97
100 371
100 502
100 138
100 123
100 180
100 75
100 12
100 77
100 240
100 359
100 85
100 273
100 502
100 80
100 313
100 244
100 120
100 217
100 361
100 2
100 2484
100 59
100 781
100 11
100 194
100 51
100 544
100 1991
100 388
100 151
100 3630
100 322
100 34
100 185
100 378
100 157
100 635
100 767
100 790
100 9
100 2321
100 2168
100 275
100 535
100 28
100 45
100 967
100 52
100 1438
100 275
100 468
100 273
100 258
100 1
100 484
100 41
100 252
100 432
100 1
100 131
100 635
100 269
100 1041
100 98
100 40
100 150
100 1721
100 322
100 507
100 490
100 3
100 340
100 210
100 219
100 73
100 357
100 1177
100 606
100 459
100 307
100 289
100 266
100 120
100 66
100 82
100 243
100 663
100 146
100 84
100 5
100 530
100 651
100 284
100 593
100 279
100 119
100 612
100 1063
100 45
100 2727
100 20
100 630
100 122
100 130
100 256
100 293
100 372
100 282
100 395
100 655
100 142
100 66
100 403
100 209
100 746
100 864
100 304
100 524
100 39
100 1261
100 159
100 8
100 896
100 451
100 406
100 363
100 170
100 346
100 129
100 633
100 1713
100 417
100 233
100 52
100 899
100 360
100 415
100 288
100 238
100 33
100 32
100 212
100 353
100 36
100 236
100 26
100 961
100 129
100 100
100 1181
100 336
100 412
100 3
100 714
100 155
100 466
100 181
100 1079
100 103
100 203
100 499
100 526
100 843
100 334
100 235
100 167
100 2605
100 731
100 92
100 227
100 155
100 393
100 255
100 86
100 60
100 501
100 117
100 97
100 630
100 510
100 54
100 31
100 575
100 282
100 809
100 1127
100 614
100 721
100 812
100 437
100 42
100 672
100 276
100 122
100 305
100 585
100 429
100 382
100 384
100 551
100 96
100 98
100 234
100 455
100 528
100 654
100 107
100 358
100 23
100 806
100 39
100 310
100 95
100 79
100 63
100 900
100 1331
100 329
100 168
100 57
100 219
100 485
100 719
100 133
100 268
100 734
100 352
100 1067
100 135
100 881
100 7
100 1204
100 154
100 264
100 40
100 202
100 668
100 169
100 400
100 1048
100 353
100 58
100 235
100 626
100 63
100 527
100 171
100 189
100 470
100 55
100 326
100 1411
100 187
100 294
100 108
100 10
100 123
100 188
100 173
100 394
100 316
100 1271
100 216
100 25
100 138
100 19
100 18
100 27
100 469
100 150
100 394
100 39
100 261
100 277
100 513
100 573
100 409
100 362
100 85
100 0
100 150
100 222
100 457
100 668
100 845
100 302
100 451
100 339
100 229
100 56
100 65
100 740
100 894
100 88
100 354
100 393
100 77
100 1007
100 43
100 258
100 798
100 9
100 539
100 325
100 1196
100 523
100 1557
100 783
100 599
100 245
100 872
100 403
100 325
100 267
100 749
100 83
100 292
100 401
100 303
100 373
100 1329
100 575
100 354
100 839
100 84
100 61
100 979
100 412
100 127
100 241
100 261
100 45
100 850
100 69
100 102
100 4
100 146
100 223
100 292
100 1205
100 59
100 594
100 1649
100 50
100 207
100 235
100 299
100 42
100 294
100 400
100 559
100 1258
100 222
100 2991
100 522
100 149
100 588
100 1394
100 133
100 104
100 1047
100 23
100 96
100 217
100 28
100 1534
100 1455
100 522
100 698
100 97
100 83
100 37
100 229
100 981
100 282
100 187
100 59
100 328
100 275
100 799
100 539
100 533
100 598
100 29
100 599
100 221
100 23
100 1322
100 655
100 398
100 367
100 515
100 310
100 1136
100 50
100 919
100 647
100 1174
100 67
100 368
100 476
100 52
100 733
100 161
100 868
100 412
100 499
100 379
100 206
100 141
100 103
100 324
100 55
100 86
100 43
100 35
100 28
100 782
100 126
100 13
100 99
100 65
100 376
100 618
100 488
100 374
100 535
100 1126
100 122
100 30
100 174
100 197
100 11
100 305
100 85
100 208
100 644
100 35
100 1081
100 731
100 351
100 562
100 289
100 476
100 439
100 1237
100 427
100 24
100 86
100 442
100 98
100 929
100 176
100 801
100 130
100 900
100 304
100 58
100 155
100 348
100 327
100 393
100 389
100 65
100 211
100 680
100 549
100 755
100 10
100 518
100 1259
100 541
100 141
100 25
100 652
100 100
100 1048
100 339
100 1333
100 917
100 854
100 311
100 17
100 579
100 58
100 176
100 1061
100 2114
100 38
100 140
100 148
100 574
100 326
100 971
100 316
100 271
100 546
100 179
100 117
100 191
100 873
100 1915
100 346
100 76
100 2
100 279
100 695
100 1255
100 488
100 249
100 196
100 593
100 375
100 28
100 159
100 108
100 36
100 57
100 364
100 184
100 153
100 144
100 216
100 161
100 259
100 146
100 182
100 328
100 301
100 357
100 1046
100 105
100 904
100 86
100 873
100 106
100 150
100 664
100 170
100 1072
100 434
100 49
100 60
100 1759
100 11
100 305
100 650
100 91
100 314
100 22
100 293
100 513
100 441
100 101
100 1001
100 75
100 317
100 90
100 28
100 33
100 78
100 375
100 88
100 9
100 168
100 1636
100 213
100 85
100 74
100 693
100 199
100 83
100 288
100 339
100 20
100 241
100 384
100 33
100 153
100 350
100 57
100 624
100 171
100 42
100 453
100 83
100 71
100 13
100 240
100 68
100 7
100 240
100 1500
100 60
100 176
100 153
100 125
100 114
100 671
100 864
100 314
100 328
100 912
100 16
100 743
100 55
100 733
100 979
100 55
100 110
100 428
100 253
100 737
100 729
100 463
100 273
100 614
100 389
100 147
100 392
100 821
100 286
100 1956
100 588
100 286
100 980
100 338
100 89
100 773
100 61
100 105
100 32
100 169
100 1006
100 778
100 1829
100 862
100 1643
100 176
100 232
100 491
100 1476
100 2033
100 516
100 349
100 277
100 396
100 264
100 1110
100 539
100 102
100 72
100 186
100 174
100 267
100 251
100 94
100 53
100 373
100 457
100 427
100 236
100 142
100 21
100 47
100 160
100 116
100 1494
100 308
100 143
100 81
100 374
100 818
100 473
100 813
100 727
100 364
100 131
100 253
100 1711
100 1419
100 105
100 292
100 586
100 412
100 373
100 482
100 189
100 493
100 226
100 425
100 185
100 964
100 405
100 22
100 80
100 222
100 1
100 142
100 635
100 238
100 60
100 6
100 357
100 747
100 14
100 416
100 59
100 584
100 539
100 213
100 110
100 602
100 179
100 472
100 61
100 874
100 1469
100 180
100 274
100 1
100 610
100 130
100 67
100 460
100 211
100 720
100 253
100 289
100 105
100 507
100 536
100 586
100 91
100 279
100 629
100 241
100 410
100 446
100 645
100 388
100 125
100 230
100 716
100 218
100 476
100 44
100 310
100 1305
100 261
100 426
100 182
100 573
100 123
100 84
100 214
100 43
100 12
100 135
100 336
100 478
100 254
100 122
100 79
100 320
100 306
100 590
100 2
100 83
100 118
100 182
100 307
100 99
100 354
100 692
100 385
100 302
100 496
100 301
100 112
100 208
100 191
100 167
100 48
100 33
100 388
100 893
100 460
100 352
100 46
100 1456
100 289
100 794
100 100
100 630
100 259
100 728
100 43
100 505
100 269
100 92
100 218
100 412
100 107
100 560
100 31
100 750
100 149
100 122
100 444
100 431
100 484
100 423
100 80
100 180
100 97
100 834
100 45
100 571
100 518
100 1506
100 84
100 488
100 288
100 41
100 81
100 292
100 270
100 744
100 1273
100 255
100 199
100 837
100 35
100 250
100 174
100 2
100 863
100 27
100 453
100 311
100 16
100 142
100 426
100 110
100 574
100 15
100 144
100 17
100 380
100 1675
100 261
100 550
100 861
100 74
100 6
100 76
100 157
100 365
100 119
100 96
100 211
100 949
100 518
100 1168
100 70
100 109
100 39
100 131
100 122
100 444
100 430
100 511
100 287
100 795
100 692
100 510
100 452
100 937
100 533
100 52
100 17
100 656
100 401
100 598
100 605
100 883
100 113
100 266
100 215
100 62
100 37
100 263
100 714
100 369
100 223
100 195
100 144
100 178
100 78
100 540
100 382
100 126
100 527
100 140
100 113
100 1089
100 11
100 1214
100 5
100 141
100 18
100 551
100 354
100 259
100 157
100 200
100 124
100 43
100 352
100 40
100 207
100 684
100 316
100 158
100 1102
100 244
100 40
100 134
100 274
100 542
100 679
100 335
100 34
100 832
100 75
100 1
100 329
100 166
100 344
100 856
100 135
100 618
100 109
100 35
100 145
100 1581
100 446
100 12
100 739
100 386
100 233
100 285
100 187
100 92
100 53
100 11
100 82
100 355
100 136
100 234
100 1222
100 227
100 524
100 177
100 472
100 175
100 302
100 410
100 683
100 545
100 513
100 87
100 41
100 132
100 86
100 46
100 840
100 2340
100 114
100 134
100 164
100 195
100 1025
100 135
100 1
100 1562
100 1015
100 9
100 872
100 59
100 236
100 643
100 229
100 428
100 322
100 0
100 15
100 569
100 88
100 2544
100 70
100 114
100 905
100 71
100 283
100 166
100 524
100 1285
100 214
100 257
100 34
100 85
100 285
100 7
100 803
100 464
100 280
100 93
100 153
100 190
100 957
100 68
100 301
100 69
100 50
100 11
100 175
100 287
100 93
100 100
100 100
100 791
100 548
100 335
100 501
100 196
100 143
100 456
100 28
100 864
100 83
100 339
100 241
100 106
100 557
100 124
100 416
100 303
100 34
100 163
100 678
100 237
100 142
100 106
100 104
100 57
100 318
100 587
100 268
100 276
100 739
100 51
100 251
100 37
100 142
100 404
100 672
100 94
100 381
100 307
100 1
100 225
100 28
100 1035
100 286
100 192
100 152
100 1026
100 56
100 441
100 145
100 29
100 1587
100 2212
100 250
100 171
100 283
100 215
100 699
100 258
100 74
100 80
100 178
100 1435
100 818
100 742
100 107
100 401
100 428
100 186
100 194
100 879
100 214
100 98
100 718
100 191
100 438
100 551
100 68
100 262
100 62
100 86
100 177
100 686
100 800
100 22
100 55
100 698
100 476
100 414
100 455
100 1577
100 936
100 716
100 205
100 893
100 115
100 432
100 276
100 564
100 168
100 2669
100 37
100 37
100 377
100 585
100 260
100 566
100 118
100 221
100 196
100 959
100 357
100 237
100 548
100 231
100 263
100 480
100 824
100 78
100 312
100 86
100 62
100 255
100 59
100 285
100 93
100 164
100 320
100 226
100 253
100 28
100 132
100 41
100 110
100 564
100 91
100 483
100 522
100 465
100 58
100 368
100 200
100 1372
100 382
100 444
100 31
100 657
100 601
100 433
100 117
100 143
100 192
100 14
100 57
100 212
100 243
100 149
100 4
100 303
100 129
100 1074
100 495
100 304
100 296
100 264
100 545
100 31
100 267
100 261
100 67
100 323
100 792
100 8
100 836
100 242
100 488
100 97
100 370
100 401
100 538
100 460
100 762
100 70
100 40
100 262
100 26
100 158
100 36
100 264
100 1046
100 34
100 289
100 634
100 1184
100 245
100 1528
100 108
100 91
100 552
100 375
100 806
100 14
100 177
100 52
100 689
100 83
100 125
100 138
100 291
100 114
100 163
100 574
100 88
100 349
100 344
100 184
100 457
100 291
100 453
100 511
100 238
100 237
100 151
100 155
100 608
100 325
100 188
100 370
100 147
100 174
100 1371
100 862
100 511
100 561
100 62
100 66
100 54
100 916
100 86
100 732
100 659
100 111
100 256
100 9
100 261
100 104
100 55
100 143
100 534
100 110
100 180
100 551
100 496
100 173
100 124
100 130
100 103
100 150
100 1280
100 241
100 1611
100 163
100 483
100 12
100 617
100 288
100 245
100 690
100 14
100 26
100 445
100 508
100 227
100 402
100 8
100 304
100 1
100 530
100 182
100 581
100 287
100 264
100 787
100 56
100 226
100 97
100 239
100 1031
100 1286
100 93
100 752
100 554
100 23
100 26
100 104
100 549
100 54
100 612
100 573
100 32
100 493
100 880
100 40
100 305
100 171
100 177
100 187
100 274
100 191
100 632
100 7
100 430
100 987
100 589
100 1
100 628
100 326
100 45
100 228
100 380
100 264
100 975
100 97
100 656
100 30
100 90
100 1002
100 225
100 108
100 229
100 235
100 188
100 281
100 46
100 167
100 1367
100 59
100 372
100 512
100 1007
100 223
100 498
100 978
100 1229
100 118
100 52
100 172
100 191
100 33
100 140
100 856
100 221
100 346
100 120
100 161
100 323
100 271
100 218
100 138
100 152
100 429
100 51
100 426
100 239
100 30
100 121
100 500
100 171
100 218
100 497
100 301
100 585
100 8
100 504
100 755
100 691
100 515
100 94
100 247
100 143
100 231
100 688
100 94
100 23
100 46
100 149
100 91
100 720
100 1103
100 741
100 104
100 9
100 759
100 721
100 172
100 799
100 393
100 235
100 59
100 168
100 652
100 1833
100 18
100 106
100 295
100 710
100 1678
100 264
100 71
100 102
100 297
100 216
100 125
100 128
100 255
100 787
100 672
100 24
100 55
100 237
100 37
100 763
100 182
100 1451
100 350
100 302
100 123
100 66
100 327
100 1111
100 81
100 3
100 86
100 885
100 256
100 477
100 567
100 1069
100 76
100 434
100 94
100 184
100 446
100 76
100 25
100 25
100 140
100 952
100 86
100 1279
100 57
100 516
100 452
100 599
100 267
100 54
100 1411
100 816
100 131
100 163
100 7
100 63
100 6
100 508
100 323
100 464
100 488
100 405
100 192
100 326
100 5
100 495
100 59
100 33
100 63
100 48
100 959
100 246
100 953
100 18
100 106
100 441
100 1042
100 75
100 41
100 368
100 52
100 762
100 845
100 558
100 390
100 204
100 77
100 70
100 53
100 215
100 1496
100 164
100 184
100 1534
100 876
100 75
100 1013
100 1604
100 680
100 478
100 1359
100 499
100 111
100 415
100 143
100 1079
100 245
100 172
100 371
100 483
100 420
100 58
100 484
100 189
100 84
100 117
100 222
100 575
100 327
100 1243
100 821
100 82
100 192
100 279
100 544
100 336
100 30
100 675
100 407
100 69
100 64
100 72
100 22
100 960
100 90
100 594
100 372
100 239
100 275
100 851
100 23
100 137
100 353
100 472
100 265
100 859
100 25
100 162
100 216
100 28
100 615
100 578
100 787
100 952
100 201
100 174
100 186
100 341
100 232
100 320
100 1148
100 1289
100 705
100 132
100 13
100 68
100 245
100 493
100 229
100 544
100 295
100 149
100 219
100 620
100 109
100 273
100 859
100 130
100 252
100 172
100 26
100 202
100 442
100 51
100 197
100 397
100 155
100 123
100 137
100 880
100 950
100 592
100 329
100 501
100 322
100 130
100 99
100 645
100 513
100 499
100 434
100 87
100 105
100 207
100 182
100 1
100 376
100 363
100 151
100 90
100 74
100 576
100 192
100 225
100 307
100 184
100 90
100 199
100 163
100 40
100 37
100 756
100 1859
100 344
100 278
100 199
100 128
100 494
100 42
100 195
100 118
100 66
100 50
100 523
100 147
100 296
100 416
100 619
100 1238
100 206
100 950
100 190
100 921
100 204
100 214
100 0
100 374
100 68
100 352
100 110
100 586
100 936
100 540
100 119
100 120
100 108
100 501
100 217
100 265
100 1003
100 247
100 1219
100 34
100 1
100 464
100 717
100 12
100 158
100 120
100 373
100 98
100 795
100 259
100 52
100 99
100 162
100 565
100 171
100 240
100 212
100 450
100 536
100 413
100 115
100 125
100 750
100 90
100 868
100 34
100 61
100 122
100 129
100 678
100 500
100 698
100 510
100 431
100 60
100 2898
100 278
100 889
100 276
100 105
100 14
100 246
100 87
100 656
100 15
100 398
100 173
100 681
100 228
100 146
100 15
100 657
100 240
100 70
100 199
100 80
100 547
100 25
100 701
100 137
100 197
100 280
100 21
100 774
100 32
100 697
100 7
100 615
100 254
100 229
100 701
100 168
100 299
100 301
100 16
100 163
100 330
100 386
100 1
100 380
100 477
100 582
100 1027
100 90
100 30
100 65
100 446
100 426
100 429
100 337
100 62
100 328
100 344
100 43
100 374
100 59
100 493
100 515
100 179
100 465
100 299
100 266
100 361
100 32
100 774
100 283
100 921
100 419
100 1308
100 371
100 19
100 648
100 397
100 988
100 426
100 254
100 333
100 35
100 469
100 907
100 282
100 1092
100 1369
100 864
100 325
100 527
100 521
100 211
100 197
100 0
100 300
100 245
100 215
100 152
100 185
100 672
100 615
100 144
100 989
100 216
100 659
100 568
100 99
100 144
100 171
100 244
100 309
100 711
100 867
100 110
100 204
100 418
100 140
100 37
100 29
100 321
100 549
100 51
100 204
100 224
100 0
100 189
100 322
100 19
100 25
100 395
100 78
100 3
100 52
100 1246
100 162
100 496
100 38
100 95
100 156
100 23
100 589
100 98
100 338
100 106
100 1611
100 197
100 569
100 81
100 31
100 271
100 99
100 515
100 254
100 273
100 178
100 203
100 250
100 126
100 496
100 313
100 11
100 897
100 297
100 223
100 568
100 148
100 244
100 515
100 166
100 28
100 297
100 744
100 304
100 45
100 578
100 299
100 704
100 414
100 223
100 983
100 367
100 54
100 311
100 746
100 199
100 6
100 306
100 169
100 322
100 488
100 210
100 16
100 563
100 359
100 168
100 850
100 337
100 432
100 277
100 2
100 406
100 717
100 185
100 52
100 16
100 752
100 33
100 65
100 229
100 1071
100 113
100 217
100 492
100 161
100 84
100 491
100 860
100 98
100 22
100 67
100 401
100 36
100 28
100 10
100 155
100 248
100 60
100 138
100 1111
100 6
100 67
100 518
100 15
100 135
100 26
100 728
100 80
100 9
100 734
100 665
100 20
100 410
100 500
100 495
100 382
100 632
100 451
100 921
100 14
100 156
100 107
100 571
100 91
100 61
100 270
100 622
100 144
100 491
100 357
100 1
100 484
100 1658
100 132
100 1262
100 62
100 51
100 533
100 440
100 44
100 5
100 479
100 278
100 71
100 28
100 38
100 300
100 605
100 192
100 718
100 254
100 10
100 395
100 1000
100 35
100 101
100 664
100 243
100 165
100 382
100 653
100 689
100 191
100 25
100 75
100 74
100 828
100 109
100 159
100 369
100 69
100 178
100 285
100 159
100 88
100 399
100 199
100 1203
100 527
100 301
100 132
100 370
100 461
100 235
100 489
100 502
100 186
100 219
100 146
100 775
100 560
100 64
100 147
100 323
100 535
100 296
100 282
100 3
100 183
100 660
100 529
100 260
100 791
100 422
100 188
100 117
100 317
100 933
100 241
100 52
100 345
100 237
100 216
100 49
100 1121
100 918
100 257
100 665
100 53
100 1036
100 19
100 154
100 374
100 1843
100 708
100 56
100 77
100 806
100 116
100 1342
100 79
100 520
100 74
100 67
100 600
100 528
100 614
100 61
100 133
100 9
100 180
100 59
100 270
100 2160
100 462
100 263
100 33
100 75
100 42
100 98
100 1473
100 58
100 129
100 88
100 645
100 85
100 1053
100 173
100 325
100 51
100 448
100 172
100 46
100 74
100 372
100 752
100 769
100 318
100 364
100 684
100 248
100 172
100 1072
100 233
100 542
100 593
100 952
100 1014
100 280
100 5
100 38
100 47
100 107
100 275
100 178
100 199
100 1175
100 412
100 613
100 144
100 165
100 161
100 583
100 535
100 201
100 495
100 73
100 178
100 19
100 719
100 467
100 1341
100 1283
100 976
100 103
100 364
100 346
100 24
100 75
100 45
100 245
100 1286
100 122
100 381
100 315
100 366
100 17
100 309
100 133
100 45
100 778
100 248
100 310
100 58
100 41
100 257
100 130
100 39
100 34
100 177
100 18
100 87
100 375
100 598
100 617
100 61
100 315
100 62
100 721
100 73
100 433
100 77
100 161
100 152
100 590
100 68
100 54
100 177
100 128
100 1495
100 617
100 155
100 23
100 299
100 1521
100 106
100 360
100 688
100 370
100 872
100 204
100 203
100 58
100 84
100 13
100 202
100 767
100 111
100 26
100 750
100 210
100 260
100 223
100 416
100 1115
100 79
100 364
100 256
100 187
100 5
100 645
100 269
100 692
100 268
100 936
100 522
100 508
100 114
100 2
100 42
100 462
100 19
100 605
100 60
100 1400
100 7
100 250
100 407
100 92
100 10
100 331
100 362
100 459
100 25
100 391
100 1087
100 211
100 461
100 626
100 329
100 25
100 138
100 346
100 1602
100 661
100 935
100 8
100 122
100 90
100 369
100 289
100 730
100 74
100 85
100 116
100 327
100 919
100 290
100 87
100 96
100 28
100 129
100 1038
100 77
100 185
100 232
100 283
100 571
100 539
100 14
100 138
100 72
100 486
100 85
100 383
100 80
100 16
100 466
100 375
100 206
100 62
100 543
100 317
100 334
100 260
100 59
100 207
100 106
100 629
100 1127
100 195
100 181
100 106
100 90
100 246
100 205
100 89
100 7
100 836
100 1082
100 188
100 1
100 501
100 137
100 174
100 234
100 287
100 437
100 565
100 235
100 183
100 89
100 263
100 30
100 82
100 644
100 135
100 6
100 465
100 284
100 757
100 136
100 500
100 357
100 1405
100 28
100 654
100 246
100 209
100 727
100 248
100 520
100 620
100 198
100 248
100 243
100 293
100 305
100 323
100 525
100 52
100 781
100 374
100 480
100 392
100 62
100 16
100 717
100 476
100 1108
100 191
100 157
100 591
100 92
100 637
100 482
100 184
100 347
100 580
100 1271
100 92
100 768
100 863
100 1049
100 222
100 260
100 144
100 72
100 600
100 150
100 403
100 80
100 318
100 1084
100 150
100 124
100 374
100 48
100 275
100 127
100 375
100 1330
100 116
100 141
100 169
100 100
100 94
100 53
100 908
100 897
100 68
100 105
100 429
100 351
100 88
100 789
100 22
100 426
100 558
100 112
100 207
100 34
100 145
100 883
100 579
100 47
100 202
100 411
100 66
100 824
100 14
100 5
100 13
100 355
100 4
100 229
100 617
100 315
100 279
100 60
100 909
100 766
100 596
100 575
100 420
100 96
100 467
100 172
100 156
100 174
100 1170
100 400
100 620
100 360
100 42
100 395
100 40
100 84
100 39
100 301
100 302
100 223
100 1045
100 551
100 161
100 44
100 232
100 41
100 753
100 943
100 65
100 80
100 357
100 282
100 539
100 110
100 240
100 69
100 1501
100 461
100 398
100 322
100 849
100 313
100 510
100 116
100 1115
100 6
100 333
100 24
100 150
100 425
100 393
100 100
100 226
100 669
100 767
100 685
100 629
100 209
100 457
100 868
100 215
100 115
100 11
100 223
100 38
100 58
100 917
100 589
100 44
100 541
100 143
100 96
100 310
100 159
100 218
100 826
100 274
100 147
100 106
100 579
100 118
100 103
100 642
100 7
100 55
100 72
100 231
100 133
100 715
100 93
100 1106
100 107
100 191
100 173
100 502
100 742
100 13
100 148
100 192
100 315
100 56
100 251
100 664
100 264
100 10
100 1
100 213
100 210
100 275
100 564
100 32
100 889
100 474
100 151
100 390
100 295
100 1194
100 512
100 124
100 127
100 103
100 334
100 417
100 384
100 274
100 544
100 282
100 249
100 8
100 81
100 16
100 51
100 164
100 440
100 232
100 609
100 822
100 158
100 1023
100 99
100 136
100 80
100 50
100 500
100 440
100 1001
100 319
100 550
100 559
100 1197
100 283
100 63
100 93
100 55
100 114
100 40
100 50
100 71
100 552
100 118
100 249
100 28
100 762
100 672
100 270
100 220
100 222
100 384
100 422
100 546
100 394
100 337
100 20
100 2
100 320
100 147
100 398
100 289
100 119
100 521
100 157
100 200
100 178
100 52
100 257
100 627
100 57
100 545
100 284
100 168
100 487
100 579
100 131
100 123
100 506
100 733
100 801
100 192
100 679
100 49
100 818
100 578
100 547
100 974
100 539
100 0
100 101
100 663
100 125
100 28
100 143
100 850
100 923
100 545
100 159
100 40
100 267
100 41
100 21
100 421
100 307
100 687
100 27
100 261
100 1693
100 235
100 54
100 119
100 1937
100 171
100 798
100 744
100 736
100 376
100 945
100 510
100 212
100 83
100 392
100 366
100 155
100 171
100 375
100 329
100 75
100 261
100 102
100 629
100 680
100 39
100 199
100 407
100 150
100 214
100 680
100 1077
100 15
100 1113
100 44
100 181
100 70
100 413
100 251
100 39
100 77
100 272
100 94
100 373
100 649
100 22
100 122
100 936
100 10
100 243
100 619
100 34
100 166
100 467
100 62
100 128
100 299
100 63
100 348
100 136
100 198
100 163
100 462
100 21
100 739
100 48
100 401
100 1831
100 167
100 402
100 162
100 458
100 1098
100 314
100 121
100 507
100 25
100 125
100 1527
100 458
100 189
100 297
100 272
100 1142
100 328
100 101
100 699
100 693
100 309
100 134
100 401
100 57
100 185
100 778
100 50
100 127
100 368
100 54
100 117
100 65
100 524
100 99
100 403
100 1527
100 392
100 761
100 103
100 10
100 366
100 236
100 923
100 70
100 69
100 191
100 397
100 214
100 343
100 616
100 30
100 458
100 523
100 433
100 239
100 533
100 464
100 1182
100 136
100 469
100 59
100 227
100 20
100 550
100 305
100 455
100 1846
100 37
100 190
100 910
100 595
100 514
100 674
100 175
100 218
100 1
100 159
100 128
100 519
100 234
100 1151
100 8
100 296
100 3
100 47
100 249
100 315
100 705
100 235
100 272
100 99
100 58
100 770
100 231
100 479
100 24
100 10
100 230
100 884
100 565
100 449
100 70
100 603
100 3
100 32
100 423
100 294
100 9
100 460
100 375
100 8
100 284
100 669
100 1195
100 512
100 84
100 801
100 80
100 514
100 155
100 631
100 371
100 164
100 233
100 309
100 247
100 89
100 726
100 563
100 97
100 827
100 473
100 397
100 51
100 84
100 195
100 370
100 1030
100 237
100 241
100 224
100 1166
100 14
100 25
100 987
100 134
100 327
100 379
100 579
100 289
100 357
100 210
100 303
100 342
100 205
100 76
100 433
100 247
100 306
100 151
100 696
100 276
100 313
100 555
100 117
100 184
100 22
100 741
100 959
100 434
100 152
100 1334
100 674
100 59
100 6
100 60
100 137
100 537
100 1298
100 217
100 352
100 185
100 378
100 422
100 128
100 331
100 104
100 510
100 912
100 523
100 126
100 318
100 190
100 1760
100 1004
100 117
100 1206
100 404
100 344
100 1586
100 35
100 241
100 913
100 592
100 562
100 526
100 134
100 62
100 688
100 215
100 422
100 95
100 135
100 361
100 2
100 42
100 12
100 212
100 71
100 671
100 218
100 66
100 296
100 899
100 703
100 234
100 123
100 91
100 722
100 127
100 749
100 464
100 614
100 58
100 171
100 589
100 21
100 38
100 183
100 366
100 95
100 141
100 286
100 544
100 1157
100 279
100 915
100 3
100 96
100 200
100 310
100 257
100 781
100 251
100 371
100 139
100 50
100 159
100 613
100 212
100 544
100 169
100 623
100 162
100 118
100 714
100 391
100 345
100 148
100 32
100 1181
100 176
100 187
100 393
100 546
100 32
100 262
100 21
100 312
100 378
100 1115
100 1063
100 182
100 716
100 687
100 692
100 332
100 57
100 149
100 509
100 60
100 35
100 212
100 130
100 509
100 858
100 700
100 115
100 598
100 30
100 149
100 173
100 170
100 45
100 1630
100 119
100 24
100 258
100 58
100 1397
100 1138
100 45
100 2311
100 734
100 271
100 43
100 461
100 127
100 195
100 245
100 66
100 1011
100 88
100 599
100 590
100 477
100 768
100 46
100 104
100 918
100 146
100 518
100 191
100 174
100 195
100 67
100 97
100 666
100 115
100 195
100 935
100 1944
100 204
100 160
100 149
100 363
100 217
100 228
100 393
100 335
100 352
100 325
100 1647
100 74
100 301
100 298
100 660
100 76
100 263
100 122
100 527
100 406
100 344
100 0
100 479
100 1357
100 359
100 99
100 264
100 240
100 353
100 135
100 317
100 967
100 608
100 663
100 259
100 1369
100 172
100 32
100 56
100 671
100 569
100 329
100 260
100 230
100 279
100 1089
100 67
100 89
100 65
100 25
100 197
100 146
100 89
100 721
100 13
100 527
100 172
100 808
100 669
100 2955
100 592
100 641
100 143
100 322
100 893
100 43
100 169
100 955
100 476
100 916
100 224
100 32
100 281
100 842
100 267
100 4
100 346
100 160
100 84
100 180
100 612
100 381
100 8
100 240
100 116
100 260
100 915
100 131
100 248
100 389
100 202
100 493
100 67
100 30
100 47
100 192
100 319
100 53
100 13
100 99
100 129
100 316
100 225
100 472
100 567
100 111
100 276
100 780
100 217
100 58
100 8
100 743
100 125
100 93
100 436
100 79
100 74
100 209
100 804
100 48
100 595
100 249
100 6
100 75
100 96
100 131
100 184
100 93
100 1219
100 433
100 23
100 536
100 631
100 32
100 223
100 113
100 577
100 169
100 254
100 682
100 34
100 183
100 618
100 235
100 431
100 932
100 143
100 163
100 25
100 718
100 563
100 375
100 385
100 220
100 468
100 414
100 581
100 227
100 49
100 317
100 216
100 418
100 93
100 54
100 338
100 3
100 1121
100 9
100 233
100 285
100 79
100 300
100 998
100 11
100 34
100 118
100 333
100 22
100 822
100 558
100 380
100 125
100 518
100 605
100 446
100 760
100 670
100 140
100 288
100 43
100 59
100 852
100 469
100 99
100 48
100 2344
100 171
100 191
100 149
100 162
100 77
100 244
100 422
100 1446
100 132
100 960
100 78
100 700
100 118
100 98
100 59
100 1112
100 100
100 109
100 81
100 730
100 242
100 448
100 900
100 81
100 4
100 255
100 228
100 238
100 11
100 618
100 317
100 37
100 294
100 259
100 168
100 58
100 1793
100 9
100 546
100 130
100 139
100 786
100 67
100 983
100 114
100 369
100 220
100 210
100 53
100 170
100 399
100 1559
100 869
100 583
100 62
100 200
100 322
100 19
100 200
100 510
100 76
100 236
100 89
100 232
100 65
100 253
100 901
100 1283
100 31
100 55
100 375
100 32
100 100
100 152
100 503
100 586
100 125
100 96
100 68
100 1182
100 44
100 34
100 77
100 351
100 877
100 684
100 428
100 795
100 998
100 338
100 561
100 395
100 140
100 141
100 142
100 964
100 57
100 251
100 379
100 605
100 16
100 14
100 191
100 100
100 105
100 517
100 494
100 224
100 424
100 290
100 12
100 76
100 257
100 216
100 494
100 21
100 560
100 54
100 1252
100 125
100 12
100 252
100 106
100 254
100 122
100 826
100 651
100 30
100 340
100 311
100 377
100 334
100 630
100 518
100 33
100 374
100 1036
100 163
100 51
100 171
100 402
100 304
100 109
100 52
100 746
100 83
100 518
100 68
100 69
100 37
100 62
100 43
100 20
100 167
100 560
100 629
100 844
100 385
100 52
100 94
100 376
100 578
100 168
100 573
100 312
100 729
100 151
100 53
100 374
100 70
100 312
100 86
100 66
100 409
100 529
100 10
100 1143
100 489
100 301
100 195
100 69
100 738
100 24
100 223
100 637
100 115
100 390
100 251
100 780
100 613
100 220
100 468
100 835
100 185
100 29
100 1418
100 187
100 105
100 102
100 113
100 518
100 357
100 375
100 342
100 65
100 1090
100 78
100 764
100 202
100 1686
100 481
100 106
100 53
100 357
100 33
100 1680
100 9
100 1272
100 318
100 530
100 428
100 321
100 19
100 629
100 276
100 575
100 113
100 222
100 242
100 707
100 1120
100 113
100 725
100 338
100 242
100 677
100 1334
100 55
100 710
100 727
100 787
100 189
100 85
100 6
100 75
100 381
100 164
100 13
100 339
100 26
100 332
100 379
100 460
100 94
100 517
100 311
100 275
100 133
100 87
100 628
100 1038
100 791
100 143
100 285
100 367
100 1061
100 729
100 395
100 1028
100 257
100 215
100 13
100 126
100 430
100 503
100 292
100 202
100 398
100 72
100 177
100 427
100 527
100 85
100 596
100 931
100 59
100 380
100 170
100 37
100 469
100 113
100 374
100 202
100 393
100 568
100 413
100 1338
100 44
100 595
100 221
100 13
100 602
100 1027
100 61
100 168
100 43
100 468
100 1341
100 6
100 728
100 141
100 110
100 479
100 618
100 1693
100 67
100 305
100 93
100 511
100 597
100 449
100 531
100 489
100 372
100 537
100 943
100 360
100 227
100 30
100 381
100 40
100 20
100 670
100 780
100 558
100 99
100 130
100 37
100 931
100 514
100 100
100 171
100 1019
100 236
100 35
100 286
100 952
100 737
100 101
100 1322
100 225
100 61
100 517
100 206
100 51
100 345
100 388
100 228
100 377
100 158
100 32
100 1778
100 184
100 1111
100 42
100 295
100 207
100 1265
100 197
100 248
100 47
100 95
100 803
100 29
100 69
100 31
100 156
100 826
100 92
100 287
100 2041
100 100
100 315
100 806
100 81
100 584
100 51
100 306
100 635
100 284
100 147
100 445
100 313
100 195
100 257
100 606
100 214
100 280
100 393
100 472
100 29
100 677
100 0
100 6
100 105
100 274
100 854
100 163
100 799
100 153
100 40
100 73
100 171
100 177
100 258
100 156
100 23
100 41
100 273
100 965
100 74
100 408
100 387
100 31
100 40
100 73
100 19
100 133
100 96
100 136
100 49
100 315
100 643
100 532
100 472
100 4
100 273
100 224
100 1
100 1105
100 95
100 283
100 212
100 20
100 3
100 1205
100 1430
100 526
100 53
100 125
100 579
100 355
100 500
100 32
100 585
100 101
100 28
100 204
100 607
100 340
100 87
100 6
100 190
100 311
100 192
100 555
100 140
100 592
100 381
100 690
100 382
100 228
100 546
100 732
100 722
100 405
100 712
100 469
100 465
100 163
100 455
100 239
100 434
100 960
100 42
100 198
100 41
100 16
100 167
100 109
100 14
100 283
100 44
100 427
100 915
100 57
100 93
100 197
100 154
100 72
100 242
100 272
100 30
100 69
100 21
100 334
100 628
100 101
100 88
100 108
100 756
100 536
100 45
100 320
100 553
100 249
100 55
100 526
100 102
100 73
100 182
100 11
100 1656
100 57
100 153
100 268
100 28
100 810
100 812
100 14
100 141
100 1088
100 65
100 484
100 319
100 411
100 803
100 308
100 686
100 244
100 1362
100 548
100 897
100 215
100 20
100 35
100 292
100 367
100 1140
100 3
100 12
100 21
100 203
100 371
100 111
100 153
100 342
100 250
100 534
100 383
100 216
100 571
100 378
100 196
100 566
100 393
100 7
100 82
100 1004
100 373
100 232
100 164
100 285
100 96
100 75
100 250
100 342
100 102
100 450
100 45
100 636
100 350
100 28
100 92
100 274
100 104
100 161
100 391
100 92
100 1053
100 219
100 972
100 690
100 205
100 24
100 37
100 121
100 155
100 1292
100 33
100 507
100 623
100 188
100 376
100 65
100 108
100 630
100 27
100 482
100 18
100 820
100 768
100 30
100 233
100 228
100 24
100 71
100 84
100 181
100 17
100 726
100 69
100 86
100 880
100 305
100 971
100 37
100 261
100 377
100 359
100 19
100 298
100 592
100 244
100 9
100 22
100 1105
100 728
100 1293
100 361
100 208
100 244
100 383
100 275
100 1261
100 1005
100 434
100 336
100 738
100 41
100 241
100 1025
100 49
100 72
100 160
100 268
100 259
100 274
100 95
100 3
100 113
100 218
100 195
100 19
100 1625
100 257
100 498
100 355
100 550
100 46
100 378
100 8
100 377
100 468
100 988
100 147
100 289
100 97
100 105
100 919
100 182
100 119
100 413
100 1
100 960
100 449
100 83
100 772
100 305
100 235
100 197
100 408
100 1151
100 597
100 213
100 517
100 669
100 246
100 83
100 728
100 306
100 185
100 77
100 211
100 83
100 44
100 177
100 818
100 116
100 218
100 256
100 1006
100 817
100 96
100 324
100 266
100 793
100 5
100 661
100 223
100 182
100 253
100 84
100 110
100 118
100 315
100 1763
100 130
100 57
100 265
100 129
100 1441
100 451
100 88
100 333
100 284
100 114
100 309
100 2604
100 366
100 483
100 341
100 22
100 659
100 251
100 158
100 352
100 504
100 577
100 702
100 202
100 96
100 352
100 804
100 136
100 426
100 72
100 208
100 194
100 371
100 436
100 244
100 539
100 450
100 755
100 187
100 368
100 4
100 973
100 199
100 72
100 135
100 207
100 736
100 405
100 325
100 854
100 34
100 99
100 106
100 329
100 393
100 123
100 624
100 73
100 231
100 20
100 59
100 290
100 195
100 205
100 319
100 380
100 64
100 695
100 118
100 59
100 136
100 742
100 323
100 1192
100 183
100 376
100 169
100 447
100 1
100 878
100 1182
100 187
100 5
100 409
100 128
100 253
100 164
100 45
100 46
100 1560
100 199
100 280
100 176
100 414
100 201
100 188
100 5
100 452
100 145
100 257
100 155
100 763
100 487
100 67
100 565
100 273
100 1
100 1181
100 98
100 352
100 58
100 57
100 114
100 443
100 24
100 131
100 815
100 438
100 231
100 313
100 855
100 158
100 807
100 274
100 478
100 775
100 175
100 281
100 262
100 159
100 172
100 378
100 503
100 274
100 758
100 90
100 273
100 47
100 1475
100 1591
100 82
100 145
100 467
100 12
100 1216
100 121
100 42
100 1086
100 160
100 276
100 667
100 582
100 74
100 11
100 301
100 209
100 537
100 97
100 350
100 737
100 997
100 762
100 197
100 70
100 258
100 488
100 77
100 270
100 180
100 671
100 501
100 239
100 699
100 124
100 227
100 72
100 142
100 18
100 237
100 344
100 286
100 104
100 664
100 82
100 152
100 291
100 268
100 482
100 317
100 398
100 145
100 629
100 189
100 59
100 35
100 579
100 1523
100 1389
100 27
100 719
100 48
100 608
100 416
100 358
100 276
100 353
100 496
100 440
100 169
100 292
100 331
100 502
100 1063
100 628
100 9
100 8
100 473
100 205
100 554
100 89
100 28
100 321
100 747
100 0
100 676
100 51
100 125
100 1442
100 125
100 337
100 1571
100 196
100 1193
100 325
100 584
100 122
100 105
100 207
100 132
100 301
100 152
100 120
100 121
100 854
100 531
100 114
100 229
100 569
100 166
100 77
100 703
100 617
100 100
100 13
100 770
100 198
100 651
100 118
100 71
100 96
100 375
100 535
100 154
100 125
100 15
100 143
100 41
100 114
100 1292
100 147
100 730
100 68
100 416
100 91
100 625
100 693
100 214
100 113
100 244
100 227
100 147
100 161
100 988
100 103
100 3
100 604
100 356
100 165
100 157
100 1524
100 562
100 83
100 830
100 170
100 348
100 88
100 276
100 158
100 312
100 214
100 36
100 463
100 486
100 306
100 192
100 779
100 31
100 227
100 83
100 999
100 63
100 219
100 119
100 51
100 960
100 284
100 15
100 808
100 89
100 58
100 275
100 970
100 188
100 422
100 69
100 209
100 277
100 214
100 529
100 182
100 650
100 174
100 126
100 15
100 287
100 34
100 194
100 21
100 266
100 203
100 1086
100 209
100 650
100 125
100 98
100 282
100 385
100 74
100 27
100 327
100 348
100 215
100 578
100 5
100 476
100 1410
100 458
100 422
100 447
100 211
100 110
100 363
100 223
100 451
100 58
100 194
100 342
100 21
100 993
100 200
100 414
100 573
100 450
100 129
100 263
100 74
100 424
100 119
100 512
100 528
100 5
100 157
100 153
100 21
100 432
100 670
100 35
100 633
100 223
100 671
100 86
100 837
100 305
100 671
100 281
100 281
100 726
100 59
100 32
100 180
100 582
100 169
100 296
100 32
100 199
100 379
100 38
100 35
100 37
100 942
100 967
100 22
100 55
100 353
100 456
100 122
100 1154
100 441
100 188
100 985
100 190
100 175
100 38
100 480
100 62
100 18
100 809
100 202
100 187
100 87
100 578
100 59
100 60
100 20
100 23
100 187
100 109
100 357
100 403
100 1719
100 62
100 188
100 91
100 156
100 534
100 1761
100 1211
100 642
100 378
100 841
100 1920
100 504
100 794
100 294
100 17
100 111
100 236
100 629
100 99
100 35
100 522
100 165
100 1209
100 181
100 58
100 258
100 62
100 406
100 419
100 388
100 1186
100 300
100 381
100 264
100 655
100 588
100 120
100 462
100 218
100 284
100 171
100 928
100 231
100 38
100 149
100 89
100 1134
100 343
100 148
100 332
100 397
100 310
100 1258
100 305
100 138
100 341
100 291
100 255
100 271
100 901
100 820
100 201
100 111
100 224
100 106
100 197
100 660
100 821
100 1258
100 553
100 1333
100 225
100 396
100 312
100 89
100 674
100 45
100 540
100 234
100 125
100 51
100 439
100 69
100 1191
100 16
100 802
100 253
100 252
100 491
100 336
100 269
100 257
100 327
100 376
100 553
100 308
100 136
100 449
100 111
100 8
100 164
100 165
100 220
100 176
100 731
100 15
100 466
100 271
100 333
100 1256
100 413
100 23
100 164
100 367
100 103
100 543
100 343
100 33
100 920
100 1326
100 966
100 489
100 103
100 13
100 212
100 937
100 509
100 91
100 95
100 62
100 236
100 196
100 273
100 25
100 107
100 72
100 203
100 121
100 260
100 67
100 211
100 638
100 182
100 941
100 408
100 10
100 428
100 913
100 361
100 605
100 592
100 743
100 183
100 603
100 927
100 975
100 444
100 66
100 1229
100 747
100 111
100 1135
100 25
100 388
100 184
100 483
100 164
100 17
100 745
100 23
100 112
100 573
100 156
100 25
100 1524
100 1759
100 231
100 183
100 952
100 147
100 44
100 219
100 763
100 354
100 38
100 211
100 91
100 468
100 400
100 360
100 79
100 32
100 130
100 231
100 12
100 124
100 107
100 1003
100 237
100 763
100 140
100 175
100 7
100 5
100 1003
100 807
100 39
100 475
100 175
100 55
100 129
100 552
100 245
100 159
100 51
100 184
100 94
100 524
100 725
100 161
100 262
100 49
100 207
100 394
100 162
100 1099
100 13
100 286
100 406
100 305
100 331
100 316
100 915
100 756
100 474
100 876
100 137
100 153
100 187
100 126
100 170
100 349
100 879
100 50
100 213
100 18
100 283
100 654
100 85
100 1111
100 394
100 578
100 141
100 86
100 11
100 304
100 229
100 206
100 672
100 331
100 931
100 129
100 824
100 300
100 254
100 175
100 226
100 236
100 343
100 273
100 108
100 25
100 93
100 326
100 1514
100 182
100 138
100 10
100 196
100 353
100 127
100 316
100 352
100 385
100 95
100 283
100 18
100 18
100 111
100 363
100 127
100 1337
100 791
100 632
100 26
100 147
100 93
100 370
100 67
100 10
100 212
100 343
100 136
100 29
100 967
100 42
100 99
100 275
100 910
100 1256
100 407
100 713
100 17
100 222
100 77
100 332
100 856
100 1239
100 144
100 134
100 308
100 482
100 147
100 214
100 163
100 62
100 59
100 132
100 704
100 11
100 1378
100 940
100 89
100 23
100 51
100 8
100 377
100 65
100 620
100 469
100 1104
100 16
100 311
100 172
100 111
100 611
100 726
100 76
100 341
100 349
100 959
100 17
100 127
100 450
100 1145
100 166
100 1487
100 793
100 994
100 1151
100 253
100 302
100 159
100 1003
100 37
100 199
100 6
100 135
100 670
100 353
100 1333
100 976
100 352
100 33
100 365
100 47
100 105
100 119
100 14
100 268
100 359
100 824
100 145
100 616
100 243
100 637
100 976
100 424
100 244
100 250
100 155
100 51
100 330
100 707
100 888
100 561
100 272
100 183
100 290
100 358
100 162
100 1134
100 830
100 582
100 401
100 52
100 182
100 607
100 135
100 1080
100 26
100 792
100 1430
100 188
100 705
100 779
100 717
100 787
100 351
100 100
100 20
100 206
100 40
100 153
100 775
100 335
100 723
100 1276
100 229
100 275
100 329
100 556
100 304
100 324
100 413
100 109
100 361
100 43
100 107
100 261
100 570
100 233
100 66
100 551
100 106
100 298
100 259
100 138
100 1102
100 59
100 1534
100 619
100 474
100 189
100 59
100 728
100 186
100 328
100 866
100 814
100 80
100 250
100 482
100 105
100 47
100 102
100 61
100 969
100 124
100 76
100 193
100 41
100 1498
100 213
100 23
100 1140
100 91
100 102
100 250
100 291
100 9
100 33
100 349
100 0
100 82
100 695
100 256
100 267
100 518
100 569
100 447
100 121
100 748
100 678
100 126
100 137
100 68
100 226
100 106
100 11
100 509
100 484
100 105
100 18
100 253
100 166
100 165
100 36
100 361
100 1904
100 251
100 16
100 147
100 196
100 616
100 445
100 1292
100 353
100 317
100 1032
100 194
100 394
100 62
100 530
100 102
100 120
100 106
100 528
100 457
100 179
100 64
100 228
100 686
100 91
100 203
100 147
100 72
100 328
100 26
100 24
100 843
100 345
100 391
100 312
100 236
100 19
100 59
100 130
100 326
100 115
100 443
100 45
100 416
100 250
100 1472
100 1293
100 86
100 39
100 1943
100 1019
100 2
100 176
100 166
100 514
100 9
100 562
100 108
100 72
100 33
100 65
100 122
100 67
100 642
100 305
100 1222
100 108
100 101
100 512
100 444
100 404
100 1653
100 511
100 134
100 1395
100 573
100 825
100 701
100 910
100 99
100 248
100 191
100 1236
100 393
100 8
100 267
100 242
100 84
100 717
100 233
100 370
100 227
100 212
100 52
100 609
100 2140
100 17
100 318
100 528
100 13
100 188
100 497
100 166
100 3
100 161
100 9
100 20
100 157
100 139
100 505
100 103
100 5
100 541
100 544
100 116
100 393
100 359
100 126
100 56
100 39
100 305
100 206
100 490
100 72
100 986
100 211
100 343
100 2
100 47
100 57
100 515
100 773
100 918
100 229
100 44
100 666
100 702
100 23
100 195
100 274
100 24
100 272
100 114
100 469
100 173
100 15
100 294
100 357
100 367
100 118
100 76
100 294
100 114
100 157
100 403
100 384
100 254
100 374
100 306
100 1120
100 555
100 426
100 650
100 379
100 377
100 67
100 985
100 119
100 279
100 881
100 211
100 560
100 249
100 217
100 303
100 2112
100 10
100 261
100 725
100 331
100 1084
100 327
100 330
100 217
100 23
100 316
100 266
100 380
100 61
100 101
100 594
100 169
100 416
100 254
100 0
100 576
100 338
100 235
100 945
100 152
100 471
100 111
100 266
100 2681
100 9
100 167
100 79
100 148
100 432
100 165
100 268
100 1641
100 284
100 2424
100 23
100 1716
100 1055
100 642
100 613
100 600
100 217
100 322
100 138
100 414
100 189
100 951
100 11
100 693
100 54
100 726
100 29
100 248
100 231
100 413
100 470
100 1611
100 924
100 509
100 152
100 149
100 65
100 274
100 898
100 225
100 556
100 226
100 7
100 17
100 1541
100 96
100 633
100 438
100 540
100 1055
100 22
100 166
100 302
100 128
100 216
100 730
100 311
100 688
100 654
100 100
100 288
100 834
100 676
100 724
100 31
100 321
100 368
100 434
100 375
100 256
100 266
100 63
100 113
100 113
100 54
100 227
100 261
100 535
100 382
100 58
100 493
100 76
100 620
100 755
100 43
100 447
100 311
100 273
100 992
100 387
100 321
100 980
100 532
100 149
100 1621
100 105
100 361
100 248
100 30
100 1159
100 56
100 175
100 545
100 86
100 15
100 284
100 374
100 677
100 309
100 44
100 483
100 118
100 61
100 1001
100 189
100 686
100 281
100 344
100 261
100 392
100 663
100 520
100 1088
100 234
100 14
100 325
100 104
100 66
100 335
100 105
100 240
100 258
100 1246
100 91
100 543
100 33
100 288
100 741
100 501
100 218
100 209
100 247
100 665
100 252
100 459
100 65
100 120
100 527
100 406
100 965
100 8
100 158
100 200
100 362
100 135
100 160
100 216
100 94
100 113
100 155
100 464
100 82
100 994
100 284
100 622
100 479
100 118
100 644
100 102
100 869
100 83
100 248
100 146
100 64
100 11
100 115
100 685
100 53
100 127
100 147
100 620
100 47
100 99
100 56
100 824
100 522
100 254
100 437
100 259
100 713
100 384
100 1
100 209
100 738
100 869
100 3134
100 1060
100 80
100 258
100 79
100 392
100 87
100 88
100 265
100 487
100 377
100 12
100 830
100 9
100 8
100 107
100 462
100 417
100 296
100 181
100 48
100 533
100 484
100 83
100 50
100 238
100 306
100 24
100 25
100 415
100 383
100 514
100 305
100 1220
100 23
100 343
100 381
100 666
100 135
100 334
100 949
100 126
100 268
100 36
100 340
100 1036
100 1325
100 839
100 187
100 294
100 204
100 68
100 501
100 119
100 200
100 137
100 215
100 51
100 409
100 321
100 249
100 134
100 313
100 133
100 294
100 91
100 226
100 431
100 302
100 17
100 204
100 435
100 290
100 445
100 21
100 91
100 154
100 238
100 151
100 638
100 260
100 450
100 688
100 104
100 144
100 268
100 719
100 820
100 798
100 337
100 247
100 494
100 59
100 390
100 66
100 221
100 301
100 984
100 596
100 76
100 157
100 191
100 906
100 533
100 287
100 332
100 27
100 358
100 654
100 468
100 197
100 674
100 10
100 505
100 19
100 1452
100 17
100 669
100 300
100 148
100 539
100 230
100 172
100 80
100 210
100 16
100 155
100 46
100 343
100 282
100 474
100 32
100 0
100 642
100 605
100 89
100 95
100 5
100 705
100 639
100 811
100 450
100 19
100 568
100 395
100 1078
100 696
100 677
100 218
100 276
100 356
100 404
100 260
100 194
100 200
100 308
100 55
100 1502
100 128
100 50
100 822
100 822
100 176
100 63
100 54
100 163
100 619
100 132
100 248
100 464
100 333
100 770
100 907
100 26
100 223
100 1556
100 154
100 1844
100 388
100 170
100 12
100 1018
100 898
100 495
100 926
100 2405
100 1317
100 16
100 834
100 47
100 72
100 41
100 306
100 714
100 743
100 1402
100 2232
100 829
100 464
100 80
100 145
100 208
100 25
100 398
100 130
100 960
100 715
100 152
100 322
100 59
100 781
100 647
100 20
100 996
100 317
100 2193
100 684
100 69
100 286
100 78
100 83
100 182
100 38
100 111
100 325
100 379
100 211
100 541
100 574
100 31
100 91
100 21
100 368
100 12
100 105
100 175
100 306
100 890
100 366
100 136
100 447
100 572
100 49
100 248
100 498
100 279
100 345
100 262
100 72
100 179
100 12
100 431
100 652
100 293
100 90
100 530
100 810
100 159
100 25
100 1417
100 130
100 273
100 344
100 243
100 116
100 9
100 106
100 3
100 213
100 108
100 170
100 374
100 518
100 637
100 109
100 128
100 514
100 675
100 150
100 249
100 32
100 372
100 351
100 70
100 212
100 201
100 551
100 914
100 43
100 398
100 371
100 231
100 240
100 502
100 198
100 783
100 683
100 420
100 257
100 27
100 403
100 5
100 125
100 25
100 1640
100 44
100 185
100 1607
100 40
100 35
100 758
100 1284
100 85
100 336
100 64
100 164
100 377
100 57
100 889
100 145
100 206
100 547
100 73
100 35
100 0
100 81
100 534
100 55
100 312
100 625
100 377
100 76
100 33
100 7
100 2178
100 283
100 258
100 107
100 379
100 736
100 198
100 1177
100 854
100 330
100 58
100 424
100 100
100 96
100 252
100 109
100 844
100 893
100 224
100 822
100 827
100 309
100 159
100 1471
100 189
100 102
100 213
100 839
100 99
100 44
100 189
100 677
100 304
100 95
100 687
100 392
100 693
100 249
100 357
100 64
100 185
100 662
100 638
100 334
100 49
100 189
100 80
100 560
100 108
100 528
100 189
100 407
100 377
100 633
100 495
100 67
100 2
100 582
100 186
100 126
100 518
100 551
100 219
100 191
100 294
100 97
100 88
100 49
100 404
100 842
100 3
100 446
100 299
100 58
100 125
100 429
100 97
100 1003
100 544
100 337
100 1018
100 291
100 1
100 34
100 403
100 421
100 128
100 394
100 206
100 231
100 3
100 12
100 260
100 71
100 238
100 248
100 1080
100 191
100 239
100 1354
100 71
100 208
100 123
100 139
100 439
100 1113
100 215
100 1470
100 46
100 807
100 173
100 93
100 262
100 47
100 8
100 612
100 42
100 1317
100 150
100 246
100 111
100 328
100 569
100 799
100 45
100 60
100 1837
100 35
100 224
100 178
100 545
100 271
100 326
100 285
100 11
100 215
100 53
100 640
100 1338
100 382
100 294
100 315
100 242
100 251
100 344
100 175
100 174
100 279
100 259
100 358
100 174
100 365
100 708
100 553
100 118
100 0
100 450
100 443
100 255
100 1275
100 252
100 771
100 1628
100 929
100 84
100 644
100 62
100 170
100 28
100 229
100 307
100 666
100 38
100 155
100 427
100 300
100 1254
100 323
100 701
100 756
100 296
100 955
100 773
100 53
100 733
100 120
100 149
100 33
100 385
100 225
100 420
100 152
100 105
100 161
100 520
100 206
100 704
100 459
100 404
100 103
100 410
100 3
100 759
100 248
100 127
100 9
100 93
100 899
100 106
100 81
100 40
100 21
100 316
100 558
100 266
100 281
100 519
100 388
100 233
100 678
100 865
100 440
100 125
100 619
100 304
100 197
100 1640
100 33
100 63
100 513
100 28
100 65
100 57
100 1949
100 788
100 611
100 26
100 479
100 205
100 862
100 187
100 335
100 475
100 719
100 682
100 32
100 264
100 1285
100 201
100 185
100 570
100 760
100 275
100 47
100 33
100 284
100 1215
100 51
100 4
100 5
100 208
100 77
100 474
100 345
100 650
100 374
100 523
100 544
100 881
100 714
100 14
100 162
100 1387
100 32
100 20
100 171
100 169
100 807
100 846
100 542
100 356
100 354
100 84
100 466
100 88
100 620
100 100
100 356
100 1560
100 188
100 757
100 924
100 347
100 300
100 198
100 582
100 268
100 123
100 622
100 251
100 1442
100 305
100 551
100 1370
100 350
100 83
100 383
100 225
100 1032
100 20
100 26
100 550
100 975
100 456
100 1536
100 28
100 442
100 1331
100 96
100 614
100 527
100 999
100 622
100 488
100 53
100 1609
100 444
100 19
100 610
100 36
100 175
100 105
100 560
100 207
100 258
100 430
100 103
100 340
100 1417
100 229
100 303
100 396
100 414
100 708
100 688
100 652
100 183
100 356
100 342
100 19
100 168
100 239
100 57
100 153
100 27
100 116
100 56
100 559
100 49
100 683
100 63
100 79
100 900
100 1362
100 389
100 1576
100 477
100 1
100 99
100 329
100 99
100 152
100 462
100 1219
100 178
100 318
100 200
100 205
100 160
100 11
100 331
100 514
100 30
100 514
100 242
100 17
100 776
100 71
100 5
100 455
100 148
100 606
100 132
100 137
100 723
100 338
100 58
100 1201
100 46
100 58
100 130
100 449
100 119
100 382
100 41
100 1443
100 400
100 422
100 260
100 356
100 300
100 180
100 2151
100 439
100 342
100 372
100 316
100 42
100 1266
100 385
100 454
100 1967
100 73
100 202
100 1081
100 424
100 66
100 859
100 245
100 749
100 149
100 32
100 480
100 398
100 567
100 8
100 569
100 1432
100 76
100 201
100 339
100 440
100 617
100 994
100 346
100 139
100 538
100 496
100 89
100 84
100 467
100 1456
100 404
100 856
100 253
100 55
100 300
100 668
100 69
100 126
100 553
100 1649
100 237
100 138
100 165
100 123
100 595
100 321
100 154
100 250
100 87
100 93
100 360
100 54
100 337
100 47
100 150
100 399
100 382
100 96
100 257
100 43
100 95
100 216
100 441
100 552
100 260
100 895
100 44
100 55
100 162
100 76
100 507
100 269
100 148
100 17
100 33
100 421
100 131
100 16
100 105
100 86
100 250
100 424
100 445
100 34
100 539
100 86
100 213
100 332
100 41
100 29
100 91
100 38
100 2426
100 114
100 730
100 25
100 943
100 251
100 363
100 150
100 671
100 502
100 305
100 162
100 556
100 186
100 39
100 172
100 392
100 29
100 5
100 208
100 177
100 212
100 632
100 1102
100 579
100 963
100 80
100 14
100 33
100 299
100 312
100 424
100 365
100 1177
100 105
100 397
100 13
100 120
100 91
100 56
100 192
100 24
100 315
100 79
100 134
100 195
100 138
100 16
100 478
100 69
100 369
100 256
100 164
100 98
100 264
100 1055
100 53
100 22
100 11
100 315
100 634
100 549
100 462
100 395
100 1161
100 140
100 79
100 602
100 341
100 26
100 41
100 235
100 638
100 337
100 372
100 386
100 413
100 298
100 1077
100 175
100 473
100 241
100 262
100 302
100 154
100 810
100 4
100 313
100 65
100 1335
100 371
100 168
100 686
100 204
100 60
100 445
100 501
100 91
100 540
100 36
100 171
100 158
100 166
100 594
100 87
100 428
100 153
100 54
100 754
100 939
100 42
100 1997
100 601
100 139
100 6
100 560
100 64
100 514
100 21
100 332
100 907
100 166
100 37
100 741
100 11
100 134
100 14
100 347
100 55
100 229
100 22
100 198
100 922
100 160
100 247
100 225
100 349
100 1082
100 191
100 58
100 745
100 200
100 772
100 130
100 515
100 586
100 590
100 711
100 330
100 564
100 248
100 377
100 40
100 112
100 257
100 1240
100 174
100 186
100 360
100 88
100 15
100 113
100 428
100 349
100 507
100 746
100 273
100 44
100 21
100 11
100 503
100 342
100 210
100 258
100 184
100 84
100 60
100 1454
100 843
100 64
100 76
100 195
100 98
100 393
100 78
100 278
100 1436
100 805
100 449
100 1413
100 589
100 7
100 114
100 234
100 641
100 61
100 361
100 1434
100 107
100 52
100 532
100 111
100 415
100 85
100 577
100 80
100 165
100 2
100 9
100 304
100 170
100 456
100 397
100 215
100 983
100 911
100 354
100 129
100 1190
100 2063
100 952
100 1698
100 44
100 237
100 956
100 633
100 878
100 298
100 401
100 70
100 28
100 331
100 66
100 107
100 465
100 971
100 178
100 526
100 279
100 96
100 5
100 189
100 146
100 1692
100 837
100 1003
100 443
100 82
100 935
100 412
100 331
100 306
100 559
100 93
100 352
100 315
100 229
100 408
100 293
100 227
100 218
100 49
100 569
100 9
100 887
100 153
100 266
100 337
100 298
100 321
100 302
100 1085
100 1669
100 624
100 8
100 407
100 564
100 448
100 325
100 284
100 28
100 456
100 145
100 608
100 171
100 523
100 409
100 362
100 179
100 711
100 828
100 650
100 467
100 68
100 319
100 42
100 187
100 552
100 1445
100 16
100 169
100 6
100 2537
100 104
100 124
100 796
100 103
100 436
100 2
100 217
100 70
100 359
100 952
100 782
100 162
100 30
100 12
100 244
100 22
