100 1
100 40
100 122
100 420
100 12
100 219
100 128
100 34
100 3
100 309
100 146
100 40
100 71
100 439
100 317
100 35
100 277
100 192
100 61
100 87
100 139
100 51
100 6
100 18
100 50
100 96
100 56
100 362
100 241
100 130
100 53
100 111
100 42
100 120
100 577
100 151
100 257
100 382
100 1
100 65
100 84
100 15
100 234
100 197
100 741
100 232
100 7
100 74
100 118
100 351
100 74
100 118
100 17
100 23
100 47
100 8
100 87
100 333
100 182
100 89
100 187
100 97
100 186
100 135
100 4
100 172
100 51
100 0
100 25
100 44
100 23
100 298
100 205
100 24
100 418
100 173
100 63
100 183
100 782
100 46
100 481
100 62
100 283
100 11
100 5
100 132
100 200
100 463
100 82
100 41
100 5
100 150
100 108
100 66
100 137
100 30
100 74
100 97
100 17
100 92
100 16
100 471
100 158
100 102
100 29
100 15
100 109
100 306
100 170
100 56
100 264
100 181
100 171
100 2
100 76
100 189
100 12
100 55
100 69
100 18
100 370
100 80
100 27
100 164
100 110
100 329
100 173
100 55
100 176
100 99
100 15
100 65
100 128
100 85
100 165
100 225
100 136
100 85
100 142
100 3
100 128
100 214
100 100
100 30
100 62
100 127
100 397
100 121
100 2
100 3
100 69
100 5
100 50
100 102
100 205
100 146
100 29
100 37
100 34
100 38
100 234
100 31
100 211
100 354
100 85
100 86
100 39
100 298
100 37
100 156
100 315
100 16
100 124
100 365
100 7
100 29
100 170
100 642
100 82
100 34
100 122
100 99
100 317
100 109
100 25
100 58
100 183
100 20
100 25
100 69
100 57
100 128
100 58
100 99
100 75
100 315
100 406
100 113
100 79
100 9
100 65
100 1
100 114
100 80
100 239
100 210
100 321
100 123
100 24
100 228
100 4
100 202
100 51
100 273
100 357
100 160
100 113
100 114
100 21
100 170
100 68
100 273
100 467
100 77
100 109
100 161
100 182
100 173
100 13
100 272
100 322
100 16
100 672
100 908
100 311
100 81
100 82
100 114
100 416
100 148
100 196
100 26
100 64
100 273
100 265
100 309
100 648
100 250
100 84
100 37
100 65
100 615
100 201
100 61
100 114
100 451
100 344
100 91
100 119
100 25
100 5
100 282
100 124
100 118
100 270
100 69
100 55
100 43
100 272
100 40
100 202
100 375
100 62
100 12
100 66
100 83
100 183
100 131
100 240
100 131
100 79
100 124
100 198
100 27
100 365
100 23
100 67
100 432
100 358
100 154
100 263
100 271
100 2
100 36
100 227
100 382
100 22
100 96
100 618
100 1
100 399
100 103
100 24
100 44
100 244
100 23
100 79
100 109
100 16
100 103
100 1
100 71
100 580
100 36
100 20
100 41
100 75
100 101
100 5
100 53
100 58
100 40
100 68
100 54
100 114
100 18
100 54
100 69
100 33
100 17
100 205
100 293
100 54
100 146
100 403
100 116
100 11
100 209
100 130
100 0
100 242
100 7
100 512
100 168
100 96
100 13
100 258
100 154
100 134
100 0
100 24
100 0
100 89
100 139
100 201
100 153
100 42
100 2
100 141
100 521
100 69
100 804
100 364
100 19
100 122
100 32
100 172
100 1
100 13
100 39
100 94
100 69
100 226
100 244
100 59
100 108
100 32
100 205
100 221
100 27
100 184
100 75
100 28
100 47
100 307
100 59
100 128
100 56
100 280
100 229
100 328
100 15
100 335
100 129
100 452
100 14
100 164
100 157
100 199
100 145
100 35
100 122
100 56
100 11
100 7
100 140
100 168
100 139
100 348
100 47
100 281
100 113
100 358
100 201
100 11
100 257
100 138
100 21
100 6
100 133
100 508
100 131
100 273
100 154
100 49
100 30
100 161
100 50
100 230
100 213
100 8
100 117
100 160
100 106
100 46
100 70
100 235
100 180
100 30
100 75
100 46
100 242
100 143
100 62
100 478
100 58
100 404
100 62
100 21
100 14
100 185
100 473
100 301
100 40
100 26
100 30
100 67
100 43
100 570
100 28
100 37
100 115
100 322
100 34
100 451
100 20
100 152
100 176
100 46
100 24
100 433
100 32
100 718
100 122
100 215
100 39
100 262
100 87
100 126
100 116
100 12
100 294
100 123
100 41
100 97
100 44
100 311
100 121
100 15
100 94
100 130
100 178
100 229
100 590
100 98
100 45
100 64
100 639
100 9
100 82
100 116
100 302
100 193
100 282
100 35
100 611
100 73
100 142
100 89
100 69
100 155
100 100
100 0
100 47
100 187
100 166
100 124
100 101
100 71
100 0
100 3
100 24
100 51
100 38
100 79
100 66
100 58
100 27
100 22
100 28
100 484
100 85
100 24
100 216
100 109
100 478
100 162
100 285
100 44
100 12
100 60
100 177
100 279
100 242
100 31
100 213
100 132
100 69
100 105
100 523
100 111
100 7
100 3
100 227
100 68
100 269
100 75
100 865
100 192
100 178
100 12
100 90
100 53
100 161
100 356
100 72
100 22
100 333
100 12
100 30
100 4
100 92
100 222
100 76
100 6
100 252
100 299
100 111
100 72
100 271
100 260
100 74
100 123
100 6
100 94
100 34
100 46
100 164
100 67
100 50
100 18
100 482
100 153
100 147
100 238
100 151
100 167
100 671
100 217
100 166
100 279
100 499
100 0
100 18
100 52
100 269
100 60
100 134
100 49
100 543
100 41
100 691
100 172
100 91
100 251
100 142
100 91
100 76
100 59
100 30
100 68
100 41
100 432
100 154
100 44
100 207
100 51
100 130
100 109
100 191
100 93
100 196
100 6
100 737
100 122
100 663
100 62
100 171
100 577
100 158
100 22
100 13
100 14
100 164
100 354
100 310
100 137
100 6
100 4
100 43
100 206
100 47
100 87
100 22
100 18
100 28
100 419
100 292
100 175
100 59
100 6
100 62
100 34
100 44
100 334
100 93
100 0
100 66
100 38
100 14
100 324
100 590
100 207
100 205
100 267
100 216
100 32
100 68
100 150
100 22
100 473
100 384
100 320
100 77
100 336
100 132
100 94
100 75
100 374
100 509
100 117
100 375
100 134
100 56
100 16
100 42
100 106
100 138
100 48
100 83
100 142
100 55
100 687
100 18
100 41
100 826
100 31
100 290
100 86
100 55
100 40
100 9
100 24
100 103
100 137
100 240
100 42
100 69
100 236
100 34
100 154
100 119
100 138
100 45
100 42
100 4
100 0
100 20
100 57
100 98
100 132
100 132
100 80
100 290
100 160
100 130
100 75
100 105
100 153
100 155
100 55
100 60
100 38
100 3
100 34
100 263
100 28
100 63
100 2
100 96
100 212
100 93
100 49
100 197
100 106
100 174
100 71
100 85
100 18
100 196
100 142
100 173
100 37
100 14
100 18
100 117
100 595
100 160
100 62
100 149
100 323
100 514
100 79
100 4
100 85
100 443
100 220
100 145
100 7
100 24
100 116
100 696
100 51
100 156
100 226
100 22
100 404
100 65
100 107
100 102
100 30
100 229
100 194
100 44
100 347
100 202
100 29
100 30
100 222
100 142
100 89
100 6
100 119
100 114
100 163
100 118
100 89
100 108
100 55
100 274
100 185
100 6
100 105
100 9
100 78
100 83
100 11
100 18
100 253
100 8
100 45
100 221
100 99
100 7
100 37
100 353
100 238
100 439
100 36
100 221
100 5
100 230
100 19
100 5
100 98
100 50
100 118
100 105
100 247
100 149
100 284
100 1109
100 75
100 63
100 387
100 21
100 104
100 226
100 102
100 65
100 82
100 11
100 62
100 79
100 271
100 119
100 96
100 45
100 82
100 235
100 55
100 138
100 77
100 186
100 111
100 87
100 167
100 79
100 6
100 175
100 38
100 42
100 320
100 173
100 35
100 307
100 4
100 5
100 63
100 56
100 650
100 19
100 15
100 64
100 232
100 315
100 356
100 166
100 91
100 33
100 157
100 63
100 274
100 490
100 14
100 137
100 3
100 156
100 78
100 62
100 75
100 523
100 336
100 4
100 129
100 19
100 115
100 74
100 206
100 10
100 168
100 6
100 59
100 62
100 88
100 54
100 107
100 44
100 60
100 442
100 449
100 4
100 132
100 289
100 0
100 116
100 133
100 12
100 52
100 256
100 1
100 457
100 18
100 115
100 34
100 99
100 151
100 735
100 75
100 142
100 19
100 62
100 62
100 14
100 177
100 69
100 6
100 237
100 61
100 127
100 50
100 192
100 27
100 105
100 200
100 4
100 6
100 2
100 33
100 78
100 58
100 64
100 128
100 81
100 229
100 106
100 74
100 259
100 413
100 65
100 91
100 303
100 493
100 85
100 84
100 184
100 59
100 12
100 532
100 61
100 149
100 102
100 3
100 103
100 41
100 225
100 53
100 19
100 26
100 60
100 57
100 213
100 15
100 108
100 53
100 55
100 222
100 209
100 159
100 218
100 503
100 71
100 214
100 46
100 13
100 218
100 46
100 90
100 68
100 94
100 556
100 61
100 100
100 71
100 145
100 157
100 151
100 56
100 56
100 101
100 243
100 325
100 162
100 180
100 34
100 190
100 130
100 313
100 390
100 343
100 71
100 44
100 114
100 56
100 121
100 40
100 49
100 9
100 32
100 3
100 48
100 239
100 266
100 59
100 132
100 84
100 66
100 12
100 106
100 126
100 111
100 112
100 48
100 124
100 227
100 47
100 306
100 73
100 41
100 85
100 0
100 219
100 116
100 403
100 412
100 42
100 674
100 511
100 774
100 221
100 162
100 118
100 261
100 235
100 148
100 11
100 39
100 368
100 23
100 72
100 94
100 68
100 156
100 160
100 108
100 328
100 30
100 193
100 135
100 11
100 110
100 97
100 18
100 5
100 146
100 6
100 6
100 179
100 56
100 237
100 134
100 435
100 127
100 270
100 30
100 60
100 221
100 45
100 174
100 92
100 186
100 426
100 27
100 22
100 12
100 68
100 199
100 272
100 33
100 125
100 348
100 100
100 4
100 49
100 21
100 109
100 6
100 27
100 254
100 2
100 273
100 147
100 344
100 79
100 11
100 20
100 141
100 47
100 16
100 76
100 35
100 86
100 236
100 5
100 116
100 74
100 40
100 269
100 47
100 29
100 278
100 22
100 82
100 522
100 55
100 30
100 30
100 214
100 56
100 8
100 2
100 116
100 233
100 57
100 20
100 32
100 313
100 11
100 111
100 9
100 68
100 246
100 140
100 77
100 99
100 122
100 162
100 73
100 63
100 40
100 440
100 79
100 93
100 52
100 282
100 248
100 109
100 107
100 196
100 256
100 3
100 51
100 149
100 36
100 31
100 5
100 4
100 220
100 69
100 334
100 254
100 274
100 24
100 64
100 116
100 132
100 249
100 28
100 370
100 270
100 37
100 242
100 68
100 59
100 280
100 43
100 181
100 145
100 39
100 170
100 122
100 398
100 17
100 167
100 13
100 42
100 92
100 410
100 18
100 20
100 113
100 193
100 253
100 14
100 105
100 129
100 115
100 583
100 312
100 110
100 73
100 144
100 103
100 200
100 392
100 672
100 442
100 83
100 99
100 116
100 79
100 116
100 21
100 31
100 176
100 250
100 63
100 79
100 68
100 306
100 234
100 379
100 10
100 13
100 58
100 188
100 161
100 13
100 185
100 64
100 13
100 105
100 6
100 423
100 71
100 282
100 45
100 70
100 52
100 176
100 63
100 6
100 93
100 192
100 132
100 36
100 18
100 26
100 192
100 133
100 82
100 4
100 30
100 102
100 160
100 61
100 368
100 4
100 151
100 711
100 77
100 188
100 376
100 12
100 52
100 417
100 421
100 2
100 656
100 2
100 245
100 181
100 10
100 84
100 169
100 30
100 4
100 16
100 414
100 16
100 11
100 48
100 21
100 255
100 50
100 27
100 372
100 35
100 224
100 78
100 80
100 108
100 204
100 718
100 8
100 568
100 274
100 17
100 291
100 30
100 92
100 7
100 40
100 56
100 88
100 8
100 29
100 358
100 159
100 57
100 13
100 7
100 25
100 567
100 60
100 40
100 188
100 55
100 41
100 77
100 24
100 17
100 234
100 177
100 236
100 56
100 136
100 340
100 81
100 352
100 107
100 78
100 588
100 310
100 212
100 41
100 21
100 71
100 238
100 82
100 76
100 114
100 72
100 110
100 17
100 32
100 255
100 251
100 0
100 297
100 152
100 65
100 13
100 31
100 161
100 310
100 258
100 353
100 73
100 24
100 189
100 64
100 65
100 30
100 86
100 62
100 143
100 38
100 510
100 104
100 397
100 206
100 53
100 510
100 86
100 49
100 158
100 86
100 294
100 49
100 67
100 77
100 14
100 26
100 48
100 198
100 678
100 848
100 58
100 455
100 154
100 1
100 118
100 41
100 226
100 57
100 34
100 35
100 71
100 1168
100 97
100 93
100 144
100 183
100 510
100 115
100 6
100 181
100 73
100 5
100 247
100 168
100 240
100 67
100 48
100 88
100 120
100 173
100 178
100 88
100 283
100 920
100 21
100 84
100 84
100 385
100 72
100 294
100 25
100 59
100 2
100 88
100 144
100 51
100 124
100 100
100 262
100 0
100 204
100 196
100 302
100 369
100 400
100 267
100 167
100 55
100 31
100 75
100 614
100 52
100 237
100 72
100 1
100 402
100 25
100 19
100 263
100 52
100 23
100 8
100 111
100 171
100 345
100 11
100 74
100 130
100 116
100 141
100 20
100 418
100 10
100 106
100 74
100 111
100 2
100 39
100 120
100 225
100 305
100 196
100 345
100 86
100 321
100 45
100 150
100 88
100 25
100 162
100 124
100 69
100 682
100 12
100 60
100 114
100 19
100 97
100 343
100 25
100 18
100 56
100 478
100 101
100 11
100 3
100 65
100 56
100 529
100 399
100 384
100 85
100 91
100 101
100 375
100 47
100 60
100 7
100 25
100 44
100 29
100 412
100 128
100 357
100 67
100 228
100 504
100 8
100 67
100 69
100 267
100 241
100 165
100 1
100 303
100 233
100 206
100 141
100 38
100 29
100 8
100 79
100 14
100 35
100 66
100 45
100 433
100 31
100 186
100 109
100 13
100 287
100 16
100 60
100 61
100 12
100 382
100 45
100 73
100 291
100 55
100 591
100 62
100 17
100 20
100 178
100 31
100 25
100 41
100 25
100 125
100 151
100 606
100 72
100 132
100 105
100 112
100 26
100 24
100 105
100 649
100 317
100 210
100 57
100 77
100 278
100 189
100 36
100 332
100 12
100 202
100 167
100 70
100 283
100 7
100 18
100 65
100 2
100 302
100 46
100 0
100 82
100 219
100 339
100 48
100 111
100 12
100 26
100 492
100 1
100 336
100 79
100 60
100 22
100 253
100 10
100 354
100 401
100 316
100 93
100 32
100 177
100 21
100 24
100 124
100 57
100 110
100 213
100 20
100 66
100 113
100 70
100 287
100 60
100 216
100 32
100 179
100 195
100 314
100 191
100 144
100 294
100 126
100 110
100 59
100 184
100 145
100 75
100 502
100 88
100 253
100 55
100 67
100 0
100 107
100 254
100 32
100 27
100 93
100 129
100 8
100 516
100 424
100 59
100 181
100 210
100 108
100 98
100 75
100 180
100 121
100 0
100 306
100 349
100 281
100 34
100 306
100 134
100 346
100 54
100 335
100 161
100 30
100 141
100 116
100 43
100 44
100 299
100 53
100 206
100 124
100 28
100 176
100 72
100 186
100 620
100 72
100 138
100 166
100 120
100 83
100 14
100 9
100 23
100 182
100 37
100 150
100 200
100 207
100 772
100 126
100 387
100 8
100 91
100 217
100 13
100 171
100 27
100 340
100 31
100 112
100 73
100 32
100 152
100 169
100 308
100 246
100 11
100 46
100 19
100 11
100 71
100 72
100 168
100 51
100 95
100 735
100 231
100 47
100 65
100 70
100 106
100 60
100 248
100 66
100 176
100 228
100 509
100 323
100 519
100 35
100 67
100 5
100 219
100 315
100 127
100 82
100 22
100 54
100 27
100 2
100 114
100 119
100 174
100 156
100 104
100 169
100 201
100 392
100 12
100 39
100 121
100 37
100 8
100 82
100 523
100 30
100 25
100 79
100 53
100 32
100 361
100 270
100 62
100 220
100 5
100 7
100 366
100 143
100 112
100 76
100 288
100 268
100 107
100 117
100 2
100 194
100 238
100 13
100 59
100 23
100 432
100 116
100 8
100 287
100 68
100 237
100 353
100 61
100 44
100 239
100 366
100 18
100 34
100 49
100 25
100 13
100 1
100 93
100 109
100 47
100 63
100 14
100 174
100 79
100 197
100 80
100 311
100 288
100 307
100 47
100 287
100 309
100 26
100 392
100 31
100 109
100 111
100 118
100 19
100 229
100 150
100 152
100 122
100 135
100 45
100 125
100 11
100 3
100 20
100 285
100 215
100 478
100 197
100 80
100 153
100 232
100 174
100 320
100 61
100 203
100 127
100 76
100 49
100 24
100 49
100 146
100 79
100 26
100 70
100 64
100 90
100 56
100 105
100 261
100 548
100 79
100 68
100 358
100 132
100 229
100 17
100 157
100 22
100 281
100 102
100 92
100 66
100 14
100 104
100 24
100 21
100 29
100 44
100 80
100 83
100 53
100 61
100 252
100 134
100 22
100 11
100 307
100 64
100 141
100 10
100 188
100 48
100 26
100 194
100 211
100 71
100 18
100 27
100 327
100 146
100 0
100 27
100 0
100 29
100 417
100 2
100 1
100 83
100 17
100 125
100 109
100 104
100 323
100 138
100 113
100 155
100 68
100 68
100 29
100 93
100 114
100 82
100 155
100 124
100 311
100 134
100 11
100 85
100 53
100 171
100 18
100 300
100 158
100 180
100 19
100 19
100 403
100 246
100 7
100 156
100 148
100 175
100 28
100 195
100 234
100 0
100 132
100 55
100 144
100 138
100 90
100 474
100 16
100 126
100 34
100 174
100 239
100 19
100 60
100 140
100 308
100 106
100 232
100 222
100 84
100 137
100 122
100 102
100 178
100 41
100 154
100 72
100 9
100 38
100 143
100 60
100 32
100 215
100 10
100 264
100 14
100 202
100 177
100 31
100 162
100 26
100 648
100 193
100 20
100 71
100 149
100 60
100 111
100 36
100 14
100 87
100 83
100 394
100 27
100 248
100 322
100 68
100 49
100 63
100 81
100 18
100 57
100 105
100 97
100 24
100 87
100 152
100 203
100 311
100 38
100 388
100 218
100 149
100 37
100 74
100 185
100 63
100 383
100 148
100 313
100 92
100 208
100 544
100 269
100 264
100 299
100 171
100 42
100 77
100 127
100 22
100 63
100 137
100 237
100 57
100 302
100 58
100 295
100 38
100 4
100 91
100 207
100 89
100 67
100 72
100 156
100 75
100 111
100 867
100 239
100 216
100 162
100 6
100 87
100 370
100 496
100 129
100 717
100 93
100 51
100 17
100 62
100 345
100 34
100 33
100 43
100 127
100 15
100 199
100 89
100 96
100 101
100 202
100 23
100 205
100 78
100 497
100 203
100 11
100 63
100 92
100 200
100 42
100 1407
100 182
100 41
100 168
100 175
100 84
100 237
100 185
100 49
100 112
100 293
100 92
100 387
100 3
100 23
100 273
100 158
100 314
100 344
100 290
100 165
100 845
100 306
100 18
100 45
100 147
100 433
100 184
100 9
100 67
100 255
100 178
100 197
100 10
100 33
100 183
100 69
100 147
100 117
100 337
100 8
100 3
100 179
100 66
100 61
100 47
100 143
100 358
100 151
100 4
100 208
100 273
100 32
100 402
100 402
100 67
100 103
100 60
100 159
100 26
100 5
100 30
100 8
100 25
100 86
100 102
100 215
100 73
100 31
100 77
100 330
100 12
100 221
100 330
100 111
100 135
100 115
100 92
100 47
100 3
100 292
100 164
100 130
100 20
100 195
100 122
100 13
100 34
100 22
100 191
100 516
100 246
100 138
100 176
100 15
100 294
100 265
100 17
100 286
100 25
100 134
100 331
100 80
100 441
100 63
100 210
100 42
100 81
100 55
100 120
100 197
100 207
100 171
100 79
100 469
100 174
100 69
100 130
100 244
100 80
100 19
100 130
100 50
100 109
100 372
100 35
100 38
100 43
100 33
100 48
100 66
100 112
100 93
100 110
100 36
100 95
100 361
100 96
100 308
100 28
100 468
100 530
100 7
100 6
100 256
100 495
100 168
100 76
100 13
100 245
100 19
100 121
100 227
100 32
100 233
100 407
100 120
100 179
100 146
100 73
100 275
100 52
100 188
100 183
100 196
100 455
100 195
100 89
100 242
100 270
100 433
100 60
100 2
100 436
100 7
100 11
100 111
100 135
100 385
100 253
100 275
100 181
100 10
100 332
100 6
100 7
100 92
100 26
100 25
100 84
100 216
100 44
100 279
100 124
100 394
100 140
100 239
100 141
100 53
100 16
100 80
100 124
100 8
100 2
100 67
100 55
100 135
100 138
100 17
100 69
100 125
100 10
100 223
100 51
100 254
100 78
100 249
100 47
100 2
100 8
100 39
100 399
100 56
100 19
100 72
100 182
100 25
100 62
100 123
100 173
100 132
100 27
100 66
100 155
100 110
100 3
100 110
100 47
100 119
100 125
100 40
100 34
100 30
100 82
100 143
100 174
100 367
100 103
100 15
100 363
100 57
100 105
100 49
100 61
100 159
100 408
100 103
100 994
100 153
100 99
100 108
100 47
100 57
100 236
100 11
100 290
100 118
100 44
100 92
100 193
100 41
100 83
100 73
100 262
100 271
100 1119
100 107
100 0
100 4
100 29
100 55
100 64
100 424
100 42
100 357
100 276
100 72
100 145
100 36
100 367
100 24
100 11
100 386
100 153
100 72
100 202
100 154
100 196
100 141
100 190
100 51
100 39
100 5
100 230
100 437
100 24
100 190
100 431
100 185
100 26
100 33
100 371
100 8
100 38
100 64
100 11
100 190
100 207
100 66
100 241
100 431
100 20
100 12
100 37
100 167
100 1
100 7
100 86
100 248
100 238
100 57
100 74
100 5
100 311
100 115
100 63
100 313
100 64
100 347
100 77
100 119
100 289
100 126
100 81
100 18
100 39
100 54
100 109
100 778
100 121
100 69
100 26
100 668
100 54
100 256
100 29
100 347
100 23
100 179
100 7
100 46
100 21
100 12
100 92
100 698
100 232
100 164
100 119
100 8
100 19
100 154
100 237
100 74
100 152
100 145
100 64
100 257
100 79
100 135
100 60
100 328
100 182
100 227
100 156
100 171
100 18
100 82
100 0
100 126
100 144
100 320
100 20
100 15
100 44
100 242
100 286
100 130
100 110
100 68
100 119
100 116
100 82
100 177
100 31
100 146
100 25
100 114
100 33
100 222
100 313
100 32
100 65
100 73
100 131
100 2
100 514
100 7
100 318
100 51
100 411
100 113
100 75
100 8
100 120
100 348
100 42
100 1114
100 285
100 263
100 83
100 43
100 82
100 433
100 248
100 152
100 78
100 68
100 7
100 323
100 65
100 29
100 56
100 185
100 95
100 59
100 74
100 229
100 0
100 10
100 185
100 75
100 618
100 83
100 432
100 108
100 41
100 13
100 16
100 83
100 2
100 285
100 389
100 376
100 78
100 268
100 127
100 119
100 125
100 0
100 1
100 199
100 35
100 178
100 100
100 118
100 501
100 30
100 177
100 91
100 13
100 411
100 89
100 327
100 46
100 171
100 15
100 149
100 123
100 27
100 120
100 141
100 130
100 11
100 3
100 277
100 82
100 75
100 89
100 494
100 225
100 62
100 94
100 686
100 201
100 62
100 302
100 175
100 106
100 16
100 144
100 243
100 52
100 192
100 49
100 120
100 356
100 516
100 95
100 214
100 9
100 259
100 162
100 18
100 123
100 33
100 127
100 243
100 103
100 60
100 104
100 364
100 186
100 529
100 18
100 10
100 66
100 373
100 16
100 134
100 105
100 347
100 722
100 178
100 24
100 411
100 183
100 132
100 132
100 273
100 20
100 75
100 192
100 39
100 304
100 61
100 63
100 21
100 23
100 175
100 65
100 44
100 142
100 130
100 219
100 187
100 17
100 3
100 179
100 407
100 729
100 21
100 185
100 43
100 213
100 38
100 188
100 35
100 196
100 2
100 81
100 9
100 253
100 1
100 16
100 20
100 225
100 142
100 24
100 356
100 106
100 14
100 41
100 195
100 56
100 148
100 108
100 73
100 103
100 167
100 13
100 84
100 50
100 75
100 34
100 61
100 39
100 46
100 52
100 198
100 64
100 8
100 96
100 19
100 211
100 310
100 206
100 326
100 664
100 50
100 226
100 484
100 187
100 187
100 475
100 152
100 106
100 279
100 154
100 50
100 225
100 26
100 57
100 205
100 152
100 287
100 126
100 63
100 444
100 162
100 257
100 27
100 33
100 373
100 158
100 15
100 25
100 381
100 282
100 338
100 224
100 209
100 639
100 34
100 452
100 5
100 6
100 25
100 110
100 99
100 20
100 7
100 133
100 45
100 37
100 119
100 71
100 52
100 29
100 331
100 176
100 192
100 130
100 144
100 108
100 214
100 114
100 133
100 31
100 11
100 17
100 22
100 31
100 429
100 89
100 27
100 147
100 79
100 89
100 109
100 10
100 55
100 202
100 210
100 4
100 66
100 133
100 25
100 9
100 40
100 84
100 10
100 62
100 41
100 116
100 253
100 322
100 2
100 257
100 161
100 154
100 35
100 151
100 198
100 99
100 30
100 429
100 76
100 14
100 110
100 231
100 36
100 174
100 287
100 111
100 229
100 50
100 6
100 8
100 7
100 177
100 215
100 103
100 10
100 113
100 323
100 43
100 181
100 46
100 38
100 145
100 72
100 530
100 226
100 244
100 701
100 166
100 106
100 377
100 333
100 378
100 450
100 26
100 109
100 64
100 91
100 29
100 8
100 140
100 37
100 49
100 95
100 11
100 305
100 184
100 42
100 20
100 188
100 112
100 283
100 75
100 94
100 118
100 66
100 428
100 244
100 47
100 210
100 86
100 36
100 82
100 19
100 6
100 50
100 129
100 96
100 54
100 2
100 80
100 92
100 58
100 73
100 189
100 18
100 55
100 87
100 286
100 18
100 323
100 239
100 88
100 145
100 186
100 26
100 96
100 137
100 205
100 128
100 5
100 91
100 141
100 29
100 73
100 125
100 33
100 218
100 442
100 134
100 144
100 37
100 57
100 386
100 156
100 30
100 173
100 57
100 19
100 166
100 165
100 361
100 125
100 496
100 262
100 19
100 25
100 41
100 49
100 0
100 37
100 66
100 126
100 25
100 40
100 150
100 8
100 108
100 149
100 26
100 307
100 266
100 2
100 18
100 167
100 50
100 101
100 104
100 29
100 221
100 76
100 98
100 37
100 209
100 207
100 267
100 32
100 43
100 296
100 42
100 72
100 62
100 244
100 41
100 231
100 24
100 0
100 32
100 155
100 130
100 279
100 112
100 45
100 105
100 18
100 163
100 42
100 234
100 234
100 296
100 121
100 19
100 151
100 245
100 1
100 258
100 13
100 697
100 639
100 81
100 35
100 37
100 261
100 122
100 22
100 23
100 45
100 663
100 232
100 52
100 205
100 12
100 149
100 136
100 253
100 3
100 138
100 170
100 36
100 288
100 276
100 31
100 147
100 81
100 59
100 127
100 67
100 154
100 470
100 98
100 16
100 50
100 199
100 31
100 252
100 21
100 332
100 99
100 174
100 320
100 7
100 47
100 24
100 102
100 34
100 20
100 488
100 37
100 178
100 231
100 0
100 128
100 314
100 100
100 159
100 96
100 417
100 132
100 125
100 184
100 251
100 203
100 64
100 57
100 40
100 95
100 43
100 199
100 146
100 525
100 210
100 423
100 36
100 318
100 266
100 300
100 8
100 266
100 108
100 26
100 140
100 48
100 12
100 48
100 72
100 193
100 100
100 77
100 475
100 53
100 19
100 13
100 58
100 142
100 101
100 175
100 66
100 198
100 113
100 5
100 205
100 6
100 2
100 94
100 323
100 4
100 0
100 296
100 55
100 605
100 95
100 119
100 49
100 108
100 195
100 403
100 220
100 4
100 221
100 277
100 134
100 148
100 6
100 163
100 152
100 8
100 150
100 57
100 259
100 121
100 282
100 184
100 394
100 33
100 88
100 72
100 9
100 28
100 151
100 14
100 9
100 168
100 180
100 40
100 442
100 302
100 527
100 38
100 26
100 228
100 388
100 38
100 176
100 70
100 120
100 611
100 139
100 201
100 302
100 0
100 151
100 68
100 38
100 243
100 129
100 239
100 78
100 49
100 278
100 177
100 137
100 274
100 58
100 6
100 158
100 10
100 6
100 246
100 229
100 15
100 89
100 50
100 6
100 594
100 367
100 78
100 196
100 86
100 27
100 328
100 99
100 114
100 70
100 228
100 31
100 142
100 407
100 13
100 616
100 339
100 46
100 22
100 7
100 78
100 127
100 162
100 161
100 40
100 54
100 6
100 94
100 31
100 205
100 169
100 29
100 413
100 2
100 30
100 33
100 21
100 140
100 108
100 10
100 39
100 559
100 41
100 88
100 110
100 405
100 185
100 24
100 0
100 32
100 113
100 63
100 366
100 200
100 9
100 75
100 32
100 15
100 170
100 140
100 174
100 27
100 124
100 46
100 311
100 757
100 296
100 149
100 225
100 366
100 498
100 259
100 332
100 124
100 8
100 441
100 184
100 0
100 373
100 78
100 10
100 26
100 19
100 90
100 46
100 68
100 208
100 9
100 124
100 522
100 451
100 140
100 39
100 26
100 140
100 449
100 213
100 165
100 127
100 43
100 8
100 282
100 236
100 39
100 278
100 4
100 44
100 7
100 19
100 3
100 26
100 216
100 142
100 129
100 245
100 132
100 83
100 382
100 193
100 30
100 3
100 10
100 136
100 242
100 121
100 19
100 29
100 71
100 592
100 16
100 10
100 264
100 16
100 124
100 51
100 149
100 0
100 435
100 378
100 58
100 25
100 3
100 155
100 537
100 215
100 19
100 16
100 212
100 249
100 233
100 72
100 147
100 85
100 18
100 319
100 58
100 60
100 174
100 49
100 9
100 268
100 94
100 188
100 454
100 144
100 199
100 304
100 828
100 26
100 295
100 81
100 44
100 12
100 151
100 10
100 24
100 10
100 170
100 87
100 27
100 47
100 64
100 7
100 34
100 346
100 21
100 195
100 480
100 6
100 394
100 355
100 14
100 61
100 23
100 42
100 263
100 416
100 21
100 231
100 85
100 21
100 103
100 89
100 74
100 78
100 255
100 69
100 213
100 47
100 18
100 221
100 37
100 219
100 309
100 181
100 61
100 323
100 15
100 209
100 75
100 28
100 23
100 9
100 119
100 237
100 68
100 31
100 256
100 68
100 70
100 12
100 60
100 72
100 15
100 42
100 160
100 129
100 70
100 166
100 525
100 82
100 42
100 86
100 7
100 219
100 37
100 563
100 122
100 471
100 109
100 119
100 32
100 228
100 147
100 22
100 116
100 39
100 8
100 22
100 255
100 215
100 410
100 75
100 403
100 195
100 64
100 50
100 13
100 62
100 190
100 127
100 324
100 323
100 289
100 103
100 758
100 159
100 21
100 18
100 57
100 114
100 277
100 89
100 32
100 276
100 256
100 247
100 212
100 38
100 80
100 11
100 62
100 417
100 57
100 47
100 66
100 106
100 31
100 405
100 53
100 85
100 24
100 129
100 34
100 76
100 212
100 52
100 133
100 135
100 670
100 491
100 128
100 74
100 34
100 133
100 295
100 297
100 120
100 133
100 566
100 222
100 136
100 289
100 105
100 279
100 21
100 128
100 34
100 7
100 10
100 417
100 68
100 110
100 36
100 26
100 136
100 58
100 31
100 264
100 129
100 321
100 247
100 79
100 169
100 85
100 54
100 35
100 44
100 29
100 139
100 203
100 123
100 101
100 39
100 246
100 283
100 154
100 88
100 353
100 0
100 7
100 49
100 329
100 265
100 77
100 18
100 61
100 29
100 19
100 125
100 51
100 45
100 78
100 224
100 76
100 275
100 56
100 104
100 5
100 54
100 137
100 118
100 145
100 131
100 68
100 47
100 0
100 80
100 7
100 144
100 32
100 201
100 105
100 171
100 282
100 49
100 148
100 42
100 380
100 252
100 825
100 122
100 2
100 53
100 310
100 66
100 498
100 78
100 135
100 46
100 20
100 95
100 49
100 14
100 55
100 48
100 94
100 54
100 208
100 92
100 163
100 19
100 16
100 422
100 16
100 45
100 190
100 125
100 51
100 18
100 95
100 35
100 96
100 290
100 35
100 13
100 98
100 373
100 1
100 242
100 66
100 62
100 237
100 52
100 115
100 13
100 92
100 41
100 87
100 201
100 277
100 353
100 289
100 2
100 126
100 296
100 410
100 115
100 145
100 78
100 7
100 376
100 217
100 98
100 49
100 495
100 39
100 182
100 37
100 65
100 344
100 162
100 190
100 69
100 208
100 128
100 208
100 34
100 114
100 144
100 23
100 282
100 46
100 35
100 117
100 132
100 1
100 404
100 90
100 321
100 14
100 302
100 53
100 95
100 42
100 133
100 2
100 30
100 82
100 174
100 35
100 74
100 209
100 128
100 50
100 30
100 75
100 115
100 316
100 169
100 304
100 27
100 48
100 2
100 13
100 22
100 19
100 142
100 28
100 4
100 376
100 84
100 319
100 37
100 170
100 113
100 34
100 127
100 94
100 135
100 100
100 23
100 174
100 103
100 276
100 293
100 5
100 434
100 258
100 378
100 42
100 164
100 18
100 29
100 34
100 176
100 64
100 4
100 176
100 42
100 97
100 23
100 13
100 107
100 724
100 65
100 199
100 377
100 82
100 108
100 136
100 175
100 246
100 8
100 43
100 436
100 28
100 61
100 39
100 250
100 42
100 215
100 182
100 368
100 24
100 33
100 247
100 53
100 151
100 242
100 39
100 449
100 89
100 241
100 164
100 117
100 236
100 68
100 85
100 167
100 178
100 207
100 151
100 467
100 93
100 443
100 26
100 177
100 265
100 464
100 447
100 28
100 386
100 86
100 44
100 95
100 42
100 32
100 227
100 96
100 426
100 270
100 0
100 109
100 8
100 69
100 110
100 351
100 22
100 138
100 52
100 91
100 118
100 396
100 85
100 76
100 181
100 54
100 104
100 201
100 1
100 8
100 7
100 336
100 40
100 7
100 62
100 1063
100 36
100 9
100 303
100 189
100 5
100 129
100 50
100 26
100 157
100 187
100 319
100 172
100 42
100 122
100 47
100 47
100 13
100 0
100 196
100 170
100 245
100 9
100 140
100 36
100 193
100 47
100 402
100 150
100 8
100 227
100 8
100 83
100 197
100 330
100 38
100 119
100 12
100 190
100 752
100 52
100 139
100 4
100 92
100 6
100 173
100 89
100 39
100 307
100 117
100 141
100 60
100 42
100 239
100 177
100 138
100 20
100 78
100 35
100 124
100 186
100 233
100 2
100 15
100 69
100 131
100 141
100 44
100 272
100 369
100 385
100 47
100 249
100 68
100 68
100 219
100 190
100 446
100 166
100 32
100 91
100 65
100 167
100 46
100 40
100 42
100 40
100 31
100 215
100 131
100 57
100 53
100 229
100 26
100 443
100 86
100 41
100 329
100 228
100 108
100 94
100 124
100 546
100 113
100 16
100 181
100 67
100 166
100 12
100 185
100 54
100 137
100 49
100 68
100 92
100 76
100 181
100 40
100 482
100 44
100 107
100 56
100 317
100 413
100 405
100 93
100 299
100 409
100 14
100 75
100 35
100 472
100 121
100 114
100 12
100 6
100 68
100 169
100 626
100 113
100 11
100 29
100 239
100 61
100 408
100 21
100 81
100 175
100 154
100 72
100 4
100 95
100 172
100 131
100 203
100 73
100 159
100 140
100 230
100 5
100 133
100 902
100 57
100 383
100 202
100 27
100 24
100 2
100 190
100 129
100 88
100 54
100 192
100 10
100 130
100 107
100 8
100 2
100 532
100 47
100 811
100 68
100 26
100 107
100 75
100 34
100 307
100 37
100 8
100 46
100 39
100 310
100 137
100 96
100 70
100 381
100 281
100 140
100 16
100 445
100 144
100 195
100 214
100 158
100 329
100 60
100 42
100 172
100 85
100 1
100 151
100 445
100 32
100 8
100 11
100 31
100 325
100 17
100 6
100 18
100 3
100 180
100 298
100 316
100 129
100 308
100 94
100 247
100 166
100 395
100 289
100 168
100 59
100 153
100 118
100 75
100 59
100 174
100 155
100 56
100 0
100 317
100 69
100 64
100 227
100 84
100 174
100 405
100 125
100 219
100 95
100 97
100 241
100 444
100 56
100 28
100 87
100 248
100 128
100 238
100 92
100 297
100 4
100 110
100 204
100 26
100 66
100 809
100 60
100 396
100 616
100 312
100 315
100 186
100 98
100 17
100 287
100 77
100 65
100 14
100 180
100 17
100 190
100 67
100 62
100 356
100 265
100 13
100 286
100 83
100 490
100 57
100 125
100 53
100 102
100 48
100 126
100 211
100 34
100 137
100 444
100 19
100 148
100 268
100 27
100 106
100 139
100 26
100 108
100 209
100 7
100 46
100 655
100 67
100 351
100 574
100 172
100 15
100 12
100 262
100 17
100 56
100 59
100 19
100 208
100 106
100 109
100 1
100 47
100 442
100 2
100 14
100 277
100 298
100 131
100 76
100 28
100 128
100 75
100 504
100 64
100 58
100 160
100 379
100 53
100 1
100 77
100 149
100 178
100 32
100 296
100 63
100 118
100 49
100 5
100 64
100 144
100 41
100 35
100 62
100 50
100 67
100 101
100 83
100 267
100 146
100 9
100 46
100 269
100 63
100 361
100 121
100 113
100 2
100 265
100 29
100 11
100 156
100 1005
100 110
100 77
100 57
100 9
100 49
100 10
100 213
100 42
100 218
100 182
100 85
100 74
100 138
100 178
100 190
100 156
100 320
100 111
100 74
100 119
100 22
100 22
100 90
100 260
100 75
100 76
100 15
100 64
100 206
100 311
100 141
100 43
100 12
100 88
100 36
100 25
100 40
100 74
100 556
100 794
100 8
100 41
100 399
100 17
100 96
100 45
100 2
100 44
100 162
100 37
100 184
100 158
100 198
100 24
100 22
100 62
100 76
100 348
100 39
100 6
100 203
100 30
100 1014
100 69
100 20
100 132
100 63
100 174
100 55
100 169
100 75
100 77
100 27
100 446
100 123
100 75
100 69
100 11
100 224
100 49
100 116
100 112
100 36
100 355
100 352
100 707
100 88
100 34
100 41
100 84
100 20
100 144
100 318
100 175
100 364
100 163
100 8
100 154
100 13
100 16
100 47
100 38
100 138
100 13
100 3
100 68
100 104
100 251
100 15
100 234
100 67
100 126
100 241
100 1
100 128
100 3
100 182
100 8
100 80
100 193
100 10
100 178
100 87
100 141
100 15
100 300
100 23
100 426
100 120
100 38
100 329
100 184
100 76
100 21
100 144
100 320
100 4
100 23
100 250
100 35
100 386
100 106
100 35
100 194
100 65
100 151
100 918
100 85
100 3
100 429
100 394
100 316
100 584
100 59
100 407
100 66
100 11
100 19
100 12
100 75
100 24
100 67
100 158
100 206
100 56
100 225
100 32
100 483
100 348
100 13
100 201
100 610
100 160
100 454
100 49
100 111
100 236
100 771
100 21
100 315
100 257
100 10
100 0
100 526
100 58
100 20
100 6
100 125
100 35
100 36
100 257
100 46
100 50
100 30
100 104
100 50
100 20
100 31
100 532
100 787
100 44
100 282
100 311
100 54
100 164
100 213
100 221
100 59
100 24
100 45
100 34
100 44
100 105
100 176
100 59
100 178
100 17
100 213
100 156
100 3
100 372
100 192
100 148
100 80
100 171
100 375
100 2
100 190
100 69
100 253
100 35
100 26
100 172
100 112
100 134
100 43
100 245
100 428
100 209
100 57
100 19
100 108
100 14
100 508
100 181
100 59
100 258
100 76
100 51
100 4
100 25
100 11
100 328
100 224
100 2
100 0
100 41
100 327
100 11
100 206
100 263
100 7
100 95
100 248
100 241
100 173
100 92
100 10
100 100
100 99
100 302
100 28
100 60
100 100
100 362
100 85
100 719
100 33
100 17
100 28
100 148
100 265
100 16
100 5
100 11
100 45
100 132
100 21
100 271
100 99
100 157
100 283
100 76
100 83
100 246
100 182
100 40
100 70
100 249
100 237
100 245
100 12
100 53
100 50
100 475
100 678
100 9
100 10
100 37
100 38
100 81
100 100
100 92
100 13
100 73
100 316
100 4
100 408
100 543
100 96
100 401
100 27
100 221
100 183
100 14
100 106
100 180
100 31
100 45
100 106
100 457
100 173
100 40
100 286
100 61
100 66
100 206
100 427
100 170
100 247
100 381
100 324
100 49
100 59
100 123
100 534
100 14
100 156
100 248
100 260
100 441
100 149
100 232
100 434
100 16
100 327
100 45
100 385
100 26
100 62
100 145
100 166
100 257
100 116
100 62
100 169
100 393
100 217
100 127
100 267
100 164
100 239
100 367
100 64
100 19
100 139
100 437
100 188
100 13
100 344
100 426
100 219
100 406
100 21
100 257
100 21
100 30
100 38
100 114
100 64
100 31
100 36
100 24
100 132
100 212
100 74
100 22
100 139
100 177
100 276
100 62
100 428
100 469
100 171
100 73
100 47
100 150
100 19
100 50
100 457
100 314
100 149
100 98
100 42
100 64
100 163
100 115
100 234
100 92
100 6
100 23
100 30
100 348
100 67
100 45
100 78
100 333
100 2
100 223
100 33
100 117
100 210
100 261
100 35
100 498
100 224
100 228
100 12
100 184
100 53
100 25
100 352
100 229
100 348
100 264
100 38
100 155
100 124
100 490
100 100
100 235
100 14
100 103
100 22
100 29
100 225
100 63
100 55
100 179
100 209
100 154
100 84
100 144
100 44
100 42
100 248
100 105
100 140
100 127
100 25
100 92
100 13
100 741
100 143
100 6
100 183
100 44
100 520
100 0
100 100
100 11
100 79
100 100
100 152
100 28
100 195
100 52
100 123
100 518
100 73
100 496
100 664
100 85
100 273
100 180
100 460
100 34
100 52
100 31
100 404
100 138
100 36
100 522
100 387
100 78
100 130
100 54
100 814
100 90
100 2
100 361
100 23
100 5
100 130
100 21
100 22
100 12
100 6
100 30
100 192
100 372
100 49
100 75
100 57
100 249
100 10
100 402
100 180
100 88
100 6
100 30
100 28
100 136
100 362
100 4
100 202
100 332
100 83
100 81
100 7
100 34
100 228
100 92
100 114
100 583
100 113
100 146
100 103
100 45
100 20
100 122
100 444
100 145
100 244
100 25
100 99
100 379
100 17
100 152
100 22
100 44
100 19
100 7
100 44
100 92
100 57
100 90
100 255
100 121
100 35
100 75
100 21
100 77
100 104
100 32
100 232
100 15
100 8
100 32
100 55
100 74
100 281
100 74
100 71
100 34
100 53
100 92
100 10
100 210
100 3
100 5
100 171
100 35
100 129
100 532
100 308
100 397
100 75
100 30
100 23
100 312
100 197
100 216
100 197
100 575
100 130
100 26
100 25
100 69
100 31
100 281
100 12
100 39
100 22
100 90
100 137
100 147
100 45
100 28
100 38
100 80
100 510
100 47
100 217
100 91
100 471
100 121
100 155
100 6
100 84
100 114
100 231
100 103
100 25
100 83
100 615
100 182
100 26
100 15
100 177
100 296
100 101
100 113
100 14
100 25
100 60
100 117
100 114
100 655
100 23
100 271
100 157
100 128
100 129
100 360
100 28
100 149
100 120
100 229
100 560
100 86
100 77
100 84
100 56
100 62
100 157
100 30
100 155
100 59
100 154
100 21
100 114
100 196
100 50
100 202
100 322
100 41
100 209
100 141
100 394
100 505
100 11
100 27
100 9
100 44
100 222
100 307
100 50
100 167
100 25
100 6
100 131
100 12
100 25
100 6
100 236
100 294
100 161
100 21
100 116
100 157
100 248
100 82
100 80
100 111
100 108
100 91
100 10
100 190
100 39
100 11
100 58
100 31
100 3
100 57
100 383
100 309
100 229
100 162
100 105
100 24
100 83
100 40
100 10
100 38
100 326
100 87
100 93
100 529
100 223
100 57
100 141
100 84
100 23
100 700
100 155
100 57
100 86
100 18
100 211
100 101
100 95
100 228
100 127
100 182
100 8
100 276
100 58
100 85
100 111
100 240
100 87
100 111
100 210
100 27
100 211
100 93
100 123
100 98
100 233
100 33
100 182
100 81
100 305
100 216
100 124
100 19
100 0
100 122
100 246
100 46
100 186
100 998
100 101
100 62
100 19
100 71
100 298
100 147
100 80
100 314
100 32
100 496
100 132
100 131
100 31
100 161
100 20
100 73
100 69
100 16
100 18
100 151
100 12
100 136
100 384
100 29
100 373
100 150
100 152
100 2
100 22
100 132
100 220
100 40
100 14
100 89
100 215
100 90
100 134
100 278
100 61
100 3
100 181
100 517
100 167
100 79
100 204
100 64
100 79
100 185
100 92
100 21
100 428
100 30
100 6
100 765
100 144
100 29
100 78
100 2
100 268
100 154
100 201
100 103
100 35
100 242
100 7
100 15
100 81
100 221
100 5
100 51
100 3
100 89
100 16
100 14
100 192
100 219
100 20
100 393
100 33
100 41
100 189
100 109
100 0
100 234
100 170
100 263
100 15
100 197
100 470
100 226
100 258
100 29
100 154
100 184
100 191
100 358
100 296
100 194
100 479
100 33
100 42
100 117
100 347
100 86
100 97
100 68
100 107
100 71
100 189
100 126
100 191
100 324
100 24
100 374
100 55
100 175
100 164
100 13
100 127
100 2
100 358
100 262
100 57
100 135
100 97
100 149
100 50
100 473
100 18
100 2
100 62
100 162
100 28
100 143
100 167
100 35
100 82
100 333
100 271
100 335
100 218
100 71
100 83
100 46
100 159
100 195
100 279
100 674
100 238
100 88
100 201
100 93
100 466
100 42
100 4
100 431
100 373
100 93
100 208
100 3
100 12
100 152
100 206
100 178
100 196
100 115
100 72
100 31
100 132
100 34
100 8
100 282
100 337
100 115
100 456
100 100
100 19
100 70
100 66
100 0
100 21
100 427
100 80
100 85
100 36
100 168
100 28
100 73
100 46
100 26
100 333
100 172
100 40
100 58
100 388
100 27
100 264
100 136
100 111
100 82
100 339
100 36
100 23
100 49
100 1
100 337
100 177
100 133
100 59
100 22
100 54
100 271
100 74
100 93
100 206
100 293
100 23
100 118
100 206
100 131
100 86
100 90
100 188
100 98
100 69
100 265
100 74
100 131
100 21
100 144
100 117
100 138
100 292
100 77
100 381
100 64
100 138
100 65
100 139
100 94
100 198
100 141
100 42
100 432
100 19
100 84
100 577
100 75
100 121
100 48
100 53
100 334
100 116
100 210
100 48
100 130
100 189
100 235
100 102
100 11
100 115
100 111
100 80
100 20
100 307
100 359
100 29
100 53
100 84
100 97
100 92
100 107
100 208
100 151
100 15
100 132
100 54
100 196
100 145
100 198
100 285
100 260
100 219
100 73
100 12
100 87
100 124
100 265
100 31
100 128
100 30
100 350
100 116
100 112
100 359
100 189
100 158
100 388
100 169
100 71
100 109
100 69
100 31
100 421
100 30
100 73
100 33
100 114
100 107
100 88
100 29
100 24
100 396
100 26
100 160
100 46
100 136
100 134
100 223
100 4
100 219
100 294
100 61
100 121
100 292
100 218
100 15
100 36
100 247
100 251
100 36
100 52
100 5
100 68
100 8
100 4
100 166
100 163
100 45
100 119
100 116
100 178
100 118
100 217
100 363
100 520
100 13
100 478
100 44
100 29
100 336
100 1
100 253
100 26
100 137
100 25
100 47
100 3
100 22
100 130
100 516
100 421
100 66
100 134
100 14
100 194
100 99
100 102
100 398
100 148
100 61
100 149
100 316
100 50
100 158
100 79
100 9
100 113
100 133
100 44
100 100
100 134
100 542
100 49
100 18
100 6
100 84
100 8
100 6
100 16
100 17
100 36
100 144
100 118
100 330
100 110
100 15
100 100
100 47
100 132
100 111
100 113
100 6
100 185
100 132
100 79
100 9
100 113
100 107
100 320
100 22
100 420
100 197
100 25
100 154
100 12
100 151
100 217
100 125
100 435
100 53
100 170
100 372
100 136
100 105
100 80
100 375
100 261
100 66
100 346
100 116
100 243
100 105
100 72
100 81
100 179
100 271
100 42
100 177
100 140
100 181
100 114
100 328
100 29
100 411
100 7
100 207
100 30
100 39
100 0
100 168
100 47
100 33
100 21
100 26
100 134
100 62
100 90
100 253
100 11
100 14
100 124
100 254
100 109
100 79
100 7
100 90
100 118
100 45
100 48
100 160
100 46
100 11
100 21
100 232
100 10
100 123
100 168
100 637
100 27
100 50
100 59
100 190
100 135
100 7
100 335
100 120
100 153
100 146
100 4
100 416
100 79
100 160
100 162
100 33
100 498
100 18
100 29
100 1
100 159
100 23
100 76
100 210
100 71
100 72
100 1
100 50
100 197
100 223
100 60
100 32
100 28
100 289
100 67
100 25
100 80
100 31
100 170
100 38
100 277
100 121
100 38
100 161
100 37
100 301
100 15
100 239
100 350
100 57
100 132
100 96
100 152
100 31
100 19
100 130
100 290
100 105
100 94
100 167
100 79
100 274
100 93
100 51
100 94
100 18
100 13
100 201
100 204
100 133
100 13
100 20
100 41
100 6
100 158
100 101
100 43
100 266
100 2
100 94
100 143
100 65
100 137
100 224
100 230
100 683
100 543
100 246
100 183
100 105
100 272
100 219
100 271
100 179
100 6
100 93
100 9
100 183
100 72
100 457
100 68
100 121
100 76
100 53
100 11
100 331
100 660
100 463
100 203
100 150
100 11
100 47
100 9
100 143
100 287
100 112
100 122
100 587
100 240
100 175
100 129
100 846
100 83
100 250
100 22
100 228
100 106
100 232
100 54
100 283
100 69
100 56
100 82
100 37
100 179
100 343
100 53
100 203
100 18
100 534
100 91
100 96
100 131
100 408
100 67
100 266
100 30
100 39
100 397
100 59
100 97
100 108
100 63
100 184
100 43
100 49
100 265
100 22
100 27
100 17
100 152
100 30
100 141
100 88
100 522
100 39
100 312
100 273
100 779
100 134
100 207
100 254
100 61
100 242
100 4
100 277
100 31
100 121
100 253
100 292
100 59
100 58
100 571
100 53
100 38
100 82
100 629
100 160
100 118
100 24
100 305
100 129
100 37
100 52
100 624
100 23
100 111
100 15
100 353
100 184
100 30
100 235
100 148
100 103
100 69
100 68
100 107
100 67
100 25
100 13
100 15
100 261
100 141
100 607
100 293
100 182
100 11
100 164
100 0
100 132
100 821
100 60
100 24
100 59
100 182
100 101
100 26
100 127
100 240
100 200
100 202
100 98
100 279
100 202
100 56
100 95
100 38
100 5
100 12
100 141
100 131
100 183
100 288
100 41
100 523
100 111
100 178
100 152
100 101
100 129
100 121
100 64
100 91
100 93
100 25
100 18
100 590
100 106
100 140
100 190
100 337
100 60
100 54
100 4
100 58
100 329
100 0
100 230
100 101
100 179
100 14
100 74
100 16
100 118
100 172
100 189
100 143
100 106
100 308
100 98
100 242
100 24
100 21
100 62
100 132
100 110
100 116
100 203
100 14
100 139
100 26
100 19
100 1
100 61
100 292
100 122
100 58
100 28
100 236
100 188
100 36
100 257
100 120
100 807
100 414
100 8
100 106
100 176
100 4
100 65
100 373
100 158
100 16
100 72
100 100
100 27
100 20
100 394
100 123
100 3
100 50
100 38
100 3
100 15
100 127
100 49
100 77
100 290
100 40
100 99
100 66
100 565
100 151
100 111
100 40
100 222
100 23
100 108
100 128
100 50
100 122
100 83
100 269
100 372
100 67
100 30
100 64
100 386
100 114
100 12
100 75
100 272
100 34
100 4
100 5
100 41
100 90
100 160
100 7
100 133
100 207
100 97
100 244
100 336
100 27
100 202
100 316
100 390
100 199
100 29
100 170
100 60
100 229
100 553
100 221
100 251
100 3
100 290
100 59
100 251
100 61
100 107
100 3
100 205
100 102
100 153
100 12
100 106
100 32
100 45
100 135
100 48
100 107
100 147
100 191
100 162
100 380
100 110
100 143
100 353
100 62
100 62
100 356
100 66
100 5
100 35
100 209
100 224
100 206
100 12
100 70
100 193
100 387
100 111
100 248
100 138
100 367
100 144
100 53
100 151
100 4
100 148
100 21
100 90
100 219
100 202
100 8
100 162
100 244
100 2
100 30
100 67
100 12
100 336
100 12
100 39
100 79
100 167
100 37
100 18
100 107
100 18
100 0
100 10
100 35
100 560
100 364
100 300
100 184
100 359
100 17
100 28
100 140
100 255
100 32
100 22
100 24
100 211
100 14
100 133
100 171
100 217
100 75
100 245
100 18
100 31
100 183
100 145
100 221
100 145
100 360
100 124
100 33
100 71
100 9
100 157
100 91
100 31
100 335
100 54
100 236
100 152
100 42
100 89
100 377
100 149
100 89
100 209
100 211
100 6
100 304
100 59
100 159
100 39
100 222
100 96
100 138
100 73
100 101
100 124
100 111
100 94
100 102
100 19
100 188
100 327
100 12
100 211
100 30
100 275
100 74
100 374
100 379
100 191
100 899
100 8
100 497
100 370
100 222
100 24
100 18
100 136
100 80
100 79
100 31
100 383
100 124
100 63
100 193
100 39
100 341
100 8
100 613
100 97
100 23
100 222
100 21
100 448
100 451
100 33
100 33
100 202
100 90
100 586
100 172
100 215
100 517
100 153
100 116
100 135
100 50
100 367
100 97
100 19
100 0
100 119
100 361
100 325
100 26
100 20
100 93
100 247
100 7
100 95
100 176
100 55
100 12
100 92
100 178
100 534
100 231
100 30
100 115
100 461
100 120
100 296
100 121
100 101
100 67
100 198
100 339
100 174
100 229
100 96
100 16
100 38
100 68
100 22
100 521
100 373
100 70
100 77
100 13
100 33
100 255
100 185
100 111
100 14
100 203
100 238
100 26
100 79
100 204
100 49
100 93
100 322
100 18
100 73
100 70
100 75
100 263
100 105
100 158
100 58
100 72
100 37
100 5
100 119
100 9
100 21
100 80
100 46
100 101
100 121
100 198
100 178
100 148
100 56
100 64
100 202
100 134
100 166
100 88
100 36
100 125
100 20
100 92
100 77
100 116
100 29
100 261
100 69
100 632
100 11
100 132
100 91
100 17
100 153
100 36
100 47
100 62
100 412
100 322
100 127
100 71
100 118
100 18
100 7
100 37
100 226
100 59
100 434
100 51
100 91
100 236
100 9
100 117
100 192
100 129
100 38
100 23
100 119
100 235
100 231
100 42
100 45
100 74
100 13
100 21
100 182
100 221
100 32
100 0
100 160
100 151
100 239
100 101
100 29
100 19
100 194
100 105
100 58
100 147
100 502
100 74
100 173
100 91
100 307
100 331
100 172
100 13
100 273
100 198
100 100
100 269
100 39
100 20
100 173
100 266
100 65
100 181
100 546
100 576
100 260
100 347
100 24
100 422
100 488
100 13
100 124
100 35
100 26
100 212
100 129
100 69
100 11
100 108
100 23
100 44
100 25
100 469
100 26
100 19
100 18
100 104
100 429
100 87
100 308
100 103
100 146
100 1414
100 133
100 11
100 2
100 92
100 84
100 243
100 44
100 29
100 17
100 29
100 83
100 335
100 3
100 161
100 91
100 183
100 26
100 204
100 96
100 10
100 7
100 60
100 228
100 47
100 75
100 1002
100 115
100 98
100 201
100 186
100 333
100 49
100 338
100 95
100 118
100 201
100 289
100 106
100 272
100 339
100 49
100 4
100 55
100 158
100 90
100 486
100 162
100 49
100 444
100 164
100 37
100 195
100 260
100 33
100 193
100 70
100 423
100 49
100 74
100 49
100 27
100 181
100 69
100 15
100 32
100 91
100 96
100 673
100 65
100 29
100 55
100 131
100 44
100 168
100 7
100 75
100 94
100 126
100 307
100 102
100 48
100 217
100 12
100 350
100 125
100 180
100 48
100 41
100 43
100 136
100 37
100 23
100 74
100 311
100 307
100 207
100 191
100 79
100 144
100 25
100 22
100 11
100 149
100 178
100 115
100 436
100 123
100 578
100 88
100 81
100 83
100 56
100 55
100 21
100 31
100 103
100 13
100 488
100 263
100 88
100 149
100 126
100 328
100 10
100 39
100 111
100 227
100 662
100 854
100 122
100 79
100 90
100 63
100 232
100 278
100 155
100 379
100 244
100 221
100 219
100 305
100 109
100 154
100 396
100 17
100 65
100 21
100 78
100 309
100 74
100 132
100 145
100 71
100 19
100 157
100 10
100 14
100 77
100 69
100 10
100 1
100 254
100 105
100 55
100 149
100 300
100 0
100 138
100 98
100 113
100 167
100 57
100 427
100 8
100 174
100 12
100 75
100 298
100 227
100 68
100 113
100 88
100 30
100 139
100 154
100 210
100 120
100 213
100 152
100 224
100 175
100 96
100 76
100 0
100 514
100 369
100 85
100 202
100 10
100 69
100 73
100 83
100 582
100 218
100 39
100 59
100 46
100 106
100 41
100 92
100 3
100 166
100 173
100 71
100 114
100 155
100 68
100 70
100 107
100 48
100 151
100 246
100 193
100 39
100 214
100 148
100 158
100 118
100 84
100 607
100 15
100 34
100 22
100 59
100 73
100 172
100 52
100 92
100 257
100 13
100 29
100 84
100 118
100 124
100 98
100 60
100 64
100 203
100 270
100 512
100 116
100 254
100 311
100 341
100 3
100 138
100 137
100 0
100 212
100 109
100 2
100 54
100 116
100 87
100 207
100 205
100 154
100 574
100 37
100 263
100 14
100 53
100 168
100 340
100 81
100 671
100 43
100 27
100 240
100 133
100 86
100 63
100 44
100 19
100 36
100 0
100 188
100 451
100 277
100 20
100 69
100 45
100 390
100 4
100 186
100 38
100 73
100 35
100 63
100 9
100 86
100 23
100 13
100 16
100 56
100 26
100 124
100 486
100 106
100 150
100 434
100 118
100 103
100 53
100 267
100 159
100 125
100 490
100 42
100 1
100 90
100 78
100 815
100 31
100 82
100 378
100 353
100 89
100 23
100 150
100 249
100 374
100 105
100 29
100 57
100 25
100 145
100 133
100 367
100 81
100 260
100 304
100 68
100 137
100 176
100 23
100 259
100 29
100 12
100 329
100 315
100 77
100 106
100 250
100 79
100 318
100 180
100 23
100 0
100 43
100 82
100 12
100 475
100 205
100 87
100 49
100 562
100 3
100 89
100 352
100 12
100 120
100 159
100 402
100 13
100 15
100 18
100 46
100 346
100 107
100 16
100 41
100 103
100 238
100 87
100 397
100 7
100 112
100 66
100 2
100 92
100 70
100 229
100 164
100 60
100 6
100 58
100 4
100 84
100 10
100 128
100 22
100 305
100 47
100 290
100 59
100 376
100 343
100 109
100 274
100 96
100 8
100 158
100 288
100 63
100 10
100 254
100 37
100 198
100 123
100 28
100 102
100 118
100 132
100 9
100 742
100 39
100 199
100 719
100 130
100 203
100 205
100 53
100 46
100 15
100 40
100 56
100 19
100 246
100 33
100 35
100 250
100 246
100 107
100 87
100 460
100 44
100 35
100 32
100 61
100 32
100 26
100 4
100 126
100 10
100 48
100 116
100 68
100 983
100 1
100 34
100 196
100 72
100 18
100 391
100 238
100 105
100 38
100 105
100 101
100 49
100 619
100 15
100 129
100 182
100 158
100 77
100 58
100 194
100 14
100 20
100 147
100 86
100 60
100 29
100 196
100 196
100 5
100 727
100 22
100 195
100 166
100 69
100 150
100 82
100 326
100 213
100 181
100 62
100 249
100 154
100 52
100 121
100 10
100 265
100 178
100 176
100 195
100 69
100 20
100 70
100 17
100 55
100 6
100 101
100 16
100 112
100 106
100 19
100 72
100 33
100 57
100 179
100 165
100 106
100 234
100 83
100 31
100 52
100 660
100 182
100 38
100 306
100 49
100 255
100 59
100 131
100 259
100 296
100 115
100 14
100 28
100 67
100 17
100 92
100 219
100 143
100 97
100 111
100 19
100 7
100 154
100 292
100 144
100 94
100 7
100 10
100 215
100 56
100 288
100 225
100 46
100 111
100 56
100 8
100 54
100 17
100 91
100 147
100 107
100 3
100 2
100 58
100 17
100 147
100 477
100 61
100 289
100 50
100 297
100 132
100 160
100 213
100 243
100 91
100 11
100 225
100 16
100 304
100 143
100 370
100 103
100 51
100 377
100 163
100 12
100 423
100 237
100 134
100 30
100 35
100 230
100 204
100 52
100 56
100 108
100 34
100 275
100 36
100 158
100 238
100 88
100 154
100 27
100 69
100 129
100 300
100 397
100 128
100 112
100 61
100 112
100 305
100 29
100 136
100 38
100 152
100 290
100 84
100 283
100 14
100 72
100 107
100 93
100 458
100 27
100 69
100 84
100 99
100 171
100 88
100 86
100 312
100 46
100 203
100 211
100 217
100 695
100 90
100 4
100 146
100 80
100 240
100 230
100 186
100 10
100 101
100 185
100 183
100 52
100 20
100 12
100 541
100 217
100 147
100 118
100 5
100 30
100 77
100 17
100 143
100 56
100 289
100 79
100 758
100 296
100 171
100 129
100 354
100 210
100 36
100 214
100 6
100 87
100 398
100 207
100 225
100 89
100 221
100 174
100 171
100 7
100 78
100 97
100 45
100 24
100 33
100 107
100 59
100 62
100 119
100 266
100 122
100 186
100 329
100 283
100 729
100 100
100 224
100 80
100 26
100 32
100 120
100 253
100 47
100 151
100 164
100 41
100 168
100 143
100 20
100 14
100 27
100 51
100 13
100 71
100 71
100 415
100 48
100 251
100 73
100 0
100 68
100 90
100 1
100 162
100 365
100 277
100 223
100 65
100 51
100 276
100 314
100 48
100 153
100 45
100 206
100 88
100 101
100 15
100 62
100 79
100 48
100 123
100 116
100 89
100 79
100 111
100 107
100 159
100 68
100 164
100 292
100 103
100 55
100 225
100 67
100 109
100 18
100 104
100 68
100 343
100 198
100 18
100 52
100 33
100 140
100 236
100 15
100 269
100 166
100 257
100 265
100 162
100 43
100 219
100 66
100 102
100 47
100 251
100 195
100 8
100 60
100 325
100 0
100 8
100 95
100 166
100 78
100 19
100 131
100 12
100 95
100 77
100 345
100 45
100 738
100 196
100 291
100 77
100 23
100 51
100 160
100 306
100 101
100 109
100 76
100 206
100 142
100 122
100 30
100 237
100 58
100 342
100 78
100 2
100 234
100 59
100 97
100 88
100 10
100 295
100 369
100 143
100 29
100 122
100 85
100 149
100 29
100 39
100 81
100 147
100 52
100 178
100 164
100 194
100 148
100 292
100 27
100 147
100 72
100 200
100 76
100 24
100 5
100 383
100 80
100 183
100 10
100 92
100 98
100 39
100 138
100 10
100 20
100 3
100 1
100 124
100 108
100 37
100 10
100 37
100 11
100 121
100 47
100 236
100 142
100 42
100 156
100 270
100 24
100 157
100 461
100 11
100 219
100 21
100 4
100 124
100 123
100 82
100 69
100 280
100 64
100 59
100 93
100 182
100 258
100 199
100 50
100 314
100 307
100 12
100 157
100 380
100 60
100 4
100 247
100 160
100 8
100 22
100 2
100 46
100 320
100 79
100 77
100 53
100 194
100 19
100 17
100 12
100 248
100 261
100 0
100 106
100 318
100 72
100 127
100 15
100 94
100 47
100 375
100 191
100 66
100 27
100 2
100 225
100 4
100 64
100 175
100 621
100 13
100 226
100 916
100 50
100 48
100 45
100 65
100 25
100 539
100 112
100 445
100 77
100 409
100 154
100 324
100 87
100 275
100 171
100 86
100 95
100 26
100 67
100 55
100 76
100 5
100 82
100 12
100 41
100 165
100 107
100 20
100 6
100 2
100 134
100 99
100 359
100 65
100 26
100 7
100 4
100 520
100 2
100 30
100 12
100 57
100 85
100 269
100 307
100 254
100 75
100 205
100 374
100 25
100 251
100 52
100 118
100 41
100 102
100 15
100 57
100 47
100 25
100 145
100 35
100 41
100 11
100 19
100 114
100 173
100 154
100 50
100 195
100 2
100 109
100 507
100 100
100 162
100 9
100 29
100 350
100 10
100 30
100 819
100 13
100 86
100 54
100 66
100 66
100 101
100 76
100 82
100 210
100 285
100 172
100 236
100 109
100 317
100 21
100 27
100 390
100 35
100 360
100 66
100 205
100 175
100 198
100 9
100 41
100 0
100 118
100 200
100 27
100 211
100 57
100 373
100 231
100 16
100 116
100 107
100 140
100 148
100 45
100 189
100 82
100 3
100 129
100 112
100 150
100 235
100 345
100 2
100 44
100 420
100 283
100 88
100 301
100 146
100 67
100 136
100 285
100 264
100 61
100 179
100 167
100 226
100 176
100 53
100 574
100 88
100 117
100 92
100 455
100 375
100 130
100 51
100 167
100 33
100 148
100 16
100 147
100 99
100 39
100 28
100 111
100 53
100 26
100 6
100 56
100 167
100 100
100 196
100 163
100 122
100 380
100 321
100 110
100 118
100 82
100 34
100 85
100 9
100 29
100 6
100 13
100 0
100 162
100 268
100 1
100 44
100 87
100 143
100 94
100 7
100 6
100 79
100 52
100 24
100 9
100 213
100 169
100 109
100 95
100 67
100 21
100 83
100 162
100 416
100 159
100 32
100 38
100 22
100 48
100 438
100 24
100 11
100 18
100 563
100 605
100 0
100 126
100 9
100 0
100 245
100 67
100 218
100 26
100 274
100 54
100 189
100 80
100 220
100 36
100 196
100 22
100 322
100 13
100 12
100 69
100 128
100 468
100 50
100 237
100 229
100 125
100 67
100 16
100 440
100 218
100 111
100 537
100 113
100 247
100 53
100 59
100 2
100 21
100 17
100 112
100 90
100 197
100 211
100 53
100 72
100 99
100 48
100 5
100 18
100 6
100 53
100 210
100 19
100 92
100 20
100 209
100 78
100 160
100 102
100 222
100 224
100 79
100 419
100 6
100 85
100 77
100 172
100 311
100 123
100 60
100 19
100 215
100 84
100 378
100 201
100 239
100 23
100 3
100 126
100 129
100 47
100 300
100 607
100 145
100 25
100 73
100 21
100 174
100 5
100 35
100 41
100 46
100 286
100 60
100 140
100 102
100 111
100 3
100 152
100 266
100 29
100 418
100 112
100 92
100 74
100 1
100 89
100 9
100 129
100 116
100 87
100 35
100 12
100 225
100 232
100 34
100 39
100 86
100 16
100 61
100 81
100 104
100 266
100 167
100 26
100 40
100 129
100 1
100 69
100 280
100 279
100 63
100 83
100 21
100 94
100 198
100 481
100 65
100 106
100 104
100 150
100 278
100 156
100 19
100 52
100 232
100 32
100 15
100 200
100 219
100 152
100 0
100 89
100 218
100 129
100 12
100 182
100 29
100 39
100 171
100 67
100 304
100 54
100 193
100 39
100 2
100 62
100 49
100 88
100 122
100 267
100 65
100 99
100 118
100 192
100 113
100 476
100 66
100 266
100 124
100 71
100 182
100 102
100 60
100 253
100 210
100 272
100 246
100 422
100 343
100 182
100 117
100 86
100 332
100 179
100 157
100 212
100 184
100 35
100 116
100 49
100 5
100 30
100 281
100 36
100 339
100 325
100 505
100 93
100 47
100 504
100 251
100 184
100 55
100 42
100 450
100 17
100 159
100 100
100 49
100 76
100 193
100 48
100 115
100 66
100 97
100 50
100 265
100 17
100 130
100 49
100 94
100 58
100 19
100 119
100 100
100 25
100 33
100 124
100 132
100 56
100 108
100 109
100 59
100 57
100 87
100 379
100 94
100 184
100 104
100 65
100 16
100 10
100 2
100 37
100 231
100 76
100 153
100 4
100 3
100 65
100 516
100 261
100 72
100 26
100 84
100 6
100 208
100 101
100 2
100 440
100 181
100 123
100 43
100 244
100 21
100 38
100 30
100 116
100 101
100 120
100 330
100 20
100 549
100 118
100 183
100 40
100 185
100 136
100 101
100 362
100 112
100 307
100 280
100 72
100 341
100 15
100 174
100 4
100 56
100 48
100 31
100 51
100 347
100 62
100 140
100 629
100 185
100 128
100 7
100 13
100 79
100 199
100 318
100 138
100 702
100 39
100 11
100 67
100 280
100 143
100 48
100 162
100 188
100 90
100 4
100 482
100 129
100 323
100 69
100 9
100 9
100 249
100 98
100 86
100 402
100 164
100 152
100 60
100 22
100 138
100 16
100 175
100 561
100 174
100 32
100 189
100 277
100 107
100 41
100 159
100 146
100 22
100 135
100 84
100 5
100 14
100 29
100 173
100 3
100 95
100 3
100 416
100 84
100 162
100 288
100 254
100 250
100 131
100 33
100 49
100 76
100 11
100 53
100 55
100 11
100 93
100 278
100 266
100 391
100 370
100 59
100 144
100 99
100 217
100 124
100 64
100 62
100 266
100 458
100 423
100 31
100 112
100 84
100 13
100 9
100 14
100 70
100 370
100 27
100 81
100 214
100 305
100 255
100 90
100 252
100 144
100 157
100 161
100 242
100 590
100 92
100 71
100 60
100 76
100 34
100 18
100 310
100 205
100 75
100 4
100 195
100 245
100 252
100 129
100 113
100 30
100 324
100 169
100 158
100 343
100 47
100 218
100 102
100 100
100 248
100 58
100 177
100 698
100 16
100 49
100 101
100 196
100 22
100 496
100 54
100 118
100 58
100 27
100 50
100 492
100 142
100 24
100 51
100 21
100 229
100 675
100 80
100 129
100 23
100 31
100 60
100 345
100 281
100 369
100 62
100 70
100 71
100 17
100 182
100 67
100 34
100 26
100 258
100 10
100 52
100 64
100 32
100 14
100 10
100 172
100 108
100 14
100 73
100 36
100 273
100 216
100 106
100 10
100 473
100 90
100 135
100 108
100 96
100 163
100 100
100 91
100 29
100 196
100 42
100 8
100 24
100 173
100 206
100 259
100 93
100 35
100 193
100 248
100 905
100 9
100 486
100 343
100 180
100 89
100 121
100 227
100 32
100 65
100 337
100 183
100 158
100 148
100 250
100 3
100 152
100 83
100 5
100 8
100 15
100 31
100 523
100 34
100 24
100 3
100 16
100 114
100 97
100 6
100 219
100 472
100 37
100 261
100 136
100 21
100 293
100 119
100 162
100 52
100 81
100 74
100 157
100 381
100 276
100 125
100 198
100 255
100 216
100 55
100 50
100 282
100 21
100 5
100 75
100 507
100 256
100 12
100 291
100 68
100 329
100 474
100 25
100 457
100 12
100 14
100 64
100 57
100 127
100 569
100 173
100 138
100 16
100 67
100 230
100 364
100 87
100 162
100 15
100 110
100 478
100 10
100 147
100 17
100 413
100 260
100 84
100 0
100 82
100 277
100 53
100 31
100 254
100 17
100 21
100 31
100 116
100 136
100 48
100 154
100 25
100 241
100 6
100 33
100 71
100 42
100 84
100 32
100 112
100 23
100 75
100 70
100 213
100 791
100 18
100 180
100 126
100 11
100 166
100 3
100 343
100 455
100 47
100 83
100 6
100 136
100 109
100 3
100 149
100 90
100 128
100 153
100 312
100 393
100 109
100 8
100 6
100 177
100 23
100 5
100 16
100 72
100 151
100 25
100 255
100 233
100 22
100 45
100 81
100 27
100 49
100 384
100 228
100 191
100 34
100 142
100 489
100 11
100 151
100 227
100 188
100 175
100 650
100 12
100 34
100 136
100 22
100 547
100 42
100 166
100 86
100 142
100 49
100 440
100 211
100 123
100 17
100 102
100 217
100 490
100 27
100 31
100 0
100 3
100 90
100 97
100 60
100 222
100 125
100 136
100 170
100 214
100 268
100 74
100 99
100 717
100 285
100 319
100 657
100 4
100 276
100 84
100 213
100 39
100 32
100 149
100 86
100 171
100 379
100 85
100 76
100 13
100 25
100 89
100 258
100 16
100 164
100 114
100 103
100 5
100 261
100 20
100 116
100 159
100 157
100 164
100 169
100 636
100 6
100 131
100 48
100 120
100 43
100 183
100 141
100 72
100 48
100 62
100 145
100 46
100 161
100 288
100 42
100 198
100 53
100 232
100 178
100 86
100 266
100 108
100 432
100 520
100 6
100 36
100 27
100 252
100 84
100 118
100 149
100 231
100 327
100 67
100 406
100 93
100 64
100 122
100 77
100 13
100 35
100 29
100 23
100 103
100 179
100 479
100 68
100 145
100 223
100 210
100 37
100 40
100 330
100 22
100 135
100 52
100 98
100 44
100 29
100 638
100 152
100 128
100 23
100 82
100 67
100 49
100 90
100 114
100 374
100 29
100 438
100 48
100 192
100 7
100 150
100 94
100 7
100 44
100 21
100 226
100 58
100 95
100 43
100 28
100 312
100 175
100 52
100 389
100 83
100 85
100 56
100 70
100 259
100 72
100 67
100 471
100 378
100 154
100 322
100 295
100 195
100 7
100 27
100 80
100 15
100 471
100 89
100 13
100 88
100 3
100 469
100 245
100 41
100 86
100 154
100 461
100 54
100 139
100 370
100 52
100 206
100 122
100 161
100 176
100 309
100 84
100 100
100 12
100 94
100 89
100 12
100 80
100 81
100 75
100 194
100 50
100 214
100 8
100 214
100 8
100 49
100 3
100 123
100 7
100 92
100 3
100 136
100 101
100 26
100 403
100 207
100 6
100 453
100 48
100 31
100 264
100 385
100 393
100 109
100 63
100 267
100 362
100 129
100 61
100 154
100 15
100 280
100 410
100 79
100 249
100 59
100 230
100 151
100 148
100 86
100 167
100 21
100 92
100 34
100 86
100 74
100 0
100 61
100 178
100 386
100 81
100 180
100 39
100 140
100 18
100 68
100 232
100 87
100 20
100 87
100 273
100 6
100 54
100 154
100 20
100 201
100 27
100 33
100 288
100 5
100 108
100 3
100 82
100 22
100 144
100 7
100 41
100 165
100 140
100 151
100 147
100 192
100 147
100 155
100 72
100 162
100 156
100 21
100 67
100 82
100 27
100 22
100 56
100 62
100 563
100 204
100 574
100 26
100 270
100 151
100 267
100 4
100 766
100 20
100 96
100 134
100 212
100 39
100 198
100 13
100 68
100 279
100 97
100 132
100 300
100 80
100 22
100 220
100 245
100 185
100 11
100 8
100 123
100 332
100 72
100 131
100 211
100 356
100 6
100 7
100 259
100 292
100 161
100 35
100 339
100 173
100 115
100 139
100 133
100 208
100 60
100 42
100 19
100 8
100 25
100 80
100 121
100 74
100 63
100 258
100 125
100 69
100 620
100 59
100 141
100 89
100 25
100 10
100 45
100 113
100 354
100 2
100 3
100 121
100 3
100 117
100 9
100 99
100 65
100 29
100 48
100 9
100 18
100 130
100 477
100 312
100 38
100 120
100 11
100 66
100 54
100 134
100 93
100 206
100 29
100 378
100 91
100 11
100 69
100 6
100 321
100 16
100 15
100 76
100 232
100 151
100 46
100 115
100 110
100 67
100 211
100 105
100 304
100 7
100 10
100 326
100 704
100 206
100 0
100 56
100 22
100 127
100 16
100 94
100 7
100 334
100 29
100 127
100 624
100 427
100 149
100 73
100 141
100 100
100 35
100 434
100 395
100 73
100 216
100 41
100 21
100 36
100 437
100 179
100 71
100 203
100 22
100 15
100 141
100 98
100 175
100 91
100 251
100 9
100 274
100 13
100 280
100 133
100 78
100 99
100 139
100 192
100 78
100 105
100 70
100 293
100 34
100 580
100 29
100 258
100 47
100 7
100 49
100 92
100 120
100 175
100 363
100 81
100 181
100 62
100 197
100 308
100 125
100 8
100 101
100 5
100 236
100 355
100 311
100 134
100 14
100 44
100 41
100 17
100 12
100 204
100 84
100 257
100 68
100 83
100 344
100 218
100 22
100 86
100 56
100 140
100 98
100 19
100 31
100 758
100 55
100 100
100 142
100 215
100 235
100 89
100 147
100 100
100 210
100 43
100 24
100 92
100 103
100 170
100 103
100 194
100 97
100 24
100 43
100 20
100 16
100 41
100 291
100 162
100 161
100 172
100 305
100 189
100 172
100 232
100 24
100 24
100 190
100 174
100 36
100 335
100 161
100 258
100 239
100 77
100 134
100 13
100 220
100 372
100 113
100 3
100 149
100 109
100 58
100 186
100 359
100 158
100 126
100 203
100 49
100 51
100 7
100 88
100 216
100 127
100 46
100 71
100 573
100 229
100 15
100 525
100 266
100 33
100 878
100 97
100 235
100 88
100 170
100 41
100 11
100 302
100 18
100 72
100 410
100 99
100 22
100 97
100 220
100 318
100 434
100 34
100 30
100 217
100 44
100 41
100 54
100 48
100 114
100 126
100 68
100 14
100 291
100 68
100 16
100 68
100 13
100 110
100 80
100 24
100 31
100 31
100 61
100 61
100 7
100 33
100 206
100 0
100 166
100 66
100 38
100 46
100 10
100 761
100 55
100 77
100 41
100 116
100 14
100 73
100 259
100 48
100 377
100 33
100 109
100 86
100 266
100 223
100 366
100 69
100 7
100 199
100 118
100 130
100 855
100 16
100 12
100 519
100 54
100 65
100 175
100 74
100 219
100 69
100 57
100 117
100 313
100 57
100 93
100 218
100 38
100 114
100 123
100 180
100 136
100 239
100 107
100 157
100 23
100 592
100 213
100 54
100 117
100 163
100 12
100 165
100 1
100 163
100 154
100 264
100 164
100 44
100 10
100 18
100 221
100 131
100 161
100 85
100 259
100 405
100 49
100 221
100 671
100 266
100 955
100 152
100 72
100 92
100 209
100 66
100 23
100 158
100 9
100 98
100 14
100 5
100 192
100 60
100 125
100 57
100 37
100 119
100 156
100 30
100 48
100 211
100 54
100 256
100 697
100 103
100 16
100 173
100 27
100 23
100 155
100 160
100 13
100 1
100 76
100 41
100 101
100 297
100 82
100 161
100 32
100 89
100 1
100 254
100 273
100 341
100 4
100 17
100 96
100 79
100 377
100 115
100 83
100 245
100 45
100 276
100 383
100 29
100 2
100 426
100 11
100 91
100 71
100 24
100 324
100 45
100 56
100 70
100 64
100 18
100 477
100 73
100 351
100 367
100 156
100 267
100 56
100 13
100 51
100 8
100 106
100 225
100 136
100 0
100 8
100 30
100 87
100 117
100 35
100 360
100 31
100 3
100 51
100 66
100 30
100 100
100 60
100 71
100 9
100 110
100 157
100 63
100 192
100 70
100 916
100 21
100 45
100 31
100 130
100 36
100 254
100 187
100 645
100 308
100 37
100 45
100 59
100 79
100 714
100 300
100 61
100 9
100 343
100 61
100 371
100 414
100 27
100 476
100 198
100 148
100 80
100 247
100 138
100 419
100 8
100 376
100 294
100 74
100 95
100 164
100 7
100 103
100 92
100 99
100 63
100 140
100 79
100 360
100 200
100 545
100 21
100 4
100 95
100 143
100 8
100 364
100 39
100 88
100 224
100 215
100 118
100 93
100 184
100 34
100 36
100 22
100 41
100 146
100 29
100 26
100 454
100 108
100 23
100 20
100 6
100 256
100 161
100 260
100 90
100 296
100 20
100 249
100 18
100 138
100 26
100 125
100 27
100 242
100 207
100 168
100 28
100 77
100 10
100 59
100 52
100 317
100 56
100 72
100 67
100 226
100 26
100 58
100 2
100 14
100 265
100 436
100 134
100 55
100 40
100 37
100 71
100 147
100 105
100 146
100 244
100 55
100 60
100 46
100 124
100 55
100 57
100 68
100 177
100 105
100 129
100 73
100 215
100 18
100 33
100 184
100 68
100 377
100 41
100 641
100 48
100 54
100 218
100 92
100 35
100 102
100 25
100 229
100 173
100 177
100 67
100 13
100 66
100 131
100 0
100 197
100 302
100 159
100 2
100 44
100 11
100 258
100 29
100 128
100 8
100 12
100 98
100 264
100 2
100 276
100 84
100 6
100 141
100 267
100 119
100 51
100 140
100 14
100 126
100 39
100 132
100 194
100 77
100 2
100 402
100 20
100 40
100 9
100 44
100 38
100 11
100 62
100 45
100 77
100 486
100 34
100 20
100 42
100 30
100 10
100 110
100 84
100 172
100 8
100 22
100 89
100 249
100 118
100 244
100 109
100 45
100 404
100 30
100 603
100 133
100 38
100 2
100 165
100 163
100 340
100 32
100 347
100 142
100 29
100 57
100 10
100 13
100 67
100 599
100 154
100 325
100 157
100 153
100 20
100 181
100 518
100 308
100 34
100 425
100 30
100 282
100 116
100 110
100 114
100 338
100 47
100 84
100 2
100 339
100 13
100 1
100 36
100 66
100 4
100 50
100 40
100 25
100 487
100 53
100 120
100 18
100 139
100 31
100 69
100 119
100 186
100 683
100 34
100 106
100 95
100 246
100 54
100 18
100 22
100 68
100 114
100 0
100 642
100 65
100 464
100 150
100 379
100 11
100 7
100 287
100 24
100 320
100 200
100 41
100 41
100 1
100 554
100 48
100 11
100 412
100 137
100 40
100 431
100 147
100 50
100 102
100 2
100 59
100 12
100 38
100 35
100 91
100 106
100 85
100 279
100 25
100 470
100 153
100 71
100 260
100 327
100 403
100 78
100 89
100 54
100 41
100 64
100 1
100 354
100 157
100 287
100 337
100 367
100 191
100 188
100 154
100 407
100 358
100 133
100 19
100 398
100 60
100 140
100 88
100 37
100 12
100 44
100 366
100 6
100 141
100 446
100 4
100 261
100 10
100 13
100 226
100 328
100 53
100 63
100 58
100 44
100 292
100 16
100 11
100 443
100 159
100 4
100 146
100 120
100 120
100 959
100 193
100 164
100 209
100 49
100 259
100 85
100 179
100 34
100 58
100 8
100 298
100 175
100 202
100 65
100 73
100 32
100 148
100 21
100 626
100 87
100 136
100 15
100 152
100 494
100 161
100 125
100 121
100 18
100 123
100 120
100 112
100 186
100 771
100 136
100 76
100 40
100 120
100 48
100 20
100 54
100 441
100 174
100 135
100 56
100 243
100 52
100 83
100 246
100 191
100 288
100 27
100 167
100 83
100 178
100 111
100 55
100 153
100 180
100 11
100 23
100 163
100 23
100 199
100 265
100 117
100 81
100 48
100 65
100 111
100 191
100 68
100 99
100 211
100 96
100 189
100 29
100 30
100 280
100 210
100 113
100 20
100 37
100 447
100 73
100 11
100 563
100 14
100 63
100 230
100 302
100 52
100 426
100 153
100 26
100 191
100 71
100 112
100 182
100 102
100 77
100 11
100 96
100 295
100 81
100 7
100 76
100 77
100 33
100 304
100 217
100 60
100 100
100 70
100 663
100 112
100 41
100 86
100 167
100 64
100 436
100 1
100 97
100 253
100 69
100 3
100 614
100 24
100 11
100 0
100 34
100 8
100 64
100 419
100 123
100 76
100 3
100 2
100 343
100 56
100 209
100 685
100 36
100 84
100 489
100 69
100 137
100 406
100 585
100 7
100 171
100 124
100 96
100 212
100 78
100 139
100 21
100 4
100 172
100 126
100 258
100 25
100 68
100 30
100 208
100 710
100 229
100 170
100 42
100 44
100 421
100 119
100 31
100 355
100 110
100 131
100 184
100 139
100 1
100 32
100 48
100 18
100 110
100 81
100 28
100 51
100 172
100 121
100 10
100 278
100 57
100 166
100 92
100 7
100 8
100 68
100 486
100 29
100 291
100 45
100 63
100 19
100 114
100 11
100 14
100 194
100 260
100 81
100 53
100 8
100 17
100 8
100 75
100 385
100 129
100 147
100 265
100 13
100 18
100 22
100 27
100 88
100 311
100 88
100 166
100 302
100 13
100 90
100 318
100 61
100 124
100 316
100 176
100 162
100 244
100 25
100 76
100 65
100 249
100 81
100 75
100 72
100 192
100 11
100 282
100 27
100 77
100 204
100 407
100 12
100 29
100 77
100 422
100 250
100 40
100 222
100 206
100 70
100 127
100 125
100 320
100 177
100 74
100 2
100 78
100 19
100 85
100 205
100 71
100 147
100 4
100 105
100 158
100 148
100 20
100 35
100 386
100 16
100 7
100 69
100 3
100 250
100 362
100 48
100 89
100 2
100 150
100 110
100 66
100 283
100 211
100 384
100 74
100 73
100 94
100 254
100 11
100 245
100 65
100 27
100 5
100 16
100 163
100 430
100 24
100 87
100 181
100 115
100 108
100 31
100 5
100 176
100 260
100 27
100 27
100 105
100 229
100 133
100 207
100 26
100 61
100 108
100 294
100 274
100 60
100 207
100 151
100 35
100 39
100 34
100 354
100 129
100 48
100 297
100 19
100 238
100 755
100 335
100 144
100 402
100 68
100 5
100 561
100 81
100 2
100 391
100 14
100 113
100 9
100 155
100 32
100 204
100 28
100 45
100 146
100 109
100 99
100 4
100 559
100 21
100 29
100 142
100 9
100 21
100 134
100 40
100 7
100 62
100 172
100 42
100 3
100 82
100 44
100 212
100 217
100 40
100 25
100 117
100 30
100 75
100 71
100 36
100 523
100 56
100 12
100 194
100 52
100 80
100 113
100 183
100 195
100 261
100 186
100 33
100 33
100 249
100 72
100 176
100 123
100 150
100 422
100 152
100 123
100 131
100 188
100 222
100 224
100 113
100 77
100 194
100 42
100 117
100 96
100 91
100 15
100 200
100 130
100 50
100 245
100 108
100 80
100 442
100 41
100 61
100 35
100 4
100 176
100 198
100 125
100 568
100 2
100 594
100 203
100 13
100 117
100 185
100 3
100 19
100 476
100 51
100 134
100 446
100 29
100 84
100 173
100 298
100 85
100 194
100 166
100 70
100 142
100 72
100 106
100 6
100 40
100 16
100 166
100 171
100 3
100 136
100 150
100 1
100 372
100 57
100 90
100 83
100 365
100 26
100 59
100 62
100 223
100 162
100 20
100 273
100 449
100 233
100 163
100 125
100 95
100 97
100 121
100 144
100 13
100 86
100 174
100 68
100 202
100 35
100 43
100 47
100 601
100 70
100 131
100 153
100 58
100 72
100 217
100 146
100 3
100 43
100 163
100 73
100 74
100 250
100 1
100 32
100 13
100 99
100 79
100 24
100 154
100 51
100 6
100 8
100 129
100 71
100 109
100 34
100 214
100 400
100 716
100 24
100 59
100 92
100 69
100 96
100 2
100 165
100 167
100 382
100 178
100 376
100 31
100 367
100 43
100 491
100 313
100 41
100 271
100 21
100 104
100 1
100 397
100 10
100 191
100 97
100 165
100 296
100 85
100 189
100 10
100 715
100 151
100 63
100 86
100 35
100 5
100 45
100 82
100 361
100 87
100 44
100 209
100 5
100 192
100 11
100 38
100 202
100 257
100 201
100 182
100 229
100 7
100 215
100 48
100 0
100 439
100 24
100 5
100 81
100 69
100 157
100 155
100 44
100 208
100 170
100 1
100 247
100 43
100 72
100 141
100 277
100 110
100 42
100 6
100 18
100 425
100 122
100 243
100 56
100 96
100 68
100 235
100 417
100 13
100 136
100 18
100 178
100 9
100 215
100 90
100 68
100 32
100 21
100 27
100 469
100 153
100 60
100 94
100 40
100 323
100 42
100 158
100 47
100 506
100 621
100 128
100 235
100 226
100 133
100 13
100 197
100 295
100 37
100 57
100 178
100 259
100 104
100 38
100 29
100 77
100 134
100 293
100 282
100 1
100 133
100 14
100 76
100 150
100 261
100 270
100 172
100 139
100 145
100 210
100 156
100 102
100 53
100 9
100 16
100 55
100 40
100 26
100 105
100 260
100 185
100 62
100 564
100 52
100 162
100 12
100 14
100 275
100 45
100 141
100 14
100 43
100 61
100 89
100 114
100 190
100 22
100 204
100 219
100 13
100 100
100 374
100 113
100 184
100 76
100 461
100 345
100 105
100 20
100 97
100 178
100 42
100 272
100 183
100 141
100 349
100 60
100 7
100 179
100 227
100 205
100 33
100 17
100 32
100 40
100 36
100 183
100 181
100 10
100 162
100 137
100 110
100 15
100 205
100 268
100 63
100 66
100 96
100 66
100 222
100 142
100 124
100 104
100 30
100 68
100 55
100 215
100 394
100 164
100 736
100 170
100 94
100 32
100 69
100 161
100 76
100 11
100 6
100 78
100 542
100 50
100 55
100 44
100 86
100 126
100 123
100 45
100 104
100 46
100 115
100 18
100 46
100 307
100 82
100 400
100 87
100 193
100 22
100 93
100 2
100 119
100 218
100 264
100 161
100 224
100 117
100 282
100 141
100 100
100 226
100 20
100 61
100 77
100 201
100 19
100 93
100 165
100 237
100 201
100 46
100 72
100 615
100 102
100 100
100 76
100 312
100 80
