100 685
100 1404
100 219
100 601
100 984
100 356
100 701
100 451
100 163
100 1798
100 817
100 15
100 117
100 5
100 53
100 180
100 16
100 1271
100 556
100 521
100 329
100 1772
100 768
100 107
100 914
100 50
100 1111
100 6
100 371
100 378
100 743
100 258
100 805
100 236
100 561
100 329
100 103
100 24
100 210
100 209
100 559
100 185
100 2388
100 233
100 1071
100 425
100 105
100 128
100 1320
100 354
100 419
100 22
100 47
100 1419
100 231
100 647
100 1471
100 1015
100 206
100 231
100 508
100 63
100 85
100 1486
100 410
100 295
100 1322
100 1178
100 76
100 603
100 1023
100 1886
100 1682
100 225
100 713
100 79
100 1031
100 160
100 539
100 599
100 1816
100 255
100 37
100 211
100 140
100 567
100 888
100 86
100 95
100 5
100 257
100 399
100 390
100 450
100 1119
100 114
100 362
100 2374
100 145
100 992
100 229
100 1116
100 2613
100 939
100 352
100 289
100 73
100 302
100 158
100 454
100 731
100 185
100 1825
100 1424
100 1076
100 704
100 81
100 682
100 386
100 571
100 931
100 765
100 752
100 86
100 99
100 592
100 1
100 135
100 596
100 289
100 855
100 684
100 187
100 721
100 1078
100 873
100 1053
100 40
100 727
100 931
100 317
100 1
100 17
100 554
100 629
100 66
100 155
100 160
100 763
100 153
100 52
100 19
100 38
100 338
100 51
100 43
100 19
100 15
100 1531
100 647
100 158
100 508
100 1408
100 383
100 1339
100 1022
100 356
100 214
100 244
100 561
100 766
100 831
100 882
100 1230
100 287
100 852
100 22
100 84
100 266
100 70
100 489
100 777
100 186
100 368
100 111
100 259
100 1005
100 45
100 1809
100 479
100 2
100 269
100 331
100 478
100 1191
100 880
100 37
100 505
100 2063
100 1459
100 432
100 250
100 447
100 12
100 1622
100 17
100 398
100 56
100 690
100 38
100 736
100 218
100 791
100 5
100 1327
100 668
100 318
100 844
100 399
100 921
100 10
100 1450
100 90
100 239
100 332
100 517
100 1057
100 411
100 7
100 66
100 664
100 196
100 258
100 1240
100 310
100 590
100 107
100 234
100 462
100 102
100 143
100 415
100 32
100 482
100 221
100 242
100 64
100 118
100 109
100 1847
100 300
100 647
100 674
100 244
100 29
100 930
100 3212
100 403
100 1125
100 675
100 1504
100 886
100 425
100 139
100 698
100 47
100 115
100 149
100 337
100 250
100 1713
100 125
100 637
100 638
100 760
100 80
100 186
100 48
100 52
100 290
100 22
100 1209
100 97
100 183
100 1371
100 529
100 1172
100 806
100 307
100 201
100 979
100 553
100 502
100 1323
100 1
100 330
100 393
100 89
100 545
100 187
100 1035
100 237
100 263
100 161
100 479
100 459
100 746
100 198
100 1598
100 984
100 10
100 37
100 1410
100 1115
100 347
100 297
100 522
100 836
100 148
100 834
100 819
100 108
100 962
100 647
100 532
100 730
100 523
100 239
100 354
100 484
100 384
100 84
100 528
100 158
100 83
100 542
100 1427
100 1464
100 127
100 809
100 1292
100 820
100 159
100 486
100 291
100 246
100 20
100 75
100 1345
100 92
100 70
100 812
100 202
100 212
100 237
100 275
100 419
100 1232
100 633
100 379
100 273
100 173
100 320
100 981
100 166
100 18
100 1152
100 430
100 232
100 714
100 686
100 1476
100 73
100 672
100 162
100 1844
100 1877
100 403
100 1170
100 325
100 2220
100 137
100 52
100 513
100 129
100 264
100 206
100 21
100 1388
100 808
100 712
100 704
100 113
100 1684
100 883
100 373
100 1904
100 483
100 0
100 604
100 150
100 48
100 118
100 52
100 69
100 190
100 1255
100 291
100 1165
100 44
100 433
100 305
100 230
100 202
100 299
100 84
100 81
100 49
100 543
100 391
100 304
100 924
100 34
100 2132
100 3730
100 979
100 479
100 244
100 211
100 38
100 381
100 273
100 21
100 1199
100 60
100 826
100 100
100 122
100 479
100 993
100 161
100 768
100 820
100 629
100 153
100 1455
100 1160
100 2
100 413
100 1417
100 1056
100 1605
100 381
100 313
100 467
100 1379
100 854
100 426
100 802
100 1211
100 415
100 572
100 909
100 184
100 370
100 677
100 16
100 249
100 85
100 534
100 177
100 152
100 365
100 684
100 275
100 489
100 20
100 345
100 7
100 146
100 326
100 966
100 5
100 2122
100 1184
100 1204
100 256
100 942
100 339
100 644
100 1209
100 148
100 134
100 291
100 564
100 991
100 55
100 10
100 796
100 284
100 894
100 1716
100 693
100 3280
100 1791
100 34
100 125
100 267
100 118
100 311
100 972
100 184
100 213
100 461
100 832
100 245
100 413
100 662
100 158
100 17
100 235
100 197
100 277
100 3273
100 1140
100 884
100 1352
100 883
100 4
100 32
100 967
100 103
100 59
100 527
100 136
100 199
100 1870
100 652
100 605
100 47
100 986
100 659
100 1
100 171
100 70
100 427
100 1099
100 320
100 79
100 559
100 249
100 507
100 8
100 784
100 221
100 677
100 843
100 746
100 300
100 192
100 470
100 2010
100 95
100 230
100 232
100 988
100 659
100 456
100 1903
100 127
100 127
100 981
100 183
100 264
100 123
100 28
100 730
100 166
100 2345
100 1050
100 96
100 1490
100 1570
100 1
100 1304
100 1733
100 226
100 17
100 292
100 105
100 1887
100 1540
100 395
100 81
100 345
100 956
100 259
100 115
100 191
100 20
100 639
100 414
100 58
100 424
100 1870
100 539
100 213
100 164
100 1177
100 293
100 73
100 113
100 907
100 202
100 3132
100 1982
100 1070
100 457
100 1627
100 17
100 527
100 235
100 709
100 54
100 469
100 628
100 649
100 546
100 614
100 56
100 827
100 158
100 198
100 139
100 172
100 400
100 1814
100 941
100 253
100 157
100 27
100 251
100 936
100 205
100 258
100 245
100 168
100 499
100 175
100 337
100 459
100 483
100 196
100 382
100 364
100 982
100 627
100 767
100 145
100 340
100 598
100 839
100 655
100 189
100 1524
100 259
100 69
100 1137
100 184
100 803
100 197
100 212
100 164
100 48
100 713
100 799
100 140
100 853
100 852
100 1680
100 604
100 1315
100 177
100 118
100 497
100 2501
100 692
100 360
100 69
100 109
100 2220
100 1599
100 1829
100 475
100 249
100 45
100 1046
100 660
100 1785
100 316
100 741
100 400
100 15
100 1319
100 239
100 47
100 188
100 135
100 118
100 652
100 460
100 1885
100 267
100 1
100 488
100 383
100 197
100 221
100 408
100 63
100 181
100 2527
100 404
100 100
100 207
100 14
100 627
100 431
100 158
100 48
100 2665
100 917
100 935
100 392
100 950
100 1171
100 544
100 1079
100 150
100 513
100 175
100 1180
100 210
100 437
100 112
100 117
100 5
100 337
100 418
100 4
100 164
100 69
100 326
100 654
100 59
100 86
100 562
100 261
100 352
100 140
100 1852
100 2015
100 330
100 1386
100 198
100 979
100 943
100 255
100 945
100 727
100 366
100 268
100 193
100 599
100 1217
100 130
100 597
100 1767
100 248
100 174
100 372
100 129
100 945
100 240
100 66
100 1968
100 380
100 3661
100 511
100 630
100 88
100 2644
100 4
100 365
100 557
100 150
100 532
100 667
100 1257
100 200
100 885
100 940
100 18
100 1003
100 240
100 1794
100 20
100 996
100 258
100 2158
100 294
100 1176
100 1070
100 1096
100 300
100 664
100 363
100 1272
100 524
100 236
100 44
100 254
100 168
100 125
100 201
100 2420
100 396
100 778
100 118
100 117
100 669
100 2000
100 784
100 536
100 175
100 1095
100 397
100 324
100 148
100 524
100 3259
100 1249
100 534
100 1329
100 584
100 1687
100 666
100 630
100 219
100 454
100 120
100 22
100 234
100 629
100 8
100 406
100 84
100 17
100 359
100 1009
100 428
100 403
100 591
100 420
100 1080
100 869
100 269
100 2485
100 399
100 123
100 176
100 373
100 160
100 1428
100 98
100 811
100 196
100 466
100 212
100 1443
100 540
100 58
100 255
100 467
100 843
100 263
100 1874
100 1011
100 816
100 176
100 942
100 204
100 190
100 530
100 599
100 567
100 652
100 640
100 550
100 38
100 268
100 200
100 1071
100 3
100 519
100 458
100 174
100 528
100 787
100 586
100 561
100 238
100 301
100 748
100 176
100 2
100 374
100 363
100 2262
100 20
100 196
100 615
100 1067
100 1097
100 24
100 977
100 924
100 1
100 26
100 570
100 60
100 48
100 768
100 169
100 420
100 461
100 214
100 139
100 938
100 982
100 69
100 98
100 133
100 577
100 67
100 450
100 548
100 1062
100 725
100 127
100 359
100 626
100 876
100 408
100 458
100 301
100 801
100 21
100 338
100 251
100 501
100 182
100 1422
100 367
100 1004
100 247
100 102
100 915
100 689
100 109
100 1321
100 424
100 1420
100 1769
100 308
100 408
100 795
100 799
100 472
100 258
100 232
100 773
100 173
100 143
100 1286
100 2039
100 314
100 292
100 1861
100 2659
100 179
100 350
100 683
100 475
100 944
100 129
100 977
100 382
100 125
100 38
100 214
100 116
100 408
100 50
100 204
100 1758
100 836
100 22
100 186
100 1
100 544
100 122
100 352
100 785
100 578
100 998
100 440
100 108
100 965
100 242
100 900
100 77
100 553
100 429
100 642
100 593
100 281
100 1880
100 127
100 1515
100 181
100 1643
100 1082
100 568
100 383
100 106
100 36
100 728
100 511
100 417
100 500
100 126
100 1405
100 867
100 114
100 741
100 380
100 1561
100 36
100 2075
100 146
100 21
100 33
100 68
100 659
100 833
100 963
100 0
100 881
100 171
100 549
100 46
100 169
100 747
100 158
100 943
100 159
100 298
100 1340
100 1290
100 1878
100 350
100 643
100 168
100 3
100 120
100 745
100 162
100 126
100 315
100 307
100 409
100 1908
100 162
100 163
100 44
100 475
100 683
100 315
100 1583
100 221
100 226
100 991
100 131
100 1198
100 14
100 48
100 322
100 40
100 5
100 370
100 175
100 1804
100 784
100 225
100 1825
100 552
100 989
100 562
100 59
100 743
100 2517
100 691
100 3083
100 184
100 302
100 1279
100 724
100 1224
100 17
100 1044
100 260
100 403
100 318
100 337
100 162
100 511
100 1326
100 915
100 1666
100 199
100 1191
100 291
100 1947
100 231
100 2
100 40
100 480
100 902
100 1046
100 1075
100 389
100 408
100 1437
100 29
100 216
100 64
100 739
100 486
100 176
100 110
100 53
100 227
100 664
100 466
100 779
100 27
100 18
100 445
100 1084
100 561
100 655
100 395
100 517
100 46
100 1524
100 29
100 227
100 308
100 455
100 234
100 358
100 188
100 299
100 483
100 131
100 427
100 139
100 473
100 452
100 239
100 105
100 347
100 634
100 434
100 163
100 924
100 124
100 523
100 1101
100 303
100 540
100 559
100 175
100 114
100 1173
100 1052
100 534
100 169
100 541
100 491
100 259
100 1453
100 64
100 265
100 500
100 68
100 746
100 350
100 87
100 147
100 555
100 259
100 37
100 87
100 393
100 317
100 245
100 878
100 1216
100 255
100 586
100 792
100 20
100 821
100 152
100 175
100 398
100 518
100 137
100 1678
100 63
100 201
100 1740
100 0
100 3
100 881
100 361
100 201
100 660
100 249
100 53
100 26
100 490
100 254
100 711
100 508
100 218
100 530
100 170
100 354
100 96
100 35
100 57
100 54
100 1932
100 156
100 171
100 157
100 72
100 1032
100 383
100 140
100 754
100 96
100 492
100 711
100 87
100 133
100 1145
100 1233
100 2412
100 19
100 216
100 29
100 742
100 633
100 345
100 1131
100 1198
100 559
100 113
100 868
100 1501
100 473
100 562
100 1275
100 427
100 213
100 30
100 1793
100 380
100 310
100 1763
100 2056
100 251
100 664
100 258
100 4
100 75
100 3902
100 773
100 744
100 968
100 159
100 228
100 188
100 41
100 58
100 94
100 530
100 1219
100 41
100 577
100 296
100 573
100 373
100 497
100 824
100 737
100 102
100 70
100 716
100 81
100 938
100 194
100 1810
100 1202
100 269
100 90
100 2894
100 620
100 156
100 23
100 2314
100 895
100 347
100 892
100 361
100 461
100 659
100 51
100 969
100 374
100 169
100 73
100 36
100 172
100 1034
100 774
100 287
100 293
100 579
100 164
100 198
100 958
100 84
100 972
100 272
100 112
100 120
100 312
100 273
100 334
100 185
100 1620
100 514
100 518
100 940
100 56
100 334
100 560
100 893
100 221
100 120
100 171
100 190
100 2996
100 519
100 33
100 17
100 2418
100 441
100 246
100 164
100 1037
100 1894
100 27
100 261
100 2094
100 47
100 749
100 257
100 624
100 1039
100 267
100 648
100 36
100 541
100 629
100 41
100 336
100 834
100 759
100 1867
100 1602
100 374
100 102
100 72
100 599
100 472
100 444
100 268
100 709
100 361
100 715
100 597
100 98
100 283
100 301
100 179
100 1016
100 1060
100 397
100 114
100 53
100 424
100 784
100 299
100 573
100 89
100 813
100 1425
100 238
100 137
100 1658
100 1412
100 594
100 2413
100 112
100 16
100 1171
100 228
100 742
100 623
100 592
100 28
100 429
100 206
100 94
100 210
100 564
100 1325
100 112
100 120
100 741
100 28
100 85
100 71
100 647
100 79
100 108
100 318
100 835
100 340
100 137
100 491
100 1149
100 359
100 416
100 793
100 130
100 264
100 734
100 627
100 85
100 612
100 1591
100 262
100 200
100 954
100 520
100 100
100 233
100 746
100 1109
100 855
100 520
100 694
100 866
100 285
100 334
100 356
100 472
100 471
100 2348
100 461
100 601
100 1149
100 302
100 315
100 899
100 87
100 824
100 161
100 533
100 155
100 239
100 1120
100 132
100 33
100 58
100 113
100 2316
100 124
100 1423
100 52
100 304
100 735
100 49
100 213
100 118
100 162
100 1742
100 488
100 353
100 85
100 1603
100 359
100 1166
100 183
100 404
100 581
100 297
100 120
100 2496
100 318
100 416
100 636
100 103
100 528
100 177
100 746
100 13
100 1015
100 276
100 756
100 87
100 1170
100 199
100 1292
100 46
100 251
100 179
100 426
100 1183
100 530
100 548
100 1041
100 111
100 1373
100 413
100 1558
100 36
100 497
100 287
100 38
100 141
100 1101
100 787
100 254
100 956
100 2154
100 69
100 2006
100 1167
100 121
100 159
100 45
100 142
100 376
100 197
100 196
100 982
100 1041
100 383
100 212
100 1395
100 490
100 35
100 191
100 1396
100 424
100 1999
100 256
100 951
100 981
100 1192
100 29
100 401
100 899
100 2122
100 50
100 68
100 135
100 265
100 148
100 653
100 1479
100 23
100 342
100 192
100 330
100 164
100 609
100 314
100 461
100 530
100 78
100 203
100 409
100 1799
100 447
100 451
100 286
100 505
100 63
100 49
100 139
100 1147
100 246
100 101
100 168
100 260
100 237
100 580
100 171
100 48
100 1062
100 33
100 408
100 158
100 1646
100 1389
100 537
100 436
100 1288
100 85
100 495
100 382
100 974
100 351
100 56
100 262
100 452
100 273
100 1259
100 132
100 172
100 529
100 276
100 0
100 367
100 487
100 3324
100 47
100 222
100 1909
100 370
100 533
100 509
100 404
100 822
100 338
100 278
100 376
100 82
100 712
100 224
100 2536
100 1772
100 133
100 248
100 782
100 574
100 1530
100 2065
100 1071
100 238
100 461
100 473
100 1034
100 11
100 37
100 1674
100 401
100 296
100 1040
100 509
100 930
100 522
100 387
100 1252
100 210
100 161
100 524
100 282
100 847
100 252
100 555
100 180
100 223
100 369
100 86
100 32
100 438
100 423
100 153
100 276
100 452
100 93
100 201
100 367
100 465
100 472
100 742
100 1010
100 385
100 1075
100 971
100 741
100 114
100 62
100 1398
100 922
100 163
100 392
100 360
100 370
100 864
100 836
100 491
100 1648
100 307
100 351
100 80
100 90
100 2831
100 2554
100 409
100 1193
100 212
100 292
100 1209
100 395
100 288
100 209
100 291
100 602
100 97
100 431
100 92
100 251
100 41
100 1360
100 6
100 1064
100 175
100 682
100 504
100 118
100 102
100 794
100 964
100 147
100 1402
100 103
100 2569
100 533
100 935
100 286
100 179
100 710
100 679
100 566
100 25
100 511
100 416
100 372
100 831
100 432
100 2261
100 625
100 18
100 285
100 334
100 398
100 365
100 696
100 699
100 202
100 96
100 265
100 959
100 151
100 942
100 1231
100 505
100 803
100 1265
100 244
100 363
100 591
100 439
100 225
100 234
100 505
100 609
100 136
100 1185
100 28
100 746
100 624
100 29
100 389
100 409
100 996
100 77
100 389
100 100
100 434
100 178
100 93
100 850
100 148
100 1251
100 307
100 216
100 875
100 1702
100 725
100 217
100 283
100 78
100 126
100 804
100 353
100 480
100 1237
100 403
100 477
100 920
100 37
100 73
100 2147
100 1240
100 191
100 226
100 146
100 647
100 730
100 1051
100 910
100 60
100 1230
100 23
100 2144
100 661
100 382
100 1049
100 170
100 535
100 470
100 685
100 1699
100 1020
100 978
100 10
100 363
100 272
100 147
100 1871
100 336
100 216
100 1137
100 280
100 184
100 877
100 288
100 111
100 1081
100 234
100 213
100 257
100 2489
100 26
100 1430
100 455
100 158
100 29
100 440
100 127
100 428
100 1018
100 734
100 312
100 575
100 417
100 2656
100 145
100 133
100 267
100 1153
100 155
100 932
100 337
100 928
100 863
100 387
100 125
100 291
100 497
100 45
100 71
100 94
100 250
100 255
100 305
100 485
100 486
100 503
100 1068
100 995
100 1452
100 166
100 124
100 142
100 204
100 290
100 30
100 102
100 658
100 233
100 1934
100 555
100 327
100 900
100 60
100 693
100 133
100 1497
100 357
100 476
100 165
100 263
100 11
100 974
100 354
100 306
100 175
100 537
100 469
100 460
100 590
100 175
100 95
100 151
100 799
100 446
100 266
100 290
100 522
100 799
100 487
100 1316
100 443
100 453
100 1828
100 1102
100 1688
100 642
100 794
100 455
100 1662
100 137
100 126
100 93
100 228
100 1897
100 208
100 1125
100 467
100 303
100 131
100 429
100 960
100 383
100 316
100 1722
100 141
100 1711
100 197
100 569
100 331
100 172
100 465
100 137
100 88
100 668
100 521
100 57
100 539
100 119
100 654
100 745
100 977
100 67
100 621
100 80
100 420
100 452
100 213
100 156
100 1687
100 1429
100 682
100 170
100 350
100 961
100 463
100 52
100 352
100 137
100 283
100 745
100 65
100 288
100 267
100 1617
100 1544
100 663
100 135
100 292
100 1178
100 1197
100 105
100 244
100 737
100 417
100 196
100 39
100 661
100 1452
100 1441
100 24
100 142
100 874
100 438
100 207
100 100
100 112
100 82
100 1209
100 229
100 1865
100 367
100 368
100 468
100 693
100 1704
100 1166
100 207
100 607
100 200
100 36
100 740
100 637
100 1272
100 489
100 1320
100 1269
100 621
100 593
100 188
100 131
100 194
100 287
100 439
100 1735
100 335
100 1452
100 1490
100 657
100 339
100 46
100 422
100 195
100 249
100 714
100 487
100 292
100 545
100 268
100 89
100 1548
100 1062
100 253
100 670
100 1157
100 1222
100 76
100 75
100 53
100 596
100 285
100 311
100 691
100 871
100 1976
100 506
100 1033
100 1065
100 283
100 586
100 214
100 206
100 963
100 542
100 160
100 465
100 1255
100 534
100 208
100 71
100 766
100 366
100 115
100 81
100 264
100 219
100 1128
100 608
100 88
100 2301
100 1819
100 661
100 817
100 159
100 1699
100 736
100 330
100 95
100 758
100 131
100 1918
100 1416
100 6
100 224
100 722
100 391
100 71
100 1388
100 295
100 500
100 262
100 138
100 535
100 540
100 191
100 317
100 16
100 1508
100 839
100 592
100 519
100 602
100 912
100 227
100 73
100 182
100 236
100 2103
100 747
100 347
100 508
100 60
100 18
100 596
100 655
100 651
100 36
100 806
100 54
100 288
100 312
100 436
100 597
100 664
100 1416
100 699
100 183
100 820
100 976
100 897
100 99
100 2432
100 143
100 365
100 120
100 552
100 152
100 35
100 877
100 366
100 1280
100 1900
100 545
100 198
100 1105
100 1343
100 120
100 279
100 83
100 178
100 929
100 636
100 438
100 181
100 330
100 638
100 905
100 1401
100 143
100 1105
100 670
100 217
100 892
100 757
100 0
100 539
100 1146
100 724
100 1243
100 2173
100 803
100 336
100 61
100 370
100 656
100 1865
100 170
100 264
100 392
100 2174
100 19
100 350
100 570
100 180
100 324
100 1190
100 384
100 283
100 742
100 1275
100 978
100 811
100 345
100 1221
100 155
100 78
100 812
100 87
100 630
100 86
100 1481
100 99
100 958
100 543
100 449
100 962
100 151
100 20
100 2
100 442
100 1753
100 748
100 247
100 699
100 675
100 572
100 615
100 346
100 39
100 391
100 1562
100 933
100 379
100 131
100 2555
100 2077
100 472
100 295
100 276
100 898
100 611
100 409
100 1038
100 105
100 345
100 131
100 1277
100 472
100 171
100 197
100 646
100 132
100 767
100 727
100 587
100 136
100 411
100 394
100 272
100 44
100 92
100 1188
100 118
100 999
100 981
100 304
100 417
100 67
100 482
100 584
100 92
100 1343
100 109
100 94
100 1197
100 1629
100 615
100 1330
100 899
100 715
100 477
100 1074
100 628
100 291
100 1117
100 36
100 587
100 467
100 68
100 90
100 132
100 206
100 123
100 2192
100 95
100 388
100 1622
100 110
100 884
100 1371
100 626
100 102
100 723
100 719
100 1659
100 310
100 18
100 4
100 868
100 41
100 493
100 52
100 178
100 160
100 813
100 1649
100 909
100 118
100 61
100 56
100 348
100 216
100 2245
100 297
100 251
100 63
100 307
100 283
100 698
100 110
100 1005
100 105
100 32
100 134
100 234
100 66
100 713
100 287
100 890
100 146
100 907
100 376
100 148
100 777
100 417
100 115
100 122
100 98
100 912
100 359
100 1416
100 339
100 117
100 677
100 190
100 62
100 269
100 1955
100 158
100 306
100 88
100 471
100 189
100 354
100 68
100 957
100 1001
100 331
100 631
100 375
100 1466
100 320
100 364
100 805
100 920
100 491
100 244
100 1473
100 169
100 24
100 660
100 112
100 127
100 22
100 109
100 189
100 24
100 4071
100 957
100 192
100 878
100 256
100 920
100 1424
100 263
100 248
100 922
100 1012
100 44
100 487
100 62
100 20
100 1160
100 1024
100 200
100 362
100 97
100 466
100 17
100 112
100 111
100 448
100 300
100 1011
100 264
100 552
100 93
100 404
100 64
100 692
100 1248
100 382
100 49
100 580
100 455
100 61
100 310
100 2272
100 478
100 539
100 1061
100 17
100 1106
100 645
100 186
100 748
100 149
100 1205
100 495
100 199
100 856
100 1474
100 1663
100 1580
100 293
100 490
100 1459
100 328
100 306
100 19
100 312
100 870
100 862
100 263
100 3865
100 194
100 796
100 79
100 17
100 1
100 162
100 172
100 972
100 1112
100 489
100 46
100 1207
100 846
100 125
100 613
100 286
100 292
100 144
100 1678
100 622
100 831
100 26
100 448
100 1920
100 256
100 494
100 591
100 531
100 1171
100 1125
100 12
100 186
100 897
100 105
100 327
100 510
100 1675
100 221
100 1217
100 1828
100 571
100 715
100 908
100 844
100 482
100 500
100 289
100 667
100 1791
100 192
100 1189
100 241
100 42
100 69
100 564
100 74
100 1445
100 179
100 1144
100 295
100 447
100 78
100 788
100 446
100 681
100 576
100 3
100 611
100 29
100 618
100 624
100 214
100 818
100 44
100 1182
100 1522
100 1282
100 897
100 530
100 1007
100 272
100 903
100 350
100 1088
100 675
100 1769
100 484
100 453
100 314
100 277
100 973
100 66
100 394
100 72
100 893
100 294
100 114
100 156
100 223
100 394
100 351
100 174
100 58
100 321
100 755
100 282
100 785
100 52
100 286
100 494
100 601
100 629
100 661
100 513
100 1357
100 227
100 848
100 474
100 169
100 6
100 2202
100 269
100 604
100 438
100 114
100 626
100 41
100 2227
100 2341
100 1680
100 108
100 77
100 3
100 122
100 412
100 62
100 1142
100 1037
100 196
100 238
100 214
100 427
100 514
100 3
100 202
100 429
100 1668
100 178
100 737
100 25
100 550
100 1261
100 25
100 829
100 184
100 856
100 2049
100 490
100 494
100 94
100 254
100 167
100 75
100 127
100 180
100 210
100 311
100 2114
100 12
100 793
100 960
100 743
100 382
100 2541
100 567
100 1034
100 1471
100 95
100 308
100 536
100 102
100 396
100 28
100 604
100 550
100 502
100 336
100 55
100 816
100 400
100 2527
100 796
100 357
100 178
100 375
100 237
100 54
100 799
100 719
100 805
100 652
100 638
100 543
100 338
100 422
100 290
100 138
100 31
100 390
100 84
100 1001
100 231
100 7
100 888
100 268
100 1690
100 516
100 694
100 846
100 1062
100 41
100 853
100 669
100 81
100 462
100 203
100 546
100 186
100 735
100 262
100 721
100 1267
100 263
100 218
100 820
100 69
100 862
100 187
100 395
100 1016
100 223
100 144
100 266
100 555
100 1512
100 2396
100 330
100 651
100 319
100 300
100 21
100 2097
100 1577
100 989
100 1354
100 238
100 1453
100 1223
100 288
100 455
100 38
100 316
100 8
100 54
100 462
100 26
100 1393
100 1225
100 859
100 551
100 510
100 90
100 11
100 93
100 756
100 510
100 606
100 518
100 629
100 226
100 66
100 2313
100 1099
100 102
100 214
100 650
100 784
100 990
100 537
100 1338
100 13
100 548
100 1204
100 316
100 34
100 89
100 309
100 94
100 752
100 633
100 997
100 840
100 177
100 382
100 1161
100 560
100 1065
100 161
100 222
100 38
100 242
100 623
100 1519
100 149
100 359
100 202
100 247
100 2602
100 58
100 130
100 130
100 124
100 395
100 111
100 1318
100 70
100 42
100 124
100 155
100 185
100 282
100 61
100 846
100 500
100 1154
100 1265
100 248
100 189
100 186
100 282
100 49
100 946
100 982
100 528
100 25
100 152
100 1150
100 35
100 232
100 375
100 959
100 126
100 165
100 139
100 382
100 206
100 358
100 320
100 1521
100 866
100 152
100 273
100 246
100 785
100 61
100 191
100 751
100 804
100 265
100 494
100 279
100 348
100 128
100 35
100 140
100 215
100 53
100 2170
100 1101
100 198
100 495
100 766
100 4
100 99
100 724
100 673
100 162
100 104
100 66
100 9
100 591
100 407
100 682
100 120
100 231
100 2316
100 93
100 272
100 50
100 967
100 304
100 168
100 150
100 487
100 617
100 466
100 56
100 494
100 128
100 401
100 134
100 2455
100 840
100 414
100 784
100 458
100 881
100 399
100 2509
100 169
100 252
100 1344
100 909
100 346
100 504
100 90
100 205
100 151
100 127
100 271
100 13
100 377
100 218
100 2081
100 1028
100 142
100 678
100 34
100 642
100 148
100 788
100 118
100 1659
100 738
100 649
100 284
100 747
100 94
100 995
100 185
100 479
100 77
100 85
100 27
100 222
100 24
100 1104
100 549
100 40
100 9
100 1050
100 203
100 559
100 386
100 13
100 25
100 494
100 769
100 445
100 248
100 193
100 672
100 474
100 837
100 776
100 1264
100 1003
100 180
100 263
100 68
100 599
100 150
100 301
100 1847
100 155
100 834
100 750
100 426
100 624
100 159
100 48
100 744
100 2366
100 855
100 429
100 403
100 300
100 362
100 617
100 976
100 76
100 149
100 43
100 65
100 116
100 848
100 854
100 47
100 406
100 1331
100 721
100 1163
100 49
100 492
100 1660
100 370
100 150
100 2725
100 168
100 428
100 626
100 43
100 739
100 231
100 1894
100 2092
100 1648
100 222
100 1303
100 97
100 4
100 330
100 137
100 1378
100 84
100 74
100 75
100 296
100 1130
100 228
100 446
100 50
100 65
100 136
100 788
100 1420
100 231
100 65
100 13
100 280
100 390
100 351
100 408
100 429
100 21
100 248
100 45
100 34
100 303
100 396
100 5
100 66
100 143
100 109
100 462
100 535
100 77
100 1218
100 124
100 1305
100 28
100 441
100 83
100 479
100 348
100 1338
100 307
100 1592
100 1871
100 145
100 571
100 373
100 606
100 2448
100 319
100 599
100 720
100 655
100 1002
100 414
100 493
100 520
100 1045
100 2320
100 715
100 99
100 161
100 121
100 8
100 26
100 490
100 325
100 574
100 1088
100 316
100 267
100 271
100 301
100 126
100 800
100 161
100 54
100 1546
100 108
100 63
100 709
100 230
100 262
100 699
100 173
100 393
100 355
100 774
100 506
100 712
100 1043
100 1085
100 116
100 340
100 51
100 447
100 186
100 344
100 1151
100 1236
100 570
100 79
100 1999
100 414
100 341
100 152
100 8
100 334
100 860
100 883
100 776
100 1019
100 55
100 1620
100 587
100 786
100 277
100 888
100 1660
100 671
100 1743
100 1353
100 854
100 223
100 1641
100 41
100 149
100 2070
100 183
100 390
100 262
100 928
100 853
100 136
100 1792
100 457
100 93
100 1180
100 174
100 1365
100 1648
100 327
100 477
100 635
100 133
100 26
100 519
100 401
100 652
100 94
100 733
100 1585
100 1038
100 435
100 155
100 1747
100 704
100 652
100 512
100 242
100 2072
100 693
100 1087
100 132
100 283
100 1473
100 1494
100 191
100 177
100 475
100 863
100 1611
100 92
100 34
100 949
100 345
100 269
100 56
100 1146
100 336
100 466
100 1041
100 567
100 191
100 390
100 882
100 108
100 105
100 28
100 1537
100 690
100 1290
100 121
100 273
100 81
100 145
100 54
100 330
100 82
100 807
100 52
100 36
100 252
100 37
100 1883
100 101
100 402
100 97
100 1662
100 1288
100 8
100 1787
100 105
100 1176
100 248
100 502
100 8
100 2435
100 0
100 490
100 122
100 217
100 2090
100 405
100 659
100 388
100 223
100 84
100 2400
100 591
100 1966
100 309
100 797
100 440
100 1614
100 62
100 1101
100 1031
100 282
100 707
100 1033
100 15
100 1447
100 926
100 10
100 3705
100 54
100 454
100 186
100 61
100 1197
100 464
100 673
100 130
100 2350
100 199
100 922
100 230
100 38
100 168
100 1733
100 542
100 921
100 1659
100 253
100 1360
100 611
100 820
100 1235
100 500
100 181
100 235
100 1070
100 60
100 1560
100 517
100 115
100 324
100 125
100 986
100 773
100 548
100 328
100 372
100 1018
100 19
100 444
100 750
100 208
100 209
100 49
100 685
100 233
100 295
100 1624
100 243
100 567
100 350
100 259
100 169
100 1023
100 38
100 113
100 325
100 552
100 316
100 111
100 231
100 781
100 267
100 553
100 717
100 386
100 1667
100 4
100 457
100 748
100 502
100 129
100 1215
100 35
100 21
100 651
100 146
100 20
100 2211
100 163
100 1102
100 419
100 40
100 393
100 78
100 1396
100 396
100 2
100 525
100 129
100 494
100 903
100 140
100 692
100 172
100 269
100 161
100 708
100 269
100 170
100 380
100 996
100 391
100 176
100 539
100 769
100 179
100 1037
100 1100
100 370
100 230
100 53
100 236
100 892
100 944
100 281
100 16
100 571
100 252
100 478
100 447
100 135
100 966
100 44
100 1332
100 27
100 284
100 374
100 189
100 329
100 284
100 216
100 454
100 574
100 298
100 248
100 372
100 2096
100 85
100 418
100 241
100 415
100 443
100 273
100 263
100 890
100 472
100 936
100 31
100 21
100 607
100 376
100 1478
100 801
100 176
100 217
100 19
100 1421
100 364
100 1155
100 469
100 1218
100 1531
100 1578
100 25
100 149
100 452
100 2234
100 492
100 56
100 40
100 729
100 23
100 78
100 267
100 1205
100 538
100 679
100 155
100 211
100 92
100 566
100 495
100 421
100 216
100 266
100 122
100 1861
100 354
100 1045
100 1621
100 946
100 523
100 28
100 788
100 913
100 421
100 1991
100 531
100 225
100 641
100 2018
100 48
100 412
100 472
100 322
100 84
100 918
100 121
100 87
100 1112
100 516
100 347
100 1269
100 231
100 540
100 173
100 144
100 1628
100 438
100 1416
100 430
100 141
100 74
100 320
100 38
100 400
100 727
100 1539
100 1018
100 471
100 168
100 293
100 401
100 298
100 466
100 503
100 430
100 351
100 22
100 153
100 108
100 421
100 200
100 551
100 345
100 232
100 124
100 211
100 223
100 834
100 46
100 2
100 350
100 21
100 890
100 1185
100 304
100 1242
100 391
100 741
100 184
100 657
100 116
100 1646
100 1053
100 1826
100 103
100 538
100 484
100 395
100 672
100 150
100 465
100 1051
100 691
100 101
100 1005
100 261
100 25
100 636
100 87
100 962
100 82
100 470
100 864
100 142
100 11
100 686
100 573
100 403
100 1099
100 2030
100 341
100 97
100 157
100 512
100 377
100 418
100 324
100 378
100 562
100 311
100 168
100 549
100 1560
100 493
100 796
100 0
100 909
100 177
100 459
100 122
100 634
100 648
100 214
100 176
100 725
100 113
100 1095
100 439
100 651
100 425
100 180
100 167
100 1030
100 1548
100 72
100 366
100 1212
100 269
100 1102
100 170
100 274
100 346
100 1125
100 153
100 495
100 212
100 317
100 741
100 1
100 1366
100 1177
100 315
100 213
100 309
100 208
100 331
100 3730
100 97
100 240
100 532
100 185
100 352
100 369
100 473
100 78
100 390
100 199
100 396
100 1808
100 21
100 1046
100 1485
100 537
100 87
100 311
100 523
100 42
100 331
100 1932
100 730
100 819
100 134
100 985
100 1848
100 269
100 254
100 284
100 1447
100 614
100 458
100 582
100 83
100 1015
100 54
100 118
100 380
100 20
100 627
100 179
100 928
100 698
100 582
100 642
100 249
100 453
100 46
100 1679
100 98
100 7
100 472
100 376
100 993
100 1267
100 1226
100 1177
100 974
100 480
100 272
100 694
100 162
100 178
100 281
100 121
100 413
100 1302
100 521
100 95
100 71
100 358
100 398
100 21
100 2310
100 544
100 172
100 2006
100 53
100 129
100 417
100 268
100 175
100 492
100 355
100 648
100 654
100 113
100 25
100 43
100 853
100 74
100 668
100 145
100 205
100 941
100 175
100 781
100 217
100 170
100 207
100 159
100 871
100 1950
100 407
100 153
100 474
100 776
100 36
100 401
100 1575
100 570
100 464
100 1023
100 1142
100 452
100 1603
100 173
100 272
100 1
100 1070
100 465
100 379
100 1797
100 284
100 909
100 849
100 296
100 632
100 136
100 397
100 62
100 62
100 273
100 599
100 1307
100 800
100 100
100 135
100 37
100 286
100 914
100 768
100 1156
100 825
100 496
100 211
100 116
100 397
100 16
100 284
100 426
100 227
100 1098
100 79
100 440
100 747
100 967
100 317
100 1235
100 245
100 361
100 1046
100 329
100 577
100 124
100 216
100 1491
100 649
100 711
100 362
100 1739
100 132
100 91
100 376
100 2967
100 237
100 562
100 137
100 625
100 857
100 664
100 409
100 681
100 8
100 67
100 52
100 415
100 1037
100 855
100 295
100 1398
100 170
100 411
100 1463
100 805
100 683
100 186
100 39
100 18
100 79
100 1326
100 427
100 867
100 22
100 415
100 338
100 632
100 887
100 457
100 937
100 617
100 873
100 187
100 416
100 546
100 120
100 285
100 486
100 503
100 525
100 148
100 301
100 1126
100 595
100 397
100 250
100 662
100 91
100 135
100 34
100 207
100 348
100 391
100 387
100 574
100 178
100 1630
100 293
100 590
100 719
100 7
100 141
100 149
100 311
100 932
100 473
100 43
100 299
100 536
100 293
100 220
100 34
100 1694
100 434
100 516
100 669
100 126
100 20
100 270
100 909
100 92
100 15
100 1445
100 786
100 291
100 192
100 1552
100 257
100 506
100 640
100 208
100 347
100 387
100 1122
100 977
100 38
100 424
100 336
100 329
100 277
100 424
100 1882
100 256
100 109
100 1183
100 596
100 488
100 26
100 131
100 1140
100 579
100 546
100 71
100 36
100 834
100 321
100 136
100 337
100 189
100 2241
100 452
100 726
100 546
100 4
100 951
100 340
100 285
100 359
100 109
100 1188
100 1214
100 1199
100 842
100 1487
100 124
100 492
100 369
100 865
100 344
100 110
100 147
100 836
100 18
100 366
100 921
100 118
100 357
100 281
100 576
100 747
100 183
100 1693
100 1088
100 25
100 169
100 1034
100 880
100 643
100 1319
100 189
100 903
100 532
100 145
100 620
100 448
100 218
100 174
100 844
100 170
100 151
100 466
100 813
100 158
100 404
100 349
100 134
100 19
100 434
100 78
100 812
100 255
100 612
100 381
100 367
100 504
100 559
100 195
100 604
100 497
100 151
100 1627
100 82
100 488
100 1548
100 91
100 644
100 216
100 1249
100 160
100 7
100 1651
100 736
100 280
100 500
100 974
100 734
100 398
100 120
100 263
100 681
100 893
100 561
100 91
100 157
100 905
100 417
100 123
100 1087
100 1145
100 81
100 1072
100 1845
100 428
100 239
100 185
100 36
100 31
100 289
100 823
100 1638
100 274
100 100
100 588
100 194
100 409
100 301
100 82
100 447
100 928
100 157
100 750
100 453
100 445
100 794
100 1418
100 96
100 89
100 1798
100 189
100 715
100 138
100 1391
100 2624
100 102
100 745
100 530
100 954
100 599
100 232
100 565
100 371
100 1419
100 185
100 416
100 92
100 1278
100 46
100 1527
100 128
100 1383
100 376
100 86
100 123
100 187
100 821
100 294
100 164
100 730
100 357
100 408
100 72
100 881
100 276
100 210
100 830
100 502
100 183
100 55
100 122
100 278
100 268
100 586
100 259
100 706
100 922
100 131
100 154
100 704
100 1318
100 5014
100 84
100 617
100 864
100 1444
100 554
100 325
100 87
100 169
100 563
100 982
100 3297
100 135
100 1551
100 333
100 1078
100 314
100 891
100 180
100 377
100 648
100 1789
100 285
100 99
100 568
100 447
100 224
100 454
100 440
100 88
100 1967
100 743
100 501
100 1343
100 414
100 545
100 51
100 616
100 10
100 2226
100 503
100 233
100 522
100 282
100 1125
100 548
100 297
100 1811
100 27
100 252
100 327
100 1199
100 644
100 1191
100 173
100 757
100 537
100 188
100 25
100 2581
100 47
100 56
100 285
100 2944
100 379
100 368
100 235
100 54
100 252
100 1368
100 1316
100 481
100 170
100 463
100 748
100 137
100 67
100 965
100 1446
100 80
100 179
100 10
100 38
100 762
100 72
100 1004
100 590
100 1877
100 906
100 32
100 14
100 1586
100 145
100 1656
100 653
100 279
100 1024
100 415
100 61
100 4
100 443
100 198
100 113
100 156
100 130
100 873
100 651
100 344
100 616
100 41
100 748
100 1660
100 42
100 1465
100 439
100 516
100 798
100 1010
100 30
100 64
100 635
100 2830
100 207
100 369
100 350
100 189
100 52
100 1597
100 552
100 774
100 45
100 743
100 265
100 23
100 155
100 1246
100 190
100 37
100 545
100 430
100 969
100 39
100 642
100 281
100 8
100 34
100 236
100 487
100 908
100 359
100 79
100 443
100 317
100 459
100 310
100 355
100 220
100 1411
100 736
100 1789
100 776
100 137
100 4
100 262
100 565
100 113
100 97
100 541
100 9
100 61
100 20
100 376
100 376
100 67
100 431
100 316
100 1320
100 973
100 120
100 452
100 400
100 706
100 525
100 1126
100 1131
100 138
100 437
100 679
100 1137
100 52
100 119
100 538
100 1535
100 2780
100 619
100 696
100 289
100 1595
100 219
100 1437
100 965
100 488
100 1003
100 85
100 6
100 1031
100 77
100 1296
100 574
100 545
100 756
100 112
100 414
100 105
100 872
100 47
100 297
100 912
100 381
100 35
100 75
100 451
100 212
100 112
100 1778
100 8
100 241
100 1462
100 557
100 280
100 646
100 1263
100 237
100 71
100 1386
100 1075
100 316
100 442
100 1113
100 249
100 1429
100 1503
100 1340
100 132
100 2909
100 1154
100 388
100 241
100 272
100 39
100 755
100 935
100 165
100 884
100 2690
100 157
100 1177
100 470
100 286
100 112
100 1484
100 733
100 69
100 622
100 192
100 883
100 1012
100 1888
100 491
100 1494
100 603
100 220
100 301
100 130
100 1
100 589
100 11
100 78
100 584
100 27
100 679
100 522
100 958
100 11
100 658
100 1868
100 324
100 455
100 375
100 121
100 1398
100 1692
100 121
100 280
100 195
100 470
100 121
100 870
100 56
100 21
100 387
100 491
100 445
100 771
100 170
100 240
100 172
100 426
100 405
100 1267
100 37
100 288
100 504
100 1390
100 1064
100 206
100 396
100 3
100 539
100 1268
100 267
100 453
100 586
100 1022
100 298
100 107
100 1692
100 48
100 1071
100 150
100 174
100 424
100 618
100 215
100 128
100 17
100 627
100 552
100 12
100 1694
100 339
100 1366
100 348
100 1005
100 884
100 7
100 113
100 148
100 48
100 290
100 116
100 451
100 1084
100 145
100 1060
100 301
100 33
100 1070
100 139
100 1020
100 710
100 653
100 1881
100 69
100 435
100 745
100 16
100 95
100 341
100 38
100 1288
100 195
100 306
100 274
100 186
100 20
100 634
100 169
100 644
100 326
100 148
100 364
100 43
100 363
100 1574
100 397
100 96
100 570
100 1200
100 26
100 853
100 225
100 654
100 177
100 1906
100 37
100 60
100 1106
100 2464
100 443
100 1091
100 498
100 222
100 132
100 47
100 372
100 41
100 769
100 109
100 385
100 90
100 563
100 103
100 2149
100 942
100 151
100 621
100 415
100 99
100 43
100 1713
100 524
100 605
100 881
100 609
100 474
100 313
100 271
100 1140
100 1506
100 1061
100 825
100 1896
100 720
100 45
100 284
100 323
100 472
100 128
100 850
100 33
100 7
100 1542
100 156
100 151
100 143
100 63
100 8
100 608
100 294
100 2065
100 396
100 797
100 487
100 103
100 1885
100 330
100 236
100 55
100 194
100 314
100 173
100 118
100 334
100 209
100 531
100 188
100 1703
100 1393
100 2487
100 356
100 449
100 613
100 689
100 2
100 67
100 692
100 553
100 926
100 62
100 2394
100 413
100 792
100 1523
100 350
100 444
100 288
100 1952
100 911
100 21
100 64
100 1148
100 1
100 12
100 997
100 233
100 374
100 304
100 189
100 612
100 608
100 380
100 370
100 67
100 450
100 171
100 65
100 1260
100 629
100 806
100 94
100 2284
100 182
100 684
100 834
100 98
100 47
100 134
100 148
100 449
100 867
100 570
100 78
100 406
100 191
100 627
100 410
100 2345
100 100
100 355
100 285
100 11
100 46
100 1220
100 302
100 165
100 1709
100 350
100 2612
100 2404
100 29
100 127
100 290
100 680
100 359
100 467
100 425
100 12
100 445
100 254
100 113
100 316
100 58
100 1662
100 177
100 1237
100 2306
100 21
100 452
100 493
100 315
100 1835
100 846
100 450
100 401
100 676
100 5
100 863
100 724
100 37
100 1632
100 272
100 625
100 56
100 95
100 276
100 758
100 59
100 1123
100 82
100 341
100 746
100 1588
100 460
100 296
100 474
100 476
100 438
100 1282
100 1186
100 975
100 120
100 323
100 214
100 195
100 414
100 1147
100 741
100 525
100 1202
100 1940
100 453
100 332
100 303
100 1217
100 1042
100 584
100 8
100 152
100 1503
100 193
100 216
100 618
100 577
100 373
100 823
100 513
100 59
100 227
100 2618
100 88
100 276
100 281
100 205
100 637
100 885
100 469
100 724
100 289
100 161
100 506
100 0
100 1284
100 722
100 644
100 1873
100 2252
100 577
100 170
100 1532
100 407
100 78
100 1416
100 996
100 490
100 262
100 103
100 879
100 198
100 1385
100 377
100 1797
100 117
100 1907
100 282
100 198
100 760
100 307
100 10
100 1721
100 1031
100 57
100 275
100 90
100 123
100 573
100 509
100 39
100 2305
100 1116
100 409
100 684
100 447
100 592
100 1883
100 787
100 3682
100 208
100 810
100 338
100 941
100 458
100 1478
100 216
100 245
100 1273
100 1476
100 45
100 123
100 54
100 82
100 173
100 437
100 1238
100 311
100 912
100 339
100 575
100 388
100 839
100 134
100 175
100 162
100 1280
100 57
100 1021
100 1901
100 16
100 275
100 18
100 443
100 123
100 1126
100 214
100 1036
100 125
100 386
100 370
100 344
100 488
100 1696
100 1763
100 391
100 3041
100 43
100 401
100 442
100 312
100 438
100 742
100 1011
100 1223
100 91
100 354
100 841
100 1315
100 328
100 87
100 927
100 170
100 661
100 1038
100 65
100 582
100 1148
100 675
100 185
100 1905
100 174
100 684
100 731
100 1322
100 444
100 478
100 304
100 597
100 372
100 1305
100 521
100 1141
100 36
100 1626
100 173
100 2725
100 1997
100 12
100 148
100 252
100 239
100 607
100 96
100 195
100 1456
100 58
100 106
100 786
100 312
100 104
100 854
100 318
100 46
100 225
100 430
100 444
100 295
100 143
100 240
100 108
100 441
100 32
100 196
100 6
100 1258
100 1059
100 1216
100 1445
100 855
100 391
100 112
100 165
100 112
100 503
100 737
100 1785
100 305
100 756
100 605
100 90
100 122
100 523
100 1885
100 130
100 177
100 2066
100 581
100 319
100 770
100 739
100 437
100 424
100 521
100 386
100 1420
100 713
100 1190
100 12
100 1594
100 322
100 666
100 74
100 279
100 148
100 203
100 853
100 490
100 756
100 121
100 235
100 251
100 265
100 429
100 36
100 136
100 1078
100 594
100 603
100 267
100 543
100 491
100 595
100 879
100 991
100 744
100 431
100 15
100 461
100 578
100 48
100 262
100 241
100 373
100 756
100 252
100 115
100 192
100 83
100 141
100 1827
100 1184
100 177
100 1848
100 497
100 797
100 228
100 2328
100 365
100 65
100 379
100 436
100 338
100 86
100 385
100 1623
100 120
100 133
100 500
100 22
100 395
100 1008
100 1276
100 22
100 878
100 220
100 880
100 59
100 215
100 334
100 821
100 176
100 34
100 883
100 830
100 432
100 776
100 1415
100 686
100 792
100 197
100 53
100 658
100 265
100 1829
100 274
100 194
100 743
100 229
100 811
100 105
100 35
100 81
100 434
100 187
100 27
100 19
100 373
100 416
100 207
100 1235
100 6
100 15
100 1383
100 3623
100 111
100 325
100 74
100 596
100 11
100 200
100 808
100 351
100 526
100 677
100 576
100 835
100 1731
100 158
100 251
100 345
100 231
100 745
100 920
100 540
100 573
100 171
100 42
100 354
100 662
100 228
100 20
100 45
100 219
100 1349
100 465
100 449
100 1404
100 825
100 491
100 1293
100 1885
100 71
100 369
100 164
100 194
100 210
100 1853
100 752
100 182
100 800
100 509
100 17
100 96
100 734
100 262
100 1647
100 15
100 88
100 227
100 1145
100 56
100 1100
100 2429
100 749
100 298
100 2513
100 667
100 440
100 172
100 1575
100 365
100 894
100 247
100 196
100 814
100 279
100 632
100 1733
100 386
100 146
100 249
100 287
100 414
100 136
100 1412
100 1343
100 653
100 373
100 92
100 1490
100 8
100 262
100 801
100 354
100 1328
100 201
100 14
100 120
100 227
100 147
100 626
100 491
100 243
100 219
100 1639
100 488
100 88
100 874
100 269
100 437
100 531
100 1150
100 235
100 1159
100 1440
100 128
100 499
100 160
100 109
100 235
100 468
100 43
100 470
100 369
100 1679
100 863
100 518
100 458
100 62
100 752
100 127
100 195
100 324
100 249
100 365
100 248
100 98
100 1022
100 513
100 441
100 1039
100 602
100 2563
100 18
100 156
100 1110
100 1327
100 670
100 658
100 1640
100 1347
100 20
100 338
100 583
100 1579
100 1094
100 64
100 228
100 221
100 99
100 68
100 366
100 569
100 335
100 510
100 530
100 75
100 254
100 185
100 225
100 1290
100 347
100 518
100 4
100 258
100 38
100 2665
100 575
100 44
100 31
100 2107
100 0
100 90
100 415
100 64
100 176
100 624
100 29
100 712
100 60
100 387
100 435
100 1596
100 310
100 269
100 401
100 845
100 683
100 306
100 52
100 1112
100 37
100 36
100 470
100 538
100 130
100 814
100 477
100 469
100 156
100 722
100 719
100 554
100 830
100 485
100 1148
100 1009
100 352
100 11
100 604
100 75
100 695
100 251
100 680
100 48
100 1284
100 1768
100 654
100 857
100 492
100 734
100 430
100 261
100 419
100 252
100 301
100 731
100 128
100 119
100 48
100 1011
100 110
100 1639
100 31
100 171
100 467
100 102
100 437
100 3729
100 400
100 572
100 190
100 100
100 737
100 379
100 352
100 226
100 213
100 36
100 374
100 100
100 487
100 1415
100 292
100 37
100 855
100 98
100 360
100 154
100 826
100 198
100 1355
100 614
100 267
100 1613
100 943
100 2603
100 747
100 788
100 682
100 20
100 2112
100 1280
100 373
100 719
100 962
100 178
100 639
100 183
100 483
100 405
100 117
100 1525
100 392
100 50
100 174
100 353
100 450
100 112
100 197
100 475
100 455
100 253
100 597
100 203
100 819
100 3
100 1093
100 1080
100 446
100 565
100 258
100 204
100 446
100 41
100 695
100 1139
100 975
100 295
100 745
100 1922
100 41
100 927
100 1116
100 183
100 118
100 594
100 663
100 521
100 126
100 1373
100 466
100 442
100 1820
100 61
100 41
100 519
100 163
100 758
100 832
100 483
100 336
100 73
100 1633
100 240
100 648
100 210
100 210
100 348
100 1361
100 1080
100 907
100 470
100 2034
100 525
100 2431
100 54
100 48
100 640
100 1364
100 1620
100 180
100 726
100 904
100 574
100 679
100 76
100 1670
100 386
100 1198
100 1307
100 838
100 972
100 792
100 185
100 267
100 403
100 1145
100 1466
100 127
100 138
100 329
100 1107
100 696
100 1066
100 133
100 886
100 599
100 252
100 1322
100 752
100 499
100 468
100 415
100 738
100 2002
100 239
100 10
100 737
100 335
100 939
100 71
100 461
100 425
100 593
100 408
100 613
100 253
100 791
100 235
100 2174
100 339
100 190
100 1470
100 276
100 36
100 435
100 495
100 591
100 792
100 34
100 380
100 240
100 187
100 1455
100 192
100 791
100 181
100 767
100 396
100 317
100 294
100 504
100 1314
100 623
100 1097
100 58
100 101
100 88
100 100
100 130
100 901
100 67
100 69
100 109
100 282
100 915
100 510
100 142
100 71
100 47
100 427
100 1004
100 263
100 553
100 645
100 64
100 92
100 128
100 1493
100 1311
100 2016
100 1404
100 939
100 229
100 15
100 646
100 394
100 155
100 122
100 344
100 51
100 402
100 1164
100 169
100 438
100 608
100 390
100 546
100 34
100 80
100 255
100 584
100 225
100 673
100 787
100 636
100 25
100 1239
100 3010
100 366
100 176
100 22
100 78
100 1208
100 369
100 13
100 241
100 1116
100 142
100 128
100 243
100 7
100 757
100 810
100 736
100 355
100 127
100 139
100 543
100 1241
100 248
100 509
100 576
100 1337
100 176
100 277
100 1390
100 105
100 990
100 774
100 408
100 180
100 812
100 283
100 328
100 133
100 675
100 1907
100 353
100 420
100 146
100 1363
100 45
100 452
100 326
100 2704
100 893
100 760
100 30
100 42
100 225
100 328
100 307
100 821
100 454
100 89
100 1096
100 368
100 538
100 76
100 1122
100 1082
100 54
100 720
100 13
100 20
100 410
100 169
100 1395
100 320
100 530
100 448
100 354
100 595
100 1778
100 675
100 798
100 625
100 240
100 271
100 827
100 185
100 1417
100 818
100 929
100 1079
100 622
100 126
100 112
100 122
100 1024
100 212
100 264
100 78
100 428
100 137
100 788
100 303
100 699
100 115
100 67
100 943
100 171
100 4
100 463
100 79
100 389
100 2664
100 121
100 398
100 523
100 157
100 648
100 236
100 281
100 168
100 178
100 727
100 383
100 46
100 351
100 849
100 376
100 345
100 651
100 164
100 43
100 910
100 1895
100 645
100 570
100 435
100 454
100 340
100 777
100 213
100 601
100 73
100 1356
100 864
100 24
100 199
100 21
100 1748
100 415
100 255
100 142
100 338
100 926
100 635
100 2
100 253
100 1212
100 125
100 82
100 164
100 492
100 1162
100 366
100 171
100 771
100 2225
100 483
100 1014
100 289
100 589
100 974
100 467
100 159
100 1806
100 142
100 187
100 516
100 44
100 1316
100 791
100 2082
100 885
100 986
100 374
100 134
100 359
100 298
100 184
100 17
100 2648
100 87
100 1150
100 783
100 51
100 690
100 13
100 0
100 410
100 792
100 874
100 1576
100 382
100 331
100 197
100 489
100 122
100 80
100 170
100 755
100 585
100 868
100 1320
100 194
100 163
100 311
100 68
100 566
100 178
100 116
100 207
100 1153
100 38
100 186
100 417
100 376
100 46
100 158
100 1194
100 1797
100 4339
100 499
100 367
100 235
100 601
100 1433
100 848
100 1789
100 235
100 246
100 595
100 164
100 261
100 1021
100 143
100 755
100 89
100 422
100 223
100 768
100 641
100 144
100 188
100 1193
100 408
100 267
100 468
100 1640
100 152
100 1201
100 284
100 157
100 286
100 400
100 491
100 1525
100 503
100 1167
100 854
100 1763
100 683
100 72
100 781
100 446
100 257
100 319
100 1029
100 36
100 266
100 403
100 96
100 30
100 1392
100 84
100 418
100 946
100 670
100 351
100 1435
100 621
100 256
100 2408
100 1589
100 712
100 211
100 51
100 356
100 1323
100 214
100 233
100 138
100 188
100 69
100 343
100 19
100 309
100 468
100 555
100 1045
100 23
100 600
100 397
100 140
100 244
100 76
100 483
100 527
100 1168
100 47
100 382
100 638
100 284
100 1353
100 522
100 1042
100 129
100 160
100 20
100 830
100 1831
100 862
100 837
100 952
100 174
100 430
100 14
100 242
100 913
100 1103
100 432
100 469
100 1159
100 2323
100 1256
100 494
100 184
100 412
100 1193
100 3255
100 615
100 205
100 703
100 46
100 532
100 585
100 479
100 155
100 1179
100 1040
100 1007
100 713
100 707
100 481
100 317
100 706
100 21
100 2700
100 1383
100 377
100 291
100 126
100 99
100 302
100 514
100 689
100 734
100 2308
100 674
100 396
100 169
100 1071
100 31
100 621
100 513
100 855
100 1996
100 0
100 191
100 193
100 135
100 58
100 3733
100 643
100 554
100 290
100 16
100 139
100 703
100 862
100 262
100 880
100 6
100 77
100 889
100 152
100 1435
100 48
100 803
100 17
100 266
100 60
100 1161
100 387
100 79
100 1789
100 1213
100 60
100 295
100 175
100 322
100 299
100 134
100 374
100 126
100 603
100 639
100 90
100 3011
100 36
100 1000
100 1068
100 83
100 26
100 1375
100 83
100 907
100 119
100 206
100 408
100 47
100 48
100 698
100 127
100 265
100 1150
100 641
100 790
100 580
100 654
100 134
100 1618
100 163
100 597
100 1998
100 288
100 501
100 60
100 110
100 333
100 638
100 6
100 763
100 538
100 133
100 212
100 1058
100 271
100 483
100 3294
100 741
100 178
100 774
100 1137
100 1078
100 201
100 1112
100 1098
100 2360
100 969
100 310
100 283
100 85
100 41
100 647
100 597
100 1081
100 2140
100 527
100 113
100 337
100 103
100 39
100 388
100 2887
100 862
100 65
100 710
100 255
100 518
100 447
100 876
100 989
100 820
100 9
100 306
100 520
100 122
100 749
100 79
100 216
100 26
100 82
100 2195
100 80
100 391
100 555
100 587
100 808
100 192
100 36
100 779
100 166
100 379
100 916
100 1380
100 835
100 2246
100 278
100 92
100 179
100 263
100 0
100 136
100 61
100 2362
100 343
100 380
100 191
100 14
100 278
100 54
100 987
100 66
100 147
100 3521
100 1794
100 0
100 25
100 157
100 476
100 94
100 1063
100 1803
100 193
100 337
100 749
100 244
100 176
100 99
100 918
100 985
100 493
100 612
100 117
100 195
100 267
100 278
100 318
100 1234
100 458
100 322
100 449
100 177
100 1325
100 231
100 122
100 340
100 99
100 191
100 18
100 856
100 2080
100 914
100 92
100 407
100 1282
100 71
100 763
100 289
100 610
100 745
100 297
100 1001
100 368
100 71
100 566
100 175
100 1471
100 244
100 19
100 186
100 449
100 209
100 562
100 875
100 167
100 135
100 1768
100 225
100 679
100 104
100 93
100 292
100 175
100 1028
100 1227
100 848
100 116
100 515
100 251
100 701
100 996
100 578
100 453
100 78
100 208
100 1066
100 222
100 60
100 174
100 736
100 256
100 2025
100 684
100 1364
100 708
100 117
100 440
100 274
100 1357
100 160
100 1090
100 423
100 1003
100 2104
100 636
100 881
100 584
100 177
100 64
100 215
100 461
100 35
100 632
100 819
100 299
100 129
100 93
100 58
100 176
100 316
100 312
100 165
100 308
100 902
100 1996
100 513
100 445
100 98
100 117
100 297
100 1562
100 1826
100 312
100 31
100 1001
100 242
100 367
100 1315
100 1055
100 756
100 98
100 483
100 536
100 335
100 815
100 124
100 1400
100 67
100 383
100 73
100 414
100 86
100 44
100 1736
100 391
100 438
100 47
100 454
100 191
100 182
100 641
100 181
100 63
100 410
100 575
100 451
100 187
100 1383
100 151
100 1430
100 347
100 51
100 1802
100 511
100 75
100 93
100 87
100 281
100 677
100 20
100 363
100 669
100 146
100 2095
100 1139
100 642
100 1920
100 75
100 2418
100 472
100 118
100 18
100 163
100 40
100 1
100 16
100 739
100 668
100 145
100 2216
100 426
100 490
100 581
100 894
100 457
100 545
100 927
100 675
100 700
100 1797
100 543
100 306
100 440
100 60
100 78
100 9
100 1585
100 913
100 298
100 555
100 187
100 565
100 1060
100 1357
100 874
100 117
100 104
100 170
100 1077
100 393
100 358
100 134
100 287
100 565
100 273
100 1263
100 20
100 23
100 1046
100 2035
100 1402
100 26
100 179
100 31
100 810
100 1130
100 484
100 373
100 255
100 225
100 46
100 129
100 701
100 456
100 158
100 1419
100 1534
100 343
100 753
100 899
100 315
100 575
100 26
100 367
100 344
100 483
100 658
100 944
100 4963
100 778
100 397
100 818
100 549
100 246
100 109
100 1759
100 150
100 111
100 826
100 4
100 520
100 490
100 1288
100 702
100 265
100 732
100 32
100 1287
100 347
100 27
100 640
100 624
100 5
100 172
100 648
100 600
100 747
100 1493
100 917
100 581
100 72
100 178
100 1341
100 72
100 989
100 617
100 8
100 66
100 309
100 183
100 734
100 207
100 80
100 15
100 276
100 277
100 757
100 233
100 113
100 256
100 113
100 471
100 755
100 1161
100 269
100 1176
100 496
100 1082
100 377
100 705
100 418
100 4122
100 656
100 189
100 31
100 533
100 182
100 118
100 393
100 330
100 267
100 49
100 247
100 777
100 842
100 565
100 541
100 2699
100 1401
100 784
100 661
100 480
100 162
100 419
100 59
100 1460
100 477
100 2272
100 1234
100 4
100 524
100 921
100 1020
100 764
100 942
100 55
100 297
100 91
100 10
100 534
100 59
100 531
100 1184
100 446
100 311
100 1530
100 1108
100 165
100 416
100 16
100 1722
100 305
100 384
100 685
100 336
100 301
100 173
100 3
100 253
100 1734
100 429
100 1783
100 166
100 758
100 477
100 842
100 808
100 6
100 1025
100 1295
100 2619
100 294
100 711
100 1292
100 1152
100 795
100 211
100 98
100 5
100 3
100 544
100 812
100 550
100 445
100 244
100 2766
100 1414
100 43
100 498
100 879
100 246
100 124
100 228
100 572
100 297
100 527
100 56
100 246
100 11
100 59
100 1650
100 1545
100 574
100 64
100 237
100 438
100 188
100 103
100 61
100 5
100 29
100 818
100 1879
100 1567
100 501
100 16
100 2292
100 182
100 81
100 1601
100 1004
100 460
100 950
100 149
100 693
100 2295
100 462
100 296
100 1145
100 270
100 536
100 37
100 1266
100 145
100 1029
100 3718
100 26
100 2070
100 351
100 167
100 13
100 546
100 230
100 917
100 530
100 209
100 708
100 159
100 71
100 956
100 193
100 1647
100 110
100 1048
100 1862
100 1022
100 159
100 348
100 585
100 485
100 600
100 1280
100 94
100 30
100 167
100 1564
100 60
100 406
100 480
100 1599
100 12
100 254
100 223
100 374
100 934
100 420
100 443
100 503
100 184
100 99
100 520
100 821
100 431
100 15
100 1887
100 305
100 66
100 147
100 126
100 901
100 661
100 271
100 1715
100 1872
100 1056
100 91
100 276
100 201
100 218
100 950
100 606
100 13
100 142
100 215
100 1134
100 85
100 438
100 483
100 44
100 691
100 78
100 164
100 191
100 120
100 765
100 2222
100 191
100 61
100 961
100 472
100 350
100 968
100 848
100 1611
100 112
100 615
100 715
100 207
100 236
100 31
100 311
100 851
100 57
100 29
100 52
100 74
100 463
100 681
100 535
100 560
100 143
100 996
100 109
100 518
100 419
100 976
100 93
100 211
100 64
100 464
100 186
100 1558
100 431
100 713
100 263
100 1382
100 399
100 77
100 1149
100 303
100 1703
100 1479
100 230
100 3491
100 1319
100 38
100 99
100 12
100 688
100 190
100 477
100 627
100 19
100 445
100 15
100 12
100 977
100 1293
100 461
100 646
100 120
100 512
100 194
100 158
100 921
100 304
100 853
100 1169
100 733
100 513
100 588
100 890
100 228
100 120
100 98
100 566
100 565
100 545
100 148
100 1308
100 317
100 198
100 864
100 2324
100 44
100 97
100 297
100 444
100 52
100 658
100 252
100 1864
100 268
100 1195
100 943
100 196
100 1456
100 31
100 1007
100 692
100 285
100 768
100 5
100 364
100 542
100 785
100 562
100 223
100 314
100 598
100 327
100 309
100 645
100 194
100 312
100 18
100 1491
100 211
100 948
100 937
100 1729
100 123
100 204
100 730
100 102
100 42
100 906
100 457
100 291
100 1035
100 170
100 296
100 10
100 874
100 52
100 544
100 108
100 65
100 1407
100 68
100 96
100 655
100 283
100 323
100 1217
100 381
100 304
100 981
100 894
100 285
100 276
100 634
100 1439
100 197
100 79
100 11
100 972
100 1496
100 255
100 100
100 217
100 530
100 425
100 37
100 904
100 471
100 151
100 583
100 359
100 785
100 380
100 484
100 442
100 1420
100 2436
100 1319
100 218
100 404
100 736
100 95
100 359
100 446
100 160
100 388
100 916
100 492
100 198
100 140
100 50
100 514
100 271
100 79
100 616
100 599
100 844
100 897
100 187
100 151
100 681
100 671
100 533
100 370
100 107
100 33
100 352
100 580
100 1730
100 832
100 231
100 834
100 645
100 163
100 112
100 89
100 254
100 204
100 1758
100 1038
100 770
100 208
100 167
100 449
100 610
100 727
100 449
100 254
100 1095
100 718
100 1009
100 697
100 864
100 6
100 588
100 447
100 171
100 49
100 937
100 253
100 499
100 1225
100 1199
100 268
100 550
100 117
100 930
100 441
100 600
100 539
100 944
100 97
100 304
100 449
100 716
100 52
100 414
100 887
100 109
100 1378
100 94
100 3836
100 169
100 2115
100 1419
100 1530
100 1753
100 379
100 159
100 556
100 803
100 74
100 408
100 149
100 236
100 0
100 186
100 359
100 575
100 103
100 175
100 768
100 741
100 624
100 151
100 64
100 265
100 721
100 646
100 198
100 699
100 156
100 629
100 132
100 305
100 1640
100 1207
100 159
100 470
100 88
100 201
100 1023
100 406
100 1046
100 241
100 569
100 6
100 585
100 854
100 40
100 146
100 538
100 760
100 367
100 209
100 54
100 119
100 54
100 122
100 679
100 563
100 745
100 866
100 815
100 116
100 410
100 1295
100 231
100 3324
100 2035
100 328
100 806
100 1208
100 160
100 92
100 166
100 864
100 1561
100 653
100 164
100 240
100 149
100 2125
100 602
100 1042
100 723
100 914
100 707
100 224
100 90
100 978
100 664
100 275
100 348
100 274
100 179
100 441
100 1262
100 1440
100 330
100 1729
100 412
100 200
100 859
100 323
100 1284
100 117
100 866
100 1177
100 1469
100 785
100 1421
100 357
100 1001
100 413
100 45
100 59
100 208
100 878
100 96
100 1026
100 1511
100 298
100 1411
100 354
100 20
100 799
100 862
100 161
100 462
100 47
100 367
100 129
100 585
100 376
100 1644
100 2
100 165
100 40
100 847
100 367
100 1060
100 162
100 1581
100 153
100 2
100 119
100 434
100 831
100 334
100 333
100 146
100 696
100 35
100 400
100 659
100 633
100 726
100 811
100 66
100 235
100 966
100 144
100 680
100 463
100 679
100 7
100 334
100 746
100 38
100 287
100 542
100 39
100 963
100 76
100 1516
100 303
100 793
100 404
100 764
100 2434
100 9
100 743
100 166
100 224
100 280
100 265
100 248
100 689
100 2865
100 256
100 1122
100 1528
100 80
100 16
100 842
100 1
100 719
100 283
100 412
100 92
100 658
100 156
100 765
100 496
100 347
100 1551
100 42
100 19
100 274
100 24
100 738
100 848
100 2112
100 598
100 466
100 2176
100 708
100 2047
100 1332
100 115
100 151
100 1213
100 1578
100 18
100 1544
100 531
100 299
100 399
100 626
100 181
100 165
100 168
100 48
100 2420
100 580
100 172
100 1294
100 198
100 556
100 250
100 71
100 34
100 317
100 783
100 320
100 15
100 131
100 896
100 25
100 134
100 323
100 32
100 241
100 76
100 815
100 352
100 1157
100 326
100 357
100 589
100 420
100 643
100 841
100 90
100 1727
100 66
100 1184
100 775
100 756
100 359
100 205
100 987
100 387
100 846
100 964
100 1163
100 49
100 332
100 11
100 826
100 266
100 146
100 679
100 55
100 317
100 560
100 436
100 635
100 484
100 1257
100 234
100 476
100 52
100 832
100 418
100 239
100 1496
100 392
100 32
100 91
100 955
100 1152
100 133
100 1107
100 161
100 1223
100 361
100 876
100 311
100 605
100 526
100 3375
100 18
100 1161
100 250
100 624
100 253
100 134
100 992
100 13
100 2244
100 77
100 380
100 247
100 98
100 297
100 2488
100 230
100 663
100 241
100 188
100 1826
100 623
100 346
100 600
100 2919
100 897
100 1101
100 1160
100 228
100 602
100 97
100 1378
100 153
100 175
100 1
100 652
100 6
100 742
100 404
100 842
100 186
100 464
100 64
100 1579
100 1975
100 504
100 507
100 499
100 329
100 346
100 428
100 1331
100 158
100 1687
100 71
100 17
100 526
100 1143
100 6
100 281
100 2
100 81
100 760
100 157
100 125
100 291
100 161
100 183
100 321
100 53
100 640
100 18
100 155
100 415
100 1017
100 1079
100 480
100 359
100 82
100 813
100 104
100 1383
100 655
100 427
100 216
100 209
100 301
100 1006
100 242
100 1409
100 606
100 67
100 954
100 433
100 112
100 865
100 560
100 53
100 84
100 887
100 574
100 39
100 279
100 76
100 798
100 19
100 97
100 184
100 713
100 235
100 489
100 87
100 206
100 847
100 538
100 689
100 384
100 1333
100 1219
100 725
100 683
100 815
100 203
100 286
100 498
100 120
100 776
100 851
100 482
100 1545
100 776
100 94
100 358
100 2085
100 697
100 2613
100 170
100 2147
100 544
100 389
100 1120
100 49
100 208
100 1026
100 351
100 1029
100 33
100 14
100 527
100 26
100 795
100 843
100 54
100 265
100 1278
100 490
100 362
100 708
100 598
100 344
100 1364
100 402
100 355
100 1364
100 477
100 151
100 1610
100 81
100 822
100 467
100 22
100 1270
100 691
100 199
100 117
100 14
100 8
100 564
100 79
100 66
100 132
100 286
100 280
100 928
100 324
100 600
100 306
100 32
100 1600
100 1038
100 1022
100 452
100 823
100 315
100 1380
100 5
100 16
100 1261
100 298
100 1453
100 1048
100 256
100 16
100 594
100 257
100 2
100 687
100 289
100 11
100 805
100 910
100 1250
100 1161
100 364
100 1179
100 135
100 1136
100 1854
100 744
100 331
100 1035
100 805
100 47
100 1158
100 386
100 704
100 2253
100 1142
100 264
100 133
100 618
100 839
100 151
100 572
100 642
100 23
100 90
100 304
100 951
100 292
100 593
100 1231
100 491
100 330
100 91
100 759
100 20
100 320
100 48
100 4
100 990
100 57
100 252
100 939
100 173
100 1285
100 167
100 546
100 349
100 188
100 353
100 1127
100 3316
100 115
100 614
100 178
100 355
100 2690
100 1429
100 1110
100 406
100 248
100 1806
100 281
100 935
100 669
100 467
100 7
100 453
100 40
100 781
100 1125
100 59
100 1411
100 62
100 233
100 367
100 1366
100 1607
100 137
100 588
100 30
100 2300
100 501
100 653
100 855
100 1616
100 250
100 811
100 652
100 415
100 834
100 2708
100 662
100 555
100 72
100 424
100 15
100 823
100 541
100 436
100 683
100 1597
100 45
100 793
100 405
100 228
100 632
100 123
100 331
100 1197
100 575
100 37
100 154
100 215
100 752
100 744
100 1406
100 550
100 2622
100 1046
100 1974
100 158
100 1706
100 529
100 3
100 1421
100 201
100 870
100 1770
100 287
100 732
100 253
100 116
100 195
100 800
100 1560
100 71
100 180
100 748
100 400
100 442
100 406
100 1782
100 3202
100 295
100 5
100 116
100 28
100 231
100 746
100 270
100 629
100 778
100 581
100 137
100 346
100 231
100 177
100 261
100 3038
100 659
100 67
100 785
100 398
100 691
100 797
100 74
100 38
100 738
100 179
100 253
100 130
100 490
100 706
100 34
100 363
100 370
100 1641
100 219
100 743
100 315
100 588
100 1120
100 504
100 200
100 955
100 363
100 815
100 299
100 557
100 1027
100 267
100 50
100 1467
100 1144
100 142
100 635
100 686
100 5083
100 3193
100 740
100 83
100 262
100 200
100 219
100 213
100 91
100 48
100 988
100 118
100 94
100 1005
100 815
100 322
100 653
100 1130
100 665
100 954
100 296
100 879
100 962
100 646
100 515
100 139
100 669
100 736
100 641
100 525
100 235
100 341
100 402
100 93
100 548
100 418
100 727
100 871
100 98
100 1146
100 790
100 144
100 446
100 385
100 328
100 1060
100 77
100 604
100 60
100 314
100 774
100 554
100 553
100 249
100 512
100 283
100 650
100 870
100 145
100 404
100 541
100 31
100 224
100 415
100 152
100 114
100 1060
100 179
100 516
100 1200
100 715
100 349
100 618
100 489
100 217
100 276
100 932
100 161
100 657
100 234
100 115
100 340
100 650
100 492
100 34
100 309
100 652
100 201
100 490
100 509
100 685
100 2178
100 1016
100 256
100 233
100 121
100 1435
100 533
100 118
100 169
100 185
100 309
100 87
100 63
100 649
100 74
100 369
100 162
100 118
100 377
100 214
100 1300
100 59
100 129
100 439
100 44
100 231
100 495
100 1107
100 171
100 1455
100 2781
100 206
100 689
100 617
100 861
100 922
100 543
100 77
100 1012
100 94
100 473
100 13
100 312
100 56
100 193
100 11
100 1186
100 135
100 1214
100 116
100 229
100 1576
100 1691
100 520
100 460
100 761
100 1125
100 1221
100 21
100 565
100 531
100 79
100 523
100 167
100 107
100 478
100 462
100 130
100 40
100 139
100 151
100 779
100 235
100 1008
100 27
100 924
100 360
100 2660
100 309
100 525
100 97
100 706
100 976
100 363
100 207
100 1706
100 351
100 1410
100 797
100 72
100 111
100 241
100 694
100 655
100 627
100 62
100 115
100 62
100 209
100 717
100 1553
100 278
100 356
100 22
100 1965
100 328
100 396
100 226
100 513
100 1546
100 724
100 548
100 569
100 218
100 5
100 372
100 502
100 695
100 165
100 472
100 168
100 273
100 246
100 410
100 7
100 200
100 177
100 286
100 891
100 202
100 12
100 55
100 64
100 1088
100 311
100 281
100 837
100 1090
100 110
100 1758
100 1505
100 216
100 187
100 945
100 255
100 46
100 195
100 486
100 792
100 683
100 1206
100 779
100 303
100 299
100 1619
100 35
100 382
100 1221
100 65
100 66
100 89
100 1416
100 121
100 331
100 190
100 348
100 301
100 56
100 1077
100 501
100 136
100 759
100 1700
100 1166
100 110
100 410
100 1216
100 50
100 297
100 161
100 106
100 350
100 61
100 494
100 300
100 1789
100 150
100 706
100 393
100 145
100 298
100 374
100 211
100 965
100 1053
100 23
100 1203
100 1752
100 1187
100 436
100 1
100 229
100 389
100 999
100 266
100 458
100 79
100 840
100 134
100 78
100 330
100 402
100 123
100 309
100 133
100 875
100 321
100 288
100 535
100 1379
100 839
100 229
100 1724
100 582
100 1015
100 129
100 1144
100 1325
100 364
100 509
100 136
100 354
100 1101
100 1948
100 332
100 295
100 625
100 395
100 82
100 1236
100 1459
100 122
100 326
100 1177
100 691
100 1358
100 327
100 550
100 207
100 36
100 211
100 48
100 1253
100 60
100 160
100 1264
100 368
100 722
100 609
100 101
100 2026
100 250
100 46
100 48
100 205
100 787
100 186
100 1147
100 212
100 1109
100 1309
100 679
100 421
100 1732
100 19
100 405
100 214
100 1349
100 491
100 263
100 623
100 1069
100 319
100 162
100 1329
100 1185
100 857
100 493
100 266
100 33
100 1743
100 601
100 1338
100 578
100 601
100 1002
100 279
100 383
100 1210
100 1407
100 84
100 962
100 750
100 250
100 14
100 1432
100 61
100 861
100 226
100 969
100 2465
100 762
100 167
100 666
100 143
100 311
100 270
100 453
100 344
100 399
100 475
100 722
100 211
100 602
100 196
100 1009
100 27
100 374
100 54
100 181
100 328
100 1278
100 1237
100 198
100 53
100 127
100 502
100 59
100 440
100 644
100 211
100 594
100 392
100 92
100 1460
100 1164
100 1229
100 25
100 143
100 271
100 1060
100 457
100 293
100 717
100 656
100 515
100 775
100 488
100 252
100 1587
100 439
100 746
100 54
100 251
100 652
100 1096
100 911
100 66
100 1994
100 305
100 609
100 118
100 147
100 278
100 2528
100 77
100 192
100 68
100 146
100 138
100 262
100 401
100 195
100 359
100 725
100 443
100 222
100 450
100 361
100 20
100 181
100 429
100 608
100 843
100 476
100 146
100 1152
100 232
100 46
100 98
100 559
100 545
100 61
100 1078
100 1385
100 287
100 30
100 447
100 64
100 524
100 199
100 37
100 448
100 698
100 86
100 374
100 689
100 71
100 1916
100 976
100 64
100 273
100 1316
100 72
100 469
100 813
100 128
100 1061
100 142
100 670
100 481
100 127
100 201
100 423
100 441
100 315
100 70
100 112
100 96
100 521
100 232
100 286
100 310
100 469
100 420
100 568
100 590
100 477
100 144
100 465
100 8
100 864
100 232
100 258
100 1078
100 481
100 287
100 47
100 330
100 1234
100 452
100 602
100 1040
100 130
100 519
100 1759
100 949
100 697
100 387
100 110
100 34
100 376
100 198
100 707
100 644
100 1101
100 2030
100 968
100 1004
100 148
100 554
100 1182
100 231
100 152
100 12
100 1363
100 586
100 586
100 2019
100 799
100 105
100 4116
100 631
100 1033
100 376
100 947
100 117
100 260
100 62
100 171
100 412
100 43
100 639
100 245
100 584
100 4
100 58
100 164
100 1511
100 290
100 167
100 96
100 2798
100 128
100 5
100 257
100 43
100 217
100 400
100 801
100 1948
100 18
100 4432
100 98
100 51
100 44
100 282
100 121
100 480
100 853
100 67
100 464
100 587
100 77
100 746
100 585
100 1105
100 988
100 2
100 235
100 26
100 1471
100 519
100 476
100 381
100 301
100 720
100 119
100 879
100 574
100 1109
100 155
100 589
100 2387
100 795
100 688
100 430
100 329
100 1613
100 636
100 488
100 599
100 1223
100 614
100 24
100 14
100 356
100 1272
100 210
100 155
100 260
100 680
100 106
100 45
100 137
100 1476
100 997
100 186
100 233
100 452
100 506
100 200
100 294
100 32
100 192
100 18
100 338
100 347
100 613
100 221
100 2873
100 121
100 657
100 197
100 146
100 1186
100 361
100 411
100 654
100 487
100 622
100 339
100 216
100 291
100 1004
100 266
100 402
100 358
100 537
100 574
100 50
100 797
100 1222
100 1296
100 262
100 853
100 304
100 556
100 452
100 466
100 739
100 363
100 625
100 290
100 431
100 280
100 666
100 27
100 297
100 1190
100 1479
100 27
100 1490
100 1032
100 562
100 45
100 810
100 299
100 128
100 204
100 964
100 329
100 660
100 175
100 45
100 69
100 1030
100 679
100 1552
100 108
100 1332
100 253
100 93
100 2085
100 64
100 1261
100 1849
100 103
100 969
100 1228
100 976
100 976
100 330
100 269
100 466
100 399
100 124
100 446
100 38
100 547
100 936
100 112
100 1690
100 390
100 282
100 650
100 30
100 232
100 309
100 388
100 85
100 26
100 44
100 316
100 51
100 433
100 80
100 493
100 173
100 1532
100 738
100 250
100 61
100 443
100 56
100 463
100 124
100 374
100 318
100 102
100 636
100 1491
100 582
100 180
100 322
100 18
100 149
100 1846
100 951
100 1219
100 126
100 662
100 40
100 901
100 1435
100 5
100 89
100 360
100 2448
100 26
100 401
100 397
100 570
100 1134
100 1810
100 337
100 372
100 355
100 74
100 783
100 174
100 11
100 908
100 402
100 140
100 76
100 285
100 1394
100 596
100 370
100 882
100 284
100 279
100 7
100 1555
100 856
100 89
100 322
100 1830
100 620
100 965
100 501
100 166
100 2402
100 428
100 766
100 302
100 317
100 1423
100 243
100 306
100 594
100 907
100 173
100 881
100 155
100 799
100 396
100 172
100 109
100 8
100 272
100 745
100 215
100 417
100 230
100 990
100 526
100 131
100 269
100 477
100 614
100 644
100 552
100 757
100 735
100 528
100 335
100 235
100 187
100 182
100 1022
100 743
100 1468
100 125
100 131
100 2197
100 661
100 2085
100 334
100 159
100 118
100 10
100 274
100 30
100 527
100 614
100 386
100 1422
100 504
100 323
100 1002
100 1041
100 63
100 360
100 224
100 1063
100 303
100 709
100 727
100 267
100 45
100 277
100 968
100 562
100 126
100 209
100 311
100 2
100 152
100 1487
100 313
100 575
100 44
100 1649
100 154
100 916
100 389
100 556
100 143
100 153
100 95
100 70
100 471
100 68
100 3
100 141
100 216
100 445
100 18
100 46
100 248
100 183
100 445
100 87
100 895
100 1240
100 570
100 244
100 610
100 189
100 641
100 676
100 6
100 794
100 715
100 593
100 577
100 183
100 992
100 7
100 619
100 337
100 155
100 166
100 271
100 1623
100 109
100 26
100 93
100 128
100 112
100 3893
100 181
100 393
100 52
100 1022
100 87
100 2131
100 140
100 492
100 270
100 650
100 791
100 1172
100 749
100 1875
100 388
100 122
100 30
100 468
100 263
100 58
100 279
100 64
100 461
100 565
100 300
100 1245
100 207
100 50
100 15
100 76
100 258
100 1105
100 349
100 418
100 678
100 1160
100 86
100 905
100 225
100 385
100 14
100 640
100 229
100 605
100 816
100 556
100 11
100 17
100 85
100 503
100 1509
100 674
100 222
100 1957
100 83
100 1200
100 81
100 571
100 1203
100 164
100 296
100 339
100 1690
100 252
100 515
100 146
100 610
100 572
100 529
100 652
100 268
100 268
100 303
100 253
100 74
100 103
100 244
100 30
100 1298
100 198
100 1558
100 218
100 96
100 1080
100 758
100 611
100 810
100 956
100 986
100 338
100 439
100 480
100 355
100 954
100 1270
100 415
100 22
100 1209
100 267
100 852
100 122
100 322
100 612
100 289
100 1942
100 840
100 354
100 764
100 115
100 91
100 414
100 1388
100 67
100 35
100 517
100 318
100 94
100 100
100 631
100 533
100 69
100 848
100 59
100 106
100 699
100 1413
100 631
100 30
100 216
100 800
100 458
100 522
100 96
100 448
100 665
100 905
100 603
100 393
100 600
100 570
100 148
100 898
100 84
100 687
100 277
100 554
100 759
100 774
100 180
100 627
100 713
100 379
100 1153
100 1390
100 285
100 53
100 211
100 119
100 692
100 137
100 433
100 483
100 271
100 197
100 225
100 432
100 1065
100 366
100 24
100 106
100 55
100 694
100 268
100 869
100 397
100 145
100 174
100 313
100 44
100 406
100 705
100 45
100 445
100 590
100 625
100 1406
100 176
100 617
100 73
100 14
100 2473
100 382
100 1184
100 1482
100 1003
100 579
100 408
100 121
100 179
100 307
100 125
100 724
100 734
100 44
100 745
100 85
100 368
100 212
100 907
100 582
100 47
100 632
100 512
100 262
100 84
100 620
100 78
100 85
100 15
100 575
100 132
100 763
100 302
100 76
100 370
100 281
100 1138
100 619
100 41
100 606
100 76
100 121
100 251
100 81
100 1031
100 516
100 195
100 311
100 334
100 270
100 740
100 112
100 1170
100 122
100 540
100 312
100 1339
100 420
100 1004
100 347
100 757
100 608
100 157
100 181
100 329
100 615
100 604
100 205
100 396
100 266
100 2145
100 1585
100 203
100 281
100 458
100 973
100 119
100 631
100 835
100 1195
100 458
100 239
100 7
100 147
100 487
100 751
100 306
100 172
100 37
100 340
100 1019
100 1838
100 97
100 31
100 215
100 1438
100 510
100 584
100 227
100 997
100 2085
100 279
100 244
100 944
100 89
100 655
100 112
100 323
100 75
100 110
100 1063
100 7
100 226
100 121
100 1
100 779
100 239
100 362
100 273
100 222
100 51
100 719
100 120
100 256
100 127
100 52
100 811
100 260
100 293
100 1034
100 1182
100 178
100 145
100 246
100 1776
100 69
100 144
100 331
100 237
100 1519
100 15
100 14
100 710
100 246
100 431
100 635
100 1105
100 239
100 260
100 1205
100 1435
100 674
100 74
100 941
100 466
100 1948
100 526
100 558
100 1187
100 215
100 860
100 445
100 688
100 281
100 928
100 1897
100 532
100 31
100 125
100 514
100 448
100 10
100 497
100 365
100 33
100 1116
100 1557
100 2003
100 125
100 283
100 667
100 1326
100 1982
100 640
100 338
100 45
100 39
100 1227
100 483
100 279
100 116
100 223
100 1172
100 660
100 662
100 42
100 276
100 205
100 530
100 353
100 7
100 64
100 333
100 1059
100 835
100 83
100 176
100 296
100 742
100 569
100 62
100 167
100 193
100 103
100 629
100 88
100 100
100 333
100 618
100 687
100 625
100 236
100 1911
100 713
100 427
100 174
100 99
100 394
100 444
100 918
100 415
100 346
100 167
100 195
100 718
100 41
100 453
100 183
100 14
100 637
100 1166
100 248
100 174
100 1049
100 41
100 162
100 1787
100 178
100 624
100 29
100 1385
100 341
100 1018
100 599
100 147
100 232
100 208
100 1233
100 289
100 1128
100 1391
100 1115
100 608
100 470
100 79
100 93
100 484
100 223
100 1047
100 608
100 282
100 744
100 2566
100 1356
100 3666
100 95
100 581
100 1470
100 449
100 830
100 1758
100 109
100 145
100 468
100 825
100 850
100 11
100 2005
100 231
100 696
100 502
100 119
100 465
100 1163
100 690
100 1267
100 53
100 54
100 1238
100 1164
100 256
100 383
100 171
100 46
100 476
100 170
100 732
100 10
100 177
100 709
100 15
100 938
100 153
100 1035
100 353
100 876
100 342
100 597
100 666
100 886
100 1339
100 880
100 1105
100 444
100 171
100 616
100 667
100 132
100 1141
100 25
100 713
100 1431
100 1869
100 1594
100 304
100 81
100 149
100 780
100 1399
100 147
100 662
100 629
100 76
100 2
100 283
100 346
100 408
100 99
100 125
100 622
100 144
100 836
100 1046
100 575
100 811
100 241
100 1800
100 232
100 1739
100 517
100 352
100 1204
100 439
100 86
100 500
100 134
100 68
100 2980
100 27
100 1917
100 171
100 535
100 838
100 588
100 1396
100 1348
100 272
100 768
100 192
100 659
100 1826
100 173
100 1937
100 1969
100 263
100 86
100 269
100 1188
100 942
100 1426
100 136
100 263
100 601
100 99
100 283
100 498
100 548
100 229
100 1339
100 1317
100 61
100 347
100 138
100 446
100 44
100 446
100 194
100 752
100 226
100 13
100 1166
100 495
100 1275
100 874
100 468
100 1841
100 154
100 97
100 78
100 128
100 396
100 26
100 781
100 1358
100 795
100 233
100 269
100 231
100 798
100 286
100 113
100 244
100 107
100 1257
100 388
100 12
100 823
100 171
100 316
100 2968
100 329
100 176
100 529
100 75
100 51
100 868
100 954
100 587
100 1356
100 1260
100 102
100 932
100 147
100 149
100 2025
100 34
100 1084
100 226
100 2994
100 619
100 408
100 197
100 1031
100 74
100 809
100 247
100 46
100 82
100 119
100 986
100 137
100 51
100 33
100 251
100 102
100 49
100 709
100 92
100 485
100 550
100 829
100 45
100 609
100 1594
100 53
100 1001
100 226
100 106
100 899
100 120
100 1397
100 678
100 682
100 589
100 2623
100 109
100 677
100 22
100 365
100 1460
100 1120
100 194
100 75
100 1576
100 463
100 777
100 26
100 154
100 501
100 1182
100 584
100 505
100 62
100 345
100 7
100 52
100 211
100 368
100 197
100 522
100 338
100 161
100 1303
100 21
100 798
100 2852
100 1575
100 69
100 17
100 258
100 409
100 286
100 1962
100 291
100 99
100 69
100 294
100 448
100 659
100 31
100 890
100 279
100 83
100 333
100 1000
100 465
100 524
100 388
100 457
100 665
100 23
100 1863
100 1145
100 160
100 105
100 748
100 801
100 859
100 1483
100 1562
100 388
100 649
100 275
100 81
100 61
100 363
100 907
100 492
100 152
100 272
100 670
100 481
100 169
100 99
100 96
100 237
100 163
100 90
100 178
100 536
100 520
100 1580
100 359
100 687
100 858
100 289
100 580
100 196
100 393
100 575
100 98
100 393
100 18
100 554
100 377
100 361
100 2624
100 36
100 225
100 1387
100 140
100 106
100 119
100 47
100 269
100 562
100 179
100 247
100 38
100 275
100 1032
100 175
100 555
100 1446
100 785
100 1187
100 171
100 2043
100 478
100 782
100 248
100 14
100 2122
100 400
100 1288
100 707
100 1603
100 694
100 222
100 419
100 307
100 198
100 168
100 268
100 1155
100 459
100 694
100 745
100 32
100 251
100 126
100 451
100 77
100 178
100 1792
100 422
100 93
100 592
100 383
100 869
100 240
100 346
100 379
100 91
100 59
100 433
100 225
100 789
100 80
100 152
100 426
100 92
100 231
100 172
100 280
100 90
100 536
100 247
100 549
100 604
100 221
100 1891
100 532
100 127
100 395
100 85
100 240
100 2602
100 354
100 217
100 272
100 3857
100 1000
100 809
100 483
100 229
100 634
100 698
100 447
100 857
100 268
100 328
100 728
100 30
100 43
100 760
100 196
100 347
100 720
100 322
100 1343
100 2499
100 362
100 93
100 256
100 177
100 289
100 487
100 66
100 589
100 935
100 30
100 27
100 378
100 265
100 464
100 400
100 1595
100 376
100 161
100 323
100 675
100 687
100 80
100 230
100 903
100 1404
100 647
100 307
100 240
100 311
100 908
100 2
100 750
100 665
100 38
100 89
100 110
100 414
100 1977
100 743
100 68
100 1069
100 514
100 348
100 765
100 265
100 995
100 1152
100 483
100 69
100 806
100 669
100 251
100 826
100 96
100 581
100 266
100 391
100 155
100 253
100 546
100 103
100 230
100 214
100 231
100 276
100 423
100 33
100 173
100 304
100 310
100 486
100 115
100 599
100 130
100 198
100 313
100 591
100 210
100 69
100 144
100 607
100 299
100 262
100 845
100 1447
100 2172
100 402
100 2477
100 526
100 741
100 557
100 17
100 561
100 1129
100 715
100 424
100 86
100 9
100 59
100 486
100 649
100 262
100 919
100 61
100 1391
100 188
100 20
100 530
100 340
100 702
100 532
100 333
100 122
100 171
100 411
100 184
100 186
100 939
100 1832
100 157
100 108
100 141
100 25
100 571
100 986
100 1027
100 556
100 304
100 133
100 864
100 523
100 483
100 174
100 198
100 193
100 154
100 629
100 525
100 84
100 344
100 269
100 147
100 1255
100 548
100 1072
100 204
100 40
100 307
100 378
100 1213
100 496
100 11
100 103
100 522
100 723
100 321
100 11
100 137
100 588
100 60
100 0
100 712
100 25
100 1677
100 133
100 511
100 672
100 180
100 498
100 1018
100 816
100 430
100 719
100 270
100 290
100 625
100 168
100 2
100 559
100 510
100 887
100 741
100 603
100 205
100 898
100 1069
100 583
100 1559
100 396
100 19
100 171
100 183
100 251
100 364
100 465
100 106
100 559
100 521
100 12
100 131
100 110
100 333
100 815
100 228
100 130
100 82
100 1728
100 2691
100 373
100 522
100 260
100 565
100 1848
100 239
100 61
100 1240
100 12
100 16
100 418
100 238
100 328
100 2767
100 594
100 833
100 458
100 444
100 1887
100 248
100 1503
100 451
100 555
100 242
100 57
100 204
100 384
100 464
100 11
100 8
100 902
100 256
100 689
100 357
100 305
100 306
100 144
100 168
100 98
100 791
100 449
100 313
100 376
100 761
100 237
100 1095
100 220
100 1108
100 170
100 143
100 427
100 616
100 677
100 224
100 2416
100 4
100 43
100 207
100 797
100 159
100 1099
100 250
100 391
100 575
100 195
100 138
100 711
100 1293
100 351
100 1837
100 762
100 191
100 394
100 184
100 411
100 218
100 234
100 935
100 330
100 545
100 17
100 1018
100 734
100 1225
100 962
100 1279
100 1175
100 202
100 1712
100 318
100 337
100 4
100 487
100 1637
100 216
100 101
100 69
100 448
100 0
100 707
100 1013
100 310
100 109
100 890
100 155
100 895
100 609
100 104
100 9
100 54
100 808
100 708
100 756
100 780
100 564
100 872
100 5
100 45
100 586
100 46
100 256
100 71
100 538
100 641
100 147
100 553
100 274
100 156
100 480
100 992
100 499
100 928
100 375
100 1480
100 570
100 1169
100 219
100 424
100 273
100 12
100 1449
100 52
100 857
100 888
100 294
100 457
100 1179
100 155
100 643
100 162
100 1328
100 386
100 400
100 1068
100 436
100 174
100 883
100 219
100 757
100 113
100 240
100 1
100 649
100 31
100 124
100 1262
100 98
100 1256
100 834
100 34
100 860
100 498
100 124
100 414
100 575
100 2350
100 207
100 597
100 175
100 966
100 380
100 216
100 188
100 739
100 289
100 298
100 164
100 2067
100 488
100 504
100 392
100 292
100 156
100 192
100 789
100 218
100 324
100 260
100 9
100 572
100 852
100 426
100 779
100 4
100 248
100 649
100 924
100 185
100 560
100 403
100 555
100 101
100 481
100 289
100 140
100 382
100 18
100 298
100 80
100 1341
100 149
100 225
100 7
100 299
100 410
100 444
100 216
100 27
100 1078
100 152
100 958
100 16
100 78
100 1508
100 108
100 222
100 270
100 379
100 37
100 872
100 1257
100 2159
100 1051
100 125
100 583
100 1701
100 289
100 126
100 603
100 977
100 381
100 755
100 544
100 1546
100 221
100 765
100 1587
100 92
100 444
100 401
100 1416
100 197
100 296
100 652
100 255
100 306
100 355
100 423
100 789
100 112
100 479
100 230
100 755
100 166
100 414
100 0
100 569
100 426
100 1180
100 222
100 2282
100 328
100 172
100 1497
100 3127
100 57
100 950
100 51
100 20
100 67
100 2134
100 1924
100 861
100 446
100 240
100 143
100 1327
100 924
100 1518
100 267
100 318
100 162
100 2010
100 679
100 2
100 171
100 1189
100 287
100 346
100 468
100 1077
