100 22
100 32
100 27
100 0
100 18
100 20
100 28
100 32
100 220
100 36
100 148
100 114
100 5
100 22
100 189
100 161
100 105
100 15
100 2
100 83
100 195
100 74
100 33
100 67
100 377
100 37
100 114
100 42
100 754
100 33
100 1
100 18
100 177
100 29
100 37
100 19
100 340
100 35
100 112
100 38
100 16
100 71
100 3
100 151
100 76
100 60
100 190
100 2
100 44
100 16
100 121
100 115
100 43
100 133
100 75
100 4
100 129
100 4
100 693
100 208
100 343
100 142
100 145
100 513
100 262
100 9
100 11
100 255
100 270
100 60
100 300
100 64
100 133
100 172
100 85
100 147
100 50
100 197
100 120
100 99
100 95
100 4
100 78
100 32
100 12
100 25
100 140
100 34
100 79
100 35
100 201
100 251
100 61
100 45
100 377
100 7
100 3
100 54
100 56
100 44
100 13
100 217
100 207
100 24
100 32
100 22
100 80
100 171
100 102
100 140
100 18
100 111
100 79
100 3
100 402
100 9
100 144
100 39
100 661
100 283
100 58
100 31
100 80
100 226
100 161
100 67
100 151
100 137
100 102
100 154
100 231
100 281
100 89
100 8
100 3
100 195
100 18
100 202
100 39
100 40
100 91
100 46
100 270
100 456
100 303
100 40
100 23
100 127
100 39
100 192
100 131
100 2
100 169
100 9
100 43
100 206
100 73
100 180
100 68
100 70
100 89
100 126
100 8
100 192
100 258
100 40
100 109
100 112
100 27
100 27
100 1
100 26
100 47
100 43
100 307
100 41
100 117
100 35
100 57
100 124
100 136
100 37
100 125
100 219
100 145
100 179
100 201
100 43
100 75
100 89
100 255
100 56
100 71
100 99
100 329
100 30
100 5
100 533
100 34
100 350
100 16
100 111
100 151
100 67
100 23
100 65
100 430
100 12
100 130
100 283
100 77
100 73
100 60
100 346
100 163
100 135
100 286
100 521
100 205
100 109
100 177
100 54
100 13
100 11
100 166
100 36
100 208
100 20
100 103
100 291
100 80
100 284
100 55
100 124
100 59
100 45
100 81
100 79
100 21
100 114
100 103
100 47
100 33
100 18
100 284
100 8
100 346
100 56
100 49
100 206
100 2
100 352
100 100
100 100
100 173
100 7
100 180
100 111
100 31
100 209
100 91
100 270
100 95
100 266
100 128
100 31
100 29
100 306
100 18
100 23
100 26
100 21
100 7
100 156
100 269
100 129
100 95
100 340
100 323
100 94
100 162
100 110
100 75
100 42
100 0
100 4
100 113
100 119
100 163
100 121
100 209
100 208
100 25
100 124
100 86
100 71
100 33
100 50
100 1
100 392
100 46
100 222
100 54
100 193
100 26
100 196
100 40
100 154
100 40
100 287
100 114
100 60
100 128
100 83
100 80
100 2
100 117
100 54
100 26
100 20
100 178
100 73
100 66
100 9
100 31
100 147
100 29
100 57
100 447
100 65
100 224
100 123
100 140
100 157
100 107
100 24
100 139
100 16
100 149
100 182
100 4
100 74
100 161
100 82
100 19
100 161
100 393
100 113
100 71
100 45
100 8
100 112
100 60
100 137
100 104
100 120
100 71
100 136
100 50
100 88
100 149
100 43
100 337
100 56
100 84
100 24
100 236
100 71
100 39
100 9
100 104
100 29
100 82
100 15
100 163
100 124
100 291
100 226
100 163
100 156
100 188
100 12
100 5
100 87
100 251
100 15
100 16
100 16
100 320
100 135
100 53
100 44
100 208
100 90
100 15
100 51
100 80
100 9
100 69
100 79
100 107
100 205
100 17
100 235
100 54
100 55
100 52
100 274
100 108
100 272
100 113
100 5
100 37
100 220
100 42
100 134
100 78
100 288
100 357
100 297
100 93
100 231
100 47
100 9
100 198
100 108
100 3
100 66
100 112
100 92
100 30
100 80
100 163
100 228
100 34
100 69
100 34
100 254
100 331
100 100
100 36
100 82
100 149
100 89
100 44
100 22
100 174
100 138
100 37
100 366
100 15
100 243
100 411
100 6
100 122
100 332
100 214
100 38
100 380
100 26
100 42
100 168
100 98
100 20
100 270
100 157
100 268
100 63
100 297
100 221
100 133
100 74
100 10
100 30
100 10
100 40
100 209
100 78
100 64
100 108
100 61
100 46
100 5
100 332
100 1
100 368
100 34
100 125
100 48
100 97
100 33
100 196
100 17
100 201
100 69
100 55
100 93
100 145
100 53
100 89
100 112
100 24
100 49
100 42
100 40
100 47
100 11
100 11
100 463
100 28
100 178
100 63
100 164
100 95
100 32
100 211
100 82
100 131
100 46
100 75
100 381
100 29
100 203
100 25
100 286
100 42
100 175
100 12
100 61
100 31
100 18
100 240
100 330
100 48
100 2
100 113
100 6
100 27
100 180
100 118
100 277
100 3
100 107
100 101
100 25
100 109
100 50
100 42
100 16
100 35
100 35
100 57
100 121
100 61
100 10
100 8
100 196
100 101
100 61
100 46
100 137
100 106
100 6
100 184
100 37
100 70
100 107
100 40
100 112
100 71
100 143
100 35
100 213
100 44
100 19
100 52
100 85
100 79
100 101
100 89
100 140
100 28
100 45
100 179
100 8
100 332
100 272
100 194
100 0
100 4
100 264
100 168
100 35
100 210
100 118
100 186
100 47
100 116
100 72
100 147
100 51
100 23
100 29
100 36
100 102
100 88
100 131
100 165
100 152
100 108
100 129
100 53
100 104
100 79
100 108
100 79
100 189
100 39
100 129
100 46
100 20
100 40
100 147
100 64
100 806
100 96
100 68
100 210
100 151
100 0
100 4
100 10
100 46
100 266
100 515
100 86
100 84
100 11
100 64
100 429
100 35
100 44
100 408
100 71
100 337
100 115
100 218
100 301
100 156
100 8
100 72
100 71
100 104
100 89
100 137
100 98
100 8
100 13
100 54
100 24
100 200
100 38
100 117
100 3
100 119
100 116
100 86
100 103
100 81
100 44
100 318
100 27
100 253
100 130
100 23
100 22
100 232
100 0
100 27
100 67
100 11
100 116
100 100
100 15
100 123
100 28
100 33
100 197
100 101
100 468
100 51
100 5
100 151
100 18
100 25
100 88
100 219
100 153
100 66
100 57
100 187
100 204
100 111
100 410
100 473
100 69
100 174
100 7
100 77
100 33
100 26
100 40
100 144
100 600
100 149
100 109
100 10
100 57
100 192
100 34
100 39
100 38
100 643
100 16
100 24
100 285
100 38
100 163
100 57
100 13
100 253
100 228
100 360
100 106
100 70
100 72
100 51
100 318
100 318
100 30
100 341
100 56
100 322
100 18
100 37
100 231
100 143
100 96
100 339
100 85
100 160
100 40
100 53
100 28
100 43
100 246
100 248
100 21
100 36
100 233
100 186
100 50
100 89
100 142
100 18
100 74
100 89
100 44
100 2
100 137
100 30
100 6
100 105
100 44
100 122
100 9
100 26
100 110
100 23
100 18
100 235
100 415
100 14
100 19
100 285
100 157
100 22
100 48
100 386
100 145
100 800
100 54
100 82
100 10
100 18
100 142
100 67
100 14
100 163
100 175
100 64
100 12
100 56
100 24
100 197
100 255
100 12
100 162
100 50
100 1
100 79
100 14
100 45
100 13
100 68
100 306
100 182
100 14
100 24
100 97
100 63
100 224
100 6
100 180
100 70
100 92
100 75
100 14
100 48
100 93
100 129
100 116
100 301
100 108
100 132
100 205
100 76
100 46
100 38
100 319
100 9
100 176
100 0
100 160
100 20
100 309
100 103
100 123
100 168
100 7
100 217
100 148
100 0
100 163
100 560
100 1
100 44
100 3
100 1
100 286
100 45
100 101
100 267
100 198
100 426
100 31
100 339
100 35
100 118
100 57
100 50
100 202
100 14
100 189
100 5
100 134
100 214
100 55
100 19
100 55
100 9
100 112
100 183
100 131
100 39
100 137
100 42
100 160
100 14
100 416
100 26
100 259
100 149
100 264
100 24
100 66
100 54
100 8
100 7
100 8
100 93
100 289
100 38
100 358
100 10
100 157
100 102
100 385
100 258
100 65
100 26
100 465
100 88
100 75
100 254
100 274
100 26
100 72
100 163
100 206
100 75
100 148
100 149
100 126
100 284
100 98
100 620
100 101
100 50
100 112
100 128
100 253
100 196
100 162
100 189
100 28
100 45
100 37
100 403
100 27
100 72
100 136
100 203
100 42
100 134
100 25
100 317
100 10
100 107
100 97
100 36
100 249
100 339
100 211
100 27
100 16
100 185
100 399
100 28
100 66
100 31
100 12
100 107
100 79
100 170
100 470
100 65
100 197
100 19
100 12
100 47
100 85
100 100
100 15
100 44
100 465
100 1
100 266
100 75
100 239
100 196
100 52
100 1
100 102
100 35
100 150
100 159
100 341
100 24
100 159
100 103
100 4
100 117
100 26
100 19
100 84
100 167
100 16
100 155
100 169
100 101
100 28
100 164
100 107
100 8
100 104
100 193
100 84
100 306
100 164
100 39
100 90
100 179
100 51
100 23
100 86
100 130
100 8
100 260
100 60
100 108
100 161
100 284
100 19
100 21
100 17
100 52
100 132
100 353
100 123
100 126
100 46
100 121
100 29
100 319
100 154
100 257
100 154
100 23
100 25
100 28
100 66
100 11
100 27
100 118
100 39
100 34
100 58
100 73
100 7
100 314
100 97
100 50
100 150
100 71
100 17
100 89
100 341
100 26
100 235
100 81
100 49
100 132
100 50
100 54
100 66
100 127
100 86
100 18
100 77
100 152
100 97
100 77
100 64
100 35
100 11
100 24
100 64
100 285
100 142
100 136
100 1
100 69
100 8
100 14
100 297
100 2
100 20
100 23
100 85
100 405
100 83
100 108
100 309
100 20
100 16
100 180
100 73
100 87
100 32
100 179
100 21
100 40
100 146
100 392
100 131
100 141
100 34
100 2
100 92
100 57
100 88
100 454
100 133
100 407
100 50
100 17
100 470
100 501
100 9
100 103
100 137
100 151
100 277
100 43
100 2
100 42
100 47
100 190
100 227
100 38
100 9
100 63
100 18
100 55
100 29
100 80
100 41
100 3
100 63
100 10
100 135
100 53
100 198
100 128
100 334
100 112
100 234
100 300
100 18
100 119
100 12
100 123
100 3
100 64
100 48
100 440
100 89
100 43
100 59
100 145
100 149
100 1
100 156
100 65
100 213
100 306
100 8
100 164
100 669
100 322
100 23
100 156
100 13
100 129
100 265
100 53
100 154
100 50
100 173
100 16
100 54
100 48
100 15
100 13
100 254
100 26
100 84
100 2
100 114
100 89
100 31
100 204
100 147
100 119
100 95
100 3
100 43
100 19
100 183
100 75
100 43
100 50
100 11
100 173
100 131
100 145
100 179
100 166
100 95
100 188
100 26
100 23
100 129
100 522
100 205
100 118
100 146
100 12
100 19
100 262
100 116
100 72
100 33
100 14
100 28
100 93
100 81
100 63
100 166
100 17
100 27
100 56
100 168
100 33
100 55
100 13
100 124
100 11
100 4
100 88
100 64
100 13
100 65
100 54
100 41
100 277
100 49
100 122
100 565
100 141
100 25
100 178
100 23
100 61
100 600
100 7
100 161
100 159
100 39
100 482
100 4
100 288
100 85
100 132
100 99
100 59
100 355
100 68
100 145
100 118
100 49
100 59
100 87
100 4
100 72
100 70
100 98
100 26
100 60
100 148
100 420
100 99
100 62
100 285
100 2
100 88
100 65
100 393
100 343
100 36
100 140
100 27
100 230
100 324
100 87
100 95
100 82
100 131
100 72
100 27
100 5
100 466
100 304
100 55
100 15
100 31
100 278
100 210
100 39
100 42
100 89
100 59
100 46
100 162
100 28
100 98
100 94
100 68
100 37
100 106
100 232
100 85
100 100
100 29
100 162
100 433
100 11
100 67
100 107
100 185
100 10
100 402
100 51
100 8
100 124
100 189
100 281
100 155
100 190
100 60
100 47
100 11
100 319
100 97
100 77
100 133
100 168
100 121
100 55
100 100
100 157
100 65
100 182
100 33
100 12
100 53
100 345
100 9
100 117
100 326
100 40
100 235
100 229
100 175
100 66
100 131
100 17
100 17
100 183
100 670
100 541
100 60
100 68
100 146
100 27
100 160
100 12
100 6
100 60
100 127
100 192
100 41
100 83
100 16
100 32
100 22
100 164
100 137
100 157
100 332
100 66
100 11
100 263
100 5
100 261
100 178
100 317
100 158
100 96
100 111
100 2
100 85
100 314
100 160
100 42
100 68
100 28
100 57
100 121
100 192
100 176
100 61
100 28
100 96
100 131
100 157
100 263
100 35
100 214
100 69
100 107
100 210
100 202
100 160
100 182
100 581
100 40
100 13
100 403
100 150
100 29
100 20
100 22
100 209
100 173
100 28
100 66
100 106
100 460
100 112
100 31
100 279
100 80
100 109
100 81
100 53
100 23
100 160
100 20
100 359
100 505
100 214
100 84
100 99
100 43
100 357
100 41
100 72
100 33
100 12
100 166
100 184
100 92
100 225
100 47
100 92
100 33
100 29
100 120
100 46
100 17
100 102
100 11
100 69
100 94
100 8
100 60
100 20
100 9
100 78
100 24
100 202
100 62
100 37
100 167
100 107
100 97
100 209
100 28
100 359
100 75
100 33
100 16
100 281
100 65
100 110
100 93
100 182
100 174
100 159
100 59
100 64
100 14
100 97
100 112
100 99
100 15
100 48
100 318
100 291
100 0
100 153
100 630
100 44
100 76
100 9
100 4
100 179
100 141
100 38
100 170
100 303
100 183
100 147
100 74
100 89
100 4
100 32
100 403
100 99
100 88
100 170
100 364
100 306
100 388
100 26
100 411
100 159
100 124
100 15
100 44
100 3
100 174
100 166
100 14
100 24
100 44
100 37
100 72
100 35
100 6
100 41
100 6
100 31
100 200
100 383
100 149
100 159
100 2
100 156
100 69
100 17
100 13
100 129
100 9
100 112
100 192
100 4
100 288
100 307
100 128
100 138
100 10
100 226
100 13
100 36
100 75
100 40
100 107
100 106
100 78
100 263
100 35
100 250
100 1
100 240
100 157
100 50
100 40
100 10
100 70
100 26
100 107
100 9
100 97
100 178
100 51
100 99
100 279
100 43
100 177
100 270
100 414
100 149
100 92
100 41
100 127
100 111
100 9
100 51
100 184
100 302
100 62
100 127
100 12
100 70
100 41
100 427
100 178
100 197
100 19
100 134
100 202
100 110
100 90
100 7
100 155
100 171
100 141
100 274
100 67
100 118
100 26
100 120
100 170
100 146
100 23
100 62
100 107
100 24
100 81
100 569
100 32
100 216
100 22
100 24
100 106
100 26
100 62
100 198
100 17
100 229
100 12
100 106
100 101
100 16
100 156
100 79
100 46
100 185
100 17
100 416
100 153
100 185
100 153
100 263
100 49
100 39
100 70
100 24
100 145
100 28
100 175
100 187
100 190
100 113
100 121
100 479
100 42
100 493
100 115
100 15
100 153
100 211
100 121
100 31
100 15
100 4
100 19
100 49
100 4
100 15
100 186
100 66
100 111
100 72
100 15
100 2
100 38
100 183
100 142
100 220
100 322
100 141
100 263
100 65
100 4
100 6
100 183
100 59
100 35
100 175
100 78
100 161
100 392
100 161
100 127
100 174
100 33
100 122
100 125
100 94
100 135
100 64
100 105
100 30
100 95
100 247
100 279
100 126
100 33
100 45
100 331
100 225
100 182
100 201
100 1
100 12
100 270
100 38
100 84
100 41
100 97
100 445
100 74
100 77
100 24
100 150
100 212
100 152
100 26
100 39
100 209
100 70
100 273
100 1
100 27
100 80
100 237
100 116
100 305
100 31
100 31
100 180
100 13
100 22
100 218
100 65
100 29
100 136
100 4
100 155
100 87
100 130
100 94
100 74
100 177
100 384
100 75
100 232
100 69
100 53
100 34
100 142
100 35
100 181
100 176
100 80
100 33
100 46
100 75
100 354
100 446
100 52
100 39
100 270
100 103
100 40
100 15
100 95
100 164
100 26
100 175
100 125
100 232
100 33
100 231
100 166
100 39
100 63
100 33
100 92
100 111
100 74
100 268
100 4
100 72
100 42
100 198
100 139
100 58
100 345
100 136
100 322
100 58
100 37
100 250
100 471
100 133
100 3
100 72
100 326
100 170
100 269
100 317
100 23
100 34
100 219
100 163
100 255
100 266
100 92
100 28
100 214
100 94
100 165
100 60
100 194
100 206
100 28
100 189
100 120
100 8
100 78
100 1
100 22
100 119
100 23
100 115
100 63
100 217
100 88
100 32
100 141
100 10
100 144
100 67
100 253
100 23
100 76
100 156
100 184
100 180
100 166
100 246
100 66
100 315
100 143
100 28
100 9
100 154
100 67
100 46
100 146
100 0
100 105
100 884
100 166
100 81
100 104
100 279
100 55
100 6
100 66
100 266
100 98
100 242
100 84
100 157
100 83
100 17
100 70
100 22
100 157
100 167
100 367
100 30
100 40
100 178
100 52
100 48
100 0
100 7
100 431
100 219
100 80
100 222
100 300
100 13
100 10
100 233
100 21
100 17
100 178
100 112
100 165
100 23
100 127
100 174
100 57
100 380
100 77
100 80
100 83
100 234
100 82
100 2
100 22
100 86
100 19
100 177
100 125
100 500
100 42
100 18
100 181
100 3
100 614
100 51
100 43
100 107
100 27
100 17
100 155
100 53
100 26
100 158
100 75
100 135
100 155
100 622
100 50
100 178
100 59
100 27
100 27
100 246
100 1
100 234
100 51
100 11
100 36
100 18
100 3
100 88
100 139
100 56
100 29
100 418
100 159
100 206
100 2
100 21
100 3
100 166
100 233
100 358
100 6
100 100
100 57
100 251
100 197
100 76
100 54
100 43
100 254
100 53
100 73
100 60
100 76
100 262
100 149
100 102
100 150
100 111
100 20
100 402
100 79
100 56
100 114
100 62
100 25
100 6
100 109
100 39
100 45
100 49
100 339
100 190
100 146
100 81
100 37
100 131
100 127
100 110
100 103
100 130
100 362
100 322
100 29
100 22
100 117
100 0
100 43
100 91
100 49
100 44
100 67
100 31
100 52
100 0
100 113
100 51
100 98
100 114
100 114
100 315
100 115
100 242
100 2
100 161
100 7
100 33
100 262
100 198
100 125
100 41
100 130
100 231
100 90
100 252
100 68
100 27
100 57
100 123
100 2
100 21
100 13
100 212
100 7
100 5
100 358
100 141
100 30
100 75
100 53
100 17
100 73
100 45
100 64
100 145
100 45
100 143
100 123
100 17
100 127
100 178
100 309
100 87
100 65
100 238
100 43
100 15
100 175
100 44
100 26
100 137
100 196
100 37
100 234
100 10
100 22
100 57
100 6
100 137
100 100
100 0
100 110
100 163
100 10
100 53
100 81
100 18
100 35
100 74
100 212
100 89
100 93
100 85
100 12
100 241
100 149
100 59
100 116
100 153
100 93
100 18
100 44
100 524
100 32
100 107
100 10
100 32
100 29
100 54
100 59
100 60
100 34
100 165
100 113
100 373
100 140
100 390
100 146
100 133
100 38
100 157
100 112
100 66
100 174
100 49
100 23
100 13
100 179
100 254
100 57
100 140
100 87
100 7
100 75
100 63
100 121
100 246
100 32
100 1
100 163
100 264
100 172
100 95
100 130
100 402
100 42
100 92
100 80
100 205
100 95
100 271
100 80
100 201
100 92
100 89
100 39
100 173
100 166
100 74
100 227
100 57
100 22
100 25
100 209
100 53
100 10
100 591
100 103
100 48
100 157
100 41
100 18
100 28
100 111
100 48
100 512
100 136
100 71
100 17
100 55
100 93
100 462
100 93
100 184
100 101
100 66
100 240
100 88
100 25
100 27
100 114
100 215
100 300
100 5
100 16
100 131
100 39
100 421
100 107
100 119
100 55
100 514
100 281
100 41
100 39
100 5
100 39
100 6
100 94
100 43
100 49
100 53
100 48
100 94
100 151
100 49
100 33
100 94
100 39
100 265
100 51
100 59
100 179
100 98
100 46
100 85
100 273
100 109
100 19
100 299
100 58
100 62
100 252
100 137
100 301
100 110
100 3
100 17
100 6
100 164
100 302
100 2
100 26
100 176
100 52
100 50
100 55
100 42
100 327
100 32
100 117
100 213
100 51
100 24
100 160
100 48
100 49
100 277
100 61
100 178
100 6
100 2
100 21
100 76
100 21
100 215
100 232
100 42
100 51
100 150
100 4
100 154
100 251
100 308
100 144
100 268
100 53
100 183
100 134
100 75
100 22
100 76
100 210
100 22
100 20
100 4
100 6
100 89
100 106
100 189
100 17
100 27
100 94
100 105
100 9
100 254
100 54
100 425
100 152
100 11
100 51
100 52
100 129
100 26
100 72
100 76
100 259
100 10
100 25
100 222
100 63
100 7
100 633
100 78
100 3
100 27
100 66
100 29
100 39
100 19
100 212
100 1
100 12
100 269
100 250
100 123
100 70
100 69
100 35
100 70
100 93
100 42
100 81
100 333
100 308
100 61
100 200
100 49
100 168
100 161
100 12
100 0
100 38
100 177
100 433
100 118
100 8
100 89
100 85
100 72
100 148
100 35
100 143
100 402
100 104
100 1
100 22
100 9
100 96
100 23
100 314
100 118
100 43
100 42
100 37
100 210
100 35
100 308
100 318
100 26
100 424
100 43
100 6
100 253
100 428
100 74
100 131
100 278
100 5
100 52
100 9
100 9
100 118
100 16
100 63
100 19
100 121
100 161
100 310
100 31
100 22
100 93
100 201
100 450
100 127
100 117
100 122
100 5
100 80
100 1
100 171
100 200
100 42
100 71
100 35
100 158
100 280
100 92
100 22
100 193
100 118
100 36
100 299
100 9
100 39
100 39
100 401
100 60
100 210
100 41
100 25
100 256
100 21
100 220
100 50
100 109
100 46
100 33
100 73
100 298
100 134
100 70
100 194
100 14
100 41
100 345
100 51
100 143
100 15
100 45
100 142
100 368
100 64
100 250
100 42
100 51
100 69
100 118
100 33
100 47
100 33
100 487
100 108
100 32
100 25
100 305
100 87
100 58
100 225
100 85
100 2
100 298
100 57
100 145
100 240
100 14
100 45
100 133
100 39
100 32
100 7
100 492
100 101
100 70
100 19
100 1
100 243
100 154
100 179
100 326
100 110
100 111
100 16
100 110
100 10
100 417
100 140
100 73
100 102
100 42
100 369
100 140
100 65
100 167
100 15
100 37
100 1
100 357
100 91
100 233
100 58
100 680
100 46
100 136
100 280
100 168
100 52
100 213
100 68
100 30
100 135
100 23
100 480
100 100
100 33
100 2
100 58
100 12
100 18
100 590
100 226
100 58
100 90
100 40
100 218
100 249
100 78
100 108
100 14
100 203
100 18
100 124
100 4
100 149
100 328
100 35
100 226
100 22
100 15
100 79
100 26
100 104
100 110
100 306
100 15
100 101
100 1
100 90
100 3
100 156
100 133
100 14
100 203
100 168
100 99
100 39
100 159
100 98
100 20
100 160
100 284
100 280
100 44
100 99
100 38
100 19
100 120
100 428
100 6
100 20
100 51
100 174
100 119
100 82
100 9
100 364
100 291
100 56
100 88
100 52
100 53
100 38
100 18
100 133
100 2
100 24
100 396
100 133
100 83
100 18
100 91
100 140
100 37
100 153
100 108
100 40
100 215
100 28
100 373
100 36
100 320
100 104
100 273
100 36
100 292
100 9
100 6
100 26
100 83
100 8
100 62
100 63
100 43
100 37
100 35
100 118
100 433
100 62
100 213
100 361
100 257
100 71
100 135
100 38
100 585
100 292
100 42
100 163
100 130
100 35
100 25
100 122
100 135
100 58
100 3
100 7
100 10
100 32
100 149
100 31
100 77
100 29
100 77
100 92
100 211
100 237
100 97
100 48
100 75
100 103
100 8
100 368
100 80
100 97
100 77
100 162
100 39
100 24
100 58
100 277
100 320
100 70
100 164
100 202
100 119
100 98
100 13
100 38
100 40
100 3
100 3
100 86
100 78
100 581
100 456
100 188
100 124
100 231
100 64
100 139
100 352
100 44
100 63
100 146
100 262
100 29
100 32
100 318
100 175
100 240
100 72
100 30
100 426
100 228
100 40
100 400
100 76
100 178
100 77
100 632
100 5
100 5
100 195
100 50
100 142
100 14
100 273
100 691
100 357
100 128
100 62
100 68
100 34
100 4
100 176
100 116
100 418
100 142
100 39
100 40
100 31
100 62
100 218
100 308
100 13
100 47
100 2
100 117
100 6
100 12
100 52
100 144
100 2
100 15
100 113
100 11
100 19
100 118
100 27
100 56
100 193
100 32
100 161
100 207
100 54
100 411
100 2
100 27
100 164
100 20
100 47
100 185
100 26
100 122
100 23
100 6
100 117
100 134
100 44
100 55
100 207
100 85
100 29
100 294
100 37
100 61
100 1
100 197
100 26
100 57
100 84
100 201
100 180
100 363
100 201
100 88
100 81
100 125
100 63
100 58
100 399
100 114
100 63
100 252
100 78
100 238
100 2
100 274
100 66
100 178
100 69
100 174
100 1
100 19
100 88
100 304
100 173
100 38
100 154
100 420
100 369
100 122
100 39
100 54
100 78
100 98
100 81
100 135
100 256
100 227
100 7
100 7
100 88
100 266
100 10
100 68
100 151
100 125
100 46
100 19
100 67
100 91
100 62
100 100
100 50
100 34
100 48
100 164
100 37
100 155
100 5
100 90
100 74
100 10
100 54
100 3
100 114
100 443
100 26
100 325
100 97
100 393
100 380
100 29
100 52
100 122
100 0
100 17
100 161
100 58
100 297
100 0
100 85
100 55
100 63
100 50
100 53
100 182
100 37
100 47
100 62
100 288
100 86
100 36
100 52
100 31
100 206
100 224
100 109
100 608
100 0
100 41
100 120
100 18
100 88
100 252
100 223
100 20
100 130
100 209
100 35
100 23
100 77
100 84
100 25
100 66
100 205
100 227
100 86
100 103
100 11
100 99
100 76
100 36
100 71
100 197
100 173
100 17
100 51
100 121
100 26
100 73
100 336
100 93
100 92
100 114
100 9
100 90
100 70
100 53
100 338
100 126
100 176
100 181
100 7
100 22
100 412
100 12
100 122
100 420
100 160
100 97
100 52
100 212
100 27
100 95
100 194
100 17
100 5
100 86
100 162
100 87
100 171
100 184
100 99
100 14
100 117
100 31
100 408
100 172
100 172
100 36
100 136
100 177
100 76
100 83
100 7
100 41
100 131
100 466
100 211
100 199
100 25
100 218
100 210
100 73
100 367
100 135
100 257
100 29
100 206
100 90
100 27
100 164
100 80
100 127
100 2
100 28
100 110
100 112
100 3
100 112
100 22
100 78
100 79
100 230
100 14
100 24
100 83
100 206
100 3
100 29
100 107
100 52
100 20
100 194
100 9
100 256
100 10
100 76
100 161
100 40
100 227
100 12
100 154
100 79
100 17
100 466
100 60
100 26
100 35
100 18
100 151
100 74
100 138
100 250
100 246
100 55
100 2
100 47
100 1
100 47
100 72
100 125
100 202
100 89
100 47
100 254
100 238
100 198
100 166
100 461
100 80
100 2
100 48
100 73
100 129
100 135
100 154
100 135
100 867
100 217
100 129
100 62
100 14
100 57
100 304
100 49
100 2
100 323
100 90
100 217
100 22
100 139
100 98
100 67
100 39
100 237
100 104
100 47
100 49
100 378
100 141
100 27
100 25
100 288
100 28
100 10
100 175
100 163
100 187
100 24
100 167
100 128
100 59
100 382
100 58
100 3
100 127
100 75
100 426
100 175
100 268
100 23
100 112
100 48
100 22
100 46
100 22
100 151
100 14
100 101
100 33
100 311
100 5
100 60
100 103
100 145
100 193
100 119
100 164
100 49
100 2
100 82
100 10
100 6
100 56
100 195
100 12
100 160
100 106
100 389
100 121
100 288
100 44
100 483
100 7
100 241
100 133
100 180
100 145
100 67
100 104
100 173
100 110
100 116
100 38
100 114
100 339
100 138
100 29
100 44
100 220
100 212
100 88
100 71
100 115
100 7
100 69
100 133
100 153
100 83
100 121
100 5
100 67
100 192
100 305
100 22
100 18
100 39
100 75
100 45
100 176
100 19
100 52
100 474
100 6
100 45
100 96
100 214
100 191
100 17
100 34
100 49
100 360
100 119
100 6
100 78
100 219
100 130
100 70
100 28
100 75
100 165
100 83
100 53
100 174
100 12
100 98
100 297
100 13
100 13
100 143
100 76
100 98
100 259
100 20
100 32
100 9
100 213
100 291
100 130
100 596
100 16
100 22
100 78
100 72
100 70
100 84
100 16
100 30
100 171
100 167
100 265
100 72
100 166
100 39
100 31
100 225
100 61
100 192
100 53
100 95
100 7
100 3
100 98
100 220
100 26
100 1
100 222
100 142
100 131
100 159
100 353
100 76
100 226
100 367
100 79
100 32
100 154
100 43
100 52
100 231
100 132
100 7
100 23
100 3
100 8
100 3
100 135
100 92
100 64
100 3
100 37
100 15
100 13
100 174
100 42
100 12
100 288
100 118
100 92
100 101
100 31
100 82
100 249
100 18
100 630
100 152
100 176
100 218
100 62
100 249
100 101
100 91
100 200
100 5
100 18
100 34
100 177
100 327
100 41
100 150
100 156
100 26
100 57
100 129
100 164
100 221
100 37
100 2
100 86
100 25
100 20
100 60
100 35
100 659
100 52
100 72
100 52
100 40
100 51
100 49
100 53
100 422
100 8
100 21
100 11
100 30
100 4
100 172
100 27
100 299
100 28
100 116
100 41
100 110
100 128
100 202
100 296
100 51
100 215
100 98
100 509
100 7
100 75
100 123
100 44
100 258
100 234
100 34
100 63
100 121
100 15
100 165
100 363
100 227
100 95
100 33
100 124
100 41
100 125
100 241
100 96
100 38
100 4
100 72
100 9
100 48
100 9
100 20
100 127
100 93
100 189
100 48
100 42
100 45
100 127
100 6
100 49
100 46
100 21
100 84
100 93
100 64
100 18
100 43
100 7
100 18
100 525
100 3
100 326
100 47
100 658
100 45
100 56
100 8
100 191
100 78
100 190
100 134
100 115
100 104
100 120
100 80
100 114
100 41
100 26
100 500
100 49
100 55
100 228
100 545
100 210
100 53
100 83
100 30
100 169
100 246
100 18
100 272
100 191
100 316
100 145
100 38
100 23
100 176
100 45
100 51
100 217
100 510
100 12
100 48
100 145
100 171
100 455
100 88
100 157
100 268
100 14
100 46
100 180
100 17
100 293
100 430
100 97
100 0
100 81
100 100
100 80
100 9
100 21
100 14
100 198
100 221
100 53
100 133
100 23
100 14
100 238
100 221
100 82
100 71
100 295
100 312
100 123
100 105
100 16
100 174
100 126
100 284
100 90
100 362
100 718
100 174
100 108
100 15
100 22
100 67
100 27
100 3
100 42
100 52
100 60
100 41
100 368
100 73
100 425
100 42
100 3
100 173
100 97
100 32
100 8
100 170
100 14
100 97
100 197
100 68
100 230
100 83
100 224
100 8
100 81
100 45
100 13
100 26
100 57
100 15
100 24
100 136
100 134
100 38
100 66
100 18
100 117
100 163
100 212
100 76
100 49
100 106
100 52
100 71
100 326
100 154
100 80
100 11
100 429
100 96
100 283
100 45
100 185
100 72
100 46
100 126
100 213
100 54
100 330
100 17
100 192
100 53
100 64
100 38
100 47
100 152
100 86
100 14
100 270
100 179
100 47
100 119
100 187
100 85
100 8
100 227
100 379
100 126
100 213
100 77
100 49
100 10
100 154
100 81
100 132
100 30
100 117
100 186
100 1
100 333
100 288
100 271
100 5
100 181
100 0
100 8
100 158
100 14
100 55
100 30
100 296
100 328
100 133
100 177
100 173
100 603
100 82
100 264
100 224
100 161
100 286
100 165
100 305
100 207
100 77
100 6
100 168
100 761
100 290
100 23
100 539
100 85
100 77
100 171
100 504
100 51
100 60
100 31
100 156
100 151
100 48
100 146
100 177
100 566
100 74
100 185
100 263
100 65
100 124
100 105
100 85
100 47
100 11
100 476
100 24
100 11
100 23
100 14
100 129
100 64
100 372
100 75
100 249
100 104
100 77
100 3
100 134
100 332
100 129
100 65
100 12
100 117
100 72
100 532
100 54
100 25
100 147
100 19
100 112
100 3
100 66
100 397
100 357
100 7
100 25
100 59
100 21
100 50
100 171
100 76
100 53
100 284
100 47
100 325
100 95
100 42
100 120
100 11
100 51
100 73
100 383
100 29
100 257
100 126
100 221
100 305
100 88
100 7
100 198
100 62
100 145
100 8
100 7
100 58
100 159
100 142
100 165
100 145
100 14
100 62
100 159
100 23
100 22
100 110
100 112
100 269
100 220
100 303
100 121
100 33
100 77
100 168
100 61
100 308
100 273
100 210
100 13
100 243
100 250
100 285
100 32
100 70
100 297
100 289
100 118
100 112
100 337
100 4
100 228
100 116
100 10
100 96
100 39
100 22
100 10
100 364
100 14
100 123
100 174
100 10
100 361
100 266
100 98
100 91
100 6
100 84
100 74
100 97
100 8
100 134
100 10
100 105
100 84
100 188
100 231
100 46
100 198
100 58
100 6
100 38
100 107
100 73
100 2
100 95
100 179
100 446
100 3
100 158
100 64
100 93
100 10
100 75
100 132
100 136
100 126
100 162
100 232
100 65
100 118
100 348
100 3
100 112
100 338
100 27
100 313
100 64
100 160
100 50
100 179
100 124
100 59
100 111
100 49
100 136
100 192
100 220
100 198
100 100
100 109
100 1027
100 59
100 37
100 261
100 50
100 199
100 213
100 59
100 288
100 65
100 326
100 54
100 2
100 216
100 61
100 122
100 97
100 10
100 98
100 103
100 14
100 254
100 104
100 3
100 212
100 83
100 124
100 191
100 39
100 16
100 355
100 67
100 35
100 84
100 150
100 360
100 18
100 649
100 75
100 58
100 49
100 216
100 348
100 29
100 191
100 152
100 140
100 154
100 92
100 243
100 34
100 50
100 71
100 122
100 345
100 113
100 277
100 184
100 29
100 0
100 129
100 183
100 203
100 90
100 115
100 134
100 71
100 27
100 24
100 212
100 86
100 8
100 100
100 112
100 53
100 27
100 12
100 296
100 9
100 295
100 61
100 225
100 104
100 23
100 29
100 211
100 6
100 14
100 182
100 163
100 97
100 84
100 130
100 94
100 85
100 113
100 190
100 50
100 208
100 30
100 132
100 4
100 65
100 3
100 108
100 59
100 20
100 22
100 74
100 301
100 213
100 24
100 24
100 185
100 27
100 119
100 87
100 69
100 32
100 28
100 54
100 87
100 93
100 11
100 45
100 39
100 5
100 9
100 104
100 30
100 63
100 108
100 5
100 26
100 81
100 104
100 155
100 31
100 205
100 154
100 702
100 157
100 367
100 55
100 161
100 45
100 135
100 109
100 5
100 470
100 468
100 60
100 291
100 24
100 26
100 75
100 270
100 68
100 177
100 27
100 21
100 5
100 426
100 121
100 97
100 140
100 67
100 19
100 148
100 13
100 195
100 15
100 252
100 99
100 32
100 230
100 170
100 213
100 19
100 194
100 83
100 123
100 56
100 54
100 254
100 13
100 342
100 57
100 347
100 89
100 53
100 39
100 103
100 9
100 329
100 152
100 125
100 24
100 243
100 79
100 38
100 63
100 34
100 10
100 65
100 225
100 35
100 135
100 118
100 246
100 405
100 0
100 5
100 157
100 145
100 465
100 50
100 161
100 23
100 169
100 15
100 41
100 43
100 132
100 124
100 177
100 21
100 6
100 26
100 39
100 123
100 10
100 90
100 41
100 183
100 192
100 69
100 268
100 131
100 1
100 67
100 115
100 25
100 16
100 65
100 97
100 206
100 152
100 61
100 236
100 0
100 111
100 0
100 114
100 396
100 24
100 40
100 25
100 82
100 190
100 71
100 46
100 138
100 16
100 429
100 141
100 5
100 92
100 299
100 284
100 32
100 46
100 186
100 185
100 71
100 134
100 98
100 56
100 18
100 105
100 29
100 204
100 28
100 8
100 42
100 51
100 179
100 53
100 238
100 88
100 261
100 721
100 5
100 41
100 74
100 73
100 152
100 405
100 51
100 24
100 99
100 5
100 30
100 12
100 441
100 6
100 173
100 55
100 13
100 92
100 449
100 63
100 13
100 356
100 75
100 27
100 20
100 16
100 89
100 183
100 58
100 204
100 832
100 16
100 164
100 165
100 82
100 28
100 17
100 394
100 14
100 32
100 122
100 19
100 48
100 32
100 21
100 64
100 121
100 28
100 110
100 68
100 1
100 69
100 98
100 260
100 337
100 277
100 39
100 153
100 165
100 131
100 21
100 53
100 191
100 20
100 202
100 112
100 130
100 129
100 33
100 196
100 554
100 80
100 642
100 23
100 269
100 80
100 166
100 66
100 140
100 13
100 176
100 179
100 163
100 35
100 54
100 67
100 79
100 53
100 62
100 121
100 79
100 8
100 115
100 145
100 135
100 147
100 15
100 39
100 10
100 154
100 221
100 164
100 349
100 7
100 140
100 82
100 35
100 429
100 244
100 17
100 395
100 573
100 262
100 95
100 71
100 245
100 104
100 55
100 84
100 24
100 37
100 20
100 25
100 523
100 42
100 170
100 9
100 221
100 175
100 11
100 455
100 52
100 320
100 84
100 25
100 319
100 290
100 85
100 90
100 90
100 94
100 72
100 151
100 48
100 168
100 12
100 354
100 41
100 153
100 64
100 43
100 433
100 86
100 145
100 190
100 242
100 263
100 346
100 315
100 100
100 26
100 13
100 27
100 18
100 45
100 155
100 81
100 61
100 23
100 99
100 102
100 43
100 63
100 167
100 71
100 206
100 243
100 69
100 15
100 66
100 13
100 161
100 91
100 541
100 61
100 179
100 84
100 165
100 132
100 282
100 88
100 33
100 23
100 157
100 205
100 33
100 23
100 207
100 7
100 19
100 167
100 246
100 103
100 178
100 12
100 258
100 2
100 99
100 327
100 70
100 70
100 249
100 108
100 107
100 200
100 32
100 214
100 4
100 63
100 70
100 226
100 63
100 194
100 91
100 9
100 63
100 17
100 72
100 39
100 26
100 91
100 141
100 175
100 15
100 222
100 22
100 56
100 23
100 52
100 12
100 175
100 189
100 21
100 3
100 10
100 15
100 292
100 215
100 184
100 16
100 82
100 260
100 214
100 7
100 12
100 111
100 16
100 78
100 19
100 38
100 17
100 23
100 111
100 105
100 74
100 25
100 266
100 163
100 25
100 106
100 415
100 35
100 192
100 152
100 48
100 391
100 76
100 180
100 107
100 40
100 123
100 102
100 268
100 76
100 39
100 326
100 174
100 315
100 120
100 65
100 12
100 161
100 324
100 30
100 78
100 460
100 43
100 24
100 103
100 8
100 227
100 57
100 24
100 22
100 875
100 92
100 213
100 98
100 297
100 17
100 105
100 121
100 94
100 110
100 24
100 50
100 38
100 46
100 108
100 53
100 102
100 6
100 83
100 194
100 79
100 313
100 168
100 174
100 246
100 26
100 22
100 80
100 112
100 199
100 54
100 87
100 157
100 299
100 33
100 0
100 107
100 159
100 66
100 27
100 9
100 174
100 149
100 238
100 11
100 53
100 79
100 9
100 13
100 110
100 65
100 125
100 16
100 82
100 110
100 88
100 34
100 95
100 366
100 282
100 60
100 35
100 105
100 112
100 109
100 241
100 110
100 7
100 226
100 4
100 43
100 56
100 6
100 262
100 165
100 75
100 240
100 117
100 112
100 103
100 128
100 115
100 52
100 16
100 155
100 481
100 59
100 130
100 81
100 0
100 6
100 290
100 392
100 60
100 122
100 74
100 130
100 71
100 209
100 58
100 111
100 96
100 91
100 139
100 36
100 2
100 8
100 134
100 89
100 35
100 0
100 248
100 139
100 12
100 504
100 192
100 222
100 261
100 106
100 417
100 269
100 143
100 113
100 203
100 95
100 14
100 58
100 475
100 117
100 40
100 202
100 22
100 88
100 20
100 68
100 9
100 117
100 77
100 26
100 161
100 110
100 65
100 57
100 58
100 154
100 5
100 196
100 12
100 183
100 31
100 113
100 48
100 132
100 21
100 75
100 37
100 471
100 327
100 180
100 53
100 36
100 102
100 146
100 166
100 27
100 144
100 404
100 189
100 170
100 8
100 110
100 21
100 2
100 54
100 85
100 38
100 89
100 0
100 105
100 86
100 122
100 120
100 185
100 371
100 503
100 64
100 59
100 37
100 197
100 9
100 22
100 160
100 16
100 260
100 47
100 97
100 179
100 144
100 217
100 75
100 160
100 270
100 47
100 84
100 22
100 19
100 3
100 8
100 28
100 4
100 44
100 32
100 261
100 29
100 48
100 172
100 121
100 31
100 4
100 64
100 310
100 149
100 120
100 145
100 93
100 136
100 181
100 44
100 44
100 48
100 50
100 123
100 1
100 67
100 281
100 202
100 409
100 49
100 35
100 130
100 27
100 252
100 67
100 10
100 88
100 309
100 1
100 11
100 390
100 141
100 58
100 531
100 30
100 0
100 100
100 394
100 246
100 324
100 73
100 116
100 136
100 1086
100 1
100 180
100 9
100 14
100 223
100 157
100 192
100 94
100 48
100 20
100 58
100 117
100 536
100 120
100 444
100 139
100 17
100 131
100 300
100 247
100 9
100 5
100 0
100 261
100 462
100 13
100 496
100 316
100 302
100 199
100 327
100 125
100 172
100 87
100 157
100 207
100 37
100 39
100 5
100 84
100 0
100 64
100 39
100 63
100 61
100 4
100 27
100 186
100 57
100 30
100 70
100 36
100 53
100 175
100 36
100 91
100 68
100 247
100 99
100 586
100 165
100 200
100 208
100 342
100 132
100 265
100 96
100 41
100 144
100 369
100 171
100 116
100 49
100 323
100 190
100 42
100 93
100 8
100 153
100 20
100 66
100 31
100 387
100 3
100 119
100 0
100 184
100 91
100 27
100 43
100 82
100 116
100 84
100 278
100 50
100 104
100 137
100 239
100 192
100 32
100 172
100 32
100 125
100 50
100 237
100 241
100 412
100 35
100 120
100 32
100 44
100 115
100 712
100 30
100 263
100 37
100 3
100 50
100 323
100 42
100 87
100 72
100 170
100 68
100 342
100 80
100 7
100 9
100 37
100 14
100 4
100 59
100 48
100 128
100 15
100 159
100 117
100 60
100 7
100 270
100 81
100 60
100 215
100 15
100 144
100 324
100 49
100 204
100 114
100 53
100 213
100 55
100 282
100 178
100 43
100 269
100 217
100 16
100 11
100 283
100 13
100 5
100 51
100 81
100 145
100 9
100 24
100 122
100 25
100 73
100 262
100 81
100 108
100 84
100 161
100 1
100 94
100 21
100 121
100 45
100 47
100 105
100 11
100 19
100 186
100 76
100 122
100 85
100 97
100 135
100 69
100 87
100 59
100 142
100 2
100 286
100 383
100 11
100 51
100 181
100 59
100 108
100 53
100 109
100 260
100 37
100 536
100 113
100 80
100 45
100 50
100 51
100 291
100 53
100 134
100 178
100 101
100 57
100 15
100 256
100 131
100 123
100 99
100 514
100 103
100 83
100 135
100 125
100 279
100 874
100 172
100 88
100 5
100 176
100 68
100 122
100 75
100 34
100 509
100 173
100 215
100 105
100 379
100 189
100 82
100 137
100 8
100 173
100 89
100 19
100 221
100 453
100 35
100 92
100 226
100 15
100 32
100 5
100 34
100 40
100 2
100 54
100 19
100 157
100 128
100 99
100 48
100 219
100 172
100 142
100 3
100 231
100 200
100 39
100 51
100 45
100 88
100 38
100 65
100 223
100 8
100 72
100 278
100 97
100 293
100 88
100 13
100 123
100 62
100 436
100 35
100 192
100 176
100 38
100 97
100 30
100 411
100 16
100 271
100 5
100 47
100 193
100 4
100 126
100 178
100 56
100 510
100 366
100 150
100 322
100 79
100 6
100 444
100 57
100 35
100 44
100 3
100 104
100 0
100 196
100 55
100 41
100 219
100 186
100 309
100 128
100 385
100 38
100 15
100 7
100 41
100 390
100 35
100 70
100 3
100 98
100 49
100 95
100 75
100 66
100 45
100 475
100 265
100 113
100 225
100 15
100 40
100 28
100 43
100 216
100 300
100 65
100 39
100 77
100 109
100 59
100 163
100 125
100 49
100 4
100 72
100 56
100 214
100 139
100 121
100 111
100 178
100 33
100 17
100 22
100 65
100 37
100 77
100 315
100 29
100 3
100 106
100 106
100 100
100 90
100 38
100 167
100 68
100 250
100 92
100 122
100 152
100 230
100 37
100 302
100 148
100 102
100 178
100 186
100 23
100 46
100 8
100 222
100 120
100 21
100 30
100 13
100 224
100 40
100 50
100 23
100 60
100 160
100 178
100 139
100 59
100 8
100 44
100 160
100 15
100 22
100 157
100 32
100 10
100 202
100 95
100 83
100 230
100 281
100 18
100 336
100 727
100 111
100 112
100 163
100 27
100 31
100 419
100 100
100 18
100 37
100 87
100 45
100 149
100 22
100 292
100 417
100 270
100 135
100 54
100 145
100 61
100 243
100 51
100 125
100 402
100 97
100 164
100 29
100 254
100 32
100 205
100 65
100 379
100 412
100 48
100 76
100 163
100 97
100 177
100 335
100 193
100 29
100 31
100 104
100 61
100 118
100 95
100 33
100 247
100 150
100 145
100 17
100 122
100 48
100 25
100 245
100 49
100 42
100 14
100 49
100 58
100 145
100 164
100 283
100 129
100 87
100 196
100 457
100 31
100 100
100 39
100 128
100 94
100 352
100 138
100 86
100 409
100 22
100 5
100 208
100 31
100 117
100 13
100 200
100 431
100 65
100 80
100 96
100 199
100 38
100 238
100 33
100 808
100 232
100 37
100 97
100 28
100 157
100 24
100 39
100 276
100 132
100 172
100 174
100 36
100 31
100 143
100 88
100 144
100 147
100 68
100 159
100 21
100 354
100 342
100 264
100 115
100 277
100 67
100 50
100 145
100 140
100 239
100 228
100 47
100 341
100 96
100 67
100 13
100 160
100 233
100 30
100 16
100 65
100 113
100 94
100 169
100 41
100 130
100 1
100 123
100 230
100 27
100 9
100 104
100 311
100 544
100 24
100 92
100 41
100 23
100 97
100 9
100 287
100 256
100 31
100 262
100 38
100 255
100 268
100 76
100 13
100 9
100 69
100 30
100 111
100 124
100 62
100 43
100 66
100 53
100 11
100 94
100 52
100 41
100 102
100 124
100 77
100 203
100 65
100 68
100 81
100 13
100 332
100 131
100 60
100 407
100 37
100 31
100 78
100 162
100 64
100 6
100 234
100 176
100 26
100 54
100 14
100 15
100 74
100 58
100 212
100 0
100 12
100 332
100 23
100 149
100 118
100 92
100 139
100 116
100 347
100 39
100 204
100 264
100 54
100 194
100 57
100 246
100 151
100 1
100 123
100 112
100 632
100 142
100 259
100 39
100 129
100 62
100 28
100 111
100 26
100 139
100 119
100 66
100 75
100 56
100 69
100 129
100 126
100 94
100 57
100 13
100 106
100 24
100 59
100 107
100 94
100 87
100 245
100 2
100 354
100 151
100 1
100 102
100 399
100 193
100 29
100 51
100 78
100 114
100 88
100 30
100 31
100 72
100 20
100 128
100 7
100 131
100 56
100 44
100 81
100 59
100 307
100 75
100 73
100 82
100 154
100 221
100 44
100 16
100 267
100 139
100 320
100 151
100 84
100 191
100 89
100 56
100 25
100 127
100 19
100 224
100 14
100 2
100 389
100 54
100 167
100 604
100 109
100 346
100 18
100 145
100 39
100 77
100 314
100 359
100 63
100 251
100 109
100 23
100 143
100 164
100 43
100 4
100 93
100 27
100 123
100 162
100 40
100 62
100 59
100 0
100 50
100 255
100 398
100 32
100 20
100 84
100 109
100 77
100 72
100 137
100 108
100 149
100 127
100 46
100 24
100 81
100 67
100 121
100 82
100 399
100 77
100 127
100 110
100 376
100 12
100 7
100 329
100 179
100 37
100 25
100 273
100 11
100 33
100 13
100 397
100 189
100 105
100 192
100 203
100 181
100 9
100 153
100 180
100 89
100 116
100 23
100 104
100 237
100 95
100 0
100 111
100 10
100 308
100 32
100 118
100 561
100 49
100 62
100 54
100 61
100 21
100 32
100 126
100 248
100 244
100 120
100 89
100 37
100 63
100 68
100 55
100 250
100 173
100 160
100 1
100 167
100 55
100 19
100 199
100 79
100 59
100 89
100 95
100 119
100 42
100 11
100 202
100 110
100 100
100 6
100 184
100 47
100 32
100 45
100 77
100 89
100 86
100 87
100 80
100 30
100 95
100 24
100 40
100 65
100 668
100 56
100 0
100 79
100 281
100 43
100 71
100 513
100 77
100 40
100 145
100 181
100 30
100 180
100 276
100 339
100 8
100 92
100 128
100 185
100 223
100 76
100 124
100 26
100 73
100 69
100 182
100 91
100 16
100 103
100 113
100 118
100 60
100 22
100 216
100 6
100 74
100 7
100 214
100 223
100 41
100 66
100 126
100 20
100 65
100 4
100 22
100 317
100 77
100 91
100 31
100 45
100 27
100 45
100 59
100 31
100 44
100 108
100 66
100 638
100 36
100 561
100 30
100 171
100 110
100 147
100 68
100 184
100 276
100 115
100 118
100 72
100 54
100 50
100 8
100 173
100 65
100 61
100 81
100 38
100 100
100 31
100 80
100 3
100 190
100 92
100 364
100 33
100 143
100 138
100 21
100 304
100 61
100 247
100 46
100 101
100 71
100 85
100 1
100 15
100 71
100 106
100 40
100 202
100 151
100 13
100 61
100 325
100 146
100 54
100 321
100 25
100 5
100 42
100 50
100 33
100 233
100 8
100 72
100 142
100 7
100 8
100 13
100 46
100 20
100 347
100 236
100 202
100 8
100 48
100 54
100 29
100 7
100 138
100 38
100 200
100 106
100 72
100 295
100 43
100 123
100 62
100 113
100 269
100 76
100 237
100 14
100 5
100 281
100 123
100 344
100 59
100 62
100 67
100 45
100 129
100 3
100 9
100 92
100 207
100 9
100 21
100 323
100 69
100 54
100 72
100 309
100 10
100 7
100 40
100 52
100 106
100 20
100 7
100 66
100 39
100 213
100 129
100 152
100 9
100 98
100 243
100 203
100 7
100 15
100 2
100 23
100 298
100 57
100 298
100 258
100 92
100 22
100 74
100 99
100 11
100 297
100 39
100 20
100 121
100 179
100 45
100 98
100 51
100 20
100 103
100 59
100 74
100 97
100 108
100 301
100 161
100 54
100 28
100 641
100 85
100 21
100 2
100 375
100 58
100 230
100 171
100 87
100 5
100 2
100 94
100 328
100 24
100 121
100 99
100 136
100 9
100 78
100 260
100 130
100 15
100 124
100 76
100 31
100 50
100 58
100 12
100 79
100 127
100 66
100 41
100 87
100 51
100 153
100 96
100 299
100 166
100 277
100 46
100 115
100 223
100 2
100 84
100 86
100 205
100 427
100 14
100 69
100 126
100 30
100 28
100 137
100 73
100 71
100 42
100 12
100 74
100 3
100 48
100 203
100 200
100 363
100 100
100 120
100 26
100 216
100 5
100 109
100 327
100 69
100 37
100 62
100 1
100 30
100 86
100 30
100 257
100 304
100 2
100 122
100 76
100 133
100 453
100 2
100 169
100 17
100 18
100 173
100 6
100 418
100 49
100 28
100 61
100 49
100 43
100 27
100 174
100 30
100 45
100 25
100 95
100 360
100 317
100 302
100 128
100 217
100 80
100 90
100 12
100 116
100 72
100 260
100 98
100 81
100 270
100 88
100 10
100 65
100 93
100 21
100 73
100 26
100 23
100 44
100 438
100 259
100 110
100 119
100 155
100 36
100 122
100 65
100 89
100 128
100 325
100 239
100 100
100 118
100 169
100 23
100 99
100 8
100 43
100 154
100 215
100 69
100 229
100 116
100 310
100 83
100 181
100 28
100 287
100 64
100 85
100 544
100 142
100 145
100 21
100 37
100 27
100 56
100 102
100 168
100 254
100 44
100 78
100 79
100 117
100 162
100 246
100 13
100 135
100 122
100 287
100 43
100 74
100 119
100 11
100 50
100 118
100 109
100 579
100 101
100 174
100 36
100 241
100 147
100 175
100 9
100 66
100 29
100 126
100 504
100 29
100 378
100 133
100 4
100 297
100 105
100 106
100 16
100 326
100 11
100 8
100 48
100 21
100 66
100 31
100 125
100 1
100 520
100 221
100 53
100 148
100 19
100 247
100 162
100 139
100 124
100 33
100 64
100 31
100 43
100 54
100 34
100 42
100 85
100 50
100 47
100 92
100 84
100 155
100 154
100 75
100 389
100 106
100 232
100 312
100 233
100 19
100 151
100 105
100 127
100 20
100 147
100 7
100 3
100 138
100 133
100 170
100 51
100 164
100 127
100 2
100 23
100 45
100 5
100 18
100 33
100 328
100 1
100 123
100 10
100 387
100 71
100 15
100 25
100 59
100 64
100 255
100 4
100 245
100 74
100 110
100 1
100 129
100 160
100 7
100 276
100 3
100 34
100 486
100 232
100 70
100 317
100 126
100 251
100 305
100 191
100 28
100 148
100 212
100 45
100 419
100 36
100 36
100 3
100 15
100 42
100 12
100 41
100 101
100 60
100 6
100 101
100 192
100 209
100 39
100 269
100 177
100 260
100 23
100 75
100 18
100 44
100 122
100 84
100 284
100 10
100 133
100 23
100 52
100 480
100 97
100 164
100 5
100 45
100 108
100 47
100 305
100 307
100 12
100 373
100 1
100 0
100 42
100 187
100 21
100 7
100 21
100 121
100 22
100 205
100 23
100 317
100 35
100 39
100 146
100 16
100 6
100 175
100 120
100 42
100 57
100 48
100 101
100 105
100 12
100 93
100 119
100 27
100 61
100 29
100 104
100 335
100 101
100 60
100 239
100 125
100 65
100 42
100 30
100 184
100 210
100 29
100 26
100 2
100 24
100 57
100 10
100 127
100 68
100 58
100 24
100 261
100 188
100 43
100 205
100 82
100 23
100 246
100 199
100 226
100 133
100 73
100 151
100 337
100 73
100 69
100 382
100 349
100 75
100 63
100 32
100 242
100 82
100 317
100 75
100 57
100 142
100 6
100 272
100 136
100 18
100 316
100 122
100 111
100 134
100 67
100 194
100 116
100 19
100 29
100 108
100 118
100 27
100 42
100 40
100 300
100 11
100 282
100 280
100 185
100 196
100 5
100 143
100 13
100 17
100 95
100 152
100 40
100 95
100 287
100 102
100 132
100 106
100 21
100 206
100 234
100 140
100 121
100 141
100 315
100 38
100 33
100 171
100 111
100 4
100 64
100 236
100 17
100 165
100 160
100 46
100 41
100 4
100 8
100 157
100 146
100 71
100 128
100 654
100 6
100 156
100 20
100 151
100 756
100 18
100 2
100 83
100 0
100 40
100 250
100 7
100 196
100 11
100 248
100 346
100 1
100 14
100 183
100 176
100 161
100 256
100 68
100 318
100 103
100 21
100 315
100 22
100 68
100 2
100 0
100 55
100 61
100 156
100 163
100 78
100 74
100 49
100 29
100 163
100 234
100 270
100 2
100 249
100 95
100 31
100 77
100 181
100 90
100 75
100 224
100 8
100 83
100 44
100 36
100 44
100 12
100 139
100 122
100 43
100 44
100 145
100 109
100 37
100 87
100 274
100 161
100 80
100 84
100 64
100 40
100 344
100 89
100 39
100 14
100 339
100 264
100 11
100 24
100 295
100 56
100 170
100 431
100 56
100 182
100 115
100 370
100 347
100 65
100 20
100 78
100 1049
100 113
100 141
100 56
100 13
100 99
100 176
100 25
100 72
100 124
100 16
100 32
100 16
100 16
100 17
100 152
100 78
100 47
100 117
100 295
100 404
100 210
100 91
100 71
100 120
100 60
100 118
100 128
100 59
100 141
100 656
100 135
100 79
100 191
100 80
100 50
100 113
100 168
100 74
100 41
100 139
100 250
100 88
100 61
100 10
100 252
100 103
100 262
100 273
100 30
100 213
100 29
100 47
100 71
100 25
100 66
100 7
100 159
100 24
100 99
100 21
100 88
100 105
100 28
100 57
100 174
100 56
100 204
100 210
100 116
100 297
100 63
100 54
100 87
100 12
100 158
100 29
100 147
100 91
100 21
100 42
100 87
100 58
100 129
100 121
100 98
100 185
100 116
100 20
100 52
100 120
100 34
100 33
100 13
100 36
100 105
100 174
100 23
100 81
100 26
100 16
100 203
100 43
100 52
100 61
100 126
100 479
100 144
100 2
100 12
100 68
100 25
100 72
100 87
100 214
100 2
100 552
100 142
100 82
100 46
100 9
100 69
100 92
100 141
100 101
100 13
100 33
100 197
100 292
100 197
100 48
100 18
100 91
100 72
100 250
100 182
100 109
100 2
100 191
100 46
100 66
100 167
100 59
100 82
100 31
100 62
100 74
100 226
100 29
100 205
100 78
100 45
100 330
100 39
100 40
100 96
100 89
100 95
100 397
100 45
100 18
100 49
100 592
100 419
100 43
100 143
100 51
100 159
100 168
100 24
100 215
100 239
100 240
100 446
100 303
100 62
100 211
100 228
100 24
100 75
100 233
100 42
100 9
100 32
100 192
100 12
100 20
100 410
100 443
100 300
100 120
100 34
100 13
100 9
100 103
100 265
100 200
100 64
100 24
100 13
100 226
100 49
100 259
100 18
100 65
100 210
100 251
100 32
100 325
100 160
100 113
100 153
100 33
100 403
100 180
100 126
100 9
100 37
100 145
100 203
100 84
100 4
100 91
100 29
100 85
100 346
100 12
100 2
100 4
100 14
100 26
100 137
100 40
100 101
100 18
100 123
100 126
100 142
100 17
100 148
100 277
100 199
100 473
100 5
100 574
100 57
100 133
100 44
100 34
100 47
100 71
100 31
100 91
100 98
100 389
100 202
100 36
100 84
100 179
100 93
100 154
100 175
100 50
100 80
100 95
100 9
100 222
100 103
100 174
100 20
100 11
100 113
100 402
100 144
100 163
100 181
100 130
100 41
100 60
100 54
100 111
100 384
100 405
100 56
100 43
100 100
100 264
100 151
100 45
100 42
100 19
100 195
100 430
100 7
100 36
100 35
100 209
100 79
100 156
100 197
100 186
100 81
100 22
100 5
100 70
100 221
100 20
100 29
100 12
100 34
100 46
100 177
100 97
100 91
100 184
100 9
100 54
100 53
100 95
100 380
100 158
100 224
100 87
100 18
100 71
100 65
100 86
100 92
100 178
100 148
100 105
100 3
100 132
100 134
100 84
100 210
100 319
100 42
100 414
100 199
100 4
100 25
100 36
100 77
100 270
100 162
100 21
100 159
100 114
100 43
100 58
100 24
100 36
100 98
100 35
100 0
100 327
100 51
100 50
100 118
100 435
100 62
100 150
100 77
100 301
100 53
100 10
100 145
100 84
100 85
100 8
100 496
100 106
100 46
100 38
100 232
100 124
100 37
100 95
100 73
100 74
100 22
100 107
100 28
100 2
100 38
100 45
100 327
100 105
100 39
100 145
100 49
100 395
100 21
100 202
100 0
100 108
100 121
100 47
100 35
100 77
100 147
100 178
100 266
100 43
100 155
100 14
100 237
100 15
100 199
100 30
100 169
100 59
100 37
100 11
100 92
100 9
100 65
100 40
100 131
100 47
100 47
100 18
100 82
100 12
100 104
100 11
100 99
100 445
100 43
100 45
100 35
100 185
100 5
100 49
100 269
100 6
100 117
100 178
100 62
100 4
100 538
100 49
100 246
100 226
100 65
100 298
100 35
100 357
100 3
100 138
100 50
100 124
100 138
100 24
100 99
100 53
100 225
100 82
100 0
100 46
100 93
100 305
100 1
100 191
100 132
100 438
100 142
100 41
100 325
100 3
100 33
100 391
100 18
100 45
100 45
100 64
100 164
100 53
100 241
100 122
100 106
100 186
100 70
100 48
100 8
100 271
100 16
100 80
100 122
100 57
100 230
100 71
100 11
100 191
100 5
100 21
100 17
100 38
100 135
100 64
100 39
100 85
100 56
100 273
100 15
100 96
100 80
100 62
100 42
100 72
100 57
100 28
100 59
100 29
100 136
100 96
100 135
100 241
100 150
100 180
100 854
100 51
100 268
100 403
100 237
100 473
100 43
100 52
100 32
100 17
100 112
100 5
100 32
100 66
100 575
100 95
100 313
100 273
100 136
100 126
100 2
100 200
100 126
100 155
100 160
100 15
100 43
100 171
100 220
100 360
100 39
100 191
100 70
100 22
100 27
100 22
100 58
100 430
100 429
100 109
100 248
100 127
100 65
100 91
100 63
100 62
100 45
100 3
100 94
100 142
100 100
100 75
100 49
100 206
100 138
100 50
100 128
100 4
100 31
100 36
100 55
100 155
100 4
100 4
100 198
100 151
100 33
100 26
100 24
100 289
100 191
100 76
100 240
100 76
100 222
100 2
100 106
100 17
100 131
100 4
100 102
100 124
100 242
100 15
100 223
100 12
100 243
100 5
100 12
100 14
100 157
100 279
100 31
100 413
100 6
100 163
100 23
100 65
100 41
100 361
100 6
100 39
100 32
100 70
100 166
100 48
100 24
100 78
100 77
100 28
100 45
100 167
100 195
100 25
100 378
100 264
100 36
100 37
100 118
100 180
100 37
100 39
100 58
100 30
100 33
100 215
100 43
100 210
100 13
100 373
100 133
100 199
100 11
100 61
100 108
100 61
100 179
100 360
100 32
100 95
100 21
100 89
100 7
100 98
100 188
100 31
100 1
100 247
100 65
100 11
100 138
100 117
100 133
100 9
100 9
100 1
100 54
100 83
100 12
100 5
100 4
100 191
100 202
100 149
100 160
100 341
100 119
100 13
100 60
100 65
100 77
100 73
100 27
100 58
100 76
100 128
100 19
100 61
100 93
100 349
100 33
100 47
100 59
100 192
100 116
100 228
100 144
100 31
100 1
100 7
100 199
100 729
100 413
100 43
100 12
100 84
100 87
100 3
100 61
100 126
100 51
100 50
100 120
100 160
100 81
100 23
100 38
100 106
100 90
100 93
100 160
100 92
100 6
100 12
100 128
100 43
100 36
100 243
100 37
100 6
100 17
100 142
100 87
100 321
100 170
100 259
100 80
100 32
100 103
100 194
100 239
100 396
100 133
100 52
100 71
100 20
100 154
100 97
100 166
100 76
100 199
100 64
100 67
100 75
100 80
100 258
100 145
100 74
100 154
100 242
100 38
100 30
100 244
100 86
100 221
100 123
100 19
100 55
100 177
100 142
100 244
100 4
100 70
100 82
100 183
100 2
100 133
100 226
100 77
100 94
100 74
100 311
100 465
100 61
100 13
100 134
100 21
100 43
100 141
100 172
100 186
100 143
100 49
100 2
100 247
100 27
100 50
100 9
100 116
100 90
100 5
100 58
100 11
100 202
100 380
100 10
100 89
100 340
100 163
100 60
100 340
100 0
100 2
100 75
100 117
100 69
100 24
100 38
100 143
100 82
100 281
100 11
100 147
100 133
100 258
100 28
100 34
100 10
100 88
100 15
100 106
100 56
100 130
100 316
100 64
100 116
100 122
100 60
100 408
100 192
100 107
100 15
100 180
100 63
100 32
100 126
100 77
100 90
100 835
100 204
100 109
100 222
100 206
100 385
100 24
100 116
100 284
100 51
100 98
100 160
100 42
100 71
100 122
100 188
100 145
100 8
100 227
100 295
100 96
100 93
100 173
100 95
100 8
100 302
100 77
100 116
100 92
100 185
100 15
100 123
100 279
100 89
100 32
100 126
100 3
100 63
100 278
100 17
100 19
100 237
100 130
100 0
100 332
100 9
100 125
100 418
100 35
100 96
100 78
100 106
100 82
100 432
100 310
100 95
100 155
100 16
100 18
100 121
100 8
100 115
100 23
100 74
100 3
100 24
100 19
100 29
100 244
100 257
100 100
100 192
100 73
100 71
100 46
100 95
100 113
100 95
100 222
100 19
100 1
100 116
100 84
100 37
100 116
100 122
100 275
100 127
100 17
100 105
100 52
100 99
100 142
100 18
100 61
100 88
100 43
100 16
100 232
100 31
100 14
100 100
100 60
100 19
100 184
100 109
100 474
100 455
100 209
100 91
100 255
100 47
100 71
100 43
100 202
100 4
100 231
100 185
100 225
100 303
100 76
100 107
100 8
100 95
100 11
100 88
100 219
100 26
100 353
100 265
100 122
100 322
100 36
100 84
100 54
100 86
100 44
100 87
100 1
100 40
100 66
100 237
100 6
100 37
100 87
100 11
100 202
100 116
100 49
100 44
100 50
100 59
100 23
100 70
100 440
100 2
100 72
100 238
100 98
100 713
100 233
100 403
100 82
100 64
100 73
100 111
100 49
100 23
100 29
100 0
100 115
100 3
100 105
100 170
100 118
100 154
100 48
100 710
100 36
100 101
100 178
100 22
100 64
100 7
100 229
100 61
100 55
100 97
100 37
100 112
100 19
100 42
100 175
100 93
100 166
100 25
100 146
100 45
100 29
100 55
100 18
100 150
100 246
100 152
100 217
100 26
100 18
100 73
100 47
100 61
100 286
100 63
100 38
100 102
100 80
100 16
100 45
100 105
100 215
100 45
100 240
100 126
100 5
100 64
100 19
100 573
100 42
100 35
100 260
100 232
100 4
100 188
100 37
100 430
100 230
100 10
100 7
100 20
100 273
100 413
100 138
100 18
100 65
100 188
100 310
100 212
100 50
100 41
100 66
100 143
100 117
100 56
100 22
100 173
100 74
100 12
100 60
100 6
100 262
100 95
100 18
100 212
100 52
100 102
100 33
100 3
100 206
100 55
100 109
100 27
100 101
100 18
100 7
100 12
100 30
100 1
100 39
100 258
100 356
100 68
100 19
100 241
100 136
100 0
100 100
100 180
100 43
100 153
100 187
100 302
100 151
100 52
100 149
100 13
100 87
100 196
100 143
100 206
100 32
100 221
100 123
100 157
100 140
100 25
100 48
100 59
100 42
100 38
100 309
100 181
100 141
100 77
100 217
100 1
100 184
100 182
100 42
100 181
100 23
100 6
100 281
100 181
100 17
100 102
100 8
100 169
100 271
100 18
100 121
100 58
100 76
100 212
100 121
100 87
100 115
100 151
100 34
100 402
100 110
100 291
100 194
100 253
100 2
100 111
100 239
100 125
100 472
100 14
100 179
100 35
100 42
100 43
100 11
100 31
100 4
100 75
100 161
100 92
100 177
100 19
100 309
100 20
100 67
100 77
100 8
100 15
100 135
100 114
100 47
100 110
100 13
100 81
100 51
100 715
100 4
100 250
100 12
100 158
100 69
100 86
100 315
100 267
100 42
100 345
100 21
100 2
100 31
100 114
100 156
100 138
100 47
100 1
100 48
100 99
100 151
100 40
100 62
100 56
100 281
100 122
100 71
100 11
100 28
100 102
100 108
100 4
100 100
100 130
100 371
100 66
100 54
100 11
100 26
100 85
100 195
100 29
100 24
100 156
100 31
100 130
100 47
100 58
100 161
100 9
100 87
100 6
100 202
100 31
100 81
100 24
100 0
100 70
100 55
100 89
100 113
100 205
100 287
100 89
100 1
100 157
100 34
100 20
100 187
100 167
100 105
100 478
100 111
100 10
100 7
100 13
100 59
100 259
100 250
100 160
100 214
100 121
100 130
100 318
100 6
100 122
100 111
100 0
100 376
100 29
100 96
100 7
100 208
100 39
100 206
100 154
100 143
100 157
100 118
100 114
100 254
100 121
100 112
100 227
100 5
100 43
100 393
100 114
100 111
100 96
100 89
100 121
100 72
100 2
100 144
100 147
100 150
100 55
100 84
100 14
100 4
100 33
100 110
100 137
100 10
100 5
100 262
100 11
100 48
100 116
100 391
100 21
100 224
100 80
100 79
100 103
100 227
100 9
100 0
100 194
100 38
100 140
100 279
100 151
100 182
100 44
100 68
100 86
100 47
100 127
100 11
100 120
100 9
100 42
100 117
100 0
100 26
100 115
100 82
100 37
100 75
100 126
100 146
100 167
100 72
100 41
100 47
100 345
100 24
100 131
100 75
100 62
100 120
100 4
100 51
100 116
100 305
100 53
100 31
100 34
100 108
100 24
100 185
100 374
100 15
100 86
100 114
100 22
100 237
100 401
100 271
100 50
100 8
100 216
100 387
100 36
100 111
100 54
100 31
100 1
100 4
100 472
100 72
100 36
100 88
100 15
100 42
100 238
100 64
100 56
100 293
100 216
100 359
100 141
100 0
100 13
100 34
100 130
100 157
100 358
100 17
100 150
100 215
100 4
100 41
100 476
100 316
100 87
100 77
100 197
100 86
100 17
100 176
100 171
100 130
100 228
100 147
100 27
100 26
100 229
100 21
100 11
100 46
100 132
100 71
100 166
100 88
100 100
100 223
100 33
100 24
100 89
100 132
100 129
100 272
100 78
100 47
100 1
100 36
100 125
100 362
100 229
100 69
100 4
100 185
100 169
100 115
100 70
100 41
100 344
100 19
100 204
100 279
100 70
100 113
100 23
100 130
100 466
100 62
100 74
100 28
100 152
100 20
100 80
100 113
100 91
100 97
100 484
100 136
100 61
100 75
100 170
100 3
100 46
100 55
100 180
100 4
100 63
100 30
100 331
100 56
100 39
100 74
100 73
100 70
100 4
100 273
100 120
100 7
100 27
100 91
100 42
100 348
100 193
100 132
100 133
100 362
100 86
100 287
100 16
100 9
100 103
100 4
100 183
100 235
100 52
100 100
100 40
100 84
100 56
100 302
100 28
100 357
100 129
100 170
100 32
100 14
100 46
100 65
100 106
100 88
100 280
100 254
100 152
100 172
100 25
100 6
100 116
100 87
100 225
100 14
100 17
100 37
100 5
100 140
100 177
100 88
100 104
100 10
100 59
100 23
100 558
100 175
100 54
100 84
100 224
100 85
100 15
100 74
100 183
100 90
100 116
100 128
100 605
100 103
100 197
100 20
100 190
100 308
100 125
100 39
100 29
100 5
100 6
100 60
100 178
100 92
100 665
100 14
100 145
100 4
100 325
100 222
100 367
100 153
100 1
100 8
100 277
100 25
100 27
100 70
100 78
100 51
100 234
100 24
100 80
100 142
100 125
100 340
100 0
100 261
100 5
100 0
100 33
100 46
100 237
100 13
100 39
100 78
100 11
100 14
100 82
100 97
100 11
100 236
100 75
100 54
100 17
100 214
100 108
100 243
100 158
100 45
100 7
100 23
100 65
100 111
100 192
100 61
100 63
100 135
100 63
100 112
100 304
100 84
100 321
100 142
100 81
100 34
100 254
100 218
100 273
100 59
100 286
100 404
100 423
100 58
100 114
100 63
100 305
100 68
100 641
100 66
100 79
100 61
100 105
100 82
100 312
100 202
100 80
100 141
100 133
100 289
100 14
100 59
100 30
100 62
100 314
100 12
100 1
100 138
100 94
100 12
100 34
100 190
100 29
100 45
100 74
100 197
100 181
100 16
100 95
100 68
100 79
100 56
100 161
100 17
100 83
100 4
100 40
100 209
100 23
100 95
100 71
100 12
100 31
100 27
100 0
100 15
100 69
100 6
100 69
100 38
100 90
100 105
100 2
100 31
100 2
100 4
100 188
100 1
100 8
100 249
100 14
100 3
100 64
100 176
100 144
100 43
100 242
100 452
100 5
100 38
100 78
100 22
100 29
100 327
100 374
100 13
100 317
100 79
100 110
100 72
100 174
100 170
100 185
100 18
100 121
100 28
100 2
100 7
100 48
100 23
100 74
100 84
100 22
100 30
100 20
100 239
100 25
100 67
100 137
100 107
100 140
100 32
100 205
100 8
100 334
100 27
100 58
100 321
100 24
100 165
100 12
100 45
100 174
100 140
100 56
100 9
100 51
100 35
100 21
100 346
100 112
100 59
100 146
100 122
100 123
100 244
100 73
100 118
100 60
100 140
100 26
100 62
100 47
100 145
100 184
100 151
100 106
100 157
100 30
100 2
100 16
100 122
100 23
100 74
100 173
100 71
100 75
100 207
100 97
100 117
100 103
100 52
100 127
100 57
100 98
100 50
100 12
100 86
100 32
100 214
100 286
100 105
100 107
100 12
100 65
100 90
100 78
100 11
100 26
100 194
100 249
100 307
100 178
100 92
100 56
100 94
100 105
100 20
100 87
100 109
100 283
100 46
100 26
100 69
100 185
100 128
100 121
100 42
100 24
100 204
100 36
100 21
100 4
100 54
100 176
100 32
100 224
100 75
100 95
100 87
100 20
100 72
100 34
100 137
100 61
100 159
100 44
100 238
100 5
100 17
100 40
100 372
100 381
100 482
100 30
100 74
100 58
100 92
100 19
100 1
100 175
100 225
100 90
100 111
100 127
100 47
100 87
100 112
100 126
100 39
100 357
100 100
100 83
100 161
100 279
100 109
100 128
100 81
100 15
100 17
100 21
100 90
100 94
100 12
100 188
100 68
100 105
100 204
100 254
100 144
100 224
100 165
100 64
100 151
100 130
100 411
100 172
100 404
100 168
100 61
100 217
100 50
100 78
100 136
100 37
100 1
100 15
100 263
100 132
100 136
100 49
100 53
100 55
100 57
100 310
100 470
100 11
100 63
100 8
100 206
100 13
100 178
100 266
100 443
100 48
100 76
100 44
100 134
100 135
100 101
100 140
100 96
100 244
100 41
100 318
100 433
100 134
100 321
100 101
100 170
100 198
100 28
100 187
100 34
100 189
100 417
100 371
100 26
100 354
100 101
100 280
100 3
100 164
100 171
100 0
100 235
100 156
100 80
100 50
100 612
100 103
100 17
100 22
100 126
100 0
100 194
100 19
100 58
100 88
100 0
100 59
100 86
100 106
100 143
100 74
100 168
100 48
100 28
100 30
100 46
100 6
100 12
100 153
100 17
100 339
100 35
100 21
100 24
100 148
100 18
100 162
100 200
100 3
100 35
100 76
100 326
100 253
100 198
100 86
100 36
100 68
100 77
100 88
100 114
100 45
100 44
100 44
100 378
100 15
100 139
100 206
100 24
100 59
100 102
100 21
100 166
100 45
100 52
100 305
100 135
100 121
100 95
100 190
100 139
100 17
100 227
100 12
100 53
100 7
100 54
100 79
100 68
100 67
100 67
100 75
100 45
100 80
100 31
100 47
100 8
100 453
100 74
100 99
100 54
100 91
100 95
100 64
100 306
100 477
100 236
100 32
100 4
100 229
100 44
100 143
100 189
100 28
100 37
100 123
100 19
100 20
100 41
100 91
100 11
100 268
100 55
100 250
100 250
100 17
100 43
100 47
100 115
100 8
100 199
100 44
100 125
100 243
100 137
100 3
100 127
100 246
100 93
100 11
100 355
100 146
100 256
100 107
100 69
100 34
100 73
100 78
100 51
100 751
100 113
100 20
100 29
100 78
100 16
100 46
100 25
100 33
100 3
100 90
100 43
100 115
100 41
100 36
100 170
100 63
100 3
100 14
100 238
100 154
100 36
100 151
100 192
100 19
100 213
100 183
100 149
100 289
100 441
100 125
100 6
100 3
100 260
100 35
100 20
100 182
100 540
100 191
100 116
100 23
100 129
100 96
100 82
100 139
100 18
100 27
100 144
100 0
100 191
100 15
100 0
100 138
100 90
100 10
100 143
100 44
100 105
100 14
100 4
100 16
100 221
100 23
100 79
100 258
100 12
100 53
100 34
100 56
100 459
100 233
100 214
100 3
100 24
100 11
100 24
100 55
100 99
100 72
100 106
100 20
100 70
100 68
100 133
100 4
100 28
100 75
100 124
100 76
100 118
100 93
100 39
100 25
100 37
100 16
100 62
100 155
100 235
100 216
100 8
100 76
100 164
100 123
100 97
100 59
100 122
100 109
100 106
100 41
100 111
100 48
100 215
100 76
100 217
100 51
100 12
100 450
100 31
100 42
100 31
100 107
100 41
100 245
100 33
100 157
100 644
100 285
100 393
100 392
100 80
100 157
100 110
100 244
100 269
100 107
100 105
100 22
100 66
100 55
100 28
100 4
100 44
100 3
100 291
100 53
100 24
100 49
100 0
100 4
100 28
100 126
100 60
100 29
100 216
100 362
100 216
100 111
100 142
100 87
100 142
100 5
100 74
100 124
100 112
100 25
100 3
100 129
100 7
100 68
100 38
100 50
100 265
100 33
100 34
100 90
100 332
100 234
100 248
100 24
100 12
100 224
100 116
100 355
100 13
100 78
100 75
100 144
100 105
100 67
100 165
100 23
100 287
100 71
100 19
100 15
100 38
100 61
100 80
100 110
100 62
100 32
100 350
100 152
100 10
100 85
100 479
100 68
100 103
100 428
100 31
100 159
100 30
100 66
100 305
100 143
100 119
100 102
100 170
100 21
100 177
100 128
100 168
100 86
100 251
100 87
100 17
100 53
100 182
100 12
100 74
100 35
100 9
100 320
100 93
100 218
100 20
100 181
100 122
100 102
100 664
100 347
100 146
100 286
100 33
100 13
100 122
100 81
100 38
100 553
100 265
100 19
100 33
100 191
100 181
100 62
100 146
100 18
100 60
100 5
100 37
100 92
100 161
100 91
100 162
100 177
100 4
100 158
100 19
100 30
100 237
100 18
100 236
100 110
100 13
100 40
100 16
100 5
100 206
100 26
100 27
100 148
100 449
100 77
100 83
100 22
100 64
100 225
100 321
100 124
100 299
100 117
100 126
100 188
100 57
100 70
100 37
100 97
100 14
100 77
100 153
100 521
100 263
100 13
100 4
100 23
100 175
100 38
100 106
100 386
100 141
100 97
100 201
100 188
100 66
100 126
100 230
100 44
100 137
100 25
100 356
100 15
100 98
100 722
100 96
100 399
100 64
100 105
100 21
100 28
100 244
100 11
100 131
100 258
100 99
100 41
100 102
100 8
100 45
100 1
100 37
100 41
100 52
100 113
100 92
100 101
100 98
100 592
100 10
100 44
100 87
100 197
100 0
100 3
100 81
100 37
100 112
100 137
100 7
100 116
100 242
100 13
100 218
100 15
100 102
100 173
100 5
100 69
100 84
100 397
100 262
100 115
100 56
100 324
100 173
100 282
100 0
100 207
100 93
100 123
100 117
100 7
100 171
100 58
100 100
100 154
100 91
100 72
100 160
100 266
100 35
100 23
100 4
100 2
100 33
100 19
100 10
100 105
100 75
100 47
100 85
100 81
100 12
100 174
100 80
100 215
100 205
100 43
100 59
100 128
100 199
100 124
100 343
100 180
100 126
100 2
100 467
100 14
100 235
100 35
100 121
100 94
100 154
100 71
100 24
100 305
100 31
100 4
100 97
100 79
100 87
100 18
100 360
100 5
100 28
100 101
100 104
100 70
100 13
100 446
100 49
100 52
100 877
100 14
100 324
100 163
100 11
100 70
100 407
100 63
100 9
100 98
100 319
100 64
100 86
100 289
100 87
100 133
100 42
100 88
100 25
100 38
100 10
100 307
100 51
100 109
100 768
100 33
100 164
100 27
100 21
100 137
100 21
100 85
100 67
100 33
100 91
100 45
100 111
100 50
100 4
100 53
100 69
100 321
100 34
100 37
100 69
100 73
100 81
100 144
100 1
100 155
100 58
100 96
100 19
100 39
100 110
100 217
100 40
100 177
100 27
100 148
100 135
100 66
100 173
100 809
100 5
100 38
100 54
100 60
100 89
100 592
100 57
100 0
100 272
100 101
100 744
100 50
100 126
100 313
100 51
100 41
100 24
100 63
100 300
100 96
100 179
100 294
100 137
100 7
100 45
100 28
100 71
100 45
100 12
100 395
100 167
100 0
100 326
100 414
100 37
100 58
100 11
100 49
100 57
100 239
100 155
100 141
100 108
100 7
100 57
100 94
100 113
100 115
100 39
100 296
100 2
100 13
100 233
100 29
100 115
100 53
100 62
100 64
100 139
100 25
100 8
100 15
100 165
100 462
100 11
100 59
100 138
100 120
100 59
100 41
100 92
100 20
100 175
100 22
100 783
100 11
100 4
100 114
100 150
100 293
100 111
100 4
100 25
100 127
100 281
100 87
100 135
100 120
100 235
100 329
100 150
100 154
100 203
100 64
100 2
100 152
100 26
100 5
100 130
100 33
100 227
100 133
100 11
100 83
100 72
100 9
100 51
100 37
100 208
100 49
100 19
100 11
100 209
100 37
100 204
100 52
100 345
100 257
100 112
100 15
100 279
100 31
100 609
100 24
100 544
100 175
100 1
100 56
100 569
100 381
100 24
100 55
100 30
100 100
100 77
100 163
100 67
100 40
100 194
100 109
100 64
100 342
100 21
100 5
100 54
100 37
100 99
100 87
100 7
100 2
100 0
100 120
100 1
100 48
100 121
100 58
100 19
100 120
100 9
100 396
100 90
100 8
100 58
100 6
100 619
100 13
100 95
100 85
100 140
100 177
100 207
100 558
100 144
100 124
100 272
100 62
100 296
100 114
100 13
100 187
100 8
100 11
100 4
100 547
100 395
100 255
100 183
100 110
100 259
100 151
100 104
100 80
100 1
100 25
100 48
100 13
100 34
100 287
100 153
100 369
100 103
100 243
100 106
100 14
100 8
100 116
100 296
100 36
100 148
100 31
100 48
100 208
100 46
100 127
100 102
100 36
100 47
100 112
100 0
100 108
100 7
100 73
100 12
100 35
100 220
100 40
100 152
100 289
100 274
100 33
100 330
100 357
100 150
100 12
100 148
100 25
100 330
100 443
100 126
100 84
100 18
100 34
100 76
100 463
100 48
100 132
100 110
100 63
100 229
100 332
100 129
100 77
100 170
100 84
100 24
100 206
100 214
100 193
100 80
100 12
100 11
100 423
100 132
100 59
100 61
100 371
100 116
100 85
100 717
100 98
100 18
100 107
100 452
100 68
100 475
100 88
100 82
100 115
100 150
100 39
100 130
100 13
100 48
100 78
100 55
100 63
100 92
100 98
100 232
100 25
100 47
100 109
100 88
100 149
100 196
100 101
100 163
100 309
100 212
100 17
100 57
100 60
100 43
100 140
100 1
100 139
100 57
100 18
100 152
100 504
100 193
100 79
100 134
100 57
100 222
100 22
100 271
100 79
100 77
100 102
100 34
100 26
100 16
100 53
100 1
100 118
100 80
100 95
100 64
100 55
100 180
100 108
100 8
100 154
100 105
100 82
100 84
100 6
100 41
100 45
100 4
100 1
100 9
100 153
100 302
100 14
100 98
100 29
100 741
100 85
100 29
100 216
100 446
100 54
100 178
100 21
100 36
100 23
100 9
100 8
100 210
100 59
100 46
100 72
100 225
100 69
100 111
100 137
100 43
100 179
100 15
100 40
100 91
100 6
100 177
100 30
100 30
100 82
100 44
100 45
100 46
100 76
100 122
100 64
100 118
100 27
100 2
100 172
100 198
100 146
100 408
100 55
100 266
100 5
100 331
100 88
100 117
100 54
100 233
100 14
100 26
100 168
100 16
100 27
100 22
100 10
100 298
100 9
100 54
100 162
100 87
100 2
100 53
100 263
100 45
100 121
100 254
100 191
100 10
100 29
100 152
100 26
100 45
100 24
100 69
100 365
100 97
100 171
100 13
100 136
100 33
100 182
100 69
100 167
100 42
100 110
100 80
100 82
100 78
100 167
100 22
100 4
100 105
100 164
100 80
100 95
100 228
100 37
100 304
100 33
100 82
100 27
100 145
100 4
100 190
100 400
100 94
100 442
100 36
100 80
100 107
100 181
100 239
100 26
100 178
100 55
100 104
100 81
100 42
100 53
100 21
100 124
100 160
100 431
100 8
100 78
100 107
100 93
100 179
100 317
100 96
100 760
100 357
100 118
100 90
100 232
100 179
100 75
100 74
100 97
100 117
100 303
100 52
100 112
100 39
100 14
100 19
100 375
100 455
100 90
100 24
100 151
100 48
100 359
100 30
100 16
100 76
100 87
100 152
100 83
100 35
100 112
100 137
100 99
100 508
100 148
100 89
100 21
100 81
100 107
100 124
100 54
100 397
100 280
100 175
100 162
100 293
100 19
100 103
100 45
100 24
100 7
100 172
100 118
100 192
100 283
100 43
100 54
100 17
100 28
100 53
100 251
100 306
100 257
100 96
100 105
100 162
100 115
100 139
100 95
100 203
100 65
100 299
100 51
100 111
100 127
100 227
100 15
100 122
100 55
100 49
100 232
100 59
100 26
100 26
100 45
100 13
100 376
100 68
100 92
100 66
100 29
100 127
100 696
100 35
100 164
100 95
100 751
100 38
100 100
100 13
100 330
100 80
100 142
100 131
100 24
100 105
100 117
100 40
100 42
100 43
100 67
100 55
100 30
100 3
100 70
100 275
100 107
100 102
100 60
100 183
100 71
100 91
100 41
100 38
100 44
100 285
100 24
100 25
100 41
100 365
100 36
100 65
100 82
100 170
100 124
100 44
100 246
100 0
100 53
100 180
100 151
100 157
100 77
100 17
100 292
100 2
100 263
100 28
100 279
100 341
100 62
100 77
100 65
100 10
100 219
100 21
100 83
100 144
100 73
100 26
100 170
100 7
100 75
100 167
100 21
100 254
100 4
100 120
100 9
100 1
100 192
100 489
100 58
100 642
100 49
100 40
100 101
100 102
100 27
100 88
100 177
100 8
100 78
100 26
100 361
100 440
100 16
100 12
100 338
100 123
100 100
100 244
100 327
100 139
100 94
100 143
100 88
100 11
100 19
100 55
100 157
100 12
100 21
100 122
100 69
100 50
100 85
100 208
100 73
100 247
100 20
100 300
100 33
100 57
100 83
100 70
100 7
100 63
100 123
100 230
100 21
100 154
100 156
100 33
100 124
100 64
100 163
100 4
100 23
100 195
100 150
100 49
100 3
100 7
100 14
100 47
100 2
100 30
100 150
100 185
100 96
100 11
100 216
100 102
100 16
100 125
100 194
100 162
100 308
100 153
100 77
100 168
100 202
100 504
100 612
100 62
100 41
100 192
100 133
100 203
100 20
100 263
100 154
100 121
100 130
100 24
100 92
100 215
100 80
100 284
100 3
100 514
100 68
100 31
100 50
100 114
100 156
100 463
100 82
100 15
100 76
100 142
100 48
100 30
100 55
100 55
100 366
100 81
100 30
100 95
100 22
100 17
100 207
100 148
100 58
100 125
100 7
100 459
100 60
100 211
100 11
100 61
100 94
100 133
100 135
100 44
100 8
100 258
100 56
100 380
100 144
100 85
100 62
100 87
100 53
100 94
100 87
100 160
100 4
100 41
100 16
100 96
100 42
100 132
100 34
100 17
100 147
100 179
100 67
100 26
100 82
100 223
100 174
100 17
100 95
100 77
100 85
100 170
100 157
100 32
100 251
100 99
100 329
100 243
100 149
100 21
100 254
100 161
100 155
100 80
100 122
100 40
100 225
100 96
100 60
100 56
100 2
100 11
100 246
100 17
100 15
100 223
100 78
100 11
100 59
100 231
100 4
100 263
100 76
100 80
100 102
100 203
100 17
100 323
100 64
100 117
100 181
100 181
100 350
100 274
100 121
100 55
100 122
100 4
100 24
100 219
100 89
100 288
100 120
100 22
100 206
100 126
100 128
100 250
100 36
100 51
100 153
100 70
100 87
100 102
100 218
100 88
100 59
100 81
100 117
100 3
100 41
100 61
100 166
100 367
100 34
100 3
100 16
100 57
100 285
100 68
100 9
100 69
100 19
100 4
100 177
100 287
100 17
100 22
100 143
100 101
100 49
100 14
100 138
100 81
100 6
100 453
100 75
100 270
100 5
100 66
100 25
100 142
100 510
100 14
100 58
100 118
100 370
100 97
100 103
100 60
100 149
100 110
100 38
100 75
100 55
100 79
100 16
100 36
100 108
100 111
100 73
100 25
100 19
100 86
100 111
100 35
100 454
100 43
100 70
100 165
100 165
100 57
100 51
100 39
100 259
100 121
100 23
100 113
100 52
100 158
100 20
100 71
100 8
100 15
100 42
100 128
100 147
100 210
100 45
100 17
100 402
100 74
100 0
100 174
100 183
100 42
100 258
100 19
100 41
100 26
100 75
100 44
100 15
100 1
100 29
100 38
100 12
100 166
100 47
100 507
100 77
100 90
100 67
100 79
100 306
100 137
100 175
100 197
100 218
100 260
100 43
100 0
100 246
100 384
100 84
100 68
100 16
100 316
100 3
100 23
100 8
100 174
100 151
100 95
100 134
100 179
100 299
100 1
100 19
100 20
100 220
100 50
100 136
100 42
100 230
100 30
100 1
100 220
100 74
100 252
100 152
100 295
100 76
100 135
100 8
100 73
100 248
100 57
100 157
100 45
100 192
100 123
100 39
100 57
100 72
100 208
100 9
100 26
100 230
100 79
100 323
100 33
100 365
100 49
100 120
100 336
100 31
100 268
100 40
100 346
100 199
100 32
100 54
100 75
100 154
100 6
100 0
100 36
100 109
100 249
100 389
100 35
100 129
100 258
100 47
100 12
100 46
100 76
100 8
100 84
100 65
100 53
100 158
100 51
100 59
