100 19051
100 26176
100 11453
100 11978
100 2812
100 11326
100 4345
100 9364
100 803
100 4664
100 982
100 27620
100 13018
100 3408
100 1897
100 24579
100 17250
100 6657
100 4574
100 11538
100 9343
100 4514
100 6110
100 3171
100 6337
100 18307
100 10114
100 14804
100 1512
100 802
100 14977
100 12518
100 13071
100 4865
100 1361
100 17584
100 25549
100 3907
100 9907
100 358
100 2
100 6740
100 22059
100 4128
100 15219
100 14975
100 15802
100 8195
100 654
100 11294
100 21862
100 873
100 1991
100 11223
100 2351
100 11783
100 10709
100 2353
100 7524
100 22477
100 46682
100 10560
100 946
100 7454
100 25462
100 4083
100 1009
100 4955
100 21766
100 28737
100 4198
100 2821
100 3808
100 44895
100 9769
100 22468
100 36232
100 19045
100 10844
100 5044
100 10559
100 12618
100 6158
100 373
100 5379
100 22583
100 198
100 6199
100 10567
100 4068
100 8324
100 5311
100 9113
100 12548
100 25617
100 12225
100 6864
100 22384
100 30901
100 3160
100 7986
100 26189
100 3669
100 890
100 1036
100 7365
100 2570
100 12647
100 5626
100 833
100 12077
100 5525
100 4891
100 707
100 9861
100 1897
100 4141
100 2454
100 1788
100 5756
100 17288
100 3560
100 90110
100 12050
100 745
100 2221
100 253
100 18799
100 2443
100 24106
100 5387
100 7692
100 2303
100 5344
100 4683
100 38573
100 1514
100 8751
100 5690
100 10941
100 12401
100 8716
100 6418
100 13093
100 6731
100 4594
100 3196
100 4045
100 18463
100 901
100 1952
100 7155
100 7150
100 16024
100 14294
100 7460
100 11773
100 16042
100 1864
100 12397
100 3524
100 891
100 16532
100 5962
100 22821
100 3902
100 1927
100 119
100 5830
100 11782
100 3297
100 68
100 5239
100 6851
100 585
100 2275
100 90584
100 3954
100 2690
100 22741
100 4618
100 6302
100 1171
100 8374
100 292
100 4785
100 15731
100 19697
100 3511
100 2642
100 4473
100 3216
100 6778
100 22407
100 1767
100 1052
100 1875
100 324
100 597
100 5104
100 8471
100 749
100 1792
100 1367
100 5936
100 3314
100 5359
100 23764
100 135
100 6005
100 11660
100 8096
100 6679
100 12464
100 17469
100 12097
100 383
100 21475
100 3494
100 19504
100 16694
100 21119
100 15664
100 18041
100 3727
100 8596
100 2891
100 984
100 3110
100 7
100 31298
100 656
100 945
100 31977
100 1098
100 13302
100 1742
100 1386
100 10988
100 2264
100 6954
100 633
100 6423
100 557
100 25981
100 22925
100 3072
100 6272
100 1670
100 16452
100 2826
100 10092
100 8599
100 247
100 2147
100 7915
100 1530
100 10114
100 7821
100 26744
100 5284
100 5456
100 16029
100 1589
100 1999
100 11027
100 195
100 602
100 14826
100 8362
100 1291
100 15692
100 1037
100 3198
100 15302
100 5350
100 2405
100 5501
100 6929
100 278
100 33241
100 7633
100 6566
100 10190
100 462
100 6113
100 2236
100 15456
100 13938
100 25770
100 10029
100 11639
100 2577
100 12052
100 16394
100 1046
100 5882
100 4410
100 17334
100 3688
100 783
100 8030
100 6789
100 16424
100 1531
100 248
100 14189
100 1155
100 453
100 7126
100 943
100 11871
100 6444
100 1354
100 8282
100 11571
100 10137
100 17586
100 496
100 2146
100 1562
100 4504
100 13620
100 5279
100 5853
100 1291
100 6259
100 6904
100 1320
100 13272
100 857
100 10509
100 7822
100 37723
100 19387
100 9642
100 1258
100 17378
100 1344
100 7978
100 7671
100 17635
100 7228
100 14612
100 5436
100 5521
100 2879
100 3779
100 5641
100 14257
100 9135
100 4840
100 3562
100 11958
100 15816
100 9965
100 629
100 652
100 3491
100 10643
100 7027
100 20615
100 2802
100 746
100 4302
100 18587
100 4037
100 7560
100 168
100 24786
100 3818
100 6421
100 6941
100 772
100 1629
100 1455
100 5553
100 2206
100 12250
100 6551
100 20555
100 7100
100 602
100 10686
100 1176
100 13638
100 37541
100 16791
100 18237
100 1408
100 3961
100 21657
100 22104
100 4621
100 319
100 4464
100 4710
100 6307
100 12213
100 4165
100 6860
100 8246
100 18675
100 5173
100 3683
100 1255
100 6953
100 1285
100 22873
100 10361
100 5352
100 2844
100 13714
100 11703
100 12411
100 17936
100 1203
100 7556
100 7473
100 1566
100 7788
100 1590
100 2350
100 2649
100 12179
100 952
100 52
100 14080
100 1381
100 9486
100 405
100 5967
100 52427
100 1472
100 3334
100 12030
100 9891
100 20072
100 13439
100 7529
100 8682
100 2215
100 13038
100 3822
100 6769
100 407
100 96
100 3675
100 5521
100 38421
100 151
100 5236
100 57741
100 1479
100 2757
100 6181
100 3145
100 2203
100 4736
100 5788
100 19753
100 13047
100 8859
100 16792
100 3079
100 9453
100 11203
100 5835
100 11072
100 128
100 1172
100 12142
100 4085
100 10274
100 3725
100 31767
100 9829
100 393
100 3213
100 19987
100 29453
100 1894
100 30905
100 38757
100 1075
100 765
100 15872
100 8072
100 1616
100 16404
100 6588
100 3667
100 4116
100 2108
100 13307
100 9561
100 614
100 3892
100 2806
100 15936
100 7870
100 641
100 29
100 6615
100 13345
100 4253
100 283
100 6570
100 6755
100 17496
100 1436
100 13392
100 3199
100 12654
100 277
100 6088
100 4913
100 13748
100 328
100 5124
100 11649
100 1702
100 15589
100 19335
100 1273
100 2128
100 17417
100 3244
100 50979
100 5404
100 21282
100 17056
100 3371
100 734
100 20519
100 5379
100 1170
100 12786
100 18995
100 679
100 9958
100 6497
100 3699
100 9293
100 2761
100 2367
100 14767
100 4560
100 18981
100 18399
100 3866
100 39924
100 12710
100 13578
100 4100
100 32643
100 5529
100 12236
100 1051
100 2296
100 2625
100 4961
100 2521
100 5673
100 23686
100 735
100 6490
100 14717
100 12787
100 13837
100 6125
100 17350
100 9034
100 2777
100 21487
100 7411
100 6173
100 2686
100 57553
100 6902
100 35509
100 7470
100 9558
100 4208
100 2344
100 1898
100 15616
100 27534
100 12615
100 3851
100 3747
100 10273
100 20338
100 15669
100 17961
100 7782
100 2538
100 8119
100 4517
100 2677
100 7076
100 5509
100 13367
100 179
100 989
100 112
100 2346
100 6671
100 8554
100 44
100 3051
100 8440
100 10728
100 8715
100 344
100 4807
100 16135
100 11964
100 1226
100 2132
100 9474
100 4172
100 2940
100 22901
100 12342
100 1496
100 658
100 1926
100 5516
100 2452
100 2365
100 3193
100 24603
100 11030
100 2093
100 2128
100 1645
100 15244
100 8833
100 4353
100 65472
100 1541
100 21223
100 1173
100 31970
100 5061
100 7136
100 2414
100 27866
100 4106
100 17444
100 7729
100 11774
100 1611
100 28236
100 8431
100 8331
100 9805
100 11448
100 12646
100 14
100 6284
100 16385
100 18335
100 3144
100 12624
100 9243
100 6500
100 26644
100 4646
100 3400
100 3949
100 1939
100 9854
100 12929
100 37360
100 6767
100 9674
100 550
100 4584
100 9846
100 5398
100 968
100 7469
100 1814
100 17592
100 13055
100 6741
100 1151
100 6991
100 21164
100 40601
100 5188
100 17559
100 15953
100 3362
100 7234
100 20174
100 12067
100 223
100 26427
100 55442
100 26365
100 16696
100 4988
100 795
100 10361
100 9271
100 7233
100 3435
100 2401
100 17801
100 3308
100 13377
100 14865
100 5277
100 19900
100 8125
100 1941
100 3428
100 5320
100 7511
100 6711
100 4900
100 10884
100 1687
100 2819
100 7194
100 13662
100 2890
100 11495
100 24350
100 8246
100 13903
100 16033
100 5806
100 8601
100 11
100 16799
100 2241
100 257
100 3845
100 15969
100 2839
100 3872
100 6455
100 26
100 2858
100 283
100 5215
100 7864
100 5132
100 3239
100 2620
100 14185
100 3566
100 18606
100 9838
100 925
100 10727
100 2546
100 3573
100 1967
100 504
100 608
100 61239
100 6940
100 25405
100 16864
100 13210
100 5027
100 6752
100 20023
100 5509
100 895
100 10029
100 875
100 2603
100 5096
100 8565
100 5527
100 17250
100 662
100 21133
100 3822
100 3648
100 8695
100 347
100 33321
100 2211
100 19461
100 8855
100 5828
100 29733
100 2620
100 1808
100 2165
100 4161
100 94
100 4782
100 15439
100 10887
100 11555
100 17984
100 40043
100 13430
100 7278
100 3991
100 2581
100 29457
100 11304
100 4130
100 16392
100 4665
100 4264
100 7320
100 7882
100 975
100 12935
100 1387
100 6258
100 3568
100 9914
100 11083
100 11716
100 759
100 2242
100 310
100 3598
100 19171
100 8964
100 6999
100 609
100 8922
100 5426
100 7728
100 1364
100 15310
100 806
100 1326
100 3071
100 4375
100 15096
100 30297
100 3030
100 960
100 9836
100 754
100 7354
100 3674
100 8778
100 5660
100 1205
100 393
100 3420
100 5291
100 132
100 1021
100 5424
100 14001
100 4578
100 8054
100 6062
100 8786
100 5193
100 14918
100 17034
100 5332
100 19922
100 22873
100 8176
100 21877
100 6682
100 6574
100 2935
100 30532
100 8375
100 18130
100 8827
100 3004
100 1292
100 13096
100 11142
100 3488
100 11840
100 1177
100 3931
100 972
100 8005
100 6157
100 794
100 11534
100 10200
100 12778
100 1633
100 10442
100 3352
100 20213
100 21529
100 8766
100 1295
100 1724
100 367
100 8538
100 4579
100 813
100 4149
100 834
100 930
100 6941
100 10167
100 3012
100 23102
100 6581
100 23154
100 13149
100 292
100 792
100 16047
100 11343
100 16841
100 5162
100 17190
100 2330
100 2113
100 18322
100 36629
100 10663
100 4690
100 11790
100 13053
100 79125
100 5811
100 882
100 16093
100 1102
100 23938
100 5174
100 8697
100 26520
100 5137
100 3028
100 7381
100 2983
100 11070
100 59567
100 11580
100 242
100 1807
100 14332
100 6887
100 1239
100 2032
100 4204
100 24454
100 9415
100 36712
100 4923
100 4770
100 9296
100 9739
100 8552
100 7426
100 11948
100 18320
100 16250
100 8164
100 4628
100 9482
100 7480
100 11164
100 282
100 1747
100 7558
100 9488
100 946
100 17974
100 19486
100 22818
100 8691
100 4247
100 2389
100 8967
100 10127
100 3740
100 4835
100 821
100 19689
100 1552
100 8846
100 1084
100 23008
100 17774
100 5247
100 39827
100 12672
100 20351
100 3676
100 25325
100 4529
100 1807
100 1218
100 771
100 5498
100 3830
100 10364
100 14469
100 963
100 9067
100 2299
100 3675
100 1768
100 1665
100 7138
100 5160
100 14015
100 10182
100 9862
100 34519
100 18694
100 36624
100 25209
100 1807
100 3162
100 8552
100 436
100 68
100 14112
100 4783
100 5744
100 737
100 4628
100 2790
100 35830
100 5266
100 5811
100 12324
100 4265
100 28393
100 6979
100 1811
100 23039
100 45571
100 9825
100 5967
100 3159
100 31794
100 27267
100 1440
100 1544
100 2181
100 9854
100 16916
100 13339
100 5512
100 25741
100 12697
100 5792
100 13711
100 12996
100 7756
100 585
100 8673
100 5426
100 3619
100 3934
100 10980
100 8942
100 10937
100 2903
100 5182
100 8625
100 24878
100 11872
100 10719
100 8342
100 13039
100 19358
100 10730
100 3232
100 21759
100 9668
100 22685
100 18946
100 14459
100 3887
100 10213
100 8123
100 17349
100 7833
100 29835
100 6282
100 84
100 1396
100 4335
100 4009
100 8940
100 17092
100 2314
100 28440
100 14644
100 1408
100 14202
100 2891
100 4176
100 668
100 3008
100 2293
100 17716
100 27166
100 704
100 41439
100 2339
100 29201
100 2196
100 3547
100 104
100 201
100 4895
100 16315
100 2007
100 13072
100 9281
100 3682
100 34953
100 28288
100 18119
100 6894
100 41215
100 10217
100 9003
100 7821
100 3432
100 7065
100 9488
100 12892
100 13835
100 2878
100 115
100 3080
100 7248
100 897
100 7748
100 29076
100 6227
100 5710
100 20157
100 2894
100 7772
100 13078
100 11940
100 30629
100 5046
100 3983
100 702
100 2277
100 15999
100 45048
100 2941
100 13979
100 15194
100 14509
100 1497
100 35007
100 10727
100 5019
100 16001
100 6578
100 12854
100 17874
100 37408
100 409
100 1985
100 7842
100 30027
100 7173
100 9864
100 20138
100 945
100 3581
100 7516
100 5397
100 1662
100 2857
100 6446
100 5630
100 22381
100 17069
100 526
100 38006
100 8310
100 4942
100 2806
100 13884
100 6313
100 5963
100 1712
100 531
100 49690
100 6863
100 4231
100 20186
100 4868
100 29802
100 1490
100 12894
100 15784
100 11518
100 14500
100 5402
100 1
100 14096
100 3238
100 1654
100 4861
100 597
100 5921
100 6842
100 1196
100 1345
100 20498
100 38292
100 3628
100 18520
100 12609
100 14915
100 16263
100 2164
100 1348
100 67720
100 1375
100 6172
100 454
100 2474
100 1336
100 20
100 1075
100 11924
100 27045
100 656
100 18012
100 8543
100 3264
100 3449
100 7837
100 8843
100 6754
100 5001
100 5900
100 12586
100 22743
100 6982
100 1118
100 9262
100 2033
100 449
100 13505
100 25001
100 2306
100 4580
100 4335
100 969
100 4240
100 28567
100 10142
100 6
100 1445
100 11188
100 3813
100 178
100 12848
100 134
100 4446
100 19689
100 2048
100 11857
100 82
100 12356
100 5575
100 1302
100 834
100 20234
100 9237
100 15248
100 7763
100 2020
100 11719
100 27017
100 4063
100 14434
100 5339
100 7782
100 6456
100 53
100 736
100 26778
100 500
100 21584
100 6852
100 1086
100 18861
100 13402
100 9962
100 533
100 2819
100 12610
100 464
100 11
100 6002
100 14412
100 3668
100 19541
100 1016
100 8889
100 8277
100 1782
100 1574
100 4488
100 26424
100 5232
100 2571
100 18227
100 3777
100 2251
100 2064
100 13887
100 15562
100 3008
100 13654
100 3647
100 20606
100 22949
100 1896
100 32629
100 6545
100 29463
100 20744
100 841
100 10618
100 11644
100 25366
100 660
100 9303
100 6555
100 6564
100 40713
100 2102
100 314
100 1478
100 13809
100 8519
100 1011
100 5155
100 4348
100 2588
100 865
100 3555
100 2289
100 12346
100 6879
100 6571
100 11450
100 39138
100 3984
100 4730
100 667
100 10123
100 28209
100 2676
100 806
100 45628
100 17985
100 11188
100 4978
100 10484
100 25271
100 6870
100 13019
100 18232
100 7490
100 2956
100 17585
100 5123
100 2213
100 430
100 24704
100 14679
100 6736
100 29784
100 3976
100 1727
100 25015
100 24140
100 18176
100 10560
100 25719
100 3730
100 3998
100 6927
100 7806
100 5475
100 3552
100 1724
100 28871
100 600
100 11231
100 233
100 15619
100 11209
100 2531
100 23357
100 29830
100 1205
100 2230
100 4539
100 13158
100 21598
100 19576
100 4197
100 27788
100 6287
100 20120
100 12407
100 7296
100 3030
100 162
100 29928
100 3185
100 1474
100 1425
100 743
100 860
100 5707
100 24791
100 3940
100 15301
100 8948
100 21735
100 6365
100 18773
100 463
100 32412
100 10756
100 5083
100 3580
100 638
100 17098
100 658
100 569
100 7412
100 500
100 16167
100 9377
100 10806
100 7856
100 619
100 5843
100 7009
100 26890
100 5545
100 15448
100 24412
100 9269
100 2434
100 3536
100 2053
100 4094
100 9149
100 1471
100 10111
100 4821
100 13092
100 12455
100 14008
100 642
100 1910
100 1667
100 9792
100 2014
100 10364
100 5555
100 9278
100 16385
100 3681
100 14590
100 3672
100 10029
100 17220
100 8836
100 6183
100 16436
100 4470
100 18992
100 18429
100 17657
100 18622
100 11994
100 1667
100 6191
100 2658
100 6269
100 25552
100 716
100 3980
100 3835
100 12595
100 6443
100 51634
100 1091
100 10275
100 9306
100 2301
100 11531
100 4567
100 1048
100 7050
100 1577
100 2045
100 6560
100 7671
100 5571
100 869
100 1470
100 35372
100 6049
100 2172
100 2019
100 86
100 8704
100 21402
100 17902
100 10624
100 768
100 11731
100 8780
100 13313
100 772
100 1350
100 19077
100 3781
100 945
100 3904
100 5124
100 9488
100 18611
100 1370
100 1635
100 930
100 7879
100 515
100 1523
100 11638
100 5392
100 16933
100 13192
100 12337
100 188
100 5037
100 480
100 22286
100 9623
100 19110
100 4068
100 7035
100 5103
100 6625
100 20706
100 20498
100 10153
100 6642
100 1323
100 1448
100 18761
100 21123
100 16701
100 15638
100 2802
100 3887
100 6564
100 4893
100 2508
100 977
100 5419
100 30380
100 9286
100 2765
100 1672
100 302
100 4722
100 15013
100 745
100 22862
100 168
100 3393
100 17220
100 16573
100 4573
100 1272
100 3090
100 10162
100 8112
100 15397
100 22503
100 7023
100 5332
100 29316
100 131
100 9148
100 6051
100 1958
100 955
100 19831
100 21632
100 21785
100 6167
100 7945
100 26244
100 657
100 5429
100 12432
100 28792
100 65
100 6679
100 4309
100 6833
100 4439
100 6525
100 2199
100 18594
100 7459
100 12072
100 2392
100 1744
100 6766
100 15026
100 15884
100 6571
100 5002
100 3664
100 10346
100 2955
100 1150
100 6349
100 6332
100 13299
100 20979
100 4692
100 14084
100 2649
100 10769
100 17651
100 2027
100 5851
100 5913
100 6202
100 2393
100 7041
100 9063
100 15404
100 1360
100 152
100 4006
100 15712
100 23881
100 8256
100 17524
100 7234
100 14823
100 11177
100 69
100 10542
100 13709
100 7893
100 12441
100 361
100 12579
100 28467
100 11232
100 5909
100 13652
100 3587
100 1757
100 8924
100 27617
100 10813
100 11755
100 949
100 3063
100 1531
100 1474
100 4119
100 19341
100 7928
100 6460
100 5196
100 13745
100 11868
100 7964
100 18732
100 4611
100 3263
100 11420
100 1109
100 430
100 2592
100 12679
100 18087
100 3215
100 6246
100 26515
100 2497
100 1012
100 3402
100 508
100 2096
100 19305
100 1152
100 4633
100 44950
100 1862
100 7051
100 6313
100 8751
100 3513
100 19357
100 21960
100 7598
100 29237
100 3204
100 11842
100 31610
100 14195
100 8199
100 9190
100 497
100 9874
100 6509
100 14370
100 1241
100 15420
100 5683
100 1617
100 1760
100 5669
100 6479
100 35159
100 3180
100 22223
100 4101
100 3621
100 1791
100 1984
100 10593
100 6821
100 7968
100 5913
100 1667
100 7141
100 846
100 13873
100 9835
100 84
100 3115
100 11683
100 8015
100 5987
100 6691
100 3615
100 23760
100 5336
100 2278
100 30601
100 897
100 4068
100 7593
100 14690
100 1976
100 5283
100 6874
100 32099
100 16265
100 32629
100 3356
100 15367
100 15435
100 4539
100 13936
100 3939
100 12911
100 18742
100 2226
100 1330
100 21685
100 20283
100 4595
100 5438
100 39796
100 909
100 4995
100 1041
100 7216
100 12166
100 7476
100 1450
100 9609
100 29093
100 24353
100 2139
100 264
100 2176
100 2866
100 24541
100 9728
100 3471
100 15442
100 25879
100 31272
100 6450
100 1835
100 12798
100 4973
100 8393
100 2997
100 724
100 10653
100 3563
100 10528
100 5311
100 7156
100 4340
100 5033
100 1714
100 10112
100 13228
100 45531
100 630
100 2600
100 10185
100 2333
100 16012
100 9610
100 2133
100 10855
100 14319
100 1709
100 9869
100 2664
100 1986
100 31020
100 12621
100 20027
100 15287
100 3552
100 4696
100 1508
100 7485
100 27292
100 5974
100 2669
100 4317
100 2945
100 14931
100 18575
100 5211
100 2530
100 44855
100 4085
100 10445
100 6228
100 460
100 8293
100 18569
100 11264
100 10930
100 12159
100 13586
100 10322
100 2661
100 6130
100 11265
100 17068
100 1867
100 663
100 11678
100 6984
100 1166
100 6289
100 36620
100 30059
100 8601
100 7171
100 7711
100 2460
100 24235
100 1833
100 6732
100 1226
100 19556
100 1413
100 5983
100 705
100 14564
100 613
100 2175
100 1578
100 51969
100 5701
100 14970
100 7250
100 1001
100 9397
100 23997
100 2064
100 557
100 4249
100 15751
100 4589
100 5574
100 21
100 17496
100 10194
100 4723
100 15107
100 2902
100 1622
100 7449
100 13048
100 4926
100 5196
100 27501
100 4515
100 10542
100 7450
100 11816
100 14781
100 19724
100 1582
100 21697
100 758
100 11121
100 75
100 5099
100 23122
100 1598
100 1965
100 14587
100 42391
100 12218
100 7996
100 28055
100 4606
100 1151
100 7856
100 1095
100 8770
100 11729
100 2094
100 12569
100 6603
100 2873
100 6377
100 32652
100 971
100 1652
100 2159
100 12561
100 9699
100 2944
100 6341
100 3187
100 1569
100 12048
100 25428
100 3994
100 18745
100 16432
100 477
100 4501
100 15953
100 16585
100 25075
100 5873
100 29980
100 7156
100 2684
100 29049
100 9331
100 534
100 1581
100 1966
100 23566
100 29971
100 6352
100 20044
100 2560
100 24499
100 6453
100 13538
100 14290
100 6593
100 947
100 2593
100 4441
100 6209
100 26135
100 376
100 137
100 5507
100 11290
100 18170
100 3217
100 8580
100 33545
100 4378
100 15184
100 868
100 112
100 16476
100 208
100 29309
100 4138
100 2092
100 2479
100 20794
100 1301
100 2414
100 8564
100 1093
100 3637
100 6240
100 6638
100 13721
100 211
100 21360
100 6262
100 9382
100 14508
100 8379
100 10681
100 7408
100 8355
100 14517
100 2788
100 10906
100 7769
100 6767
100 27269
100 17945
100 9321
100 14734
100 6802
100 8811
100 16565
100 3127
100 5503
100 28709
100 11810
100 6507
100 28287
100 19575
100 13993
100 1309
100 65171
100 9839
100 447
100 34537
100 1753
100 2049
100 8414
100 17664
100 17595
100 7867
100 2656
100 2990
100 16663
100 13675
100 1252
100 39492
100 4068
100 6646
100 32218
100 17256
100 11968
100 6050
100 30845
100 20487
100 17238
100 13376
100 4644
100 11968
100 10019
100 8108
100 14212
100 161
100 8320
100 5868
100 6251
100 43228
100 1574
100 5336
100 171
100 5917
100 3086
100 9223
100 852
100 2422
100 26687
100 18180
100 15899
100 20960
100 6537
100 4403
100 30183
100 15153
100 30172
100 10224
100 8949
100 27334
100 2577
100 8787
100 3618
100 17363
100 15056
100 4546
100 2507
100 11387
100 13167
100 2293
100 37755
100 9304
100 152
100 3040
100 31515
100 14485
100 2788
100 21304
100 1711
100 3261
100 2712
100 30572
100 7919
100 4533
100 8640
100 5744
100 5675
100 8847
100 34121
100 2189
100 15598
100 14113
100 13466
100 46489
100 24660
100 8639
100 18231
100 6504
100 5626
100 8289
100 187
100 21754
100 12120
100 13812
100 18134
100 9422
100 22428
100 361
100 5973
100 39498
100 34003
100 33324
100 9924
100 5821
100 18029
100 658
100 8093
100 4318
100 62
100 5418
100 5672
100 805
100 19503
100 679
100 10461
100 3995
100 1971
100 9340
100 3297
100 7954
100 4624
100 8919
100 9474
100 14759
100 6882
100 4083
100 4748
100 24733
100 8052
100 11521
100 8437
100 3931
100 694
100 4454
100 2354
100 4618
100 24075
100 681
100 411
100 7778
100 1962
100 2623
100 2446
100 4662
100 21072
100 28389
100 11423
100 10364
100 372
100 35908
100 4095
100 554
100 10670
100 8909
100 14754
100 3602
100 29362
100 8666
100 1788
100 1843
100 3128
100 15881
100 4709
100 7544
100 14880
100 22940
100 36123
100 2881
100 12785
100 168
100 6296
100 842
100 1434
100 300
100 11638
100 2082
100 1582
100 8872
100 30884
100 5398
100 3190
100 9049
100 114
100 14754
100 13412
100 1422
100 1981
100 4290
100 10641
100 6725
100 7441
100 3108
100 1690
100 5611
100 5247
100 4168
100 12296
100 29121
100 19545
100 761
100 7816
100 4861
100 34693
100 2394
100 601
100 13400
100 2854
100 216
100 2321
100 276
100 3872
100 1178
100 4402
100 4622
100 3573
100 16987
100 14963
100 44805
100 12405
100 9769
100 136
100 90
100 2752
100 18770
100 9160
100 8999
100 291
100 506
100 13970
100 4947
100 26217
100 14297
100 11431
100 23955
100 15358
100 6381
100 5455
100 5731
100 5514
100 366
100 7240
100 3323
100 14027
100 4980
100 10259
100 1803
100 4664
100 3299
100 19303
100 485
100 10744
100 14724
100 3583
100 2055
100 3949
100 386
100 16116
100 25940
100 830
100 13599
100 17470
100 2904
100 8316
100 1645
100 5951
100 13458
100 2265
100 6240
100 6742
100 11399
100 11506
100 7958
100 9632
100 14430
100 4550
100 8636
100 5120
100 27331
100 3086
100 2778
100 4373
100 3619
100 1108
100 14173
100 6975
100 2814
100 12968
100 25425
100 8409
100 4421
100 6095
100 11733
100 2534
100 11209
100 9112
100 2200
100 3699
100 9285
100 3705
100 14010
100 14877
100 30
100 79
100 7009
100 231
100 6235
100 8362
100 4301
100 3783
100 7308
100 15400
100 1206
100 38371
100 14062
100 6301
100 7354
100 1278
100 21701
100 21933
100 6373
100 14944
100 1673
100 7902
100 5661
100 1200
100 7419
100 4026
100 5140
100 5984
100 15819
100 5431
100 6378
100 7138
100 15651
100 4544
100 6484
100 11406
100 9235
100 5329
100 724
100 12220
100 4504
100 11239
100 446
100 1785
100 20914
100 9314
100 21824
100 4863
100 20724
100 691
100 15905
100 8255
100 9823
100 6380
100 12508
100 32224
100 4426
100 4735
100 15901
100 6519
100 21483
100 14198
100 1559
100 11715
100 34821
100 1091
100 6980
100 6461
100 15483
100 1035
100 2690
100 32121
100 965
100 1594
100 19334
100 67371
100 1651
100 108
100 2463
100 3657
100 612
100 3483
100 14905
100 485
100 20480
100 15814
100 12325
100 17358
100 36789
100 1757
100 2083
100 11124
100 668
100 993
100 7723
100 117
100 2045
100 30510
100 5300
100 26871
100 19
100 10563
100 16089
100 5068
100 14172
100 28547
100 5389
100 13493
100 22848
100 10293
100 15695
100 6643
100 3538
100 23075
100 508
100 8015
100 21033
100 9529
100 3766
100 613
100 2479
100 1934
100 29840
100 9722
100 4482
100 26088
100 2978
100 8582
100 220
100 8049
100 2799
100 9448
100 2633
100 7670
100 1140
100 6452
100 19628
100 3688
100 4365
100 6567
100 3144
100 1388
100 23608
100 3574
100 30445
100 2817
100 9220
100 423
100 13160
100 2327
100 4320
100 2280
100 16027
100 3719
100 471
100 2424
100 1566
100 26341
100 26081
100 7
100 543
100 66
100 117
100 7792
100 15010
100 23753
100 13275
100 4252
100 6219
100 10587
100 12637
100 16709
100 9906
100 984
100 6177
100 1966
100 9783
100 41715
100 1951
100 7077
100 1119
100 6407
100 4146
100 7405
100 6626
100 5145
100 2226
100 7464
100 7162
100 17009
100 23120
100 9762
100 5645
100 458
100 13267
100 4315
100 4330
100 3590
100 233
100 9631
100 20564
100 1486
100 1816
100 615
100 19821
100 5587
100 4225
100 8045
100 13545
100 6950
100 8218
100 2192
100 848
100 15200
100 3689
100 4854
100 4213
100 9710
100 1642
100 10646
100 179
100 68141
100 6113
100 8346
100 2890
100 10684
100 12281
100 12474
100 20043
100 817
100 23299
100 1542
100 1664
100 1744
100 1601
100 5509
100 13776
100 1049
100 6681
100 4728
100 11051
100 33269
100 15921
100 11047
100 32275
100 15083
100 10921
100 3856
100 781
100 30423
100 3748
100 1968
100 191
100 24574
100 6082
100 7083
100 19375
100 11197
100 1780
100 9206
100 4960
100 22696
100 18599
100 1269
100 2568
100 7052
100 7995
100 5308
100 4497
100 2161
100 7528
100 1070
100 10118
100 9689
100 4351
100 16181
100 26851
100 2611
100 12815
100 1843
100 3156
100 2193
100 7525
100 8998
100 33755
100 4549
100 459
100 1968
100 11281
100 3620
100 5553
100 13975
100 931
100 6499
100 24281
100 14650
100 6270
100 16686
100 601
100 9260
100 15945
100 385
100 6851
100 391
100 10304
100 2330
100 27138
100 2529
100 8961
100 2262
100 3559
100 12573
100 9437
100 2378
100 18404
100 4983
100 1010
100 21656
100 7723
100 43601
100 4027
100 9489
100 2447
100 24645
100 4034
100 27521
100 6862
100 7571
100 4865
100 12198
100 5712
100 3861
100 236
100 1471
100 29389
100 6547
100 9911
100 9230
100 34613
100 12453
100 10933
100 860
100 447
100 22348
100 4931
100 6912
100 37697
100 11311
100 7614
100 3689
100 895
100 2137
100 3569
100 883
100 9276
100 10760
100 16259
100 31975
100 708
100 20949
100 6414
100 12023
100 27934
100 31853
100 11567
100 2652
100 4843
100 2794
100 9025
100 5556
100 4251
100 5116
100 28509
100 24528
100 7663
100 2219
100 366
100 9639
100 9586
100 24279
100 24320
100 9842
100 44392
100 6366
100 696
100 21165
100 2492
100 4847
100 1878
100 2114
100 935
100 4898
100 16738
100 10613
100 16174
100 8594
100 7547
100 4903
100 7731
100 7613
100 7795
100 15404
100 3857
100 25269
100 8192
100 10092
100 17372
100 4148
100 16680
100 3774
100 8805
100 272
100 11496
100 16030
100 1509
100 47090
100 8151
100 1531
100 5054
100 29126
100 312
100 5086
100 21589
100 3261
100 6976
100 3782
100 14814
100 1904
100 17835
100 16249
100 3797
100 13827
100 5183
100 8053
100 1084
100 1496
100 11051
100 2560
100 6790
100 11499
100 6761
100 2645
100 3055
100 14532
100 14836
100 18168
100 14298
100 20435
100 8772
100 13414
100 7173
100 11148
100 3574
100 4707
100 363
100 1
100 1733
100 14766
100 409
100 3201
100 7885
100 2445
100 2017
100 25415
100 1251
100 6941
100 10229
100 5870
100 1097
100 16127
100 6758
100 249
100 49272
100 34277
100 21754
100 10227
100 9353
100 15957
100 3230
100 13449
100 16795
100 5578
100 731
100 8781
100 13841
100 8044
100 7887
100 2556
100 4352
100 14778
100 3575
100 26613
100 15747
100 9576
100 10715
100 9010
100 6023
100 5860
100 507
100 13847
100 5766
100 34600
100 3163
100 2457
100 29933
100 2603
100 293
100 16103
100 1893
100 26583
100 3007
100 8383
100 17754
100 6604
100 1960
100 15054
100 8095
100 6959
100 6623
100 28719
100 11419
100 14002
100 19354
100 3326
100 11021
100 18217
100 22267
100 1415
100 2411
100 7716
100 7189
100 17173
100 4696
100 4174
100 2845
100 22137
100 1032
100 3117
100 18618
100 1658
100 16859
100 15879
100 2428
100 1167
100 10874
100 4885
100 21667
100 6712
100 2299
100 5696
100 1028
100 22715
100 13413
100 8240
100 21720
100 9051
100 1769
100 9695
100 39832
100 18673
100 12007
100 16481
100 10432
100 12338
100 1568
100 5394
100 4353
100 1679
100 4347
100 8556
100 20619
100 7056
100 457
100 25172
100 490
100 5681
100 1120
100 9729
100 679
100 6900
100 31131
100 4698
100 6690
100 14515
100 4192
100 137
100 1921
100 17591
100 1668
100 7744
100 5230
100 8587
100 3538
100 317
100 11236
100 3468
100 9503
100 3815
100 12641
100 9472
100 2576
100 19818
100 5011
100 2869
100 7554
100 7990
100 1183
100 5122
100 562
100 2824
100 13350
100 106
100 6971
100 8256
100 585
100 20489
100 5537
100 10810
100 4733
100 136
100 22809
100 3487
100 3416
100 724
100 11399
100 7808
100 14772
100 7081
100 7729
100 11004
100 36241
100 8632
100 44684
100 5964
100 9250
100 1615
100 8112
100 13507
100 2197
100 1844
100 9352
100 8696
100 1946
100 5184
100 5979
100 50878
100 14072
100 1082
100 5639
100 1330
100 4474
100 12551
100 16402
100 487
100 4006
100 25751
100 4299
100 7386
100 8090
100 13699
100 14205
100 3036
100 18072
100 1120
100 1886
100 32001
100 8416
100 2278
100 8394
100 4041
100 2746
100 6796
100 14160
100 10033
100 5401
100 676
100 2344
100 10534
100 6150
100 6279
100 11177
100 17102
100 22527
100 881
100 14902
100 373
100 979
100 3241
100 9432
100 23899
100 2411
100 3544
100 15520
100 20375
100 8527
100 5748
100 1597
100 2829
100 1563
100 23696
100 4982
100 15957
100 24990
100 2001
100 2878
100 377
100 3185
100 18
100 4516
100 7737
100 6911
100 28508
100 13981
100 1668
100 1474
100 5277
100 17178
100 6950
100 2122
100 1759
100 12683
100 2054
100 3008
100 3533
100 3169
100 14947
100 6609
100 2402
100 7924
100 11683
100 35082
100 30364
100 14669
100 2677
100 4174
100 15975
100 3824
100 4766
100 1447
100 36790
100 20014
100 39208
100 12148
100 3955
100 1209
100 4941
100 4752
100 5215
100 13616
100 2852
100 10647
100 15185
100 15837
100 5872
100 21467
100 7118
100 8802
100 1309
100 171
100 5094
100 7601
100 13717
100 16202
100 337
100 4950
100 13218
100 11439
100 439
100 8148
100 11726
100 3553
100 4881
100 2486
100 3333
100 3576
100 26197
100 11613
100 9308
100 51490
100 9633
100 12284
100 3045
100 4254
100 29273
100 5337
100 5851
100 8818
100 7051
100 11852
100 8596
100 1732
100 4982
100 4912
100 2784
100 22100
100 2563
100 1399
100 5845
100 44013
100 3623
100 1798
100 2144
100 2406
100 34988
100 40092
100 11439
100 18
100 8756
100 17114
100 45283
100 3680
100 12284
100 14573
100 23396
100 1716
100 13507
100 7312
100 4471
100 277
100 7484
100 2800
100 17732
100 5370
100 4332
100 4388
100 4539
100 6540
100 2026
100 5354
100 20011
100 10260
100 10042
100 8403
100 20705
100 8564
100 44962
100 3734
100 2582
100 2288
100 1777
100 8944
100 9411
100 246
100 4334
100 781
100 18391
100 23387
100 3937
100 10896
100 13021
100 1102
100 27501
100 7741
100 6290
100 7486
100 45365
100 2152
100 7362
100 23100
100 2654
100 8494
100 12292
100 1839
100 4164
100 1612
100 557
100 2800
100 2022
100 1140
100 4504
100 10826
100 1939
100 9159
100 6418
100 25154
100 13146
100 635
100 4065
100 11742
100 18343
100 24974
100 13288
100 3633
100 11283
100 31291
100 477
100 5166
100 11260
100 1326
100 19890
100 2285
100 3332
100 121
100 5310
100 2221
100 8524
100 12204
100 6958
100 21555
100 5858
100 2497
100 20834
100 3332
100 13076
100 349
100 16328
100 13178
100 4073
100 24000
100 24303
100 10170
100 31153
100 7517
100 8796
100 10775
100 2646
100 3261
100 6461
100 16202
100 2936
100 3449
100 4861
100 7868
100 4459
100 2477
100 3784
100 1348
100 2856
100 18168
100 7256
100 21015
100 14977
100 2577
100 57720
100 1637
100 4909
100 882
100 6821
100 5760
100 17579
100 4076
100 3342
100 6697
100 12232
100 4887
100 35118
100 6137
100 1985
100 10959
100 339
100 20869
100 8384
100 978
100 151
100 36482
100 22629
100 19108
100 31474
100 611
100 6714
100 11682
100 2620
100 3443
100 6825
100 12151
100 3847
100 12043
100 9537
100 20547
100 17463
100 2019
100 7803
100 43273
100 5031
100 3351
100 27673
100 5957
100 1240
100 26557
100 15258
100 1305
100 7374
100 32823
100 65
100 10471
100 1844
100 21277
100 3076
100 5761
100 2236
100 6523
100 11456
100 41785
100 4351
100 6364
100 6131
100 6669
100 682
100 169
100 5008
100 136
100 16766
100 1746
100 4072
100 6130
100 14443
100 1456
100 7892
100 10993
100 19515
100 333
100 6298
100 7249
100 13293
100 1915
100 1913
100 5890
100 439
100 6317
100 122
100 3568
100 9367
100 10236
100 22566
100 9870
100 10943
100 3061
100 6709
100 1253
100 15208
100 1191
100 8438
100 307
100 11758
100 6536
100 2299
100 8253
100 9497
100 524
100 13677
100 18694
100 17799
100 25080
100 7524
100 171
100 8278
100 28183
100 25034
100 1913
100 2417
100 542
100 1617
100 5928
100 4871
100 32350
100 1371
100 6120
100 12974
100 13460
100 472
100 27909
100 4535
100 40733
100 7758
100 37348
100 9561
100 11386
100 14892
100 18092
100 2915
100 10275
100 584
100 4828
100 1298
100 4704
100 8778
100 4219
100 6303
100 11121
100 1333
100 1746
100 2852
100 252
100 26057
100 1159
100 32
100 6273
100 6027
100 78
100 10284
100 19469
100 21720
100 23076
100 20297
100 14071
100 11302
100 1289
100 1262
100 2268
100 4253
100 2381
100 13510
100 640
100 5900
100 1027
100 6869
100 37370
100 2579
100 7138
100 12319
100 6307
100 1534
100 3372
100 2669
100 8311
100 1969
100 11744
100 815
100 11920
100 97
100 11342
100 4071
100 16335
100 16228
100 16305
100 573
100 17131
100 380
100 5920
100 8748
100 14134
100 20869
100 14554
100 7156
100 8291
100 10987
100 2750
100 2624
100 741
100 17142
100 3046
100 4786
100 3518
100 16940
100 1293
100 1961
100 2646
100 1534
100 32726
100 110
100 7504
100 12866
100 3440
100 8379
100 3894
100 214
100 306
100 14079
100 69
100 7064
100 3006
100 9008
100 3931
100 3542
100 1531
100 18097
100 37263
100 8464
100 2320
100 17100
100 7471
100 30818
100 11355
100 16159
100 2466
100 6074
100 8746
100 1007
100 21503
100 4631
100 5872
100 5964
100 6185
100 6654
100 6496
100 4799
100 13038
100 13042
100 22179
100 9085
100 6510
100 13497
100 1646
100 15253
100 729
100 6902
100 4555
100 6471
100 27969
100 1700
100 5986
100 5711
100 5962
100 9513
100 17727
100 868
100 2349
100 5545
100 1463
100 37359
100 11399
100 2562
100 22528
100 354
100 4328
100 6814
100 2311
100 14384
100 7681
100 11787
100 3503
100 29744
100 3379
100 6986
100 14141
100 10750
100 14784
100 19044
100 6103
100 4322
100 6479
100 2731
100 4397
100 3027
100 2157
100 6493
100 9513
100 39462
100 4173
100 18336
100 12818
100 26966
100 4818
100 16051
100 8454
100 32196
100 764
100 25965
100 13341
100 22489
100 3650
100 28119
100 3772
100 2751
100 5013
100 4073
100 4679
100 7536
100 210
100 8841
100 524
100 8109
100 724
100 20541
100 4761
100 3559
100 648
100 622
100 10754
100 9287
100 17598
100 12550
100 4735
100 2159
100 7831
100 27117
100 481
100 1915
100 1778
100 1898
100 17044
100 1381
100 4458
100 7341
100 12527
100 8881
100 2223
100 5032
100 3750
100 11001
100 604
100 28268
100 8934
100 562
100 3485
100 7385
100 18865
100 13250
100 15530
100 24947
100 8727
100 16338
100 5560
100 29870
100 4824
100 6358
100 9250
100 19298
100 2009
100 11020
100 301
100 8289
100 5347
100 5695
100 23548
100 22617
100 1080
100 38792
100 5271
100 9568
100 1698
100 7003
100 2704
100 6983
100 7408
100 3459
100 16018
100 5435
100 3882
100 7539
100 21595
100 2285
100 4500
100 13758
100 15696
100 8323
100 8454
100 5750
100 2312
100 13016
100 11899
100 5690
100 37157
100 10150
100 3953
100 10538
100 18269
100 13923
100 2102
100 1858
100 11567
100 20194
100 7995
100 1475
100 1479
100 3585
100 63953
100 3585
100 8196
100 540
100 9127
100 22277
100 13057
100 36
100 1336
100 6556
100 7582
100 2924
100 10747
100 11758
100 16427
100 8829
100 1246
100 33568
100 22281
100 13219
100 4212
100 21865
100 8185
100 10171
100 50148
100 15063
100 0
100 6053
100 14460
100 977
100 6373
100 14091
100 8495
100 3056
100 9075
100 35783
100 4174
100 644
100 774
100 3939
100 11588
100 9070
100 2058
100 1153
100 4162
100 14609
100 6705
100 5733
100 134
100 6505
100 40206
100 7934
100 3020
100 9297
100 27297
100 791
100 1274
100 19482
100 14336
100 15737
100 247
100 4454
100 6992
100 33187
100 7107
100 1309
100 291
100 6716
100 10586
100 4481
100 11173
100 11794
100 3363
100 6212
100 8547
100 3923
100 1824
100 29985
100 3651
100 11763
100 23615
100 8776
100 4394
100 41816
100 5391
100 552
100 825
100 10915
100 16652
100 1352
100 4385
100 17735
100 22367
100 24167
100 22287
100 9507
100 8951
100 3269
100 3858
100 8742
100 322
100 45782
100 12967
100 21624
100 226
100 5582
100 7464
100 12457
100 1000
100 2102
100 3551
100 2206
100 1112
100 2422
100 5235
100 28130
100 1958
100 6315
100 3823
100 570
100 5002
100 4843
100 15121
100 8168
100 16756
100 2242
100 2006
100 9081
100 1167
100 5118
100 860
100 4689
100 8979
100 10264
100 1466
100 2443
100 3428
100 5890
100 26085
100 2913
100 9467
100 3889
100 55
100 237
100 13589
100 8094
100 9379
100 1569
100 20049
100 8286
100 3492
100 1395
100 8727
100 11526
100 9787
100 29851
100 1730
100 3667
100 20082
100 1764
100 3048
100 20745
100 10793
100 9668
100 18180
100 2702
100 4533
100 24793
100 3447
100 908
100 8591
100 2026
100 14044
100 1270
100 41914
100 27399
100 18413
100 8841
100 802
100 11322
100 78875
100 18032
100 22615
100 13732
100 130
100 7337
100 17213
100 6737
100 2820
100 1128
100 4300
100 264
100 1135
100 43782
100 5115
100 9030
100 6098
100 2205
100 7869
100 1284
100 2410
100 22144
100 9687
100 14354
100 7231
100 8185
100 5699
100 3190
100 15333
100 322
100 3011
100 28219
100 14282
100 11984
100 1867
100 22066
100 30797
100 4813
100 19013
100 808
100 7870
100 15341
100 7306
100 561
100 5357
100 31748
100 25681
100 51155
100 4355
100 34904
100 29102
100 8925
100 8219
100 2685
100 5346
100 3791
100 10149
100 18636
100 15551
100 12193
100 8168
100 4608
100 2744
100 4287
100 775
100 3297
100 40383
100 2941
100 4333
100 3721
100 22919
100 6237
100 23454
100 262
100 5384
100 4716
100 23820
100 1102
100 3039
100 18254
100 10088
100 3540
100 13217
100 53987
100 2098
100 9315
100 925
100 1858
100 929
100 8316
100 7478
100 2204
100 21545
100 5335
100 2580
100 7610
100 1425
100 78
100 10549
100 13601
100 34219
100 434
100 9721
100 2618
100 40247
100 8828
100 16097
100 1409
100 3928
100 4290
100 8760
100 2
100 14339
100 7614
100 2406
100 1326
100 7179
100 7048
100 3480
100 765
100 9806
100 1840
100 6051
100 2906
100 9746
100 5913
100 19506
100 14154
100 13846
100 7506
100 3847
100 7639
100 18993
100 18201
100 8629
100 7734
100 9318
100 5933
100 57641
100 17146
100 7302
100 16641
100 11328
100 10788
100 15655
100 3896
100 7696
100 19604
100 8950
100 2687
100 17702
100 23976
100 12779
100 23074
100 3840
100 19109
100 12251
100 40847
100 1978
100 2437
100 8194
100 1653
100 17920
100 39918
100 14129
100 1684
100 4244
100 543
100 122
100 7212
100 31956
100 14126
100 36498
100 914
100 9544
100 590
100 1216
100 17825
100 13841
100 2019
100 2565
100 5484
100 24331
100 605
100 5632
100 18653
100 16066
100 4382
100 4334
100 623
100 8687
100 7778
100 11028
100 3027
100 4556
100 3263
100 13688
100 16175
100 40592
100 471
100 14553
100 12263
100 2024
100 191
100 13132
100 8314
100 12861
100 21065
100 24457
100 1546
100 7842
100 11429
100 3697
100 5166
100 331
100 3761
100 6223
100 2578
100 371
100 6594
100 9009
100 9532
100 681
100 221
100 4285
100 1547
100 9904
100 32054
100 16213
100 14919
100 7219
100 26098
100 7611
100 3461
100 762
100 224
100 12221
100 19557
100 25849
100 2498
100 12820
100 8909
100 18276
100 5510
100 13312
100 2612
100 15649
100 43372
100 2529
100 19263
100 14752
100 15739
100 2333
100 21731
100 4248
100 27892
100 3924
100 18686
100 1835
100 8046
100 506
100 27350
100 581
100 4352
100 2369
100 6767
100 18899
100 2572
100 26342
100 2025
100 1828
100 5402
100 444
100 4995
100 16287
100 498
100 1162
100 969
100 725
100 15185
100 14390
100 24871
100 11259
100 16766
100 11481
100 16739
100 5019
100 460
100 5114
100 2595
100 13881
100 19590
100 708
100 8972
100 14108
100 5509
100 103
100 2732
100 1370
100 5897
100 1713
100 2575
100 306
100 31776
100 21072
100 2145
100 119
100 12720
100 5428
100 26580
100 8270
100 2342
100 4087
100 8002
100 2368
100 17210
100 6412
100 1861
100 10326
100 13687
100 4357
100 589
100 6112
100 7286
100 1441
100 5733
100 1102
100 31
100 21178
100 998
100 7929
100 11268
100 16502
100 19602
100 11450
100 31992
100 554
100 31799
100 1739
100 4133
100 7296
100 12977
100 13018
100 2458
100 5329
100 12719
100 11239
100 9425
100 9664
100 1493
100 19454
100 11688
100 901
100 16383
100 6266
100 391
100 12526
100 8108
100 16814
100 38
100 455
100 3224
100 3639
100 11821
100 17533
100 184
100 2453
100 674
100 15629
100 2333
100 987
100 16531
100 28357
100 1195
100 5339
100 6716
100 9835
100 5706
100 5650
100 6590
100 12448
100 4077
100 12045
100 19436
100 16618
100 6229
100 13208
100 3827
100 3741
100 11370
100 6968
100 1841
100 20983
100 1695
100 13800
100 28234
100 3266
100 1874
100 3329
100 12118
100 1901
100 22792
100 13709
100 324
100 20751
100 6384
100 2973
100 5321
100 819
100 1388
100 31948
100 13030
100 3216
100 734
100 30555
100 13932
100 19801
100 2633
100 1375
100 2188
100 6559
100 3048
100 1976
100 1290
100 3953
100 11435
100 5472
100 18596
100 13641
100 4868
100 3501
100 25187
100 3573
100 5012
100 8049
100 2215
100 5061
100 14319
100 3900
100 16988
100 496
100 1561
100 3737
100 895
100 32271
100 5371
100 2946
100 2979
100 21314
100 8053
100 1335
100 6627
100 6722
100 6272
100 10128
100 9795
100 7083
100 11014
100 2386
100 9031
100 5634
100 20226
100 4825
100 8113
100 12004
100 9501
100 365
100 5668
100 18882
100 1347
100 1440
100 4759
100 17648
100 13589
100 7774
100 4248
100 751
100 12015
100 11117
100 6675
100 4683
100 1742
100 31481
100 2740
100 19474
100 11473
100 678
100 2925
100 15400
100 6730
100 10214
100 10090
100 6266
100 2110
100 4218
100 19038
100 9153
100 459
100 9742
100 31465
100 4823
100 18851
100 62
100 210
100 20167
100 4758
100 7580
100 11719
100 4929
100 189
100 80
100 5536
100 25270
100 3053
100 10461
100 644
100 23396
100 21695
100 27340
100 9853
100 30066
100 244
100 10015
100 2229
100 9254
100 16478
100 2582
100 16517
100 14072
100 14383
100 3461
100 5696
100 8325
100 6168
100 36068
100 57539
100 2401
100 3335
100 6944
100 17765
100 14253
100 2044
100 685
100 1986
100 8258
100 20025
100 3025
100 5745
100 8757
100 4854
100 8340
100 10814
100 3
100 23568
100 2035
100 12350
100 12384
100 18244
100 17800
100 8321
100 43067
100 57701
100 3601
100 2658
100 5632
100 18522
100 6125
100 2138
100 18664
100 12289
100 992
100 17006
100 18426
100 6386
100 7500
100 15345
100 39373
100 9381
100 5589
100 23686
100 46
100 12572
100 23613
100 10922
100 1537
100 3138
100 29328
100 5741
100 650
100 636
100 4091
100 9661
100 3379
100 5288
100 10284
100 4490
100 8280
100 5791
100 675
100 4853
100 38578
100 15264
100 38348
100 3913
100 8554
100 1850
100 4661
100 23030
100 20397
100 21616
100 25525
100 24961
100 12905
100 26765
100 8547
100 6894
100 5784
100 7146
100 2457
100 20985
100 2625
100 13308
100 1913
100 14355
100 4296
100 11586
100 21011
100 4944
100 15920
100 5403
100 7638
100 5878
100 3267
100 13431
100 6303
100 5673
100 6895
100 14511
100 28354
100 9720
100 9839
100 27526
100 15137
100 6367
100 1854
100 36191
100 8580
100 22860
100 4433
100 7313
100 20509
100 8963
100 4542
100 4204
100 2030
100 2998
100 8385
100 3837
100 5786
100 18441
100 29229
100 2587
100 3683
100 5563
100 40307
100 24657
100 8054
100 2987
100 1541
100 8045
100 4123
100 1435
100 490
100 19127
100 10924
100 5025
100 21102
100 15739
100 7536
100 10765
100 6412
100 19155
100 1167
100 8140
100 2129
100 9791
100 15590
100 45120
100 6295
100 3008
100 934
100 15024
100 12620
100 11580
100 1449
100 8145
100 7585
100 6086
100 16484
100 810
100 36912
100 3772
100 18719
100 4557
100 8142
100 8237
100 1735
100 8331
100 35204
100 1267
100 6500
100 8091
100 6071
100 10960
100 3561
100 4314
100 10546
100 11351
100 3978
100 15978
100 9131
100 1306
100 29481
100 3620
100 784
100 2787
100 186
100 10782
100 753
100 3620
100 101
100 6276
100 9761
100 18710
100 9678
100 5331
100 1560
100 9683
100 3616
100 1036
100 4191
100 21144
100 26907
100 18634
100 8226
100 6125
100 35037
100 9205
100 1310
100 12093
100 25328
100 2200
100 787
100 2375
100 34055
100 8247
100 2884
100 4683
100 5784
100 1979
100 4520
100 22856
100 3024
100 6055
100 7716
100 4161
100 28529
100 17319
100 5410
100 1284
100 1460
100 1533
100 9579
100 6517
100 1942
100 110
100 16388
100 3018
100 9537
100 2979
100 15930
100 11333
100 8070
100 5901
100 10040
100 8822
100 269
100 6821
100 41862
100 29837
100 7851
100 7369
100 1145
100 1824
100 1437
100 3708
100 36284
100 7922
100 743
100 9618
100 749
100 3108
100 1122
100 5228
100 8351
100 18844
100 29418
100 22895
100 9440
100 17151
100 3437
100 2191
100 5283
100 23352
100 9350
100 37384
100 22097
100 2869
100 3426
100 2390
100 1237
100 41281
100 686
100 22168
100 8587
100 8833
100 29477
100 30839
100 5659
100 2788
100 4874
100 11331
100 495
100 6303
100 16091
100 568
100 361
100 999
100 12632
100 15294
100 10747
100 1351
100 925
100 245
100 30006
100 267
100 2537
100 1003
100 6086
100 12220
100 16267
100 8970
100 1537
100 926
100 21855
100 686
100 3886
100 6096
100 16553
100 13586
100 16838
100 4892
100 2839
100 3933
100 10253
100 1625
100 17156
100 890
100 9232
100 8889
100 4256
100 6300
100 10166
100 2019
100 5595
100 1709
100 1852
100 326
100 8634
100 4912
100 19472
100 9274
100 4143
100 9118
100 60469
100 3687
100 30046
100 4411
100 16725
100 18057
100 1328
100 38708
100 31910
100 25863
100 34508
100 2426
100 3091
100 9942
100 2592
100 4601
100 11728
100 28008
100 4746
100 2536
100 2378
100 5373
100 4096
100 24339
100 1701
100 2780
100 11154
100 33111
100 5737
100 1557
100 8457
100 7067
100 12825
100 4466
100 5454
100 357
100 4319
100 1507
100 1411
100 191
100 1613
100 43496
100 2040
100 9687
100 5939
100 13904
100 6152
100 25547
100 12377
100 6503
100 3427
100 4558
100 502
100 24034
100 9765
100 19937
100 4075
100 22310
100 1621
100 299
100 685
100 26969
100 25330
100 12963
100 15003
100 13779
100 2513
100 13310
100 3368
100 5026
100 8865
100 2509
100 1454
100 7654
100 25443
100 13839
100 6540
100 26997
100 3376
100 2824
100 4268
100 15138
100 35286
100 597
100 12664
100 2418
100 5912
100 2367
100 2011
100 7311
100 16099
100 13247
100 10064
100 3018
100 3636
100 3997
100 13465
100 2543
100 20035
100 7096
100 5111
100 16009
100 9425
100 36879
100 26046
100 23927
100 8745
100 4642
100 5724
100 7582
100 10455
100 3257
100 12806
100 38640
100 363
100 3269
100 18539
100 6514
100 2889
100 21420
100 8734
100 13967
100 17447
100 13958
100 4984
100 648
100 18565
100 19442
100 1829
100 2786
100 7191
100 8697
100 2397
100 762
100 5546
100 739
100 18124
100 6418
100 7671
100 11544
100 11960
100 8549
100 5724
100 3192
100 1
100 3017
100 19270
100 1485
100 9721
100 6372
100 17121
100 14636
100 37458
100 9993
100 6609
100 10535
100 7386
100 3920
100 1615
100 12164
100 10840
100 10532
100 6055
100 42755
100 4437
100 12840
100 9198
100 6630
100 9984
100 422
100 8495
100 4212
100 13898
100 2242
100 11941
100 365
100 14702
100 927
100 7566
100 8087
100 6571
100 3777
100 20035
100 1608
100 8052
100 23369
100 14367
100 1110
100 16031
100 18062
100 9377
100 18275
100 3031
100 15252
100 4383
100 1701
100 6821
100 13317
100 4856
100 24983
100 9272
100 7187
100 2453
100 541
100 5360
100 20584
100 7150
100 3751
100 3742
100 1029
100 3370
100 4623
100 11991
100 15565
100 4776
100 1403
100 1103
100 10016
100 7246
100 4798
100 911
100 1708
100 4813
100 7038
100 40737
100 10898
100 5723
100 7784
100 1258
100 483
100 616
100 5181
100 50004
100 3738
100 18938
100 2472
100 12493
100 10419
100 11586
100 1111
100 668
100 875
100 3139
100 28926
100 21305
100 1232
100 1013
100 16857
100 22364
100 1172
100 26923
100 6395
100 10193
100 12056
100 12037
100 13489
100 25826
100 1863
100 3510
100 19805
100 27871
100 8497
100 27032
100 5140
100 4724
100 4425
100 1808
100 11768
100 19350
100 405
100 256
100 4010
100 32737
100 1667
100 20845
100 1272
100 26580
100 9222
100 9044
100 4632
100 17296
100 5433
100 12983
100 2856
100 6561
100 2686
100 14217
100 481
100 3635
100 985
100 12339
100 2693
100 24232
100 30450
100 16215
100 4380
100 2018
100 34130
100 5970
100 1217
100 6939
100 4283
100 4337
100 7558
100 3608
100 9944
100 11582
100 2300
100 8015
100 10543
100 8327
100 8155
100 3300
100 4102
100 21770
100 11322
100 1778
100 9316
100 6281
100 11240
100 15119
100 7967
100 26380
100 11863
100 13491
100 9315
100 10285
100 6776
100 6406
100 17078
100 3443
100 5827
100 8150
100 11440
100 2286
100 20351
100 5552
100 7186
100 34352
100 9714
100 1272
100 4457
100 9860
100 4956
100 15428
100 2799
100 2512
100 11451
100 16982
100 4274
100 6933
100 10523
100 10314
100 17882
100 23091
100 11796
100 10021
100 7402
100 19632
100 9313
100 2681
100 17129
100 954
100 6206
100 4628
100 1171
100 2047
100 15104
100 9243
100 959
100 1984
100 3773
100 5408
100 135
100 1902
100 32
100 4697
100 25100
100 81
100 16363
100 2591
100 17862
100 4837
100 12223
100 12904
100 18917
100 3824
100 7674
100 5189
100 1009
100 24057
100 3896
100 8000
100 12973
100 12422
100 5724
100 3127
100 3894
100 11130
100 6792
100 12739
100 420
100 1255
100 7151
100 23865
100 3331
100 851
100 8050
100 21225
100 425
100 4274
100 1717
100 3764
100 21171
100 9807
100 916
100 13742
100 22094
100 7491
100 15930
100 21018
100 4182
100 7862
100 6496
100 9222
100 46738
100 85
100 5749
100 2383
100 10258
100 29790
100 1870
100 2059
100 5079
100 13829
100 11156
100 7531
100 6627
100 990
100 99
100 34872
100 12134
100 19958
100 3127
100 5633
100 1428
100 5630
100 19055
100 2340
100 17894
100 14449
100 729
100 6876
100 6340
100 1756
100 3569
100 14996
100 2522
100 10636
100 801
100 156
100 3572
100 1999
100 692
100 17175
100 14031
100 3810
100 7344
100 8262
100 5292
100 4649
100 24915
100 638
100 3963
100 24451
100 1839
100 25360
100 5806
100 1559
100 4910
100 6955
100 7656
100 23408
100 16030
100 6714
100 4529
100 2827
100 2075
100 8927
100 1270
100 4437
100 21160
100 1390
100 16521
100 3671
100 8687
100 5465
100 37239
100 1475
100 6845
100 417
100 9027
100 3275
100 898
100 2429
100 5459
100 2410
100 16344
100 43533
100 4923
100 5982
100 10716
100 5691
100 18781
100 15167
100 14671
100 3744
100 54
100 11862
100 1473
100 26014
100 7729
100 9315
100 808
100 5292
100 18141
100 24835
100 5472
100 2986
100 17004
100 2195
100 47
100 3732
100 17881
100 3681
100 7343
100 18009
100 52932
100 5022
100 732
100 22356
100 13422
100 7129
100 7070
100 13620
100 1005
100 3907
100 9040
100 24356
100 495
100 16248
100 15021
100 8227
100 3369
100 9275
100 29301
100 2554
100 7778
100 1635
100 30863
100 11030
100 12833
100 1550
100 23721
100 15437
100 7866
100 1852
100 37814
100 1232
100 607
100 1579
100 14958
100 423
100 24236
100 348
100 44490
100 10058
100 13835
100 2824
100 11259
100 2848
100 14226
100 1295
100 10365
100 2580
100 3024
100 25360
100 7756
100 18210
100 6892
100 14361
100 7162
100 650
100 2162
100 17278
100 9291
100 19567
100 2472
100 4831
100 1951
100 3498
100 14304
100 16247
100 4400
100 521
100 871
100 11220
100 6351
100 3333
100 8010
100 15573
100 8966
100 5520
100 7193
100 705
100 2970
100 671
100 5114
100 7735
100 21294
100 7876
100 6065
100 4191
100 8351
100 3787
100 7660
100 7897
100 9812
100 1448
100 4013
100 36927
100 6117
100 15542
100 15351
100 1319
100 14887
100 1598
100 6881
100 18696
100 23149
100 5048
100 1143
100 330
100 34548
100 12299
100 32618
100 11130
100 11163
100 2363
100 1965
100 1452
100 7548
100 4632
100 23721
100 3307
100 4901
100 36512
100 7749
100 5853
100 2576
100 30245
100 1782
100 7879
100 3907
100 6953
100 7139
100 21374
100 2975
100 12087
100 98
100 8454
100 124
100 41518
100 12402
100 4517
100 10122
100 3607
100 7306
100 19988
100 1103
100 5629
100 10823
100 2157
100 2344
100 7861
100 15167
100 15480
100 24402
100 7094
100 9537
100 2588
100 3744
100 723
100 1996
100 5032
100 13833
100 7640
100 6373
100 43069
100 6150
100 16161
100 7757
100 10838
100 2188
100 1046
100 598
100 9125
100 14898
100 17863
100 3405
100 18716
100 4583
100 9950
100 16191
100 20939
100 3841
100 2182
100 12677
100 12625
100 4261
100 1209
100 9578
100 10159
100 2319
100 10501
100 10236
100 15290
100 23846
100 2401
100 8058
100 7671
100 18843
100 2690
100 7307
100 12861
100 4737
100 8194
100 5691
100 28296
100 2501
100 2994
100 2562
100 1080
100 9732
100 36089
100 5880
100 16189
100 5914
100 13999
100 10679
100 5037
100 447
100 4813
100 3510
100 727
100 9758
100 12110
100 27163
100 4918
100 6832
100 2029
100 609
100 21790
100 9714
100 4201
100 2673
100 13451
100 15525
100 3670
100 18620
100 6608
100 14544
100 5226
100 2767
100 20692
100 5024
100 15032
100 6103
100 16019
100 2240
100 424
100 887
100 4611
100 688
100 19988
100 9962
100 14340
100 14872
100 7476
100 14333
100 24867
100 284
100 7582
100 23767
100 6889
100 17032
100 8234
100 589
100 9141
100 21881
100 20597
100 13924
100 2843
100 5241
100 8175
100 12506
100 7391
100 6003
100 29974
100 1532
100 6198
100 7815
100 72135
100 2862
100 2131
100 3862
100 5508
100 11180
100 8117
100 2558
100 592
100 16450
100 18830
100 24592
100 4505
100 5001
100 3736
100 14628
100 12079
100 376
100 17088
100 28853
100 4424
100 5173
100 817
100 1924
100 24652
100 671
100 701
100 10167
100 1346
100 25069
100 10351
100 7802
100 3890
100 21232
100 4924
100 972
100 11350
100 11034
100 1744
100 15107
100 31609
100 5208
100 5349
100 78
100 11005
100 21666
100 14277
100 35027
100 326
100 4273
100 28134
100 1667
100 2509
100 4950
100 1799
100 22921
100 3577
100 38823
100 1806
100 640
100 33725
100 2411
100 23806
100 21437
100 12302
100 1548
100 8505
100 6619
100 113
100 14448
100 424
100 24264
100 14352
100 2752
100 1193
100 9027
100 17421
100 8388
100 10684
100 7654
100 4580
100 10074
100 8494
100 9554
100 6529
100 7284
100 8414
100 7330
100 15363
100 794
100 30617
100 15100
100 682
100 4399
100 16369
100 22692
100 32871
100 9832
100 957
100 7155
100 3284
100 11594
100 6652
100 127
100 46787
100 2033
100 7863
100 18801
100 1526
100 8930
100 330
100 1002
100 4252
100 2592
100 8143
100 7911
100 7152
100 10102
100 17265
100 13309
100 1117
100 19129
100 9937
100 18703
100 23616
100 27814
100 26904
100 3564
100 34160
100 27118
100 26410
100 2899
100 17471
100 3049
100 566
100 2721
100 8526
100 4160
100 2474
100 17877
100 21084
100 5819
100 18795
100 7209
100 1711
100 207
100 874
100 5121
100 30405
100 20234
100 28177
100 2521
100 5395
100 5321
100 4923
100 18384
100 11358
100 16399
100 143
100 5165
100 13749
100 5733
100 11201
100 7924
100 8222
100 12293
100 4568
100 17307
100 65713
100 15894
100 13736
100 272
100 7145
100 2202
100 8608
100 5566
100 9495
100 1679
100 8478
100 22216
100 19037
100 487
100 4139
100 17839
100 3925
100 3273
100 14653
100 152
100 959
100 6292
100 14613
100 7870
100 1877
100 4008
100 13587
100 5814
100 5563
100 1456
100 4180
100 4975
100 7179
100 5782
100 8743
100 14462
100 413
100 8350
100 22086
100 142
100 2556
100 37099
100 30044
100 13224
100 5124
100 332
100 8996
100 16957
100 439
100 4065
100 662
100 4943
100 4051
100 21024
100 522
100 6367
100 6050
100 2583
100 231
100 3129
100 8713
100 9813
100 4417
100 5483
100 11290
100 5463
100 16486
100 25089
100 29042
100 224
100 4352
100 3041
100 477
100 8421
100 7008
100 1997
100 3377
100 1524
100 15541
100 9875
100 21426
100 8062
100 26192
100 15535
100 3129
100 2498
100 3639
100 19749
100 10937
100 38510
100 17445
100 896
100 23533
100 1623
100 19463
100 17831
100 26617
100 1354
100 15236
100 673
100 5736
100 22866
100 10068
100 7082
100 4376
100 36125
100 1902
100 14695
100 4263
100 9994
100 18779
100 12260
100 1525
100 4531
100 1744
100 17772
100 3242
100 14672
100 12537
100 185
100 424
100 15613
100 4006
100 6366
100 5117
100 3395
100 9869
100 2574
100 7471
100 28803
100 50
100 1047
100 19455
100 4003
100 20381
100 4891
100 21788
100 18912
100 2794
100 1170
100 1513
100 7942
100 1066
100 1419
100 24134
100 9065
100 7508
100 1368
100 2440
100 3262
100 3398
100 5295
100 2962
100 9417
100 28820
100 7109
100 12793
100 8337
100 66
100 10676
100 7953
100 1541
100 13060
100 298
100 18965
100 26523
100 7425
100 1837
100 1629
100 19309
100 1384
100 4044
100 1119
100 1145
100 133
100 5627
100 7465
100 8281
100 18471
100 13486
100 122
100 11260
100 6503
100 1086
100 7077
100 4619
100 6576
100 319
100 8255
100 92
100 4092
100 5477
100 9373
100 17493
100 3620
100 23301
100 11108
100 9277
100 1879
100 21143
100 11981
100 2484
100 9220
100 8684
100 2440
100 776
100 179
100 11069
100 9714
100 11066
100 18197
100 2149
100 4723
100 8323
100 8818
100 27846
100 21063
100 27622
100 684
100 40062
100 3560
100 8885
100 7792
100 22953
100 3469
100 6503
100 15317
100 1794
100 3760
100 4693
100 682
100 1881
100 3208
100 3481
100 755
100 21060
100 7440
100 1494
100 11501
100 7495
100 11074
100 28966
100 1057
100 858
100 8997
100 2507
100 569
100 9866
100 26581
100 1257
100 4678
100 1849
100 3260
100 15422
100 23066
100 22331
100 9656
100 3807
100 3708
100 12620
100 5228
100 1033
100 4945
100 45738
100 9264
100 3799
100 12472
100 16352
100 3990
100 3135
100 163
100 21021
100 2547
100 14970
100 9059
100 8909
100 7598
100 7127
100 1756
100 1349
100 7843
100 6852
100 4236
100 5219
100 4599
100 8083
100 4088
100 7359
100 2693
100 8719
100 2947
100 2941
100 8704
100 10076
100 17554
100 2047
100 35747
100 6764
100 226
100 6451
100 1999
100 3366
100 37922
100 1629
100 16960
100 12586
100 981
100 7185
100 6621
100 4296
100 4939
100 19553
100 484
100 314
100 18704
100 1050
100 14042
100 24623
100 592
100 12063
100 4760
100 3054
100 16908
100 22081
100 2939
100 1311
100 20230
100 13762
100 3704
100 14435
100 4393
100 15681
100 7521
100 1468
100 579
100 5372
100 9527
100 4855
100 18407
100 44424
100 13398
100 3836
100 26622
100 19266
100 10733
100 2841
100 16520
100 7471
100 3790
100 24411
100 6750
100 2342
100 3803
100 20595
100 3941
100 8192
100 505
100 24186
100 4662
100 26606
100 3612
100 24359
100 7963
100 31420
100 39
100 6078
100 4324
100 2190
100 6298
100 6178
100 8617
100 16811
100 22631
100 4503
100 685
100 5492
100 106
100 6120
100 24572
100 22635
100 4397
100 20390
100 7424
100 5669
100 11927
100 5646
100 12636
100 5804
100 27250
100 12216
100 6380
100 29457
100 23801
100 9403
100 34048
100 631
100 3553
100 10172
100 17189
100 11397
100 8223
100 12613
100 9488
100 10015
100 9360
100 6294
100 4840
100 9441
100 4474
100 16485
100 43894
100 3693
100 40466
100 1523
100 30496
100 4432
100 18824
100 23717
100 9490
100 13892
100 16671
100 8011
100 6722
100 14135
100 2396
100 3950
100 14686
100 10856
100 5529
100 1019
100 3658
100 15529
100 16773
100 6743
100 4970
100 15399
100 18396
100 4519
100 2033
100 21327
100 11874
100 3535
100 23864
100 9207
100 53
100 15745
100 9341
100 12959
100 20405
100 4016
100 6633
100 2970
100 7801
100 1677
100 17606
100 2101
100 6861
100 5104
100 1141
100 551
100 11143
100 19552
100 22751
100 15191
100 29042
100 4001
100 5052
100 4755
100 6890
100 14401
100 9554
100 23875
100 10292
100 3514
100 17454
100 17430
100 11376
100 4040
100 58195
100 5572
100 464
100 6965
100 8441
100 2935
100 22197
100 10888
100 20194
100 5998
100 11953
100 17392
100 43157
100 26593
100 34056
100 18984
100 18637
100 11950
100 602
100 10011
100 4984
100 22878
100 15406
100 1696
100 975
100 7511
100 7780
100 4494
100 2514
100 5278
100 2699
100 23773
100 26392
100 5851
100 37464
100 5009
100 4771
100 5779
100 3641
100 9687
100 2897
100 3645
100 6998
100 9977
100 8234
100 27926
100 8455
100 3063
100 10857
100 20494
100 10382
100 29435
100 2106
100 31711
100 1745
100 2311
100 2059
100 3327
100 13884
100 5967
100 87
100 3049
100 15592
100 7416
100 8877
100 104
100 1790
100 7961
100 21956
100 6618
100 3055
100 703
100 27476
100 3030
100 137
100 19236
100 11430
100 34236
100 2970
100 4584
100 15403
100 23325
100 5384
100 5842
100 4090
100 6825
100 5980
100 1489
100 17960
100 8987
100 10134
100 7198
100 19636
100 8205
100 23664
100 97843
100 12148
100 11815
100 40375
100 2023
100 4095
100 5262
100 12099
100 93
100 6477
100 455
100 28868
100 8819
100 15401
100 20022
100 24024
100 65
100 21549
100 8851
100 17651
100 42219
100 4649
100 34
100 15236
100 3826
100 3925
100 15612
100 12941
100 3731
100 21830
100 7390
100 1947
100 3829
100 27777
100 2218
100 4035
100 42731
100 1889
100 4916
100 11525
100 7867
100 12920
100 45359
100 12444
100 34003
100 4283
100 3718
100 7162
100 10894
100 2856
100 6571
100 2806
100 4248
100 10291
100 4493
100 20
100 5073
100 11097
100 18693
100 5162
100 67
100 21091
100 4423
100 22984
100 7917
100 15541
100 7180
100 3505
100 10130
100 14438
100 8119
100 2322
100 4011
100 857
100 10764
100 431
100 13195
100 1917
100 2797
100 21796
100 12325
100 5876
100 5807
100 4595
100 8365
100 7357
100 1821
100 1619
100 1674
100 5382
100 2539
100 10842
100 16013
100 3933
100 25468
100 10525
100 14647
100 14055
100 11209
100 29804
100 2787
100 29650
100 1990
100 1887
100 7723
100 12288
100 1538
100 1014
100 23897
100 14888
100 2598
100 2399
100 7816
100 9212
100 19500
100 9506
100 1570
100 6505
100 9677
100 5070
100 3716
100 4293
100 3613
100 2544
100 8333
100 9657
100 15857
100 31968
100 608
100 88
100 20818
100 3595
100 18497
100 879
100 3375
100 31061
100 4036
100 1938
100 1510
100 11294
100 8082
100 27251
100 1733
100 7454
100 7409
100 5027
100 335
100 9291
100 76841
100 19391
100 32560
100 30249
100 8391
100 18765
100 48
100 15910
100 2926
100 1432
100 34556
100 8699
100 8395
100 5176
100 20926
100 21689
100 16152
100 3147
100 30993
100 14453
100 5077
100 2626
100 2089
100 4808
100 2502
100 1537
100 6804
100 9477
100 10854
100 2120
100 14708
100 7234
100 15322
100 18743
100 864
100 10328
100 8646
100 3170
100 1624
100 1615
100 2505
100 9503
100 9029
100 4802
100 827
100 2647
100 1361
100 5965
100 257
100 15160
100 2501
100 702
100 32906
100 22952
100 2720
100 4066
100 31149
100 1141
100 2180
100 17350
100 7714
100 2111
100 389
100 8971
100 14373
100 618
100 4169
100 271
100 2630
100 60
100 17789
100 10506
100 23262
100 1597
100 2310
100 1069
100 10977
100 6632
100 14401
100 13208
100 22267
100 10469
100 9138
100 2038
100 11222
100 19129
100 5847
100 2813
100 7220
100 577
100 6138
100 2844
100 800
100 9605
100 6158
100 16390
100 12749
100 9422
100 9869
100 4617
100 13120
100 16325
100 2634
100 5194
100 1243
100 5155
100 5851
100 4141
100 18086
100 10443
100 2766
100 10953
100 2194
100 757
100 2846
100 21245
100 1122
100 2678
100 22142
100 2440
100 10226
100 12311
100 6572
100 840
100 1192
100 12893
100 5210
100 15592
100 14702
100 5239
100 10285
100 4147
100 8066
100 5870
100 34883
100 12678
100 9040
100 10349
100 9931
100 10054
100 5017
100 8696
100 11504
100 1640
100 4718
100 32109
100 22838
100 21285
100 2484
100 25588
100 14675
100 14394
100 12458
100 92
100 9507
100 20424
100 13996
100 17381
100 16784
100 363
100 588
100 20016
100 12552
100 7812
100 9378
100 1361
100 2322
100 695
100 2871
100 31831
100 1980
100 304
100 12
100 20819
100 5239
100 18071
100 5865
100 6940
100 6286
100 2061
100 2465
100 1858
100 1590
100 10548
100 9300
100 5871
100 13385
100 27052
100 2290
100 5433
100 24814
100 8527
100 6455
100 628
100 9114
100 7904
100 2805
100 816
100 10942
100 25161
100 20228
100 5420
100 3225
100 1497
100 16398
100 5192
100 7202
100 14446
100 2939
100 9506
100 20036
100 14814
100 3647
100 363
100 3416
100 32555
100 20031
100 7871
100 15029
100 10345
100 14035
100 14156
100 6077
100 2250
100 4863
100 10134
100 12568
100 925
100 7970
100 1170
100 8589
100 21091
100 4306
100 907
100 23365
100 8191
100 34792
100 1300
100 869
100 692
100 18357
100 6696
100 6952
100 4999
100 2447
100 3107
100 5687
100 4460
100 14191
100 2330
100 31453
100 2117
100 6284
100 1292
100 6480
100 5360
100 13993
100 3831
100 1013
100 21738
100 1521
100 12664
100 21357
100 3289
100 1255
100 12813
100 2007
100 3336
100 16896
100 19015
100 32608
100 7819
100 17472
100 2409
100 3230
100 3207
100 3304
100 5785
100 4023
100 21669
100 178
100 9057
100 763
100 8576
100 15575
100 6544
100 997
100 890
100 20403
100 1709
100 22879
100 14003
100 8386
100 2609
100 1689
100 1719
100 12034
100 22905
100 8625
100 2629
100 843
100 788
100 54
100 3874
100 4415
100 14083
100 32894
100 1854
100 9106
100 319
100 3972
100 27939
100 5531
100 5095
100 747
100 6233
100 4085
100 118
100 20444
100 115
100 9204
100 5823
100 2781
100 2489
100 1823
100 3056
100 7673
100 16335
100 7156
100 2428
100 3553
100 6120
100 32376
100 3742
100 27199
100 7711
100 6990
100 8867
100 5248
100 27208
100 4679
100 14218
100 3899
100 3096
100 10048
100 19046
100 12757
100 5454
100 186
100 7850
100 7826
100 8459
100 16062
100 4036
100 13096
100 18567
100 5463
100 3152
100 4467
100 30345
100 11767
100 12288
100 3841
100 12464
100 10555
100 7336
100 26222
100 4279
100 6259
100 7602
100 56259
100 13488
100 3700
100 26096
100 4761
100 18452
100 20911
100 7084
100 7374
100 22059
100 11976
100 13267
100 8827
100 4894
100 39124
100 18458
100 6053
100 19507
100 1412
100 3866
100 4327
100 37541
100 662
100 11454
100 29316
100 13929
100 11484
100 4377
100 147
100 5405
100 784
100 12559
100 10344
100 1188
100 2749
100 16090
100 5482
100 14087
100 17679
100 464
100 234
100 3978
100 9296
100 7236
100 17535
100 3026
100 8462
100 5218
100 5478
100 264
100 1770
100 1397
100 1239
100 5652
100 18909
100 39569
100 9619
100 348
100 6769
100 5951
100 8610
100 25045
100 6974
100 10173
100 410
100 2307
100 7382
100 679
100 47286
100 9869
100 4048
100 5766
100 1184
100 10731
100 6618
100 9948
100 666
100 8808
100 47872
100 5794
100 3287
100 18548
100 2235
100 438
100 7817
100 5570
100 246
100 2328
100 2835
100 21168
100 3616
100 2273
100 12044
100 11976
100 354
100 7374
100 2818
100 23167
100 9424
100 3888
100 9291
100 12408
100 7115
100 13073
100 34647
100 785
100 6801
100 9227
100 26379
100 635
100 18873
100 14584
100 960
100 1508
100 6917
100 2825
100 1811
100 13129
100 27803
100 14964
100 2361
100 2655
100 13814
100 18235
100 11649
100 3598
100 5942
100 385
100 6645
100 1602
100 8228
100 2730
100 8244
100 31836
100 20657
100 9705
100 7452
100 219
100 3538
100 31083
100 4682
100 8826
100 6158
100 8244
100 5814
100 23
100 105
100 2407
100 14608
100 5922
100 9156
100 17687
100 25523
100 26333
100 63136
100 6232
100 3655
100 230
100 25874
100 13457
100 15106
100 7343
100 5604
100 2896
100 18611
100 16894
100 1205
100 23364
100 15226
100 4740
100 888
100 9335
100 2258
100 38292
100 12942
100 1833
100 1686
100 18999
100 30899
100 3392
100 11822
100 19524
100 8449
100 1629
100 18763
100 5031
100 10786
100 1578
100 23153
100 7985
100 17156
100 4923
100 22108
100 1969
100 1760
100 37027
100 3319
100 8626
100 3980
100 4764
100 366
100 2496
100 13984
100 8792
100 6327
100 1190
100 6582
100 9231
100 3142
100 15355
100 14102
100 21225
100 2417
100 10399
100 13184
100 8361
100 537
100 4874
100 364
100 16456
100 4625
100 14328
100 11566
100 22524
100 3186
100 4093
100 2724
100 956
100 2222
100 2034
100 12070
100 3698
100 9920
100 328
100 2664
100 4111
100 13568
100 8951
100 4574
100 12724
100 15748
100 14365
100 6868
100 4406
100 751
100 7759
100 6818
100 5845
100 26121
100 2837
100 19627
100 1402
100 7226
100 428
100 612
100 44107
100 1220
100 25877
100 331
100 48101
100 1563
100 3045
100 396
100 2632
100 21402
100 13036
100 19387
100 2745
100 11832
100 6560
100 818
100 17846
100 1407
100 19728
100 25787
100 17218
100 10339
100 1531
100 1814
100 3783
100 3673
100 7753
100 1402
100 13025
100 1626
100 751
100 9416
100 7597
100 2197
100 20209
100 16383
100 5200
100 20356
100 809
100 2988
100 645
100 2637
100 1134
100 7565
100 27619
100 7748
100 23541
100 206
100 3972
100 4462
100 16295
100 1409
100 13293
100 4659
100 7549
100 9133
100 3342
100 24487
100 16366
100 4966
100 5877
100 8075
100 10052
100 17164
100 3492
100 6473
100 1818
100 1154
100 12930
100 3273
100 500
100 2608
100 47
100 117
100 32126
100 3624
100 5028
100 9859
100 18219
100 16588
100 18993
100 9711
100 4517
100 6259
100 2351
100 22904
100 13003
100 2471
100 13319
100 1004
100 2877
100 13457
100 5765
100 20189
100 3070
100 21283
100 3244
100 27751
100 5620
100 4942
100 6763
100 5079
100 10438
100 4955
100 471
100 5410
100 436
100 1436
100 25451
100 4614
100 285
100 1065
100 1585
100 15411
100 12413
100 3106
100 14491
100 6650
100 8828
100 2752
100 8864
100 1683
100 17696
100 25287
100 14213
100 1033
100 5114
100 29
100 5121
100 3965
100 4009
100 4502
100 3154
100 13658
100 21097
100 35646
100 15155
100 26500
100 6160
100 2576
100 2999
100 19022
100 1463
100 5598
100 14384
100 22788
100 15276
100 5072
100 8537
100 5626
100 1485
100 14072
100 2174
100 3095
100 6722
100 1331
100 18275
100 13154
100 5503
100 14134
100 3905
100 10282
100 29288
100 93
100 6457
100 4102
100 9568
100 1266
100 7825
100 12833
100 9394
100 1566
100 7506
100 552
100 4042
100 1222
100 5200
100 7810
100 461
100 598
100 11559
100 2202
100 1433
100 12699
100 6117
100 10462
100 5145
100 26330
100 3165
100 16259
100 976
100 1289
100 1475
100 6904
100 100
100 19355
100 2
100 9305
100 18424
100 11882
100 4155
100 17094
100 369
100 24282
100 1096
100 24176
100 8439
100 1423
100 1259
100 7040
100 366
100 5330
100 4828
100 5639
100 18031
100 5652
100 2209
100 3276
100 2851
100 9766
100 2912
100 2888
100 10660
100 10335
100 25529
100 2085
100 4412
100 9448
100 4065
100 10301
100 22109
100 4846
100 5052
100 6041
100 7965
100 13334
100 3931
100 8736
100 18896
100 4117
100 17667
100 3039
100 12614
100 2425
100 13636
100 12338
100 4794
100 14214
100 10573
100 1549
100 5361
100 53518
100 69867
100 4190
100 8401
100 141
100 250
100 27707
100 4791
100 16733
100 520
100 2223
100 2862
100 25495
100 14713
100 12087
100 6606
100 3629
100 15304
100 11146
100 2853
100 2070
100 11962
100 2873
100 27560
100 5206
100 13073
100 561
100 6808
100 6231
100 1447
100 12919
100 12497
100 19569
100 1078
100 16015
100 3372
100 13925
100 4068
100 14007
100 1959
100 17862
100 5752
100 8383
100 15801
100 484
100 2730
100 1413
100 11781
100 19528
100 26
100 4994
100 3887
100 4185
100 25285
100 38177
100 8831
100 2545
100 158
100 4286
100 19048
100 7736
100 21661
100 15660
100 10086
100 6901
100 4278
100 18038
100 4912
100 3324
100 1376
100 10183
100 11167
100 1064
100 11717
100 29364
100 2101
100 17291
100 1511
100 8916
100 9013
100 34135
100 6236
100 9848
100 224
100 19
100 22763
100 16780
100 6329
100 5958
100 42985
100 3352
100 4362
100 1065
100 1821
100 15453
100 6788
100 661
100 41496
100 3832
100 1486
100 5571
100 4366
100 1918
100 19388
100 4580
100 8255
100 7670
100 14303
100 6046
100 20868
100 3539
100 1490
100 11463
100 2510
100 2356
100 14592
100 22472
100 7008
100 10235
100 11723
100 11700
100 5244
100 18996
100 4540
100 8181
100 35
100 13385
100 17326
100 9589
100 17596
100 13642
100 5490
100 726
100 25952
100 768
100 22936
100 6335
100 22053
100 5206
100 1145
100 40229
100 6138
100 1565
100 7860
100 7645
100 3151
100 4943
100 20026
100 14718
100 5146
100 2526
100 7243
100 33778
100 7343
100 9324
100 9839
100 7373
100 10553
100 7551
100 18535
100 7188
100 12425
100 1901
100 35
100 25083
100 23545
100 4179
100 4490
100 18025
100 734
100 13662
100 4
100 14739
100 6934
100 9894
100 17012
100 9541
100 12949
100 939
100 2043
100 10575
100 22226
100 5114
100 6130
100 3561
100 4222
100 28731
100 1690
100 23440
100 4784
100 9130
100 3886
100 27039
100 15856
100 198
100 471
100 7228
100 855
100 5005
100 11206
100 17700
100 8896
100 3473
100 20841
100 5683
100 3851
100 15452
100 1607
100 8758
100 3199
100 4761
100 996
100 1512
100 3096
100 16231
100 15478
100 8499
100 16306
100 8206
100 3875
100 9230
100 6345
100 1156
100 2920
100 46992
100 8441
100 3448
100 5970
100 3565
100 534
100 8736
100 17294
100 4845
100 3583
100 7250
100 4426
100 4120
100 10559
100 10049
100 18096
100 8130
100 4542
100 8336
100 13798
100 26476
100 9244
100 23292
100 11966
100 164
100 633
100 2943
100 1393
100 741
100 7941
100 2392
100 10745
100 1053
100 2753
100 10508
100 7602
100 6514
100 8737
100 5631
100 4874
100 3023
100 2559
100 1049
100 1822
100 6264
100 2994
100 17765
100 2710
100 30291
100 8583
100 90
100 12705
100 3784
100 1265
100 16387
100 1870
100 14405
100 15400
100 2665
100 16799
100 3864
100 1614
100 578
100 34172
100 1128
100 30379
100 42703
100 29007
100 2783
100 1334
100 3896
100 7191
100 5086
100 4476
100 129
100 8434
100 2014
100 3814
100 4197
100 392
100 8186
100 21147
100 671
100 2937
100 11184
100 24674
100 9972
100 1328
100 1270
100 23821
100 746
100 10516
100 27624
100 7446
100 1740
100 1971
100 1909
100 3078
100 10947
100 2968
100 3674
100 6082
100 8488
100 7765
100 4643
100 6063
100 15561
100 8314
100 11599
100 23870
100 17655
100 20463
100 221
100 5541
100 3250
100 1694
100 2387
100 13819
100 18015
100 19928
100 7119
100 4603
100 5095
100 19616
100 5385
100 25656
100 991
100 11638
100 43956
100 216
100 10611
100 67979
100 23344
100 16510
100 11330
100 2910
100 14668
100 10168
100 5256
100 1784
100 9943
100 7377
100 6503
100 5297
100 2950
100 19107
100 24903
100 6451
100 624
100 10739
100 17024
100 9258
100 6567
100 16869
100 410
100 6575
100 7452
100 14435
100 15281
100 8370
100 27273
100 3892
100 1941
100 38383
100 21072
100 5755
100 4773
100 5898
100 4478
100 14323
100 18477
100 75
100 9068
100 9766
100 4359
100 1936
100 7064
100 28763
100 2879
100 18112
100 6597
100 1044
100 190
100 6795
100 9582
100 4552
100 20279
100 4985
100 15414
100 8706
100 200
100 1105
100 40552
100 5339
100 6367
100 795
100 3160
100 9730
100 3387
100 3442
100 7427
100 12659
100 19984
100 22271
100 5282
100 2914
100 8856
100 968
100 7418
100 3308
100 4512
100 45229
100 3460
100 2908
100 4429
100 4773
100 16907
100 4438
100 6826
100 9837
100 1765
100 39130
100 593
100 22422
100 13665
100 361
100 14596
100 1033
100 13845
100 41110
100 10694
100 18983
100 15833
100 11420
100 3467
100 24915
100 43941
100 13658
100 3614
100 1862
100 2877
100 1493
100 2136
100 13233
100 14411
100 12526
100 28966
100 17233
100 13949
100 945
100 15402
100 14119
100 17232
100 4895
100 23408
100 6137
100 1962
100 973
100 9859
100 5951
100 4308
100 24
100 14236
100 1567
100 104
100 2261
100 11312
100 7061
100 11862
100 6138
100 11018
100 3625
100 7101
100 40877
100 3561
100 27016
100 980
100 8669
100 7580
100 9931
100 15134
100 5806
100 1164
100 13671
100 19170
100 4984
100 4435
100 1941
100 2094
100 674
100 4720
100 13
100 248
100 6467
100 12335
100 2459
100 9931
100 1437
100 5180
100 38052
100 22127
100 20817
100 1185
100 6266
100 5876
100 3834
100 6983
100 414
100 1953
100 634
100 64
100 4983
100 6881
100 5606
100 1529
100 5888
100 2871
100 494
100 25108
100 9014
100 9014
100 642
100 10535
100 335
100 5946
100 7283
100 27727
100 9395
100 17457
100 10844
100 12747
100 10732
100 7110
100 18275
100 3816
100 43814
100 1098
100 7415
100 2225
100 4962
100 5955
100 2528
100 22260
100 30777
100 850
100 241
100 3262
100 33939
100 29249
100 2330
100 3519
100 20670
100 25916
100 5773
100 19505
100 15602
100 17278
100 17167
100 11510
100 7457
100 3956
100 1475
100 39601
100 3472
100 2718
100 468
100 4787
100 1032
100 9612
100 17120
100 219
100 12094
100 329
100 8641
100 7885
100 24143
100 1736
100 21009
100 25168
100 14686
100 867
100 1552
100 3238
100 2282
100 16867
100 4182
100 4327
100 38188
100 1382
100 2919
100 12670
100 5412
100 35
100 47003
100 22211
100 258
100 1572
100 1789
100 3540
100 15231
100 13439
100 1707
100 2655
100 3139
100 27091
100 17188
100 11683
100 3325
100 3599
100 2976
100 22823
100 4437
100 21745
100 25773
100 526
100 962
100 2863
100 6001
100 1116
100 2759
100 46426
100 12427
100 5972
100 6961
100 378
100 13073
100 26457
100 15512
100 5689
100 2259
100 25437
100 2389
100 474
100 2910
100 24661
100 6570
100 1216
100 1895
100 1371
100 10861
100 1073
100 1281
100 9094
100 7533
100 1543
100 2309
100 8887
100 5113
100 29163
100 2327
100 5657
100 4897
100 12055
100 3563
100 16244
100 904
100 4148
100 5768
100 19906
100 19
100 974
100 297
100 2884
100 8626
100 14535
100 15251
100 729
100 12404
100 823
100 1394
100 6317
100 10912
100 8727
100 7502
100 7402
100 23845
100 5234
100 3924
100 1905
100 2333
100 997
100 39612
100 3838
100 2753
100 5363
100 4028
100 10991
100 15743
100 491
100 411
100 19023
100 3240
100 5328
100 3524
100 34520
100 2208
100 6945
100 8205
100 25267
100 17100
100 7895
100 24661
100 20040
100 829
100 841
100 15511
100 3455
100 1387
100 7169
100 11776
100 21916
100 14193
100 17047
100 17535
100 306
100 27300
100 16273
100 12571
100 20587
100 17414
100 4435
100 1442
100 17407
100 18811
100 8958
100 35724
100 10143
100 234
100 10528
100 13245
100 2455
100 10604
100 16781
100 170
100 830
100 9548
100 4331
100 12649
100 3992
100 2882
100 1225
100 808
100 9681
100 7976
100 691
100 1404
100 2296
100 6739
100 324
100 664
100 3835
100 11861
100 1077
100 3641
100 1518
100 2501
100 490
100 15284
100 13535
100 4545
100 14262
100 25081
100 21680
100 9215
100 3416
100 9691
100 2427
100 5078
100 590
100 11056
100 877
100 10588
100 16576
100 7059
100 3684
100 4747
100 10027
100 28696
100 4742
100 3683
100 159
100 8090
100 373
100 21200
100 12024
100 3821
100 19452
100 17360
100 5951
100 5053
100 10191
100 22171
100 16209
100 10679
100 25586
100 6328
100 10057
100 3678
100 6844
100 20897
100 535
100 13418
100 3098
100 19032
100 1209
100 10038
100 462
100 7403
100 6112
100 6579
100 13877
100 119
100 15027
100 44571
100 4370
100 15189
100 23100
100 720
100 1885
100 10669
100 4693
100 4707
100 19118
100 5627
100 22194
100 16234
100 6084
100 2587
100 19426
100 29148
100 5370
100 6744
100 10015
100 13253
100 2569
100 3319
100 9588
100 1005
100 498
100 9807
100 27306
100 10643
100 7505
100 8313
100 13759
100 19696
100 9764
100 7073
100 27456
100 2550
100 35872
100 4392
100 415
100 1370
100 13689
100 4554
100 5307
100 949
100 995
100 22304
100 7672
100 8583
100 7030
100 38157
100 11920
100 2677
100 7517
100 3505
100 6340
100 12885
100 1626
100 17022
100 17276
100 16111
100 13242
100 7646
100 12660
100 7995
100 1448
100 27779
100 400
100 681
100 3010
100 19511
100 7861
100 22905
100 1328
100 10574
100 5987
100 26128
100 4901
100 1088
100 11450
100 352
100 9447
100 22115
100 5810
100 7497
100 3853
100 1619
100 33565
100 10013
100 16493
100 11326
100 7086
100 1452
100 15697
100 24729
100 4230
100 7384
100 884
100 142
100 1151
100 2799
100 3350
100 1564
100 10221
100 11
100 4149
100 5853
100 4677
100 13486
100 26007
100 14420
100 1467
100 1634
100 1908
100 46507
100 23255
100 16503
100 8046
100 13475
100 2607
100 1937
100 5142
100 2001
100 738
100 17578
100 6811
100 11001
100 926
100 1293
100 1363
100 10714
100 31620
100 5213
100 4233
100 10907
100 11997
100 434
100 1441
100 15129
100 4348
100 600
100 3287
100 2291
100 2980
100 2853
100 6949
100 6733
100 2815
100 7091
100 4256
100 6293
100 3877
100 2877
100 8272
100 39753
100 9941
100 19670
100 6423
100 5114
100 28596
100 3021
100 7332
100 355
100 13738
100 12037
100 18188
100 7880
100 14275
100 1106
100 27072
100 1670
100 2711
100 1259
100 5353
100 31463
100 14836
100 13015
100 4223
100 1966
100 16234
100 3415
100 3490
100 2821
100 4036
100 23164
100 2053
100 2908
100 8527
100 14416
100 373
100 6623
100 1619
100 1185
100 5592
100 14542
100 11567
100 13624
100 10820
100 19215
100 14440
100 13323
100 12508
100 1834
100 44346
100 21303
100 9494
100 11644
100 313
100 28187
100 1453
100 13795
100 5262
100 1578
100 2232
100 1305
100 4056
100 13474
100 9970
100 1492
100 11863
100 1963
100 1166
100 675
100 5202
100 26775
100 5581
100 3125
100 17422
100 11825
100 24924
100 1208
100 12889
100 7841
100 10035
100 3579
100 3338
100 12364
100 3649
100 10678
100 376
100 6428
100 303
100 2489
100 33967
100 19131
100 2193
100 20411
100 12143
100 1623
100 6903
100 12242
100 4095
100 12363
100 242
100 17041
100 11829
100 22237
100 10647
100 15856
100 25792
100 33478
100 1945
100 25424
100 7550
100 3717
100 7667
100 5155
100 15411
100 3632
100 9788
100 438
100 6216
100 1097
100 3225
100 12944
100 5142
100 5268
100 16896
100 3873
100 13336
100 65546
100 7348
100 15512
100 3481
100 6678
100 6124
100 1500
100 32504
100 281
100 1285
100 382
100 1657
100 1341
100 11067
100 986
100 340
100 9633
100 973
100 11770
100 7021
100 12559
100 3813
100 20229
100 5823
100 1918
100 2700
100 13274
100 5822
100 418
100 3076
100 31266
100 22334
100 15916
100 16228
100 10609
100 5607
100 11340
100 1692
100 1394
100 8422
100 11025
100 12396
100 1099
100 2548
100 8900
100 3115
100 16141
100 16478
100 12593
100 886
100 12820
100 9429
100 25057
100 3751
100 15254
100 3512
100 2387
100 3461
100 15328
100 3875
100 2712
100 11017
100 12711
100 27893
100 3174
100 1185
100 13476
100 28155
100 2744
100 4681
100 8893
100 12184
100 9865
100 13514
100 16075
100 1025
100 7476
100 3881
100 13853
100 3686
100 27455
100 4149
100 3405
100 28332
100 4326
100 78
100 1866
100 15872
100 14936
100 21875
100 138
100 2250
100 18319
100 18881
100 34954
100 38135
100 11124
100 14070
100 31799
100 4151
100 12415
100 4404
100 1035
100 20248
100 1122
100 6797
100 2981
100 3546
100 3458
100 2867
100 2637
100 7431
100 2951
100 2599
100 4477
100 13564
100 124
100 732
100 3339
100 1140
100 3334
100 8030
100 3125
100 9308
100 299
100 26905
100 4066
100 688
100 4965
100 3524
100 27129
100 7320
100 1717
100 2012
100 32032
100 46389
100 8235
100 3055
100 1568
100 13668
100 3062
100 3310
100 16479
100 11288
100 4245
100 640
100 202
100 3618
100 2440
100 24790
100 18834
100 21970
100 473
100 20915
100 11635
100 521
100 6689
100 4773
100 5282
100 27766
100 20137
100 18818
100 141
100 16338
100 3362
100 393
100 6716
100 8048
100 2301
100 28491
100 3333
100 3842
100 1807
100 5794
100 27340
100 463
100 35401
100 190
100 10788
100 9451
100 192
100 13665
100 9033
100 12136
100 4429
100 19202
100 5858
100 13116
100 13005
100 4471
100 28853
100 3705
100 32423
100 31802
100 6772
100 9066
100 246
100 4548
100 6916
100 6841
100 4590
100 13376
100 28875
100 3340
100 1393
100 45301
100 1933
100 23729
100 5374
100 4667
100 2053
100 10828
100 14949
100 8099
100 5615
100 12074
100 9784
100 6103
100 529
100 1280
100 20828
100 3312
100 4121
100 4080
100 11809
100 7657
100 37711
100 9756
100 22124
100 26071
100 1306
100 8472
100 23025
100 9962
100 231
100 29095
100 213
100 9877
100 15980
100 8047
100 3156
100 1186
100 4244
100 9234
100 2774
100 11005
100 1784
100 3144
100 13548
100 7917
100 5342
100 3898
100 9329
100 10528
100 5867
100 1799
100 22157
100 8856
100 12317
100 3107
100 23636
100 8520
100 4579
100 31047
100 1976
100 10613
100 11848
100 7345
100 38257
100 7638
100 628
100 2520
100 12646
100 9537
100 9368
100 153
100 9053
100 5795
100 16606
100 8369
100 11814
100 14537
100 8972
100 3653
100 13637
100 18728
100 20542
100 22704
100 14418
100 7279
100 1700
100 2934
100 3923
100 3140
100 8151
100 20993
100 21734
100 6295
100 4298
100 807
100 700
100 2896
100 15372
100 33971
100 3019
100 13580
100 1336
100 1630
100 3942
100 203
100 15387
100 23867
100 4904
100 28849
100 4675
100 9270
100 27880
100 4590
100 4022
100 1600
100 11891
100 575
100 4354
100 2486
100 9104
100 5043
100 21896
100 1867
100 23417
100 6980
100 11760
100 7479
100 10411
100 6126
100 3217
100 7578
100 5261
100 6060
100 8009
100 2935
100 4907
100 8176
100 3665
100 5812
100 5952
100 3364
100 15229
100 19620
100 5076
100 29309
100 38452
100 16936
100 7147
100 23782
100 685
100 15046
100 8956
100 2783
100 20015
100 1866
100 12652
100 22718
100 31653
100 1598
100 1716
100 464
100 19536
100 6633
100 2701
100 550
100 4858
100 8676
100 18809
100 21302
100 3640
100 8937
100 2607
100 4382
100 3095
100 2557
100 3585
100 2519
100 20142
100 18511
100 9442
100 4994
100 29775
100 16024
100 434
100 4440
100 4127
100 20532
100 12813
100 3769
100 6329
100 65
100 38491
100 8785
100 1813
100 8681
100 1326
100 15721
100 31
100 7149
100 2969
100 14947
100 4335
100 837
100 2739
100 20973
100 109
100 4740
100 4218
100 13831
100 4084
100 4474
100 4460
100 3124
100 2256
100 15728
100 4835
100 3514
100 16518
100 7855
100 737
100 2129
100 10459
100 2285
100 4316
100 13114
100 9295
100 5454
100 4255
100 36484
100 6784
100 5054
100 5395
100 13054
100 29960
100 7007
100 4591
100 16677
100 959
100 6331
100 16977
100 17421
100 9127
100 17021
100 12927
100 15393
100 2152
100 626
100 13231
100 13753
100 8299
100 2471
100 12753
100 11915
100 9491
100 598
100 5994
100 3041
100 6638
100 40241
100 9190
100 7614
100 9528
100 2256
100 11815
100 1523
100 5071
100 23078
100 12322
100 8303
100 6888
100 1986
100 9013
100 102
100 2043
100 12025
100 14620
100 29013
100 3488
100 9575
100 5039
100 10913
100 762
100 11594
100 15207
100 5813
100 3346
100 1255
100 7290
100 10064
100 11841
100 14280
100 12115
100 2318
100 25597
100 4327
100 24367
100 3773
100 10566
100 4043
100 25917
100 3118
100 10574
100 14717
100 14853
100 4994
100 11321
100 763
100 7312
100 30159
100 410
100 658
100 6867
100 13771
100 24174
100 3319
100 14674
100 10003
100 22014
100 4302
100 1806
100 26817
100 111
100 10782
100 14173
100 7815
100 8257
100 2104
100 901
100 9338
100 3163
100 2173
100 2743
100 53085
100 1116
100 5884
100 5550
100 38312
100 664
100 32091
100 471
100 26207
100 18719
100 8289
100 921
100 8261
100 182
100 22923
100 21089
100 59658
100 12834
100 16158
100 10791
100 11872
100 9213
100 10204
100 760
100 1105
100 17211
100 20381
100 6391
100 9748
100 5044
100 3385
100 4392
100 9216
100 44318
100 7136
100 23940
100 30499
100 3199
100 14754
100 7716
100 2389
100 44897
100 22715
100 19836
100 39064
100 277
100 7900
100 8000
100 5948
100 2860
100 3232
100 12075
100 7708
100 1667
100 9733
100 7187
100 3852
100 7235
100 6857
100 8423
100 9275
100 444
100 6505
100 14497
100 1377
100 9549
100 13867
100 6190
100 24753
100 4423
100 6281
100 3135
100 8026
100 12501
100 9405
100 657
100 14739
100 13489
100 2165
100 4745
100 5502
100 10471
100 20930
100 21555
100 2490
100 10857
100 7409
100 11982
100 7749
100 1109
100 2555
100 2583
100 1758
100 6393
100 1909
100 22916
100 22723
100 14401
100 3506
100 6992
100 4908
100 1818
100 195
100 1719
100 7103
100 6716
100 1776
100 34872
100 4287
100 9052
100 8108
100 647
100 1381
100 4932
100 12774
100 8221
100 28097
100 47089
100 12547
100 1751
100 59
100 13993
100 21291
100 3806
100 1758
100 25821
100 1451
100 4810
100 2220
100 12446
100 15526
100 17028
100 17755
100 4770
100 4917
100 7500
100 9349
100 1450
100 19069
100 6844
100 215
100 15776
100 3023
100 18842
100 18109
100 7411
100 11357
100 7575
100 8599
100 3198
100 8947
100 23502
100 7763
100 12929
100 325
100 1142
100 1457
100 13654
100 9257
100 35176
100 1386
100 737
100 2623
100 4681
100 1330
100 10727
100 13974
100 18317
100 38898
100 14932
100 4732
100 4879
100 2933
100 4696
100 23558
100 7152
100 8978
100 15079
100 9598
100 19058
100 31074
100 1326
100 3213
100 321
100 33349
100 835
100 1818
100 2446
100 2000
100 5251
100 1589
100 19049
100 5328
100 1681
100 9710
100 367
100 9008
100 200
100 1621
100 90
100 1153
100 1038
100 14250
100 5604
100 32685
100 3345
100 13818
100 9538
100 22319
100 9114
100 1100
100 3834
100 833
100 11234
100 9187
100 1122
100 1914
100 8492
100 671
100 22678
100 88769
100 950
100 1917
100 8254
100 20898
100 7663
100 6791
100 3435
100 6331
100 4687
100 14745
100 14716
100 2356
100 20895
100 1270
100 29121
100 16414
100 3660
100 12724
100 3429
100 4200
100 14607
100 8731
100 16788
100 1454
100 19986
100 28562
100 1978
100 3800
100 4163
100 2260
100 23976
100 12552
100 8367
100 6001
100 26833
100 1420
100 5148
100 8518
100 9585
100 10375
100 32342
100 17589
100 3387
100 38622
100 1261
100 1976
100 8034
100 3819
100 2285
100 1057
100 12381
100 19037
100 411
100 2893
100 8381
100 1496
100 4761
100 24995
100 14688
100 2086
100 39778
100 566
100 15178
100 4171
100 1939
100 11847
100 8393
100 2243
100 8795
100 6997
100 2974
100 24612
100 44896
100 2088
100 11398
100 8971
100 14617
100 44940
100 966
100 7160
100 9859
100 14816
100 8504
100 41714
100 18907
100 6011
100 26718
100 1904
100 10542
100 11374
100 179
100 1604
100 11003
100 5372
100 203
100 12034
100 21477
100 235
100 1502
100 15878
100 6350
100 4939
100 50003
100 18444
100 2177
100 216
100 2091
100 13606
100 12850
100 26540
100 1456
100 3272
100 2540
100 9196
100 47257
100 12885
100 9431
100 17681
100 4302
100 1149
100 8220
100 6624
100 32801
100 12125
100 23386
100 1210
100 6165
100 4570
100 12422
100 4423
100 4497
100 2159
100 8849
100 13077
100 2963
100 2207
100 5176
100 16548
100 8663
100 5010
100 20564
100 3621
100 4333
100 15378
100 6772
100 24125
100 36701
100 9938
100 14175
100 4230
100 5123
100 1941
100 396
100 13686
100 14234
100 59601
100 15745
100 62421
100 28406
100 2638
100 8661
100 13261
100 1892
100 6623
100 12065
100 1543
100 2338
100 909
100 1142
100 26377
100 10547
100 12125
100 1455
100 23347
100 7833
100 24936
100 30914
100 12688
100 21761
100 5473
100 7649
100 839
100 9446
100 4290
100 20785
100 4857
100 17580
100 7671
100 8251
100 11555
100 2131
100 13307
100 4856
100 12901
100 20996
100 20021
100 9125
100 15221
100 10534
100 5727
100 5296
100 4329
100 2570
100 5882
100 6331
100 843
100 17774
100 11576
100 6224
100 1952
100 28154
100 17708
100 4972
100 4252
100 5979
100 24972
100 11153
100 8086
100 7365
100 1248
100 44220
100 16241
100 17877
100 6802
100 12113
100 9490
100 12281
100 10324
100 5688
100 8736
100 9891
100 5197
100 5747
100 2802
100 57412
100 2149
100 3818
100 20100
100 18560
100 12165
100 540
100 31
100 2618
100 6795
100 766
100 2660
100 7029
100 6540
100 4762
100 7931
100 2869
100 1661
100 21433
100 7858
100 1975
100 7771
100 4514
100 7792
100 3598
100 9929
100 3005
100 3736
100 19231
100 1058
100 1104
100 31312
100 1071
100 2133
100 242
100 3115
100 13028
100 3536
100 20235
100 15657
100 10298
100 33170
100 11257
100 1082
100 2609
100 2793
100 18522
100 9755
100 7391
100 1952
100 4172
100 1089
100 7257
100 3742
100 20576
100 10057
100 6619
100 2515
100 2393
100 24484
100 38579
100 6098
100 1913
100 2336
100 11240
100 7319
100 1361
100 10869
100 64913
100 11605
100 81
100 666
100 5249
100 5254
100 5344
100 12009
100 3442
100 264
100 4033
100 8883
100 27251
100 906
100 4150
100 4992
100 10119
100 2108
100 642
100 20466
100 5522
100 412
100 9367
100 9001
100 1030
100 4080
100 8501
100 22148
100 8256
100 4896
100 6240
100 4891
100 3862
100 736
100 5638
100 3350
100 4449
100 16302
100 682
100 1715
100 10864
100 397
100 6732
100 15085
100 2550
100 8836
100 6906
100 1437
100 3180
100 25045
100 6400
100 7412
100 1367
100 132
100 4143
100 14204
100 16101
100 14073
100 4188
100 21698
100 9939
100 2307
100 12734
100 8865
100 4369
100 21160
100 10237
100 8571
100 68048
100 7145
100 5397
100 3664
100 9134
100 6226
100 13955
100 5256
100 5451
100 667
100 1861
100 4078
100 5452
100 3986
100 1094
100 62
100 6094
100 6768
100 6368
100 5089
100 2870
100 3598
100 7321
100 12663
100 3557
100 8903
100 98
100 11104
100 13828
100 5846
100 5781
100 3353
100 16018
100 208
100 11076
100 9667
100 15857
100 4745
100 8472
100 4822
100 51513
100 3953
100 923
100 8400
100 16322
100 6189
100 53
100 5
100 9296
100 3837
100 13208
100 11426
100 512
100 7498
100 1618
100 7593
100 2551
100 1417
100 3705
100 7583
100 24805
100 44924
100 5275
100 33832
100 7046
100 5332
100 15470
100 7341
100 10406
100 4224
100 1931
100 12968
100 695
100 22467
100 7432
100 19197
100 9583
100 2245
100 2230
100 3163
100 9050
100 11035
100 5616
100 8674
100 10502
100 4047
100 12573
100 3246
100 3622
100 39835
100 4243
100 6526
100 7679
100 4611
100 23251
100 3840
100 54
100 23853
100 16416
100 4982
100 6733
100 8120
100 2034
100 22333
100 234
100 12618
100 26398
100 33767
100 32398
100 3644
100 9092
100 226
100 13989
100 54260
100 13328
100 13434
100 3953
100 20245
100 4290
100 260
100 11192
100 3305
100 21059
100 4150
100 5563
100 650
100 9960
100 375
100 23534
100 18585
100 3520
100 2333
100 1228
100 6235
100 2716
100 1296
100 13039
100 14078
100 4277
100 22263
100 1043
100 1768
100 3163
100 3103
100 7633
100 4625
100 2456
100 46687
100 10494
100 1557
100 1402
100 7879
100 16223
100 1145
100 3784
100 9781
100 6661
100 683
100 3330
100 27266
100 4621
100 5695
100 12029
100 5247
100 29093
100 9589
100 6758
100 1637
100 1837
100 13778
100 13470
100 8687
100 1423
100 1548
100 11800
100 1156
100 10720
100 14191
100 11794
100 8720
100 2742
100 9539
100 23499
100 16510
100 1839
100 2962
100 19838
100 1114
100 12598
100 12008
100 8487
100 412
100 7971
100 18444
100 9816
100 1616
100 13211
100 1195
100 8138
100 10628
100 10292
100 16069
100 3662
100 13413
100 8408
100 4867
100 20084
100 3015
100 6362
100 35317
100 86449
100 15267
100 30881
100 2824
100 12921
100 14547
100 12254
100 2404
100 2136
100 13117
100 11391
100 13889
100 7197
100 8398
100 2726
100 18968
100 12932
100 10118
100 2733
100 10135
100 6197
100 1520
100 21566
100 6604
100 3744
100 2296
100 11724
100 15071
100 10606
100 49422
100 3709
100 819
100 16794
100 1936
100 1601
100 4530
100 22379
100 17873
100 31869
100 13375
100 6171
100 1655
100 10982
100 3844
100 27824
100 24522
100 4058
100 18179
100 13475
100 4453
100 20243
100 5408
100 6756
100 24078
100 1451
100 2074
100 23813
100 4667
100 3903
100 16683
100 3351
100 10386
100 19376
100 1495
100 4428
100 11529
100 2729
100 1866
100 4606
100 1721
100 487
100 20686
100 1769
100 5356
100 54032
100 396
100 7213
100 1497
100 9342
100 9685
100 2988
100 6857
100 2457
100 21292
100 27690
100 8960
100 20206
100 12051
100 19180
100 6596
100 5658
100 9784
100 968
100 8546
100 4412
100 11191
100 1106
100 12264
100 4718
100 9148
100 1814
100 1286
100 4058
100 3007
100 26432
100 12678
100 6272
100 2967
100 7466
100 8740
100 13778
100 6742
100 1468
100 25164
100 5602
100 188
100 14679
100 1441
100 13200
100 9940
100 1331
100 5459
100 10233
100 258
100 19651
100 19438
100 12036
100 550
100 32319
100 14750
100 1534
100 11492
100 11908
100 4481
100 2041
100 2303
100 1645
100 2699
100 1111
100 2795
100 22793
100 5772
100 2935
100 1030
100 2965
100 6251
100 11070
100 3705
100 1727
100 17268
100 7904
100 9405
100 117
100 868
100 5648
100 4798
100 631
100 4336
100 13263
100 4054
100 23744
100 6924
100 12821
100 11485
100 3749
100 15970
100 1668
100 20374
100 9392
100 4969
100 17810
100 5916
100 17263
100 28239
100 9400
100 409
100 5179
100 26486
100 11576
