100 51
100 638
100 326
100 405
100 72
100 17
100 95
100 40
100 62
100 403
100 77
100 136
100 102
100 5
100 320
100 220
100 16
100 78
100 100
100 89
100 109
100 53
100 121
100 4
100 247
100 56
100 52
100 582
100 118
100 258
100 339
100 66
100 423
100 38
100 64
100 113
100 133
100 19
100 30
100 199
100 143
100 50
100 45
100 245
100 169
100 305
100 50
100 92
100 75
100 3
100 40
100 405
100 87
100 331
100 528
100 36
100 11
100 39
100 46
100 373
100 192
100 15
100 218
100 2
100 61
100 46
100 32
100 148
100 196
100 147
100 80
100 268
100 97
100 85
100 192
100 120
100 94
100 217
100 185
100 186
100 84
100 304
100 32
100 10
100 8
100 116
100 231
100 135
100 62
100 427
100 193
100 117
100 246
100 56
100 218
100 201
100 128
100 75
100 98
100 265
100 149
100 82
100 595
100 90
100 21
100 416
100 80
100 73
100 313
100 316
100 147
100 35
100 6
100 53
100 307
100 99
100 106
100 90
100 9
100 22
100 127
100 35
100 336
100 80
100 419
100 668
100 42
100 85
100 108
100 19
100 153
100 265
100 97
100 365
100 103
100 355
100 11
100 155
100 350
100 173
100 409
100 279
100 119
100 91
100 505
100 67
100 459
100 39
100 212
100 164
100 76
100 96
100 135
100 79
100 66
100 12
100 220
100 282
100 186
100 29
100 9
100 126
100 9
100 42
100 267
100 25
100 178
100 468
100 84
100 65
100 253
100 46
100 36
100 449
100 7
100 50
100 90
100 167
100 95
100 57
100 39
100 552
100 451
100 122
100 398
100 117
100 239
100 109
100 22
100 31
100 20
100 561
100 53
100 86
100 128
100 156
100 190
100 287
100 3
100 217
100 105
100 82
100 88
100 104
100 193
100 177
100 568
100 77
100 312
100 144
100 99
100 231
100 225
100 9
100 67
100 187
100 110
100 82
100 111
100 56
100 23
100 216
100 65
100 45
100 193
100 4
100 333
100 230
100 113
100 10
100 205
100 3
100 71
100 19
100 43
100 94
100 319
100 343
100 115
100 25
100 25
100 150
100 48
100 57
100 207
100 623
100 161
100 266
100 77
100 209
100 180
100 354
100 80
100 335
100 572
100 128
100 59
100 109
100 4
100 163
100 145
100 259
100 50
100 201
100 67
100 72
100 54
100 189
100 34
100 126
100 102
100 69
100 6
100 22
100 60
100 61
100 248
100 75
100 340
100 258
100 161
100 227
100 247
100 129
100 127
100 33
100 60
100 549
100 80
100 108
100 50
100 40
100 122
100 389
100 89
100 307
100 112
100 456
100 129
100 72
100 110
100 300
100 446
100 78
100 11
100 252
100 20
100 223
100 269
100 178
100 432
100 292
100 46
100 338
100 263
100 100
100 45
100 70
100 564
100 10
100 5
100 146
100 196
100 447
100 61
100 9
100 31
100 139
100 23
100 184
100 64
100 717
100 82
100 64
100 111
100 73
100 62
100 151
100 147
100 33
100 170
100 41
100 79
100 465
100 101
100 17
100 148
100 160
100 198
100 372
100 282
100 160
100 15
100 587
100 4
100 55
100 0
100 7
100 220
100 90
100 271
100 14
100 21
100 248
100 38
100 306
100 45
100 138
100 332
100 97
100 65
100 7
100 59
100 205
100 122
100 391
100 89
100 107
100 289
100 45
100 42
100 300
100 553
100 161
100 74
100 108
100 250
100 270
100 36
100 100
100 1
100 387
100 322
100 274
100 50
100 551
100 209
100 33
100 318
100 95
100 199
100 121
100 128
100 46
100 235
100 501
100 110
100 184
100 459
100 11
100 44
100 70
100 868
100 50
100 112
100 95
100 33
100 127
100 89
100 26
100 166
100 191
100 1104
100 85
100 386
100 124
100 15
100 89
100 15
100 295
100 237
100 195
100 24
100 166
100 543
100 48
100 20
100 42
100 107
100 180
100 263
100 153
100 80
100 235
100 6
100 469
100 114
100 186
100 219
100 304
100 360
100 497
100 196
100 60
100 33
100 228
100 133
100 13
100 500
100 167
100 209
100 263
100 166
100 72
100 282
100 22
100 146
100 316
100 120
100 29
100 58
100 53
100 252
100 140
100 156
100 1
100 25
100 256
100 189
100 67
100 103
100 180
100 456
100 84
100 53
100 106
100 13
100 167
100 12
100 14
100 18
100 381
100 95
100 3
100 134
100 49
100 401
100 7
100 65
100 15
100 54
100 341
100 18
100 14
100 92
100 29
100 251
100 374
100 59
100 166
100 155
100 271
100 2
100 223
100 60
100 109
100 441
100 146
100 30
100 38
100 9
100 7
100 919
100 612
100 207
100 113
100 93
100 58
100 16
100 214
100 151
100 62
100 100
100 21
100 338
100 106
100 35
100 223
100 31
100 52
100 170
100 75
100 27
100 193
100 440
100 12
100 88
100 55
100 88
100 66
100 1
100 1
100 232
100 58
100 95
100 235
100 150
100 19
100 1039
100 497
100 166
100 658
100 31
100 416
100 443
100 29
100 28
100 521
100 95
100 98
100 366
100 332
100 337
100 29
100 152
100 53
100 66
100 63
100 24
100 74
100 312
100 6
100 225
100 38
100 144
100 122
100 52
100 22
100 210
100 192
100 173
100 181
100 244
100 117
100 301
100 389
100 61
100 166
100 47
100 69
100 215
100 316
100 359
100 443
100 26
100 155
100 147
100 80
100 81
100 191
100 174
100 104
100 232
100 189
100 85
100 360
100 427
100 295
100 105
100 53
100 520
100 124
100 150
100 409
100 22
100 63
100 82
100 34
100 53
100 163
100 72
100 13
100 73
100 256
100 90
100 151
100 15
100 114
100 78
100 52
100 2
100 183
100 56
100 34
100 36
100 113
100 129
100 101
100 41
100 160
100 183
100 85
100 252
100 123
100 70
100 344
100 322
100 39
100 456
100 375
100 78
100 373
100 15
100 163
100 127
100 185
100 47
100 10
100 209
100 110
100 44
100 398
100 122
100 256
100 308
100 116
100 138
100 200
100 55
100 514
100 32
100 217
100 32
100 99
100 203
100 127
100 159
100 47
100 262
100 94
100 0
100 144
100 229
100 547
100 42
100 441
100 66
100 73
100 35
100 124
100 183
100 106
100 103
100 19
100 91
100 68
100 53
100 9
100 71
100 103
100 295
100 49
100 57
100 181
100 181
100 1003
100 315
100 238
100 314
100 143
100 127
100 293
100 94
100 20
100 307
100 221
100 86
100 452
100 62
100 25
100 91
100 122
100 196
100 244
100 1
100 88
100 368
100 316
100 461
100 180
100 515
100 19
100 426
100 122
100 94
100 134
100 9
100 294
100 32
100 72
100 125
100 65
100 70
100 131
100 5
100 153
100 74
100 181
100 108
100 307
100 14
100 8
100 85
100 538
100 255
100 121
100 227
100 69
100 50
100 118
100 168
100 658
100 151
100 21
100 47
100 285
100 223
100 671
100 30
100 376
100 469
100 20
100 18
100 292
100 292
100 76
100 108
100 2
100 23
100 8
100 159
100 307
100 542
100 447
100 31
100 491
100 216
100 134
100 77
100 207
100 8
100 98
100 5
100 60
100 16
100 22
100 115
100 236
100 57
100 629
100 423
100 75
100 343
100 475
100 26
100 4
100 33
100 561
100 107
100 91
100 124
100 132
100 88
100 144
100 44
100 51
100 157
100 230
100 686
100 258
100 113
100 45
100 230
100 41
100 112
100 229
100 316
100 93
100 129
100 36
100 242
100 161
100 106
100 47
100 10
100 701
100 135
100 51
100 93
100 325
100 316
100 265
100 29
100 269
100 238
100 47
100 870
100 58
100 21
100 10
100 102
100 13
100 3
100 217
100 284
100 469
100 108
100 33
100 522
100 84
100 196
100 117
100 242
100 5
100 22
100 312
100 9
100 423
100 329
100 2
100 248
100 469
100 91
100 62
100 93
100 26
100 32
100 219
100 45
100 104
100 341
100 21
100 58
100 235
100 635
100 25
100 230
100 292
100 21
100 56
100 35
100 42
100 456
100 6
100 241
100 154
100 26
100 361
100 7
100 185
100 261
100 100
100 107
100 126
100 308
100 174
100 179
100 327
100 119
100 106
100 607
100 126
100 109
100 145
100 109
100 84
100 104
100 163
100 142
100 195
100 3
100 152
100 15
100 34
100 68
100 31
100 54
100 57
100 202
100 39
100 149
100 383
100 92
100 37
100 18
100 187
100 35
100 174
100 36
100 161
100 305
100 149
100 59
100 360
100 145
100 26
100 33
100 1
100 39
100 6
100 332
100 138
100 39
100 3
100 73
100 414
100 365
100 79
100 172
100 107
100 113
100 345
100 94
100 284
100 93
100 74
100 239
100 188
100 106
100 49
100 37
100 40
100 3
100 34
100 22
100 141
100 13
100 229
100 2
100 437
100 208
100 106
100 11
100 116
100 95
100 14
100 673
100 214
100 86
100 138
100 40
100 110
100 174
100 293
100 235
100 702
100 376
100 86
100 44
100 661
100 388
100 3
100 129
100 194
100 74
100 57
100 98
100 44
100 85
100 23
100 116
100 253
100 187
100 27
100 29
100 46
100 186
100 724
100 153
100 101
100 48
100 6
100 8
100 43
100 121
100 70
100 11
100 31
100 127
100 42
100 376
100 400
100 169
100 512
100 53
100 52
100 31
100 41
100 82
100 393
100 116
100 23
100 117
100 247
100 14
100 91
100 101
100 459
100 53
100 101
100 76
100 225
100 269
100 115
100 27
100 24
100 111
100 179
100 21
100 105
100 19
100 362
100 140
100 10
100 38
100 22
100 150
100 6
100 151
100 27
100 56
100 184
100 194
100 183
100 8
100 162
100 321
100 520
100 192
100 80
100 129
100 15
100 403
100 68
100 48
100 5
100 248
100 166
100 14
100 534
100 434
100 31
100 21
100 305
100 120
100 150
100 49
100 330
100 42
100 240
100 257
100 248
100 207
100 488
100 76
100 338
100 61
100 53
100 71
100 163
100 167
100 260
100 120
100 2
100 4
100 59
100 30
100 93
100 62
100 401
100 6
100 63
100 105
100 120
100 271
100 173
100 323
100 42
100 302
100 312
100 122
100 176
100 229
100 147
100 38
100 58
100 43
100 892
100 42
100 63
100 90
100 242
100 38
100 49
100 72
100 149
100 12
100 72
100 416
100 15
100 16
100 3
100 297
100 7
100 61
100 340
100 23
100 277
100 76
100 60
100 29
100 356
100 60
100 191
100 39
100 31
100 295
100 336
100 16
100 298
100 258
100 36
100 228
100 85
100 18
100 82
100 161
100 42
100 479
100 0
100 252
100 35
100 316
100 217
100 284
100 20
100 101
100 68
100 434
100 278
100 206
100 342
100 139
100 115
100 33
100 186
100 631
100 36
100 182
100 319
100 217
100 54
100 20
100 82
100 378
100 74
100 43
100 459
100 297
100 192
100 301
100 56
100 230
100 62
100 188
100 27
100 142
100 52
100 24
100 204
100 41
100 234
100 202
100 114
100 49
100 214
100 352
100 6
100 8
100 76
100 380
100 137
100 8
100 107
100 218
100 35
100 16
100 432
100 138
100 10
100 82
100 99
100 31
100 140
100 58
100 7
100 107
100 176
100 72
100 47
100 13
100 20
100 413
100 336
100 220
100 338
100 136
100 12
100 187
100 235
100 42
100 26
100 208
100 70
100 61
100 156
100 163
100 165
100 517
100 37
100 93
100 88
100 23
100 75
100 103
100 221
100 6
100 228
100 153
100 133
100 91
100 53
100 92
100 81
100 9
100 6
100 79
100 14
100 37
100 128
100 35
100 420
100 27
100 532
100 12
100 1
100 204
100 83
100 316
100 28
100 182
100 67
100 45
100 180
100 73
100 230
100 429
100 113
100 605
100 69
100 9
100 103
100 117
100 90
100 51
100 61
100 164
100 89
100 28
100 119
100 322
100 15
100 66
100 116
100 124
100 6
100 257
100 180
100 126
100 3
100 246
100 233
100 151
100 64
100 68
100 37
100 373
100 24
100 167
100 55
100 48
100 59
100 270
100 285
100 316
100 39
100 125
100 129
100 21
100 21
100 0
100 178
100 105
100 105
100 246
100 329
100 454
100 9
100 35
100 163
100 68
100 191
100 113
100 0
100 26
100 62
100 1
100 102
100 89
100 6
100 35
100 222
100 113
100 132
100 304
100 124
100 115
100 245
100 1
100 38
100 112
100 135
100 14
100 228
100 18
100 26
100 668
100 19
100 269
100 445
100 110
100 121
100 159
100 131
100 171
100 110
100 296
100 36
100 134
100 49
100 369
100 168
100 408
100 274
100 193
100 396
100 67
100 118
100 68
100 112
100 139
100 113
100 47
100 157
100 28
100 165
100 398
100 63
100 186
100 133
100 590
100 973
100 373
100 57
100 250
100 140
100 225
100 12
100 318
100 70
100 69
100 56
100 244
100 4
100 158
100 199
100 130
100 190
100 349
100 114
100 127
100 139
100 28
100 5
100 101
100 252
100 293
100 51
100 252
100 460
100 20
100 52
100 61
100 45
100 310
100 151
100 243
100 195
100 132
100 78
100 18
100 34
100 335
100 226
100 377
100 149
100 3
100 164
100 329
100 46
100 68
100 240
100 63
100 17
100 297
100 26
100 47
100 37
100 68
100 43
100 17
100 417
100 50
100 61
100 15
100 18
100 90
100 1
100 90
100 68
100 24
100 37
100 20
100 232
100 115
100 204
100 283
100 103
100 29
100 69
100 195
100 16
100 71
100 114
100 224
100 456
100 25
100 12
100 319
100 18
100 153
100 10
100 134
100 504
100 66
100 422
100 145
100 108
100 100
100 96
100 212
100 334
100 297
100 8
100 21
100 33
100 35
100 32
100 425
100 145
100 355
100 135
100 31
100 38
100 8
100 46
100 58
100 44
100 10
100 150
100 79
100 34
100 35
100 35
100 152
100 439
100 52
100 76
100 128
100 129
100 468
100 105
100 38
100 91
100 586
100 221
100 17
100 82
100 200
100 348
100 40
100 21
100 171
100 126
100 230
100 19
100 48
100 18
100 142
100 695
100 26
100 112
100 4
100 391
100 97
100 421
100 71
100 374
100 12
100 77
100 277
100 335
100 125
100 45
100 36
100 112
100 61
100 160
100 19
100 106
100 198
100 15
100 259
100 127
100 271
100 322
100 112
100 40
100 9
100 279
100 33
100 455
100 29
100 41
100 120
100 178
100 187
100 333
100 66
100 79
100 76
100 117
100 197
100 301
100 161
100 20
100 413
100 48
100 36
100 271
100 6
100 183
100 18
100 80
100 192
100 20
100 133
100 102
100 72
100 395
100 309
100 308
100 160
100 100
100 113
100 37
100 69
100 378
100 12
100 65
100 571
100 20
100 540
100 65
100 57
100 410
100 48
100 102
100 240
100 52
100 163
100 39
100 71
100 69
100 646
100 86
100 194
100 72
100 160
100 37
100 161
100 18
100 2
100 20
100 769
100 61
100 83
100 200
100 222
100 98
100 122
100 8
100 475
100 213
100 44
100 241
100 130
100 210
100 78
100 52
100 29
100 177
100 382
100 252
100 278
100 125
100 113
100 91
100 2
100 188
100 0
100 76
100 247
100 2
100 2
100 259
100 16
100 4
100 64
100 149
100 109
100 12
100 168
100 30
100 0
100 53
100 22
100 83
100 591
100 40
100 13
100 62
100 337
100 84
100 539
100 64
100 150
100 170
100 372
100 338
100 22
100 122
100 565
100 162
100 86
100 105
100 67
100 71
100 147
100 21
100 371
100 254
100 116
100 12
100 598
100 76
100 228
100 63
100 145
100 228
100 79
100 364
100 568
100 32
100 7
100 177
100 582
100 276
100 120
100 135
100 52
100 493
100 36
100 8
100 170
100 149
100 18
100 234
100 148
100 3
100 53
100 4
100 139
100 266
100 18
100 179
100 129
100 380
100 163
100 132
100 156
100 408
100 96
100 162
100 118
100 189
100 180
100 396
100 222
100 500
100 62
100 197
100 120
100 448
100 50
100 168
100 92
100 31
100 157
100 61
100 97
100 45
100 26
100 26
100 206
100 291
100 107
100 44
100 58
100 140
100 387
100 78
100 188
100 57
100 424
100 22
100 458
100 12
100 222
100 607
100 8
100 123
100 103
100 54
100 249
100 735
100 196
100 117
100 10
100 16
100 371
100 59
100 217
100 229
100 45
100 82
100 615
100 224
100 131
100 95
100 6
100 187
100 126
100 185
100 29
100 33
100 94
100 398
100 157
100 183
100 86
100 25
100 68
100 180
100 81
100 604
100 394
100 165
100 3
100 212
100 126
100 365
100 128
100 141
100 89
100 169
100 18
100 0
100 76
100 166
100 312
100 13
100 204
100 122
100 116
100 305
100 182
100 200
100 364
100 272
100 48
100 240
100 1
100 216
100 32
100 75
100 147
100 44
100 287
100 185
100 98
100 59
100 55
100 509
100 78
100 131
100 81
100 111
100 6
100 184
100 127
100 136
100 115
100 385
100 223
100 14
100 85
100 135
100 33
100 81
100 685
100 219
100 96
100 115
100 384
100 52
100 33
100 372
100 97
100 142
100 128
100 390
100 131
100 232
100 409
100 128
100 276
100 202
100 122
100 140
100 466
100 255
100 187
100 183
100 6
100 28
100 77
100 100
100 177
100 75
100 58
100 275
100 128
100 12
100 370
100 149
100 318
100 199
100 26
100 87
100 101
100 39
100 158
100 37
100 90
100 155
100 167
100 142
100 137
100 88
100 10
100 321
100 32
100 434
100 299
100 176
100 128
100 191
100 13
100 57
100 168
100 2
100 242
100 130
100 81
100 24
100 179
100 22
100 98
100 530
100 13
100 96
100 64
100 322
100 185
100 35
100 110
100 156
100 206
100 65
100 226
100 14
100 52
100 99
100 261
100 102
100 1
100 34
100 532
100 328
100 81
100 326
100 387
100 44
100 27
100 30
100 120
100 797
100 168
100 4
100 290
100 83
100 42
100 322
100 97
100 694
100 85
100 704
100 1
100 97
100 146
100 20
100 9
100 152
100 248
100 479
100 229
100 286
100 71
100 3
100 268
100 60
100 62
100 35
100 60
100 5
100 38
100 13
100 100
100 45
100 20
100 171
100 92
100 332
100 369
100 197
100 374
100 550
100 54
100 131
100 52
100 360
100 493
100 287
100 92
100 32
100 505
100 403
100 212
100 181
100 366
100 1
100 350
100 498
100 49
100 204
100 423
100 185
100 51
100 364
100 211
100 5
100 43
100 110
100 148
100 183
100 120
100 55
100 181
100 246
100 334
100 17
100 67
100 137
100 22
100 229
100 39
100 263
100 167
100 236
100 183
100 63
100 81
100 23
100 85
100 126
100 19
100 77
100 458
100 152
100 25
100 713
100 38
100 376
100 31
100 490
100 178
100 48
100 73
100 0
100 26
100 25
100 730
100 62
100 413
100 110
100 71
100 158
100 116
100 8
100 458
100 712
100 215
100 3
100 440
100 191
100 180
100 422
100 30
100 163
100 63
100 82
100 364
100 61
100 22
100 53
100 231
100 317
100 538
100 31
100 103
100 11
100 42
100 10
100 101
100 71
100 455
100 268
100 83
100 22
100 74
100 253
100 684
100 174
100 69
100 270
100 54
100 2
100 103
100 253
100 18
100 219
100 124
100 38
100 207
100 241
100 39
100 213
100 117
100 432
100 22
100 118
100 488
100 2
100 66
100 39
100 344
100 68
100 97
100 334
100 134
100 93
100 34
100 170
100 17
100 333
100 30
100 601
100 414
100 30
100 186
100 180
100 30
100 203
100 78
100 87
100 273
100 188
100 240
100 102
100 111
100 215
100 80
100 262
100 54
100 212
100 257
100 88
100 407
100 56
100 7
100 495
100 375
100 75
100 166
100 74
100 387
100 120
100 116
100 247
100 59
100 8
100 37
100 229
100 82
100 26
100 241
100 392
100 178
100 8
100 191
100 93
100 0
100 51
100 206
100 4
100 135
100 139
100 2
100 89
100 303
100 146
100 417
100 299
100 19
100 38
100 45
100 18
100 265
100 401
100 21
100 383
100 107
100 29
100 592
100 206
100 132
100 189
100 78
100 140
100 360
100 56
100 155
100 21
100 505
100 91
100 196
100 15
100 213
100 58
100 16
100 188
100 2
100 101
100 158
100 3
100 349
100 317
100 116
100 30
100 191
100 586
100 20
100 26
100 26
100 53
100 223
100 41
100 19
100 21
100 24
100 207
100 350
100 54
100 232
100 107
100 91
100 686
100 549
100 86
100 117
100 214
100 637
100 47
100 150
100 100
100 31
100 245
100 80
100 7
100 170
100 50
100 35
100 56
100 23
100 10
100 252
100 42
100 224
100 22
100 130
100 33
100 147
100 109
100 345
100 196
100 214
100 176
100 19
100 170
100 23
100 64
100 4
100 234
100 88
100 53
100 21
100 82
100 137
100 135
100 64
100 13
100 84
100 179
100 47
100 278
100 8
100 37
100 322
100 69
100 13
100 194
100 20
100 97
100 173
100 152
100 47
100 246
100 232
100 16
100 434
100 12
100 104
100 142
100 443
100 218
100 353
100 227
100 16
100 32
100 26
100 41
100 96
100 564
100 203
100 131
100 116
100 144
100 2
100 47
100 135
100 788
100 8
100 78
100 151
100 119
100 16
100 33
100 228
100 149
100 5
100 235
100 194
100 227
100 148
100 278
100 212
100 469
100 381
100 5
100 32
100 110
100 33
100 68
100 0
100 131
100 15
100 31
100 113
100 52
100 14
100 351
100 106
100 117
100 50
100 297
100 70
100 367
100 271
100 179
100 56
100 149
100 227
100 180
100 94
100 103
100 2
100 20
100 70
100 5
100 289
100 23
100 0
100 1
100 176
100 83
100 45
100 55
100 94
100 38
100 60
100 94
100 53
100 49
100 161
100 239
100 220
100 212
100 383
100 120
100 854
100 212
100 136
100 68
100 139
100 7
100 29
100 93
100 93
100 195
100 28
100 116
100 424
100 467
100 231
100 186
100 37
100 11
100 80
100 212
100 21
100 1
100 115
100 9
100 245
100 33
100 87
100 5
100 212
100 194
100 179
100 143
100 404
100 85
100 281
100 66
100 22
100 269
100 44
100 121
100 100
100 7
100 250
100 204
100 158
100 188
100 150
100 399
100 104
100 323
100 510
100 17
100 410
100 249
100 134
100 14
100 208
100 104
100 150
100 120
100 148
100 3
100 35
100 165
100 5
100 266
100 69
100 144
100 157
100 175
100 404
100 150
100 16
100 108
100 76
100 14
100 39
100 118
100 84
100 33
100 163
100 286
100 58
100 70
100 289
100 40
100 151
100 618
100 181
100 22
100 236
100 105
100 71
100 105
100 83
100 11
100 58
100 64
100 81
100 15
100 52
100 154
100 157
100 98
100 15
100 10
100 106
100 90
100 490
100 144
100 92
100 19
100 201
100 239
100 281
100 50
100 134
100 79
100 24
100 29
100 36
100 96
100 56
100 301
100 245
100 6
100 85
100 972
100 87
100 264
100 562
100 220
100 208
100 40
100 615
100 71
100 15
100 47
100 32
100 316
100 1
100 45
100 63
100 27
100 118
100 136
100 278
100 299
100 135
100 376
100 98
100 115
100 495
100 25
100 301
100 7
100 103
100 163
100 147
100 208
100 50
100 162
100 183
100 110
100 250
100 23
100 46
100 5
100 76
100 197
100 117
100 43
100 218
100 290
100 300
100 227
100 137
100 55
100 149
100 15
100 176
100 331
100 310
100 71
100 41
100 203
100 450
100 0
100 100
100 60
100 15
100 265
100 124
100 130
100 82
100 217
100 28
100 68
100 101
100 177
100 438
100 33
100 67
100 36
100 538
100 15
100 6
100 244
100 247
100 64
100 429
100 35
100 2
100 154
100 464
100 317
100 208
100 97
100 100
100 245
100 153
100 78
100 185
100 176
100 163
100 130
100 171
100 60
100 43
100 46
100 166
100 35
100 209
100 240
100 367
100 80
100 1204
100 167
100 683
100 15
100 42
100 12
100 147
100 133
100 193
100 131
100 32
100 18
100 49
100 382
100 380
100 112
100 362
100 111
100 55
100 35
100 100
100 342
100 130
100 19
100 7
100 3
100 108
100 501
100 43
100 52
100 13
100 21
100 129
100 307
100 237
100 118
100 3
100 49
100 431
100 131
100 168
100 78
100 49
100 52
100 331
100 76
100 473
100 193
100 10
100 53
100 392
100 252
100 90
100 23
100 34
100 53
100 509
100 174
100 98
100 18
100 49
100 258
100 62
100 67
100 105
100 31
100 320
100 279
100 12
100 552
100 325
100 27
100 131
100 233
100 189
100 48
100 127
100 44
100 441
100 335
100 95
100 69
100 33
100 1
100 184
100 160
100 260
100 200
100 143
100 273
100 16
100 61
100 72
100 160
100 64
100 18
100 63
100 147
100 302
100 34
100 111
100 370
100 4
100 441
100 103
100 145
100 22
100 774
100 476
100 206
100 20
100 98
100 158
100 132
100 44
100 134
100 271
100 46
100 26
100 112
100 285
100 16
100 26
100 4
100 45
100 150
100 38
100 112
100 96
100 33
100 3
100 179
100 408
100 218
100 448
100 295
100 173
100 731
100 39
100 370
100 30
100 111
100 168
100 199
100 118
100 174
100 318
100 383
100 577
100 233
100 295
100 258
100 216
100 30
100 267
100 171
100 35
100 5
100 7
100 414
100 318
100 176
100 473
100 5
100 622
100 31
100 98
100 212
100 52
100 94
100 15
100 201
100 4
100 20
100 28
100 39
100 125
100 347
100 132
100 142
100 167
100 83
100 28
100 158
100 417
100 71
100 82
100 51
100 72
100 129
100 102
100 221
100 241
100 155
100 23
100 29
100 453
100 265
100 387
100 465
100 313
100 278
100 137
100 160
100 41
100 130
100 283
100 353
100 461
100 119
100 15
100 308
100 148
100 172
100 3
100 71
100 98
100 244
100 126
100 16
100 64
100 234
100 174
100 113
100 24
100 120
100 307
100 76
100 18
100 146
100 253
100 12
100 191
100 68
100 456
100 98
100 16
100 89
100 40
100 68
100 21
100 299
100 3
100 9
100 294
100 63
100 26
100 2
100 101
100 13
100 30
100 227
100 792
100 55
100 11
100 6
100 135
100 160
100 694
100 18
100 103
100 31
100 155
100 506
100 266
100 47
100 87
100 123
100 227
100 39
100 218
100 53
100 297
100 174
100 52
100 277
100 15
100 65
100 115
100 160
100 33
100 189
100 256
100 121
100 4
100 140
100 7
100 70
100 0
100 195
100 199
100 43
100 237
100 256
100 22
100 34
100 85
100 178
100 228
100 25
100 19
100 304
100 101
100 56
100 71
100 329
100 91
100 515
100 44
100 68
100 35
100 240
100 190
100 270
100 71
100 74
100 2
100 336
100 295
100 348
100 16
100 182
100 127
100 234
100 188
100 137
100 129
100 795
100 222
100 161
100 153
100 92
100 101
100 368
100 116
100 787
100 652
100 16
100 176
100 380
100 22
100 49
100 32
100 98
100 40
100 341
100 38
100 75
100 483
100 91
100 700
100 193
100 43
100 88
100 390
100 299
100 103
100 157
100 268
100 524
100 701
100 286
100 120
100 98
100 77
100 83
100 73
100 413
100 302
100 9
100 78
100 114
100 60
100 17
100 379
100 19
100 136
100 128
100 16
100 16
100 22
100 246
100 127
100 84
100 11
100 289
100 54
100 3
100 106
100 48
100 664
100 164
100 221
100 105
100 16
100 110
100 24
100 338
100 443
100 94
100 5
100 359
100 165
100 114
100 374
100 171
100 13
100 138
100 19
100 5
100 75
100 360
100 7
100 252
100 168
100 47
100 16
100 22
100 317
100 31
100 118
100 525
100 20
100 104
100 53
100 49
100 88
100 32
100 38
100 94
100 160
100 834
100 98
100 3
100 100
100 194
100 228
100 60
100 322
100 68
100 113
100 78
100 36
100 217
100 7
100 64
100 9
100 88
100 57
100 111
100 540
100 31
100 176
100 10
100 176
100 89
100 244
100 18
100 140
100 143
100 213
100 108
100 33
100 176
100 328
100 64
100 101
100 349
100 101
100 326
100 130
100 79
100 108
100 59
100 412
100 362
100 63
100 238
100 27
100 169
100 177
100 564
100 33
100 212
100 35
100 57
100 167
100 16
100 18
100 47
100 48
100 398
100 430
100 261
100 20
100 286
100 22
100 9
100 207
100 94
100 0
100 31
100 167
100 603
100 192
100 1609
100 42
100 96
100 3
100 349
100 299
100 62
100 268
100 83
100 285
100 102
100 158
100 3
100 209
100 309
100 190
100 645
100 43
100 8
100 11
100 380
100 77
100 227
100 125
100 159
100 156
100 344
100 46
100 46
100 179
100 64
100 107
100 121
100 190
100 38
100 23
100 22
100 77
100 331
100 1
100 141
100 56
100 213
100 216
100 307
100 226
100 176
100 407
100 7
100 348
100 40
100 323
100 182
100 269
100 341
100 192
100 158
100 182
100 19
100 79
100 400
100 209
100 149
100 381
100 46
100 136
100 88
100 427
100 692
100 95
100 211
100 44
100 193
100 135
100 14
100 233
100 71
100 167
100 109
100 122
100 40
100 4
100 118
100 247
100 139
100 51
100 253
100 81
100 143
100 203
100 0
100 243
100 3
100 220
100 42
100 70
100 58
100 47
100 124
100 228
100 534
100 44
100 100
100 15
100 7
100 11
100 419
100 140
100 105
100 14
100 22
100 26
100 769
100 71
100 6
100 97
100 247
100 34
100 660
100 11
100 89
100 98
100 605
100 36
100 144
100 128
100 166
100 1
100 179
100 88
100 21
100 4
100 88
100 75
100 645
100 297
100 21
100 29
100 381
100 296
100 10
100 505
100 290
100 119
100 130
100 72
100 472
100 257
100 149
100 171
100 57
100 47
100 60
100 7
100 29
100 54
100 23
100 147
100 135
100 157
100 90
100 159
100 114
100 706
100 66
100 63
100 186
100 65
100 145
100 34
100 71
100 70
100 30
100 247
100 471
100 131
100 253
100 44
100 145
100 216
100 423
100 319
100 158
100 252
100 115
100 113
100 84
100 158
100 583
100 65
100 10
100 469
100 236
100 15
100 20
100 126
100 109
100 281
100 67
100 90
100 192
100 21
100 280
100 197
100 43
100 363
100 246
100 114
100 31
100 436
100 152
100 97
100 49
100 63
100 201
100 586
100 83
100 485
100 144
100 10
100 746
100 144
100 171
100 49
100 127
100 28
100 195
100 447
100 280
100 13
100 424
100 24
100 119
100 26
100 44
100 84
100 164
100 212
100 18
100 78
100 33
100 267
100 190
100 329
100 356
100 427
100 4
100 72
100 20
100 202
100 47
100 139
100 509
100 126
100 1
100 48
100 549
100 387
100 332
100 167
100 278
100 33
100 548
100 348
100 41
100 153
100 309
100 515
100 174
100 219
100 2
100 48
100 152
100 42
100 141
100 40
100 44
100 9
100 287
100 128
100 30
100 161
100 275
100 114
100 137
100 41
100 51
100 70
100 61
100 18
100 172
100 285
100 27
100 155
100 126
100 41
100 48
100 0
100 127
100 101
100 381
100 229
100 218
100 52
100 0
100 461
100 141
100 39
100 66
100 146
100 6
100 22
100 165
100 133
100 79
100 1111
100 127
100 345
100 1
100 245
100 277
100 34
100 260
100 126
100 43
100 5
100 117
100 222
100 139
100 70
100 222
100 311
100 103
100 929
100 78
100 44
100 4
100 209
100 373
100 187
100 50
100 197
100 32
100 9
100 558
100 61
100 91
100 12
100 7
100 34
100 49
100 64
100 10
100 11
100 165
100 296
100 447
100 162
100 138
100 96
100 230
100 105
100 293
100 94
100 15
100 68
100 312
100 8
100 33
100 93
100 118
100 510
100 128
100 216
100 429
100 1
100 396
100 18
100 390
100 163
100 28
100 456
100 6
100 82
100 75
100 30
100 192
100 272
100 65
100 86
100 61
100 127
100 190
100 52
100 97
100 418
100 110
100 94
100 105
100 146
100 272
100 14
100 33
100 264
100 311
100 140
100 264
100 33
100 88
100 27
100 206
100 124
100 206
100 444
100 142
100 12
100 38
100 118
100 348
100 187
100 197
100 17
100 44
100 215
100 55
100 66
100 51
100 73
100 222
100 127
100 29
100 157
100 142
100 143
100 87
100 184
100 261
100 53
100 60
100 36
100 306
100 215
100 78
100 609
100 44
100 79
100 15
100 75
100 118
100 322
100 370
100 110
100 246
100 228
100 3
100 69
100 223
100 98
100 375
100 62
100 145
100 240
100 11
100 66
100 177
100 39
100 48
100 201
100 273
100 288
100 40
100 42
100 129
100 279
100 111
100 419
100 85
100 146
100 16
100 91
100 306
100 260
100 6
100 207
100 232
100 32
100 134
100 34
100 322
100 244
100 496
100 166
100 19
100 65
100 185
100 7
100 25
100 137
100 237
100 7
100 114
100 73
100 299
100 77
100 441
100 52
100 28
100 181
100 15
100 0
100 115
100 293
100 141
100 5
100 346
100 158
100 95
100 54
100 138
100 115
100 27
100 153
100 282
100 51
100 280
100 60
100 4
100 80
100 123
100 49
100 374
100 138
100 63
100 136
100 131
100 309
100 52
100 103
100 16
100 73
100 26
100 169
100 106
100 12
100 519
100 36
100 56
100 55
100 106
100 97
100 19
100 123
100 61
100 48
100 327
100 76
100 166
100 419
100 167
100 1
100 86
100 95
100 214
100 3
100 77
100 60
100 104
100 99
100 883
100 206
100 21
100 41
100 813
100 96
100 13
100 43
100 1
100 2
100 11
100 49
100 23
100 4
100 78
100 26
100 105
100 40
100 167
100 223
100 11
100 7
100 225
100 27
100 137
100 18
100 71
100 415
100 71
100 8
100 58
100 46
100 27
100 67
100 9
100 55
100 8
100 10
100 294
100 124
100 437
100 214
100 19
100 201
100 94
100 151
100 160
100 55
100 129
100 125
100 44
100 34
100 148
100 182
100 292
100 626
100 332
100 1
100 49
100 43
100 240
100 0
100 266
100 456
100 22
100 63
100 60
100 29
100 104
100 71
100 188
100 402
100 202
100 91
100 205
100 121
100 169
100 185
100 113
100 26
100 109
100 213
100 247
100 103
100 538
100 91
100 49
100 211
100 101
100 408
100 76
100 112
100 50
100 143
100 234
100 122
100 119
100 13
100 162
100 87
100 195
100 101
100 101
100 565
100 421
100 457
100 134
100 140
100 3
100 282
100 77
100 206
100 66
100 36
100 117
100 9
100 71
100 378
100 107
100 93
100 274
100 30
100 338
100 305
100 347
100 116
100 281
100 138
100 193
100 332
100 32
100 6
100 44
100 112
100 21
100 105
100 11
100 176
100 101
100 74
100 72
100 23
100 46
100 351
100 188
100 43
100 327
100 53
100 377
100 47
100 63
100 38
100 87
100 33
100 14
100 56
100 15
100 84
100 7
100 47
100 414
100 7
100 352
100 6
100 302
100 396
100 5
100 42
100 326
100 75
100 234
100 104
100 52
100 18
100 219
100 60
100 144
100 25
100 65
100 124
100 102
100 237
100 213
100 399
100 166
100 81
100 149
100 54
100 26
100 132
100 77
100 137
100 209
100 106
100 37
100 255
100 110
100 39
100 415
100 4
100 679
100 494
100 58
100 357
100 79
100 455
100 205
100 113
100 93
100 200
100 42
100 26
100 108
100 97
100 30
100 90
100 226
100 74
100 107
100 9
100 80
100 101
100 151
100 11
100 444
100 213
100 0
100 86
100 658
100 10
100 151
100 117
100 57
100 103
100 200
100 27
100 34
100 298
100 6
100 73
100 95
100 24
100 205
100 151
100 147
100 38
100 211
100 127
100 13
100 75
100 87
100 177
100 337
100 8
100 419
100 29
100 102
100 135
100 173
100 158
100 312
100 308
100 206
100 345
100 124
100 122
100 201
100 116
100 85
100 49
100 86
100 381
100 102
100 303
100 212
100 101
100 72
100 109
100 38
100 435
100 98
100 299
100 188
100 75
100 35
100 151
100 203
100 27
100 133
100 80
100 199
100 304
100 6
100 942
100 96
100 1
100 9
100 54
100 133
100 57
100 146
100 165
100 499
100 22
100 39
100 182
100 22
100 43
100 78
100 94
100 57
100 84
100 84
100 203
100 368
100 84
100 310
100 72
100 1
100 234
100 140
100 82
100 192
100 574
100 93
100 292
100 330
100 44
100 437
100 165
100 71
100 17
100 23
100 121
100 180
100 6
100 71
100 93
100 451
100 526
100 222
100 26
100 220
100 65
100 3
100 164
100 188
100 639
100 39
100 144
100 411
100 325
100 77
100 412
100 71
100 93
100 95
100 207
100 0
100 564
100 84
100 96
100 159
100 83
100 224
100 210
100 239
100 110
100 72
100 59
100 60
100 632
100 198
100 21
100 134
100 199
100 681
100 6
100 77
100 8
100 117
100 261
100 160
100 134
100 295
100 39
100 28
100 506
100 212
100 151
100 293
100 37
100 380
100 108
100 83
100 94
100 65
100 60
100 219
100 42
100 12
100 17
100 112
100 82
100 63
100 255
100 6
100 73
100 277
100 20
100 201
100 194
100 129
100 486
100 20
100 288
100 364
100 65
100 86
100 9
100 51
100 430
100 82
100 79
100 35
100 172
100 35
100 68
100 119
100 57
100 71
100 247
100 91
100 14
100 2
100 27
100 116
100 39
100 213
100 257
100 32
100 90
100 578
100 70
100 620
100 93
100 181
100 150
100 33
100 124
100 142
100 20
100 50
100 120
100 412
100 59
100 254
100 81
100 55
100 329
100 232
100 115
100 46
100 324
100 121
100 82
100 199
100 202
100 11
100 42
100 83
100 4
100 466
100 10
100 218
100 15
100 193
100 44
100 31
100 43
100 415
100 41
100 13
100 20
100 67
100 50
100 91
100 120
100 167
100 531
100 124
100 559
100 83
100 0
100 117
100 26
100 72
100 172
100 375
100 380
100 7
100 1
100 150
100 26
100 47
100 283
100 686
100 1225
100 228
100 424
100 202
100 74
100 266
100 35
100 162
100 83
100 260
100 126
100 342
100 38
100 121
100 135
100 44
100 103
100 215
100 352
100 128
100 707
100 231
100 47
100 196
100 212
100 251
100 51
100 301
100 53
100 251
100 40
100 171
100 18
100 305
100 148
100 112
100 80
100 145
100 234
100 19
100 472
100 600
100 48
100 5
100 205
100 600
100 160
100 7
100 0
100 503
100 91
100 27
100 69
100 90
100 306
100 73
100 96
100 66
100 69
100 27
100 508
100 101
100 18
100 11
100 89
100 550
100 499
100 195
100 247
100 0
100 51
100 85
100 17
100 254
100 262
100 167
100 68
100 235
100 170
100 77
100 175
100 96
100 509
100 286
100 90
100 65
100 214
100 15
100 46
100 215
100 127
100 64
100 122
100 314
100 285
100 54
100 110
100 108
100 37
100 111
100 205
100 49
100 162
100 363
100 22
100 15
100 94
100 349
100 238
100 300
100 632
100 133
100 332
100 140
100 312
100 48
100 301
100 87
100 44
100 50
100 124
100 275
100 111
100 206
100 56
100 61
100 63
100 477
100 170
100 18
100 393
100 11
100 33
100 106
100 0
100 115
100 32
100 74
100 85
100 249
100 159
100 65
100 86
100 344
100 375
100 151
100 148
100 534
100 57
100 290
100 133
100 189
100 69
100 128
100 18
100 389
100 44
100 61
100 213
100 414
100 105
100 92
100 59
100 247
100 22
100 165
100 1
100 106
100 529
100 38
100 250
100 749
100 65
100 12
100 328
100 7
100 24
100 176
100 117
100 23
100 41
100 172
100 93
100 61
100 163
100 81
100 415
100 482
100 69
100 0
100 325
100 0
100 207
100 104
100 173
100 173
100 196
100 100
100 123
100 213
100 189
100 33
100 482
100 134
100 365
100 114
100 389
100 200
100 68
100 156
100 308
100 13
100 92
100 411
100 201
100 12
100 74
100 260
100 173
100 740
100 40
100 27
100 57
100 11
100 118
100 3
100 19
100 10
100 155
100 20
100 73
100 11
100 3
100 81
100 0
100 116
100 148
100 72
100 53
100 189
100 95
100 41
100 417
100 249
100 206
100 54
100 82
100 0
100 171
100 36
100 61
100 150
100 278
100 149
100 214
100 190
100 45
100 97
100 78
100 41
100 416
100 109
100 168
100 220
100 79
100 369
100 0
100 36
100 19
100 47
100 288
100 317
100 14
100 86
100 0
100 20
100 312
100 140
100 111
100 75
100 122
100 162
100 75
100 98
100 94
100 677
100 104
100 50
100 160
100 36
100 283
100 175
100 19
100 425
100 46
100 64
100 41
100 271
100 560
100 213
100 127
100 40
100 200
100 20
100 20
100 27
100 21
100 58
100 305
100 28
100 138
100 100
100 138
100 75
100 100
100 17
100 105
100 31
100 54
100 113
100 69
100 91
100 21
100 320
100 137
100 646
100 35
100 185
100 198
100 163
100 18
100 184
100 1
100 171
100 67
100 136
100 28
100 108
100 108
100 89
100 50
100 44
100 75
100 265
100 5
100 69
100 309
100 60
100 213
100 35
100 57
100 25
100 3
100 854
100 382
100 77
100 164
100 29
100 93
100 169
100 59
100 46
100 387
100 31
100 113
100 30
100 1
100 95
100 404
100 26
100 226
100 143
100 22
100 115
100 19
100 37
100 140
100 87
100 324
100 400
100 221
100 155
100 134
100 28
100 71
100 53
100 83
100 110
100 386
100 319
100 75
100 136
100 217
100 161
100 97
100 46
100 392
100 165
100 256
100 398
100 31
100 87
100 123
100 275
100 86
100 17
100 72
100 355
100 215
100 275
100 206
100 69
100 362
100 47
100 166
100 39
100 287
100 153
100 3
100 95
100 115
100 125
100 103
100 6
100 40
100 201
100 60
100 65
100 135
100 107
100 327
100 334
100 73
100 100
100 62
100 173
100 37
100 521
100 241
100 211
100 63
100 218
100 34
100 491
100 26
100 180
100 29
100 338
100 25
100 142
100 136
100 46
100 5
100 88
100 283
100 60
100 5
100 186
100 163
100 483
100 13
100 90
100 4
100 136
100 4
100 55
100 149
100 361
100 243
100 272
100 219
100 81
100 145
100 179
100 700
100 61
100 113
100 193
100 22
100 349
100 12
100 38
100 47
100 12
100 152
100 247
100 33
100 424
100 9
100 453
100 295
100 31
100 178
100 285
100 59
100 256
100 137
100 271
100 88
100 124
100 75
100 36
100 59
100 693
100 130
100 552
100 296
100 168
100 667
100 245
100 43
100 120
100 146
100 200
100 14
100 85
100 129
100 241
100 28
100 95
100 421
100 67
100 116
100 201
100 124
100 269
100 463
100 0
100 18
100 343
100 187
100 187
100 622
100 139
100 190
100 91
100 220
100 68
100 148
100 336
100 7
100 126
100 388
100 193
100 40
100 135
100 50
100 141
100 74
100 598
100 76
100 463
100 181
100 247
100 117
100 426
100 276
100 104
100 558
100 36
100 27
100 119
100 7
100 260
100 141
100 34
100 76
100 91
100 22
100 216
100 24
100 396
100 293
100 34
100 47
100 12
100 147
100 172
100 236
100 7
100 178
100 42
100 284
100 2
100 118
100 81
100 116
100 3
100 104
100 80
100 98
100 390
100 139
100 550
100 198
100 30
100 65
100 54
100 23
100 205
100 217
100 42
100 20
100 103
100 81
100 122
100 46
100 160
100 93
100 215
100 94
100 5
100 281
100 262
100 147
100 29
100 86
100 60
100 287
100 172
100 538
100 78
100 278
100 68
100 208
100 128
100 158
100 79
100 162
100 288
100 206
100 150
100 163
100 39
100 53
100 36
100 69
100 38
100 77
100 102
100 34
100 331
100 371
100 24
100 73
100 425
100 67
100 7
100 245
100 36
100 206
100 42
100 8
100 82
100 46
100 2
100 66
100 17
100 320
100 32
100 71
100 110
100 38
100 158
100 42
100 305
100 95
100 143
100 557
100 5
100 204
100 156
100 24
100 100
100 131
100 33
100 34
100 50
100 10
100 7
100 106
100 35
100 199
100 15
100 85
100 121
100 61
100 373
100 84
100 126
100 153
100 42
100 116
100 10
100 42
100 6
100 32
100 54
100 221
100 47
100 2
100 88
100 11
100 0
100 14
100 334
100 133
100 34
100 17
100 176
100 0
100 374
100 109
100 132
100 108
100 171
100 136
100 247
100 176
100 293
100 358
100 3
100 77
100 220
100 26
100 28
100 414
100 59
100 148
100 56
100 633
100 127
100 67
100 116
100 148
100 91
100 57
100 53
100 550
100 284
100 12
100 10
100 717
100 221
100 17
100 276
100 13
100 204
100 398
100 166
100 113
100 134
100 274
100 71
100 85
100 84
100 205
100 172
100 157
100 78
100 90
100 12
100 351
100 101
100 124
100 36
100 203
100 13
100 130
100 351
100 235
100 206
100 107
100 56
100 102
100 283
100 300
100 624
100 101
100 184
100 32
100 225
100 4
100 147
100 283
100 747
100 455
100 410
100 4
100 111
100 194
100 4
100 17
100 83
100 78
100 447
100 266
100 53
100 83
100 113
100 32
100 1022
100 91
100 86
100 2
100 62
100 244
100 52
100 141
100 215
100 36
100 210
100 612
100 160
100 342
100 17
100 148
100 244
100 81
100 271
100 100
100 143
100 105
100 193
100 121
100 233
100 102
100 933
100 597
100 9
100 275
100 267
100 23
100 189
100 35
100 9
100 64
100 78
100 831
100 217
100 3
100 225
100 43
100 14
100 116
100 4
100 371
100 104
100 157
100 96
100 22
100 8
100 345
100 348
100 414
100 7
100 7
100 29
100 93
100 146
100 39
100 87
100 48
100 7
100 75
100 78
100 148
100 154
100 9
100 6
100 72
100 192
100 189
100 151
100 150
100 24
100 36
100 152
100 0
100 41
100 79
100 207
100 60
100 346
100 338
100 30
100 68
100 321
100 63
100 32
100 44
100 130
100 58
100 264
100 481
100 155
100 27
100 21
100 232
100 127
100 466
100 607
100 245
100 8
100 62
100 365
100 107
100 87
100 115
100 111
100 7
100 316
100 100
100 87
100 10
100 51
100 154
100 27
100 14
100 105
100 219
100 284
100 122
100 573
100 201
100 199
100 118
100 125
100 101
100 478
100 5
100 19
100 115
100 72
100 136
100 110
100 266
100 63
100 102
100 135
100 227
100 101
100 85
100 182
100 95
100 137
100 35
100 59
100 226
100 95
100 197
100 151
100 173
100 536
100 475
100 247
100 405
100 24
100 120
100 18
100 133
100 450
100 58
100 162
100 55
100 7
100 7
100 20
100 152
100 183
100 343
100 53
100 129
100 5
100 287
100 115
100 171
100 107
100 153
100 279
100 2
100 49
100 119
100 77
100 356
100 114
100 50
100 88
100 93
100 445
100 94
100 581
100 42
100 289
100 81
100 14
100 111
100 115
100 108
100 87
100 437
100 5
100 87
100 183
100 196
100 481
100 608
100 78
100 233
100 14
100 272
100 218
100 44
100 74
100 21
100 123
100 145
100 63
100 9
100 73
100 172
100 116
100 168
100 184
100 631
100 49
100 12
100 28
100 36
100 238
100 168
100 117
100 298
100 157
100 23
100 203
100 248
100 323
100 199
100 192
100 322
100 127
100 104
100 115
100 122
100 206
100 238
100 96
100 63
100 235
100 136
100 112
100 90
100 339
100 364
100 671
100 134
100 27
100 109
100 21
100 243
100 167
100 333
100 327
100 59
100 43
100 59
100 143
100 336
100 150
100 44
100 250
100 229
100 219
100 104
100 7
100 592
100 238
100 24
100 5
100 190
100 122
100 137
100 160
100 5
100 76
100 96
100 30
100 64
100 17
100 1064
100 644
100 350
100 93
100 72
100 67
100 13
100 435
100 26
100 28
100 129
100 9
100 117
100 19
100 9
100 49
100 91
100 248
100 172
100 17
100 8
100 479
100 133
100 162
100 78
100 304
100 94
100 75
100 89
100 163
100 258
100 24
100 80
100 43
100 15
100 220
100 145
100 141
100 19
100 5
100 27
100 139
100 96
100 404
100 105
100 281
100 247
100 87
100 397
100 51
100 237
100 229
100 14
100 151
100 34
100 112
100 28
100 81
100 34
100 108
100 372
100 468
100 154
100 230
100 62
100 1
100 94
100 173
100 11
100 172
100 104
100 76
100 55
100 274
100 72
100 184
100 31
100 39
100 113
100 118
100 35
100 323
100 167
100 167
100 156
100 75
100 23
100 92
100 332
100 18
100 729
100 59
100 84
100 46
100 286
100 38
100 216
100 21
100 23
100 363
100 91
100 131
100 202
100 121
100 145
100 14
100 245
100 36
100 44
100 47
100 146
100 49
100 129
100 106
100 70
100 219
100 375
100 465
100 22
100 138
100 2
100 51
100 227
100 175
100 217
100 11
100 343
100 312
100 450
100 42
100 51
100 275
100 47
100 184
100 0
100 27
100 50
100 77
100 80
100 265
100 48
100 59
100 52
100 70
100 76
100 28
100 49
100 9
100 141
100 56
100 160
100 382
100 106
100 17
100 667
100 419
100 6
100 210
100 56
100 108
100 69
100 205
100 136
100 331
100 43
100 227
100 125
100 14
100 32
100 191
100 22
100 59
100 162
100 220
100 501
100 109
100 365
100 282
100 42
100 1
100 199
100 243
100 567
100 107
100 450
100 111
100 2
100 4
100 241
100 101
100 379
100 52
100 75
100 408
100 160
100 8
100 830
100 54
100 433
100 44
100 68
100 196
100 397
100 132
100 199
100 471
100 175
100 47
100 161
100 127
100 95
100 32
100 74
100 217
100 257
100 349
100 154
100 335
100 87
100 200
100 47
100 252
100 57
100 256
100 133
100 96
100 8
100 77
100 229
100 37
100 551
100 18
100 23
100 6
100 53
100 276
100 308
100 171
100 273
100 52
100 46
100 105
100 5
100 37
100 25
100 185
100 54
100 88
100 133
100 116
100 136
100 31
100 75
100 159
100 25
100 80
100 343
100 184
100 364
100 203
100 228
100 2
100 130
100 85
100 59
100 127
100 21
100 105
100 6
100 27
100 4
100 27
100 68
100 195
100 110
100 222
100 78
100 22
100 78
100 304
100 764
100 20
100 348
100 64
100 110
100 274
100 235
100 175
100 14
100 77
100 485
100 5
100 33
100 59
100 43
100 481
100 25
100 298
100 15
100 121
100 134
100 167
100 625
100 316
100 50
100 31
100 21
100 110
100 73
100 86
100 299
100 85
100 91
100 55
100 39
100 140
100 23
100 21
100 6
100 165
100 177
100 480
100 49
100 69
100 70
100 396
100 73
100 94
100 610
100 165
100 499
100 134
100 379
100 30
100 108
100 347
100 73
100 9
100 190
100 37
100 57
100 59
100 94
100 468
100 70
100 49
100 493
100 471
100 1
100 23
100 46
100 232
100 137
100 17
100 318
100 359
100 169
100 123
100 501
100 88
100 294
100 73
100 273
100 7
100 67
100 552
100 79
100 15
100 74
100 154
100 642
100 167
100 141
100 167
100 105
100 572
100 160
100 328
100 167
100 509
100 359
100 34
100 4
100 12
100 234
100 39
100 142
100 471
100 23
100 442
100 332
100 23
100 19
100 16
100 60
100 28
100 47
100 13
100 13
100 228
100 240
100 15
100 173
100 337
100 330
100 369
100 74
100 151
100 6
100 104
100 110
100 97
100 209
100 135
100 11
100 32
100 72
100 197
100 27
100 641
100 183
100 715
100 101
100 173
100 54
100 1
100 24
100 416
100 53
100 156
100 239
100 201
100 17
100 38
100 66
100 75
100 108
100 162
100 84
100 102
100 306
100 364
100 180
100 89
100 284
100 253
100 35
100 37
100 78
100 139
100 206
100 8
100 26
100 120
100 26
100 133
100 86
100 71
100 16
100 434
100 477
100 363
100 160
100 75
100 248
100 460
100 112
100 215
100 85
100 40
100 43
100 444
100 276
100 46
100 179
100 115
100 2
100 32
100 8
100 445
100 723
100 150
100 294
100 92
100 186
100 64
100 19
100 205
100 217
100 99
100 155
100 125
100 105
100 334
100 210
100 372
100 61
100 1069
100 285
100 64
100 43
100 19
100 476
100 177
100 58
100 7
100 59
100 120
100 31
100 24
100 237
100 5
100 558
100 340
100 97
100 78
100 601
100 625
100 218
100 171
100 81
100 251
100 134
100 129
100 31
100 20
100 63
100 23
100 551
100 53
100 2
100 134
100 41
100 156
100 92
100 70
100 23
100 86
100 2
100 132
100 37
100 97
100 318
100 114
100 50
100 52
100 278
100 33
100 37
100 167
100 121
100 226
100 83
100 44
100 182
100 143
100 89
100 309
100 107
100 286
100 283
100 8
100 53
100 177
100 860
100 391
100 214
100 82
100 240
100 123
100 117
100 180
100 47
100 254
100 273
100 148
100 75
100 96
100 57
100 72
100 4
100 348
100 13
100 265
100 21
100 361
100 394
100 69
100 9
100 299
100 27
100 400
100 188
100 29
100 34
100 83
100 20
100 263
100 165
100 125
100 118
100 279
100 125
100 25
100 6
100 448
100 72
100 47
100 548
100 140
100 74
100 649
100 300
100 374
100 78
100 91
100 30
100 124
100 152
100 106
100 74
100 186
100 33
100 30
100 36
100 88
100 64
100 180
100 0
100 44
100 256
100 117
100 300
100 750
100 97
100 112
100 112
100 54
100 38
100 102
100 66
100 4
100 196
100 218
100 112
100 376
100 147
100 4
100 104
100 92
100 95
100 139
100 263
100 62
100 71
100 60
100 8
100 5
100 323
100 17
100 210
100 9
100 45
100 42
100 18
100 360
100 68
100 290
100 179
100 87
100 118
100 87
100 322
100 103
100 83
100 199
100 49
100 808
100 450
100 305
100 80
100 98
100 166
100 3
100 350
100 33
100 295
100 230
100 228
100 102
100 607
100 74
100 43
100 369
100 122
100 89
100 211
100 124
100 36
100 54
100 89
100 235
100 128
100 183
100 180
100 66
100 36
100 18
100 14
100 65
100 108
100 295
100 44
100 228
100 7
100 56
100 260
100 91
100 471
100 19
100 8
100 101
100 316
100 378
100 131
100 47
100 480
100 783
100 64
100 33
100 70
100 138
100 177
100 139
100 200
100 78
100 287
100 65
100 63
100 361
100 732
100 61
100 86
100 154
100 86
100 54
100 945
100 118
100 138
100 491
100 126
100 538
100 106
100 105
100 86
100 40
100 78
100 21
100 42
100 179
100 104
100 322
100 280
100 506
100 275
100 181
100 1
100 221
100 675
100 112
100 261
100 186
100 32
100 122
100 185
100 178
100 41
100 24
100 236
100 121
100 67
100 123
100 5
100 372
100 117
100 250
100 146
100 222
100 75
100 13
100 117
100 166
100 18
100 348
100 25
100 24
100 14
100 68
100 204
100 62
100 129
100 31
100 804
100 18
100 283
100 123
100 265
100 21
100 207
100 68
100 20
100 1
100 65
100 295
100 54
100 57
100 156
100 144
100 75
100 111
100 11
100 132
100 499
100 165
100 206
100 83
100 375
100 32
100 148
100 31
100 216
100 28
100 78
100 502
100 185
100 173
100 39
100 94
100 133
100 226
100 130
100 60
100 374
100 11
100 315
100 96
100 125
100 455
100 29
100 9
100 331
100 691
100 63
100 75
100 46
100 162
100 396
100 114
100 345
100 141
100 469
100 436
100 844
100 54
100 235
100 23
100 73
100 131
100 59
100 17
100 524
100 91
100 118
100 122
100 229
100 123
100 238
100 190
100 10
100 30
100 127
100 16
100 139
100 127
100 866
100 488
100 112
100 117
100 65
100 279
100 63
100 23
100 428
100 45
100 62
100 40
100 275
100 39
100 179
100 517
100 53
100 63
100 76
100 279
100 117
100 37
100 19
100 63
100 149
100 358
100 101
100 131
100 296
100 435
100 33
100 42
100 56
100 25
100 102
100 7
100 83
100 641
100 61
100 58
100 317
100 317
100 440
100 22
100 22
100 116
100 270
100 69
100 236
100 80
100 86
100 5
100 311
100 64
100 63
100 275
100 42
100 254
100 241
100 33
100 127
100 50
100 93
100 366
100 14
100 291
100 199
100 52
100 297
100 53
100 260
100 6
100 194
100 319
100 312
100 3
100 272
100 262
100 292
100 170
100 329
100 6
100 499
100 134
100 565
100 36
100 244
100 69
100 222
100 49
100 499
100 139
100 13
100 674
100 160
100 97
100 82
100 0
100 73
100 638
100 399
100 64
100 205
100 37
100 351
100 227
100 54
100 38
100 32
100 108
100 295
100 208
100 289
100 55
100 50
100 35
100 119
100 157
100 101
100 124
100 62
100 633
100 133
100 172
100 21
100 335
100 10
100 154
100 77
100 350
100 115
100 197
100 100
100 425
100 19
100 302
100 378
100 589
100 165
100 167
100 659
100 344
100 11
100 108
100 46
100 59
100 8
100 2
100 21
100 588
100 167
100 196
100 20
100 47
100 234
100 26
100 79
100 17
100 39
100 3
100 28
100 49
100 138
100 36
100 657
100 183
100 84
100 238
100 106
100 95
100 73
100 260
100 12
100 30
100 225
100 3
100 126
100 49
100 278
100 9
100 63
100 379
100 95
100 102
100 143
100 127
100 85
100 59
100 169
100 68
100 151
100 148
100 155
100 58
100 91
100 53
100 122
100 288
100 275
100 117
100 164
100 126
100 53
100 480
100 56
100 7
100 323
100 68
100 199
100 34
100 51
100 215
100 59
100 1277
100 501
100 658
100 110
100 150
100 79
100 200
100 54
100 304
100 11
100 0
100 288
100 17
100 1
100 143
100 120
100 344
100 17
100 86
100 11
100 4
100 163
100 105
100 59
100 931
100 118
100 199
100 394
100 234
100 35
100 93
100 30
100 19
100 56
100 104
100 106
100 420
100 276
100 125
100 311
100 40
100 285
100 15
100 563
100 194
100 0
100 224
100 32
100 121
100 226
100 3
100 103
100 294
100 38
100 140
100 310
100 54
100 118
100 188
100 51
100 6
100 28
100 333
100 88
100 211
100 19
100 12
100 744
100 350
100 61
100 80
100 5
100 325
100 78
100 85
100 40
100 123
100 171
100 1064
100 266
100 343
100 37
100 84
100 435
100 77
100 30
100 149
100 112
100 104
100 56
100 182
100 526
100 74
100 9
100 125
100 152
100 189
100 172
100 200
100 386
100 103
100 202
100 180
100 60
100 257
100 136
100 143
100 303
100 290
100 239
100 6
100 89
100 181
100 215
100 242
100 1
100 2
100 300
100 67
100 91
100 112
100 6
100 49
100 165
100 97
100 28
100 49
100 581
100 60
100 154
100 598
100 22
100 98
100 177
100 187
100 735
100 194
100 204
100 52
100 58
100 1
100 101
100 294
100 193
100 73
100 66
100 390
100 0
100 211
100 244
100 47
100 14
100 91
100 131
100 132
100 280
100 197
100 171
100 107
100 6
100 143
100 1
100 92
100 282
100 122
100 54
100 33
100 85
100 221
100 614
100 265
100 230
100 116
100 29
100 217
100 188
100 220
100 26
100 9
100 235
100 36
100 101
100 88
100 163
100 43
100 172
100 240
100 10
100 275
100 458
100 22
100 357
100 119
100 72
100 375
100 314
100 25
100 261
100 103
100 137
100 24
100 562
100 134
100 391
100 32
100 284
100 195
100 51
100 261
100 33
100 50
100 59
100 176
100 254
100 176
100 405
100 83
100 62
100 311
100 33
100 2
100 48
100 21
100 60
100 25
100 41
100 162
100 762
100 20
100 367
100 5
100 256
100 373
100 301
100 335
100 72
100 92
100 124
100 89
100 150
100 457
100 48
100 187
100 53
100 101
100 135
100 111
100 13
100 31
100 187
100 366
100 141
100 82
100 233
100 34
100 191
100 209
100 336
100 89
100 602
100 63
100 137
100 87
100 82
100 72
100 41
100 140
100 163
100 220
100 148
100 1
100 264
100 97
100 130
100 81
100 225
100 296
100 282
100 117
100 126
100 122
100 53
100 143
100 24
100 78
100 16
100 102
100 10
100 121
100 72
100 101
100 82
100 61
100 107
100 48
100 436
100 53
100 4
100 26
100 236
100 13
100 69
100 143
100 84
100 84
100 56
100 217
100 316
100 149
100 99
100 356
100 66
100 90
100 179
100 0
100 28
100 84
100 28
100 1053
100 63
100 9
100 1
100 88
100 18
100 77
100 56
100 211
100 147
100 31
100 437
100 76
100 215
100 74
100 205
100 177
100 2
100 403
100 98
100 113
100 23
100 156
100 216
100 49
100 146
100 123
100 17
100 3
100 221
100 198
100 506
100 36
100 9
100 215
100 2
100 28
100 124
100 103
100 25
100 148
100 120
100 110
100 36
100 312
100 67
100 315
100 269
100 701
100 30
100 351
100 195
100 222
100 59
100 10
100 325
100 125
100 915
100 207
100 145
100 113
100 81
100 55
100 173
100 212
100 171
100 359
100 64
100 50
100 24
100 0
100 118
100 186
100 95
100 164
100 118
100 184
100 100
100 604
100 42
100 57
100 21
100 22
100 284
100 61
100 329
100 204
100 56
100 43
100 706
100 62
100 549
100 104
100 583
100 15
100 79
100 204
100 22
100 3
100 11
100 149
100 43
100 51
100 85
100 227
100 252
100 105
100 29
100 304
100 41
100 16
100 215
100 7
100 226
100 147
100 92
100 20
100 282
100 310
100 578
100 103
100 74
100 116
100 67
100 476
100 240
100 14
100 811
100 239
100 206
100 110
100 19
100 44
100 241
100 87
100 151
100 494
100 342
100 762
100 59
100 107
100 136
100 149
100 43
100 32
100 13
100 182
100 325
100 204
100 107
100 618
100 245
100 159
100 584
100 126
100 150
100 193
100 32
100 129
100 137
100 517
100 164
100 107
100 149
100 31
100 27
100 327
100 121
100 89
100 533
100 58
100 124
100 11
100 431
100 85
100 248
100 133
100 63
100 30
100 68
100 126
100 7
100 86
100 420
100 80
100 63
100 24
100 62
100 211
100 282
100 27
100 149
100 132
100 670
100 352
100 246
100 382
100 111
100 17
100 470
100 74
100 1003
100 9
100 56
100 45
100 179
100 69
100 91
100 237
100 1
100 455
100 89
100 133
100 238
100 38
100 767
100 129
100 74
100 76
100 361
100 11
100 70
100 238
100 121
100 150
100 25
100 66
100 110
100 101
100 28
100 212
100 262
100 79
100 108
100 143
100 15
100 771
100 217
100 135
100 51
100 185
100 177
100 23
100 38
100 206
100 1
100 257
100 463
100 162
100 266
100 273
100 103
100 189
100 50
100 116
100 28
100 6
100 206
100 66
100 4
100 92
100 128
100 144
100 636
100 312
100 203
100 47
100 62
100 383
100 4
100 65
100 16
100 197
100 472
100 117
100 117
100 267
100 577
100 317
100 44
100 295
100 31
100 5
100 212
100 29
100 231
100 43
100 144
100 73
100 562
100 163
100 46
100 70
100 376
100 150
100 1250
100 26
100 190
100 291
100 500
100 18
100 66
100 169
100 215
100 15
100 184
100 71
100 80
100 3
100 136
100 76
100 163
100 128
100 31
100 908
100 4
100 80
100 41
100 44
100 83
100 258
100 526
100 148
100 83
100 164
100 50
100 15
100 49
100 61
100 1
100 239
100 4
100 387
100 5
100 274
100 438
100 130
100 31
100 65
100 99
100 52
100 442
100 105
100 65
100 94
100 952
100 194
100 249
100 107
100 50
100 33
100 78
100 52
100 82
100 14
100 394
100 295
100 21
100 557
100 237
100 177
100 3
100 507
100 77
100 37
100 300
100 180
100 252
100 11
100 45
100 73
100 16
100 315
100 229
100 54
100 22
100 7
100 43
100 259
100 176
100 25
100 30
100 137
100 33
100 212
100 109
100 235
100 66
100 553
100 53
100 137
100 15
100 25
100 449
100 37
100 291
100 101
100 271
100 81
100 28
100 15
100 44
100 32
100 20
100 262
100 123
100 217
100 273
100 792
100 8
100 171
100 37
100 139
100 157
100 16
100 36
100 65
100 133
100 166
100 16
100 419
100 16
100 195
100 30
100 177
100 172
100 76
100 64
100 254
100 82
100 136
100 148
100 35
100 79
100 144
100 23
100 18
100 430
100 370
100 51
100 317
100 11
100 285
100 11
100 408
100 56
100 115
100 308
100 162
100 431
100 479
100 111
100 11
100 125
100 174
100 56
100 402
100 59
100 148
100 22
100 335
100 207
100 5
100 0
100 60
100 250
100 104
100 125
100 233
100 298
100 236
100 29
100 222
100 475
100 40
100 236
100 28
100 20
100 183
100 481
100 312
100 161
100 250
100 101
100 15
100 86
100 80
100 48
100 13
100 7
100 18
100 123
100 97
100 48
100 317
100 277
100 17
100 521
100 65
100 219
100 167
100 305
100 31
100 38
100 70
100 130
100 378
100 70
100 188
100 137
100 16
100 18
100 75
100 9
100 403
100 48
100 61
100 193
100 565
100 11
100 110
100 155
100 457
100 345
100 154
100 67
100 821
100 233
100 81
100 75
100 527
100 45
100 66
100 314
100 118
100 25
100 462
100 132
100 97
100 6
100 465
100 122
100 109
100 42
100 160
100 42
100 188
100 0
100 83
100 32
100 136
100 413
100 151
100 395
100 55
100 133
100 71
100 198
100 272
100 115
100 349
100 87
100 110
100 541
100 154
100 343
100 272
100 23
100 220
100 217
100 402
100 284
100 350
100 104
100 22
100 342
100 196
100 14
100 46
100 74
100 59
100 1
100 163
100 332
100 33
100 196
100 61
100 188
100 97
100 94
100 375
100 8
100 98
100 258
100 10
100 131
100 463
100 12
100 174
100 337
100 106
100 187
100 48
100 363
100 6
100 154
100 127
100 64
100 100
100 297
100 32
100 36
100 64
100 198
100 165
100 200
100 238
100 262
100 4
100 81
100 150
100 16
100 408
100 180
100 118
100 144
100 291
100 92
100 287
100 199
100 166
100 81
100 83
100 127
100 46
100 29
100 296
100 179
100 417
100 10
100 94
100 58
100 41
100 52
100 174
100 111
100 706
100 198
100 179
100 473
100 15
100 80
100 515
100 221
100 202
100 4
100 216
100 34
100 103
100 171
100 97
100 184
100 427
100 22
100 7
100 11
100 38
100 223
100 84
100 14
100 11
100 77
100 6
100 4
100 23
100 69
100 41
100 96
100 32
100 12
100 164
100 92
100 83
100 121
100 87
100 53
100 219
100 62
100 87
100 21
100 25
100 35
100 215
100 23
100 114
100 394
100 366
100 107
100 21
100 33
100 83
100 61
100 12
100 113
100 4
100 53
100 79
100 189
100 49
100 56
100 42
100 90
100 75
100 56
100 18
100 70
100 7
100 148
100 136
100 70
100 92
100 90
100 39
100 23
100 163
100 44
100 50
100 54
100 40
100 115
100 253
100 275
100 23
100 221
100 587
100 17
100 50
100 53
100 72
100 198
100 95
100 376
100 106
100 103
100 361
100 114
100 208
100 226
100 368
100 66
100 3
100 76
100 32
100 112
100 542
100 25
100 44
100 33
100 191
100 526
100 20
100 28
100 69
100 6
100 189
100 117
100 610
100 330
100 56
100 324
100 21
100 20
100 4
100 180
100 67
100 122
100 610
100 14
100 70
100 55
100 60
100 435
100 263
100 69
100 25
100 36
100 1
100 99
100 179
100 48
100 120
100 84
100 42
100 88
100 91
100 38
100 176
100 126
100 725
100 56
100 4
100 15
100 2
100 173
100 94
100 323
100 346
100 125
100 69
100 319
100 34
100 303
100 161
100 24
100 795
100 41
100 56
100 3
100 269
100 4
100 89
100 46
100 58
100 117
100 203
100 175
100 194
100 45
100 118
100 64
100 79
100 123
100 147
100 189
100 46
100 177
100 48
100 21
100 41
100 187
100 380
100 108
100 79
100 9
100 455
100 228
100 65
100 93
100 222
100 104
100 425
100 48
100 444
100 281
100 50
100 524
100 178
100 48
100 40
100 101
100 247
100 9
100 234
100 149
100 246
100 42
100 351
100 41
100 133
100 63
100 16
100 194
100 3
100 134
100 553
100 195
100 37
100 72
100 46
100 222
100 294
100 59
100 41
100 91
100 141
100 100
100 95
100 101
100 476
100 13
100 7
100 7
100 14
100 93
100 55
100 226
100 17
100 260
100 63
100 147
100 297
100 52
100 219
100 15
100 87
100 121
100 143
100 11
100 78
100 155
100 200
100 65
100 602
100 305
100 74
100 263
100 164
100 34
100 203
100 70
100 166
100 222
100 69
100 9
100 253
100 69
100 213
100 376
100 31
100 154
100 68
100 24
100 12
100 54
100 382
100 149
100 160
100 27
100 89
100 250
100 420
100 117
100 11
100 74
100 250
100 838
100 118
100 8
100 24
100 58
100 39
100 204
100 48
100 299
100 458
100 26
100 268
100 235
100 49
100 189
100 84
100 76
100 250
100 211
100 266
100 16
100 6
100 25
100 162
100 31
100 276
100 17
100 22
100 68
100 480
100 36
100 540
100 197
100 256
100 211
100 332
100 117
100 31
100 576
100 266
100 447
100 21
100 267
100 92
100 590
100 349
100 148
100 65
100 16
100 26
100 18
100 231
100 169
100 122
100 1
100 232
100 261
100 45
100 435
100 104
100 14
100 120
100 296
100 23
100 195
100 394
100 178
100 78
100 236
100 11
100 16
100 163
100 14
100 53
100 224
100 24
100 132
100 13
100 447
100 62
100 108
100 658
100 71
100 69
100 130
100 126
100 345
100 284
100 78
100 366
100 107
100 279
100 343
100 127
100 84
100 215
100 9
100 136
100 10
100 103
100 46
100 337
100 167
100 35
100 1
100 5
100 26
100 109
100 180
100 32
100 240
100 22
100 34
100 403
100 38
100 168
100 44
100 60
100 50
100 64
100 312
100 50
100 68
100 145
100 72
100 10
100 207
100 144
100 329
100 7
100 11
100 1045
100 125
100 10
100 524
100 329
100 49
100 176
100 88
100 119
100 124
100 178
100 59
100 103
100 3
100 156
100 22
100 400
100 154
100 132
100 19
100 94
100 76
100 23
100 59
100 73
100 428
100 458
100 195
100 1
100 0
100 58
100 19
100 0
100 28
100 115
100 35
100 321
100 85
100 237
100 91
100 137
100 176
100 18
100 171
100 83
100 345
100 389
100 231
100 28
100 75
100 89
100 343
100 216
100 433
100 94
100 7
100 179
100 94
100 86
100 16
100 156
100 150
100 20
100 154
100 3
100 123
100 427
100 148
100 135
100 161
100 407
100 462
100 160
100 80
100 235
100 109
100 141
100 104
100 214
100 13
100 158
100 75
100 263
100 141
100 158
100 17
100 59
100 32
100 275
100 232
100 110
100 123
100 63
100 45
100 39
100 147
100 314
100 181
100 141
100 147
100 133
100 10
100 115
100 38
100 2
100 109
100 17
100 30
100 370
100 422
100 377
100 16
100 296
100 16
100 78
100 145
100 436
100 142
100 203
100 74
100 5
100 202
100 425
100 220
100 52
100 33
100 16
100 432
100 9
100 63
100 171
100 40
100 15
100 59
100 129
100 12
100 69
100 45
100 50
100 172
100 539
100 74
100 31
100 48
100 36
100 1120
100 8
100 48
100 187
100 111
100 4
100 17
100 131
100 48
100 35
100 51
100 42
100 24
100 111
100 224
100 50
100 615
100 47
100 24
100 81
100 238
100 23
100 168
100 128
100 260
100 85
100 45
100 86
100 18
100 1
100 293
100 822
100 114
100 112
100 123
100 91
100 89
100 169
100 225
100 375
100 148
100 25
100 101
100 117
100 358
100 351
100 144
100 131
100 252
100 130
100 41
100 70
100 4
100 156
100 75
100 222
100 35
100 132
100 2
100 287
100 2
100 181
100 37
100 107
100 27
100 79
100 115
100 1
100 128
100 28
100 62
100 77
100 7
100 271
100 87
100 43
100 46
100 196
100 320
100 59
100 244
100 170
100 156
100 85
100 273
100 69
100 59
100 241
100 457
100 120
100 37
100 78
100 37
100 287
100 542
100 7
100 146
100 96
100 15
100 175
100 40
100 451
100 79
100 62
100 13
100 140
100 14
100 104
100 181
100 6
100 68
100 287
100 161
100 95
100 171
100 9
100 15
100 414
100 86
100 444
100 10
100 113
100 91
100 18
100 97
100 252
100 405
100 72
100 108
100 405
100 10
100 177
100 230
100 34
100 305
100 699
100 108
100 356
100 107
100 72
100 494
100 232
100 401
100 5
100 187
100 291
100 115
100 2
100 386
100 100
100 86
100 25
100 27
100 248
100 71
100 68
100 136
100 86
100 108
100 22
100 250
100 88
100 641
100 64
100 279
100 5
100 46
100 10
100 537
100 906
100 69
100 101
100 13
100 5
100 272
100 176
100 37
100 121
100 87
100 22
100 444
100 332
100 183
100 288
100 124
100 84
100 42
100 171
100 169
100 28
100 98
100 19
100 51
100 72
100 36
100 19
100 301
100 74
100 201
100 53
100 101
100 18
100 1
100 358
100 14
100 6
100 48
100 261
100 0
100 184
100 676
100 361
100 227
100 63
100 234
100 110
100 79
100 103
100 84
100 37
100 63
100 233
100 50
100 60
100 317
100 78
100 129
100 51
100 165
100 30
100 130
100 10
100 179
100 330
100 511
100 107
100 53
100 10
100 125
100 216
100 254
100 19
100 189
100 6
100 55
100 25
100 104
100 92
100 45
100 3
100 362
100 75
100 3
100 422
100 281
100 30
100 312
100 73
100 11
100 6
100 27
100 44
100 93
100 69
100 10
100 89
100 149
100 20
100 119
100 30
100 6
100 83
100 21
100 211
100 102
100 184
100 168
100 85
100 25
100 98
100 100
100 50
100 33
100 416
100 195
100 74
100 49
100 334
100 63
100 57
100 437
100 60
100 34
100 27
100 20
100 140
100 371
100 0
100 35
100 53
100 251
100 346
100 86
100 127
100 40
100 163
100 32
100 132
100 102
100 152
100 93
100 235
100 99
100 121
100 89
100 104
100 168
100 24
100 6
100 34
100 147
100 66
100 85
100 39
100 146
100 43
100 24
100 47
100 98
100 78
100 126
100 119
100 51
100 146
100 17
100 297
100 96
100 75
100 92
100 295
100 126
100 120
100 89
100 713
100 89
100 48
100 53
100 190
100 379
100 51
100 18
100 187
100 13
100 2
100 50
100 53
100 125
100 154
100 110
100 256
100 22
100 176
100 271
100 109
100 79
100 305
100 47
100 721
100 82
100 181
100 122
100 17
100 71
100 28
100 161
100 91
100 32
100 223
100 227
100 171
100 76
100 56
100 125
100 152
100 116
100 106
100 0
100 55
100 99
100 160
100 214
100 13
100 507
100 28
100 5
100 65
100 13
100 45
100 813
100 269
100 125
100 104
100 83
100 8
100 87
100 60
100 26
100 31
100 111
100 248
100 40
100 26
100 27
100 427
100 225
100 77
100 31
100 103
100 52
100 133
100 75
100 212
100 655
100 88
100 320
100 21
100 98
100 126
100 249
100 23
100 163
100 70
100 204
100 70
100 222
100 543
100 8
100 131
100 99
100 271
100 111
100 751
100 260
100 212
100 229
100 118
100 72
100 4
100 122
100 1
100 74
100 213
100 259
100 160
100 261
100 44
100 350
100 57
100 34
100 30
100 78
100 47
100 107
100 58
100 19
100 4
100 129
100 23
100 105
100 297
100 50
100 45
100 250
100 488
100 221
100 172
100 82
100 3
100 184
100 297
100 177
100 64
100 246
100 166
100 194
100 145
100 31
100 205
100 506
100 258
100 523
100 261
100 58
100 6
100 342
100 384
100 52
100 119
100 20
100 282
100 62
100 187
100 70
100 10
100 173
100 241
100 108
100 48
100 82
100 14
100 747
100 90
100 58
100 152
100 2
100 549
100 59
100 231
100 625
100 783
100 77
100 391
100 16
100 321
100 458
100 84
100 153
100 13
100 76
100 3
100 126
100 130
100 12
100 147
100 309
100 54
100 86
100 78
100 453
100 156
100 62
100 131
100 11
100 159
100 550
100 68
100 474
100 459
100 579
100 91
100 194
100 82
100 269
100 171
100 637
100 560
100 240
100 23
100 59
100 82
100 171
100 68
100 40
100 420
100 396
100 230
100 79
100 243
100 17
100 53
100 39
100 194
100 43
100 393
100 134
100 0
100 673
100 102
100 281
100 309
100 172
100 24
100 30
100 11
100 74
100 98
100 3
100 313
100 68
100 1047
100 759
100 152
100 267
100 538
100 225
100 106
100 111
100 54
100 35
100 245
100 198
100 56
100 806
100 9
100 37
100 195
100 310
100 86
100 337
100 183
100 183
100 174
100 519
100 2
100 100
100 147
100 148
100 402
100 327
100 65
100 27
100 210
100 176
100 135
100 130
100 77
100 693
100 21
100 36
100 26
100 75
100 44
100 498
100 144
100 113
100 61
100 109
100 21
100 74
100 253
100 255
100 104
100 736
100 158
100 317
100 35
100 212
100 107
100 191
100 51
100 72
100 126
100 14
100 22
100 14
100 64
100 84
100 64
100 491
100 141
100 23
100 60
100 164
100 435
100 51
100 216
100 7
100 52
100 48
100 48
100 67
100 27
100 3
100 185
100 83
100 519
100 26
100 9
100 119
100 42
100 96
100 359
100 76
100 22
100 158
100 327
100 130
100 306
100 42
100 473
100 282
100 43
100 384
100 65
100 26
100 46
100 26
100 476
100 172
100 21
100 303
100 332
100 140
100 30
100 12
100 126
100 5
100 78
100 12
100 38
100 25
100 367
100 296
100 17
100 434
100 75
100 8
100 127
100 26
100 18
100 237
100 461
100 111
100 616
100 324
100 355
100 79
100 110
100 185
100 11
100 24
100 329
100 343
100 143
100 498
100 98
100 143
100 43
100 246
100 32
100 789
100 64
100 282
100 11
100 54
100 29
100 300
100 12
100 716
100 47
100 449
100 109
100 10
100 140
100 268
100 162
100 37
100 63
100 31
100 153
100 125
100 61
100 832
100 50
100 263
100 61
100 9
100 11
100 99
100 41
100 119
100 0
100 452
100 37
100 176
100 65
100 93
100 7
100 21
100 208
100 706
100 3
100 118
100 409
100 35
100 404
100 114
100 24
100 130
100 450
100 41
100 9
100 64
100 102
100 65
100 51
100 15
100 94
100 51
100 17
100 35
100 35
100 492
100 9
100 14
100 147
100 143
100 23
100 364
100 180
100 63
100 185
100 80
100 29
100 326
100 64
100 87
100 31
100 326
100 199
100 151
100 30
100 171
100 137
100 248
100 129
100 50
100 277
100 217
100 129
100 394
100 47
100 207
100 15
100 42
100 198
100 117
100 159
100 206
100 53
100 458
100 185
100 172
100 187
100 243
100 50
100 43
100 135
100 72
100 83
100 18
100 32
100 307
100 99
100 189
100 64
100 129
100 48
100 121
100 203
100 190
100 33
100 101
100 165
100 77
100 471
100 67
100 234
100 111
100 25
100 202
100 39
100 327
100 209
100 258
100 148
100 173
100 60
100 34
100 667
100 574
100 345
100 358
100 22
100 68
100 95
100 14
100 424
100 666
100 38
100 37
100 108
100 272
100 378
100 267
100 258
100 69
100 102
100 342
100 53
100 62
100 108
100 44
100 125
100 8
100 190
100 190
100 2
100 170
100 14
100 34
100 9
100 141
100 190
100 99
100 74
100 25
100 88
100 13
100 42
100 276
100 124
100 29
100 290
100 234
100 207
100 74
100 288
100 63
100 81
100 131
100 320
100 36
100 30
100 115
100 124
100 68
100 125
100 146
100 629
100 86
100 70
100 84
100 91
100 45
100 62
100 255
100 29
100 130
100 125
100 71
100 2
100 204
100 64
100 56
100 364
100 43
100 146
100 159
100 61
100 66
100 113
100 100
100 26
100 61
100 695
100 78
100 15
100 23
100 49
100 1491
100 375
100 492
100 3
100 321
100 3
100 10
100 188
100 347
100 92
100 11
100 126
100 160
100 110
100 169
100 224
100 6
100 52
100 88
100 104
100 29
100 32
100 239
100 203
100 38
100 287
100 271
100 9
100 28
100 27
100 108
100 198
100 36
100 113
100 51
100 43
100 15
100 251
100 619
100 181
100 274
100 28
100 47
100 391
100 320
100 105
100 44
100 499
100 543
100 92
100 78
100 114
100 118
100 88
100 113
100 8
100 471
100 176
100 97
100 63
100 28
100 292
100 16
100 35
100 112
100 56
100 310
100 232
100 71
100 366
100 541
100 302
100 128
100 128
100 216
100 375
100 186
100 359
100 152
100 124
100 448
100 183
100 207
100 316
100 192
100 39
100 125
100 10
100 20
100 8
100 184
100 101
100 162
100 93
100 161
100 8
100 242
100 247
100 498
100 362
100 510
100 143
100 134
100 118
100 73
100 68
100 189
100 121
100 165
100 17
100 133
100 122
100 49
100 72
100 62
100 19
100 427
100 120
100 124
100 28
100 13
100 89
100 266
100 406
100 212
100 285
100 42
100 229
100 28
100 60
100 81
100 34
100 144
100 401
100 119
100 11
100 27
100 15
100 12
100 208
100 24
100 92
100 541
100 249
100 121
100 158
100 146
100 177
100 35
100 360
100 62
100 116
100 209
100 52
100 2
100 100
100 147
100 22
100 157
100 99
100 73
100 297
100 107
100 6
100 98
100 67
100 162
100 93
100 10
100 142
100 420
100 12
100 104
100 80
100 55
100 380
100 41
100 34
100 18
100 102
100 342
100 7
100 52
100 63
100 304
100 31
100 108
100 98
100 149
100 306
100 32
100 662
100 445
100 158
100 43
100 123
100 387
100 93
100 49
100 7
100 6
100 6
100 383
100 56
100 184
100 15
100 3
100 61
100 37
100 66
100 23
100 118
100 44
100 133
100 103
100 51
100 393
100 90
100 92
100 127
100 64
100 85
100 65
100 0
100 5
100 472
100 3
100 90
100 238
100 288
100 84
100 157
100 236
100 75
100 116
100 70
100 11
100 49
100 77
100 172
100 146
100 561
100 27
100 24
100 328
100 119
100 645
100 281
100 2
100 124
100 391
100 298
100 541
100 44
100 22
100 369
100 1
100 8
100 498
100 283
100 285
100 591
100 5
100 342
100 34
100 327
100 86
100 506
100 110
100 215
100 45
100 407
100 210
100 63
100 34
100 356
100 69
100 432
100 13
100 39
100 3
100 30
100 42
100 162
100 13
100 67
100 213
100 395
100 145
100 48
100 95
100 285
100 108
100 145
100 8
100 278
100 96
100 198
100 221
100 31
100 434
100 3
100 117
100 66
100 169
100 169
100 57
100 42
100 99
100 31
100 135
100 121
100 11
100 72
100 40
100 448
100 206
100 153
100 6
100 31
100 491
100 159
100 63
100 98
100 104
100 14
100 31
100 266
100 41
100 236
100 394
100 65
100 150
100 7
100 253
100 268
100 97
100 81
100 451
100 5
100 124
100 71
100 9
100 135
100 163
100 507
100 34
100 7
100 347
100 84
100 24
100 3
100 81
100 197
100 95
100 112
100 28
100 77
100 215
100 217
100 272
100 31
100 27
100 103
100 9
100 766
100 316
100 0
100 54
100 91
100 115
100 155
100 251
100 387
100 58
100 84
100 263
100 117
100 634
100 306
100 205
100 32
100 111
100 297
100 62
100 323
100 114
100 67
100 305
100 86
100 40
100 124
100 53
100 533
100 32
100 234
100 95
100 48
100 124
100 179
100 99
100 58
100 2
100 38
100 4
100 186
100 321
100 7
100 157
100 102
100 470
100 630
100 59
100 66
100 179
100 26
100 269
100 54
100 290
100 288
100 136
100 8
100 8
100 77
100 11
100 717
100 156
100 165
100 73
100 20
100 95
100 64
100 254
100 60
100 158
100 31
100 16
100 31
100 2
100 230
100 42
100 104
100 200
100 112
100 416
100 226
100 123
100 322
100 234
100 234
100 241
100 191
100 67
100 163
100 113
100 41
100 21
100 67
100 110
100 414
100 120
100 133
100 26
100 124
100 92
100 62
100 227
100 441
100 469
100 41
100 93
100 47
100 171
100 198
100 148
100 41
100 157
100 102
100 249
100 81
100 14
100 70
100 151
100 150
100 60
100 7
100 375
100 71
100 12
100 116
100 184
100 169
100 224
100 108
100 140
100 94
100 241
100 92
100 69
100 19
100 94
100 112
100 91
100 21
100 10
100 345
100 102
100 29
100 375
100 98
100 328
100 74
100 85
100 119
100 57
100 13
100 115
100 77
100 54
100 230
100 24
100 565
100 236
100 389
100 22
100 42
100 190
100 50
100 300
100 83
100 61
100 163
100 36
100 147
100 253
100 102
100 346
100 257
100 14
100 140
100 0
100 3
100 26
100 348
100 468
100 353
100 437
100 64
100 140
100 440
100 150
100 118
100 304
100 8
100 113
100 179
100 533
100 152
100 114
100 75
100 569
100 35
100 246
100 15
100 74
100 73
100 0
100 24
100 143
100 131
100 69
100 42
100 37
100 59
100 371
100 89
100 82
100 97
100 109
100 26
100 68
100 5
100 117
100 182
100 47
100 723
100 26
100 330
100 3
100 102
100 46
100 43
100 440
100 28
100 110
100 270
100 164
100 204
100 604
100 153
100 46
100 187
100 76
100 371
100 52
100 54
100 509
100 91
100 335
100 230
100 1
100 367
100 25
100 124
100 58
100 22
100 148
100 70
100 145
100 102
100 399
100 24
100 14
100 608
100 235
100 71
100 89
100 66
100 140
100 301
100 1
100 2
100 1
100 70
100 27
100 491
100 84
100 397
100 90
100 197
100 23
100 153
100 112
100 398
100 45
100 33
100 55
100 31
100 186
100 116
100 10
100 91
100 24
100 54
100 105
100 701
100 131
100 116
100 286
100 202
100 449
100 358
100 219
100 132
100 216
100 51
100 877
100 371
100 452
100 65
100 158
100 87
100 2
100 553
100 60
100 129
100 38
100 275
100 173
100 169
100 93
100 338
100 139
100 211
100 63
100 67
100 164
100 20
100 86
100 56
100 160
100 128
100 351
100 9
100 887
100 37
100 64
100 38
100 114
100 51
100 532
100 33
100 167
100 90
100 226
100 286
100 221
100 289
100 61
100 133
100 117
100 240
100 94
100 228
100 12
100 85
100 31
100 164
100 90
100 20
100 155
100 180
100 220
100 0
100 166
100 100
100 14
100 41
100 386
100 1
100 181
100 93
100 53
100 5
100 30
100 17
100 223
100 230
100 6
100 115
100 15
100 104
100 192
100 135
100 95
100 94
100 20
100 7
100 174
100 40
100 43
100 343
100 186
100 227
100 188
100 192
100 167
100 141
100 45
100 205
100 36
100 70
100 148
100 30
100 83
100 75
100 63
100 272
100 195
100 32
100 515
100 100
100 516
100 159
100 577
100 141
100 150
100 324
100 39
100 78
100 23
100 125
100 170
100 30
100 186
100 26
100 72
100 256
100 148
100 403
100 62
100 32
100 429
100 4
100 85
100 64
100 364
100 229
100 129
100 8
100 87
100 169
100 127
100 62
100 54
100 26
100 84
100 114
100 106
100 20
100 1
100 30
100 286
100 1186
100 34
100 360
100 226
100 29
100 269
100 349
100 371
100 116
100 99
100 493
100 22
100 279
100 236
100 64
100 87
100 48
100 183
100 102
100 347
100 558
100 66
100 51
100 130
100 82
100 147
100 17
100 265
100 38
100 429
100 115
100 11
100 255
100 75
100 170
100 111
100 40
100 81
100 753
100 125
100 170
100 4
100 829
100 672
100 237
100 284
100 112
100 54
100 130
100 32
100 78
100 21
100 40
100 168
100 21
100 68
100 271
100 38
100 34
100 368
100 99
100 48
100 184
100 92
100 41
100 67
100 391
100 355
100 13
100 307
100 82
100 61
100 56
100 147
100 112
100 133
100 71
100 59
100 171
100 13
100 4
100 8
100 44
100 118
100 113
100 243
100 203
100 9
100 12
100 161
100 20
100 243
100 25
100 61
100 78
100 282
100 191
100 47
100 56
100 28
100 37
100 18
100 172
100 22
100 76
100 309
100 12
100 199
100 117
100 143
100 186
100 13
100 52
100 14
100 129
100 87
100 28
100 126
100 260
100 20
100 159
100 126
100 532
100 115
100 423
100 112
100 63
100 81
100 17
100 116
100 117
100 53
100 92
100 186
100 58
100 144
100 74
100 198
100 45
100 131
100 63
100 215
100 458
100 100
100 69
100 96
100 0
100 104
100 237
100 7
100 265
100 121
100 708
100 40
100 181
100 84
100 156
100 22
100 303
100 116
100 59
100 19
100 212
100 322
100 73
100 221
100 21
100 145
100 822
100 103
100 194
100 171
100 146
100 211
100 22
100 59
100 100
100 479
100 1
100 116
100 33
100 216
100 109
100 471
100 41
100 226
100 13
100 290
100 268
100 453
100 124
100 158
100 30
100 162
100 354
100 210
100 223
100 396
100 34
100 180
100 225
100 110
100 365
100 133
100 56
100 266
100 54
100 2
100 164
100 83
100 132
100 33
100 23
100 153
100 120
100 15
100 37
100 294
100 81
100 379
100 190
100 147
100 55
100 30
100 19
