100 80
100 7143
100 4073
100 351
100 1064
100 1037
100 229
100 1653
100 4423
100 682
100 780
100 5698
100 2503
100 1417
100 1051
100 5533
100 4081
100 59
100 1055
100 11325
100 1762
100 883
100 347
100 4487
100 631
100 2949
100 1268
100 2453
100 6115
100 3859
100 3971
100 235
100 2077
100 1050
100 2647
100 183
100 2190
100 1095
100 1398
100 2444
100 2411
100 434
100 1
100 533
100 4249
100 1498
100 657
100 367
100 2467
100 2221
100 43
100 3473
100 1434
100 1343
100 921
100 519
100 6722
100 2634
100 1597
100 825
100 743
100 1171
100 5727
100 25971
100 3313
100 1982
100 2247
100 1916
100 9305
100 4817
100 1023
100 734
100 423
100 7936
100 1753
100 8392
100 121
100 1063
100 3326
100 1883
100 1107
100 8010
100 5719
100 1788
100 5336
100 464
100 2157
100 50
100 8672
100 744
100 3682
100 1596
100 16
100 5711
100 5224
100 893
100 110
100 899
100 1037
100 4868
100 3286
100 4275
100 7376
100 1298
100 260
100 9271
100 6693
100 9652
100 5099
100 2249
100 8027
100 7190
100 538
100 6197
100 4829
100 2690
100 337
100 5273
100 2884
100 3550
100 3299
100 1417
100 4561
100 3071
100 2754
100 1793
100 4506
100 916
100 2646
100 10635
100 1604
100 864
100 2705
100 2237
100 512
100 861
100 209
100 524
100 1704
100 1205
100 5469
100 1997
100 6196
100 1256
100 2655
100 899
100 77
100 11489
100 2404
100 632
100 4209
100 8971
100 3551
100 2370
100 12746
100 9915
100 396
100 4834
100 1010
100 1531
100 4069
100 10593
100 479
100 5325
100 3522
100 15019
100 2481
100 872
100 898
100 1904
100 1159
100 1141
100 6325
100 2798
100 4673
100 1464
100 1644
100 773
100 639
100 1673
100 3037
100 1208
100 8563
100 1672
100 1409
100 3187
100 217
100 332
100 6429
100 7992
100 3716
100 3976
100 251
100 1066
100 715
100 3699
100 4201
100 5666
100 1473
100 1176
100 785
100 1936
100 743
100 5257
100 2119
100 6236
100 4758
100 780
100 12235
100 1132
100 3136
100 1459
100 3852
100 4742
100 2418
100 1659
100 855
100 197
100 2214
100 1852
100 5095
100 76
100 5770
100 289
100 2455
100 1410
100 1070
100 2377
100 1372
100 4788
100 669
100 1990
100 3849
100 7790
100 6877
100 4899
100 3817
100 3206
100 2775
100 14386
100 9405
100 5063
100 2500
100 2792
100 200
100 3108
100 1449
100 328
100 624
100 1668
100 3962
100 5240
100 1644
100 1658
100 61
100 353
100 1211
100 69
100 91
100 4082
100 667
100 1338
100 4566
100 763
100 256
100 847
100 8770
100 5979
100 7084
100 7029
100 1391
100 2159
100 6338
100 1722
100 3065
100 4964
100 1127
100 1045
100 181
100 960
100 5318
100 5112
100 1762
100 4884
100 4589
100 7405
100 1373
100 3124
100 401
100 1256
100 4614
100 3421
100 737
100 1350
100 1093
100 4893
100 1906
100 4377
100 2147
100 412
100 7239
100 2571
100 1376
100 1713
100 1739
100 1995
100 1494
100 1795
100 6780
100 2951
100 298
100 3990
100 857
100 3286
100 5978
100 1299
100 2446
100 4053
100 2135
100 1407
100 458
100 9178
100 4546
100 3137
100 7129
100 2180
100 474
100 7343
100 6151
100 676
100 3049
100 7339
100 2742
100 220
100 4183
100 448
100 6000
100 9144
100 1426
100 931
100 4820
100 3999
100 3439
100 7919
100 4074
100 4953
100 3590
100 1772
100 1167
100 7921
100 2246
100 2390
100 506
100 1200
100 1373
100 197
100 10530
100 3659
100 5087
100 6347
100 7640
100 8804
100 1406
100 2144
100 6
100 493
100 2606
100 168
100 515
100 1030
100 458
100 2065
100 993
100 1376
100 908
100 1319
100 1759
100 4558
100 878
100 424
100 2318
100 2882
100 2873
100 332
100 683
100 629
100 3888
100 5231
100 5111
100 3423
100 4853
100 15362
100 672
100 8181
100 3262
100 6666
100 6275
100 209
100 4063
100 454
100 690
100 2611
100 3896
100 922
100 2702
100 446
100 128
100 4362
100 238
100 288
100 7533
100 2387
100 4410
100 3079
100 9079
100 376
100 2381
100 3875
100 915
100 3647
100 2241
100 6470
100 11743
100 177
100 340
100 2889
100 2350
100 456
100 4607
100 4105
100 6192
100 52
100 518
100 2657
100 230
100 671
100 2153
100 1017
100 511
100 2694
100 7265
100 303
100 1360
100 162
100 873
100 1222
100 8436
100 111
100 1151
100 2805
100 2265
100 1526
100 6507
100 1389
100 168
100 1303
100 5721
100 7865
100 520
100 2238
100 817
100 1661
100 2090
100 468
100 685
100 4478
100 2186
100 830
100 8595
100 7316
100 19
100 8008
100 1882
100 4416
100 8100
100 5663
100 21962
100 988
100 906
100 22
100 2336
100 5949
100 5333
100 377
100 2912
100 2077
100 4186
100 7530
100 1219
100 1221
100 4472
100 2858
100 205
100 6757
100 3576
100 732
100 217
100 1843
100 685
100 267
100 4503
100 697
100 413
100 8023
100 4081
100 1214
100 2330
100 2509
100 4259
100 3486
100 5146
100 118
100 343
100 6598
100 10704
100 852
100 1281
100 2311
100 834
100 2870
100 5904
100 5051
100 8399
100 7161
100 14039
100 2246
100 2764
100 132
100 7504
100 10628
100 121
100 1062
100 6077
100 12586
100 3034
100 7925
100 3653
100 989
100 7003
100 5163
100 4418
100 2209
100 3629
100 5664
100 6260
100 308
100 7108
100 13314
100 4749
100 3437
100 4602
100 402
100 3187
100 3328
100 5351
100 3344
100 9524
100 1278
100 3579
100 4380
100 2549
100 4052
100 268
100 1469
100 2424
100 7952
100 650
100 474
100 3906
100 5105
100 17231
100 1879
100 2519
100 584
100 254
100 9180
100 764
100 5937
100 1148
100 2039
100 3064
100 2449
100 3336
100 343
100 4946
100 3783
100 2736
100 4088
100 2146
100 3455
100 2904
100 2484
100 5459
100 3494
100 1241
100 898
100 2606
100 1063
100 8055
100 395
100 484
100 5059
100 421
100 8470
100 15
100 310
100 430
100 12428
100 2067
100 7367
100 1192
100 2188
100 12827
100 1194
100 2839
100 508
100 678
100 281
100 3915
100 4797
100 3014
100 503
100 6444
100 4704
100 1076
100 1526
100 3264
100 2197
100 3026
100 2677
100 297
100 10094
100 180
100 2343
100 1453
100 4409
100 355
100 2338
100 5560
100 952
100 7474
100 7102
100 2153
100 1362
100 58
100 1250
100 555
100 4800
100 2317
100 4977
100 2525
100 4024
100 1666
100 2038
100 2005
100 1193
100 2298
100 1626
100 2812
100 1921
100 2703
100 11824
100 892
100 1478
100 670
100 627
100 220
100 1354
100 1341
100 7298
100 631
100 3177
100 3051
100 442
100 1657
100 3072
100 699
100 2791
100 1878
100 4038
100 6825
100 7271
100 3063
100 4904
100 1457
100 258
100 3265
100 1194
100 2645
100 4082
100 1360
100 2574
100 6234
100 222
100 3658
100 3470
100 815
100 3328
100 2778
100 5719
100 615
100 820
100 3223
100 1903
100 9361
100 8362
100 1149
100 1562
100 111
100 1193
100 9102
100 2705
100 2502
100 1373
100 9650
100 3706
100 1312
100 7650
100 1600
100 7687
100 2433
100 1602
100 1680
100 837
100 8917
100 2210
100 873
100 4685
100 4524
100 1644
100 3652
100 8602
100 49
100 2
100 8127
100 217
100 3751
100 841
100 1693
100 15809
100 382
100 4106
100 10517
100 2873
100 833
100 1134
100 1069
100 5214
100 1864
100 5995
100 5017
100 2060
100 5924
100 2198
100 2308
100 1492
100 2069
100 1488
100 49
100 1772
100 1282
100 4544
100 737
100 5267
100 1464
100 2218
100 5644
100 5865
100 3332
100 171
100 6923
100 3193
100 3590
100 1080
100 1800
100 803
100 4227
100 943
100 7373
100 224
100 164
100 8197
100 2603
100 150
100 6884
100 191
100 4003
100 9497
100 2697
100 12051
100 150
100 2897
100 1951
100 3355
100 6354
100 329
100 4025
100 1379
100 8817
100 10246
100 1502
100 1497
100 18
100 2430
100 8088
100 2554
100 5034
100 6288
100 6724
100 1941
100 546
100 4537
100 11177
100 2534
100 762
100 952
100 384
100 1331
100 60
100 3045
100 7547
100 2564
100 4357
100 540
100 3717
100 5807
100 163
100 1297
100 2277
100 4702
100 2014
100 2576
100 812
100 10557
100 14886
100 2179
100 478
100 6443
100 2347
100 233
100 542
100 3593
100 4999
100 474
100 708
100 104
100 12827
100 5137
100 37
100 4680
100 9485
100 4006
100 1813
100 3512
100 591
100 1386
100 528
100 8538
100 5102
100 232
100 1506
100 1124
100 2939
100 7789
100 4403
100 2417
100 1586
100 833
100 388
100 282
100 357
100 2930
100 821
100 14492
100 585
100 1519
100 640
100 2118
100 2750
100 1685
100 10591
100 705
100 2978
100 2634
100 8479
100 3447
100 285
100 826
100 1560
100 1437
100 4907
100 1363
100 1347
100 768
100 1082
100 3276
100 5335
100 321
100 4121
100 2621
100 13695
100 3864
100 3252
100 1034
100 2764
100 1564
100 1544
100 2752
100 2306
100 611
100 876
100 1559
100 1057
100 3249
100 5960
100 1820
100 12
100 318
100 7723
100 2626
100 5086
100 2568
100 6793
100 5717
100 153
100 1090
100 10115
100 542
100 165
100 5066
100 2438
100 1463
100 1127
100 4106
100 247
100 314
100 4908
100 624
100 4886
100 10129
100 16144
100 9570
100 876
100 7125
100 8506
100 5023
100 6374
100 783
100 2808
100 3369
100 2761
100 3080
100 1043
100 854
100 2847
100 1947
100 6793
100 10263
100 1101
100 2829
100 1308
100 153
100 3426
100 129
100 17403
100 629
100 1838
100 474
100 495
100 3
100 2367
100 4922
100 1228
100 77
100 1319
100 3573
100 10414
100 122
100 8804
100 291
100 382
100 1906
100 928
100 2178
100 1821
100 313
100 171
100 3724
100 6123
100 4065
100 5242
100 7780
100 6052
100 1496
100 1605
100 2685
100 5081
100 12599
100 2773
100 712
100 1100
100 8645
100 937
100 6117
100 746
100 172
100 1925
100 334
100 9724
100 4917
100 4614
100 491
100 4420
100 1506
100 2063
100 131
100 4353
100 6998
100 41
100 530
100 394
100 4031
100 2512
100 5575
100 978
100 2985
100 7170
100 1475
100 347
100 594
100 4621
100 1479
100 754
100 512
100 8653
100 2547
100 349
100 4068
100 2861
100 480
100 2760
100 1222
100 5082
100 8553
100 3530
100 1105
100 495
100 2975
100 1122
100 5867
100 150
100 338
100 1087
100 1886
100 1830
100 2359
100 2436
100 2046
100 6435
100 7494
100 745
100 2079
100 1297
100 3472
100 8618
100 5231
100 2089
100 1210
100 752
100 4397
100 1728
100 927
100 823
100 4391
100 1896
100 3653
100 7116
100 5358
100 485
100 1349
100 5941
100 3688
100 81
100 1387
100 112
100 10407
100 751
100 1323
100 3609
100 264
100 2441
100 3211
100 4164
100 1288
100 3378
100 2501
100 1311
100 5856
100 1834
100 9659
100 2282
100 1431
100 2328
100 3234
100 608
100 13312
100 359
100 177
100 4351
100 816
100 3198
100 2045
100 602
100 5365
100 270
100 2685
100 915
100 2873
100 386
100 1787
100 1063
100 4722
100 6576
100 1563
100 9487
100 1237
100 4577
100 1760
100 1439
100 6280
100 1418
100 6311
100 4986
100 5653
100 6247
100 1889
100 7430
100 2919
100 1752
100 344
100 1213
100 2851
100 10377
100 312
100 5275
100 1181
100 3496
100 4368
100 138
100 151
100 111
100 162
100 2331
100 3792
100 2532
100 2073
100 6545
100 1650
100 4550
100 4335
100 626
100 16165
100 213
100 92
100 6
100 1420
100 2759
100 6074
100 1893
100 2986
100 774
100 3918
100 3325
100 111
100 3609
100 1795
100 7146
100 7172
100 169
100 1799
100 2114
100 1042
100 2792
100 6526
100 783
100 1888
100 5743
100 2778
100 2930
100 4383
100 639
100 4365
100 1245
100 342
100 6009
100 3171
100 1841
100 131
100 992
100 1716
100 5386
100 1975
100 2029
100 1458
100 1209
100 973
100 1740
100 702
100 5251
100 7992
100 5208
100 2174
100 274
100 1137
100 7059
100 450
100 2650
100 3463
100 11507
100 299
100 191
100 6709
100 12244
100 6094
100 5026
100 1793
100 787
100 2156
100 4237
100 10105
100 1018
100 2797
100 1074
100 6690
100 8198
100 6935
100 7686
100 1818
100 1833
100 1118
100 1618
100 2926
100 2839
100 1103
100 3111
100 5301
100 5747
100 1524
100 1985
100 2545
100 2302
100 1811
100 2430
100 707
100 651
100 1815
100 909
100 5133
100 1429
100 3165
100 3426
100 1406
100 3259
100 474
100 3926
100 3041
100 2125
100 4827
100 119
100 1332
100 10789
100 15470
100 6970
100 1710
100 1486
100 430
100 77
100 3456
100 5233
100 1751
100 6025
100 4037
100 4760
100 3969
100 958
100 4657
100 1764
100 1778
100 1250
100 11427
100 2592
100 4204
100 4891
100 2753
100 2236
100 8359
100 2919
100 5696
100 869
100 7638
100 2885
100 5182
100 875
100 2314
100 489
100 438
100 1008
100 92
100 3267
100 2046
100 4658
100 7223
100 741
100 74
100 87
100 557
100 312
100 945
100 1508
100 1533
100 1688
100 1624
100 4564
100 6683
100 4241
100 7298
100 680
100 1231
100 3648
100 8027
100 3103
100 6015
100 75
100 1972
100 2120
100 7085
100 2029
100 17598
100 5753
100 524
100 253
100 4674
100 1311
100 2332
100 1407
100 3641
100 4913
100 1757
100 1354
100 261
100 6102
100 815
100 2983
100 5725
100 570
100 2699
100 2955
100 9147
100 9540
100 1159
100 2080
100 1099
100 1603
100 7752
100 4434
100 835
100 9324
100 1021
100 4768
100 294
100 1332
100 356
100 9104
100 2896
100 3882
100 369
100 2087
100 1257
100 568
100 777
100 566
100 3294
100 2655
100 1388
100 293
100 2705
100 2442
100 6802
100 421
100 6380
100 3242
100 2851
100 1927
100 2212
100 5694
100 1156
100 3287
100 2571
100 5356
100 2152
100 1486
100 850
100 5128
100 2674
100 5244
100 70
100 1462
100 6228
100 1705
100 1420
100 5354
100 1362
100 4070
100 2745
100 5730
100 430
100 4265
100 7263
100 561
100 3224
100 1869
100 5217
100 76
100 6302
100 5769
100 578
100 1331
100 11638
100 1288
100 2323
100 11412
100 6856
100 1114
100 2387
100 8990
100 10256
100 5938
100 258
100 4581
100 3914
100 1355
100 5885
100 3227
100 2290
100 3048
100 13273
100 866
100 3344
100 2328
100 3399
100 12008
100 2992
100 7416
100 1004
100 1690
100 2041
100 935
100 5796
100 3038
100 3961
100 341
100 1033
100 94
100 1919
100 285
100 931
100 2932
100 1936
100 260
100 4968
100 1517
100 1823
100 1392
100 501
100 1978
100 272
100 10359
100 3637
100 5315
100 5785
100 185
100 4933
100 6080
100 4056
100 1780
100 1568
100 2877
100 9991
100 2333
100 945
100 166
100 2416
100 1848
100 2282
100 2048
100 624
100 3331
100 2024
100 3006
100 594
100 1426
100 2008
100 3660
100 1018
100 735
100 674
100 3693
100 925
100 3475
100 530
100 8836
100 8329
100 1214
100 3266
100 862
100 5308
100 1185
100 3988
100 1825
100 1855
100 111
100 8866
100 4394
100 1977
100 13801
100 5786
100 483
100 2921
100 566
100 847
100 5
100 4916
100 1943
100 20035
100 368
100 1608
100 2862
100 4368
100 1289
100 674
100 2613
100 792
100 8661
100 1542
100 1431
100 710
100 3153
100 10273
100 15324
100 8575
100 2106
100 5283
100 1772
100 1095
100 4364
100 6056
100 2627
100 2150
100 4043
100 7170
100 3344
100 3303
100 34
100 796
100 7086
100 1959
100 14898
100 3130
100 939
100 2642
100 262
100 786
100 721
100 1583
100 475
100 8472
100 1871
100 1040
100 843
100 4467
100 9309
100 2694
100 1966
100 8891
100 501
100 1711
100 4800
100 1694
100 3229
100 13513
100 517
100 558
100 331
100 975
100 2142
100 9025
100 9343
100 423
100 2543
100 2398
100 963
100 3860
100 9312
100 1709
100 1919
100 8402
100 1202
100 4395
100 3768
100 1019
100 1461
100 2563
100 7695
100 6234
100 2793
100 1654
100 2015
100 6977
100 3301
100 5283
100 2745
100 5639
100 2718
100 3257
100 5945
100 3369
100 3980
100 1580
100 6166
100 5147
100 748
100 9933
100 2495
100 1582
100 535
100 976
100 2865
100 3943
100 1865
100 2300
100 4890
100 3329
100 7527
100 7338
100 380
100 302
100 4375
100 6696
100 3101
100 10268
100 8435
100 10569
100 685
100 253
100 1241
100 12897
100 2261
100 13704
100 2331
100 473
100 596
100 503
100 3547
100 279
100 44
100 115
100 1547
100 3487
100 2088
100 9827
100 7311
100 1595
100 7067
100 530
100 1740
100 6815
100 3536
100 9124
100 1479
100 2583
100 3347
100 4375
100 668
100 1957
100 42
100 8690
100 7475
100 2452
100 2791
100 5436
100 2096
100 851
100 1664
100 746
100 740
100 3020
100 998
100 7891
100 337
100 940
100 11
100 7358
100 10117
100 7781
100 2350
100 2663
100 2834
100 763
100 3850
100 1475
100 3702
100 2134
100 883
100 672
100 201
100 2755
100 2190
100 2117
100 7486
100 1242
100 15237
100 4484
100 5530
100 6398
100 578
100 166
100 210
100 72
100 254
100 758
100 6187
100 3323
100 13315
100 2127
100 593
100 12577
100 546
100 5351
100 1083
100 1600
100 1274
100 429
100 1522
100 2155
100 1916
100 2682
100 3309
100 6611
100 4032
100 503
100 2324
100 8125
100 2078
100 3515
100 2577
100 1606
100 1315
100 3741
100 3116
100 1440
100 3468
100 729
100 1047
100 217
100 1203
100 2445
100 5583
100 1677
100 3743
100 88
100 77
100 6706
100 6328
100 319
100 747
100 103
100 7026
100 3499
100 6806
100 6333
100 631
100 1137
100 3469
100 632
100 2392
100 2846
100 5915
100 308
100 13264
100 1852
100 6840
100 4251
100 4170
100 202
100 456
100 1013
100 3024
100 1441
100 3471
100 16113
100 470
100 1434
100 3721
100 746
100 11746
100 239
100 2361
100 364
100 1493
100 4454
100 2408
100 3487
100 3196
100 6099
100 3266
100 2726
100 2986
100 1524
100 12484
100 270
100 588
100 1510
100 10991
100 18287
100 60
100 1097
100 3450
100 2884
100 5400
100 6821
100 408
100 1880
100 1186
100 4979
100 461
100 1178
100 197
100 997
100 8153
100 4253
100 1964
100 5067
100 1717
100 12670
100 813
100 2522
100 4066
100 241
100 447
100 6632
100 1616
100 10949
100 1942
100 930
100 2182
100 3153
100 4089
100 1366
100 1176
100 613
100 1202
100 346
100 3692
100 5088
100 7642
100 1304
100 346
100 2015
100 1552
100 1999
100 1836
100 18359
100 3527
100 5597
100 1440
100 9961
100 1566
100 4186
100 17582
100 2067
100 2681
100 1725
100 2210
100 587
100 2172
100 5860
100 6326
100 106
100 5246
100 6841
100 2069
100 1747
100 4195
100 1243
100 97
100 1254
100 1446
100 4952
100 5673
100 2788
100 231
100 7068
100 541
100 3799
100 7409
100 5275
100 15340
100 2197
100 5044
100 338
100 4194
100 660
100 298
100 1885
100 3055
100 681
100 2352
100 2837
100 528
100 136
100 603
100 1016
100 906
100 3002
100 370
100 2619
100 2984
100 1775
100 5432
100 7605
100 4124
100 1627
100 2273
100 5958
100 6101
100 3525
100 4083
100 9471
100 9161
100 1659
100 2819
100 5
100 1374
100 621
100 8804
100 2274
100 4497
100 199
100 2474
100 1149
100 14644
100 374
100 551
100 2330
100 646
100 2054
100 2708
100 1961
100 10348
100 4298
100 1990
100 1153
100 927
100 6081
100 12787
100 680
100 117
100 243
100 5034
100 1955
100 2623
100 858
100 4654
100 1627
100 162
100 1979
100 2143
100 5362
100 747
100 1437
100 4165
100 5586
100 2442
100 1086
100 10776
100 597
100 4058
100 8521
100 556
100 1790
100 1767
100 1468
100 1283
100 604
100 5831
100 1982
100 139
100 3183
100 4990
100 3118
100 268
100 5422
100 2875
100 3413
100 7189
100 49
100 2316
100 3867
100 1182
100 1817
100 4750
100 3910
100 6603
100 4737
100 2057
100 2453
100 1981
100 5342
100 403
100 455
100 290
100 1279
100 4211
100 3852
100 6972
100 1094
100 3520
100 8000
100 2325
100 9565
100 3120
100 6003
100 9117
100 13113
100 1542
100 13367
100 4096
100 207
100 6051
100 7559
100 2041
100 11379
100 653
100 3609
100 1474
100 5213
100 345
100 8278
100 1071
100 260
100 3731
100 387
100 609
100 4781
100 1900
100 470
100 1276
100 3935
100 553
100 291
100 2799
100 2646
100 4739
100 1114
100 10056
100 162
100 2009
100 141
100 1450
100 3410
100 1409
100 5280
100 4802
100 1570
100 828
100 3116
100 328
100 1906
100 5239
100 4514
100 2025
100 1989
100 1365
100 1807
100 973
100 1794
100 6373
100 1960
100 2506
100 5480
100 8706
100 937
100 6115
100 7328
100 5447
100 7069
100 3164
100 2360
100 3965
100 456
100 3805
100 3427
100 8591
100 3603
100 5312
100 6939
100 4183
100 2105
100 6468
100 3174
100 630
100 1608
100 2306
100 244
100 597
100 4341
100 2680
100 2612
100 953
100 4384
100 405
100 988
100 1326
100 7171
100 2171
100 1398
100 3346
100 5267
100 1192
100 498
100 5895
100 1894
100 136
100 1594
100 9260
100 5414
100 5760
100 3484
100 1990
100 1764
100 2348
100 2557
100 7899
100 8018
100 3179
100 890
100 1603
100 840
100 8849
100 2396
100 872
100 660
100 3199
100 4642
100 6782
100 753
100 7064
100 701
100 10115
100 6852
100 3771
100 10756
100 3182
100 6483
100 432
100 4473
100 4349
100 2271
100 13482
100 3570
100 16871
100 526
100 6250
100 2536
100 1639
100 3248
100 1859
100 2151
100 1937
100 1313
100 1293
100 2144
100 1031
100 4041
100 2999
100 4021
100 11804
100 272
100 6727
100 222
100 2043
100 1995
100 1460
100 5592
100 132
100 491
100 2219
100 9285
100 527
100 3160
100 5342
100 9743
100 575
100 565
100 2756
100 1837
100 138
100 4237
100 197
100 507
100 7941
100 5926
100 11343
100 604
100 6657
100 1411
100 496
100 4524
100 3695
100 4574
100 3182
100 4826
100 2652
100 1522
100 8507
100 3113
100 1560
100 2450
100 6757
100 7637
100 3509
100 4870
100 895
100 966
100 5990
100 2318
100 1212
100 6542
100 2927
100 2208
100 1063
100 5129
100 2589
100 1527
100 2104
100 2504
100 1517
100 694
100 1361
100 4593
100 1992
100 8702
100 769
100 890
100 1742
100 1307
100 7017
100 1219
100 1440
100 526
100 1094
100 7850
100 874
100 5262
100 875
100 816
100 2708
100 779
100 5671
100 10127
100 1017
100 1694
100 2634
100 1202
100 2052
100 1871
100 3273
100 3941
100 2868
100 13973
100 1805
100 1905
100 1780
100 2404
100 4134
100 3055
100 4341
100 1714
100 9229
100 2976
100 6121
100 206
100 381
100 3538
100 82
100 1319
100 4026
100 2474
100 2835
100 3468
100 7503
100 1531
100 6059
100 1217
100 385
100 917
100 373
100 1080
100 1140
100 2209
100 6084
100 856
100 13005
100 2303
100 9310
100 1598
100 2280
100 2628
100 1489
100 3815
100 3436
100 4338
100 4860
100 5701
100 3373
100 3224
100 2781
100 1666
100 1278
100 7209
100 1018
100 2132
100 6902
100 3449
100 732
100 1956
100 2558
100 579
100 296
100 308
100 4457
100 7991
100 7584
100 1093
100 38
100 9137
100 759
100 5169
100 3802
100 299
100 667
100 1548
100 4470
100 1807
100 768
100 1739
100 5435
100 1455
100 3691
100 7518
100 1192
100 7927
100 980
100 9207
100 10327
100 7343
100 4085
100 473
100 8969
100 24567
100 2301
100 1476
100 3349
100 5434
100 5206
100 80
100 1341
100 2495
100 1638
100 259
100 2168
100 12225
100 2722
100 164
100 838
100 2162
100 1079
100 2696
100 145
100 1308
100 1165
100 2609
100 466
100 916
100 1731
100 3562
100 343
100 819
100 8872
100 4270
100 738
100 3010
100 5246
100 117
100 2345
100 924
100 2981
100 9526
100 1583
100 651
100 12386
100 7828
100 2205
100 127
100 4022
100 1780
100 2792
100 144
100 1322
100 274
100 107
100 212
100 1585
100 1601
100 319
100 4749
100 2924
100 164
100 3761
100 3429
100 853
100 57
100 896
100 506
100 4287
100 1091
100 2
100 10152
100 55
100 732
100 395
100 2432
100 3636
100 677
100 53
100 11732
100 163
100 205
100 1284
100 5268
100 3013
100 18684
100 3300
100 1978
100 1307
100 882
100 4231
100 3128
100 14717
100 1468
100 10647
100 3921
100 1393
100 78
100 11942
100 25964
100 5462
100 3879
100 1428
100 3216
100 5678
100 686
100 283
100 108
100 704
100 1563
100 2688
100 9450
100 5420
100 1283
100 3291
100 2438
100 11365
100 11523
100 1833
100 2489
100 4206
100 306
100 10986
100 10133
100 3106
100 9593
100 2113
100 10923
100 439
100 906
100 1862
100 4634
100 3395
100 5483
100 1730
100 2325
100 1390
100 1933
100 7752
100 1499
100 2287
100 133
100 4928
100 2340
100 2137
100 11117
100 364
100 6011
100 8372
100 8271
100 67
100 1963
100 3121
100 374
100 3858
100 391
100 2684
100 4436
100 5771
100 1422
100 3198
100 11359
100 4060
100 7671
100 7379
100 946
100 6917
100 1251
100 2797
100 875
100 6812
100 7688
100 2328
100 375
100 359
100 1981
100 238
100 1365
100 5688
100 13083
100 23
100 8098
100 3323
100 474
100 1143
100 2133
100 194
100 1975
100 8082
100 28
100 1374
100 3119
100 1653
100 203
100 1885
100 3217
100 220
100 2586
100 3864
100 1637
100 728
100 1365
100 6201
100 5888
100 1150
100 675
100 5785
100 13338
100 8895
100 950
100 3125
100 3888
100 4239
100 162
100 3959
100 2445
100 5913
100 1251
100 2613
100 1241
100 1740
100 1566
100 7223
100 3237
100 3669
100 7540
100 4203
100 582
100 162
100 179
100 743
100 649
100 1658
100 11644
100 2609
100 4538
100 448
100 4756
100 2141
100 3386
100 499
100 512
100 4991
100 519
100 1228
100 1691
100 1815
100 2323
100 1317
100 1649
100 950
100 3943
100 742
100 1823
100 5936
100 2201
100 1494
100 3624
100 2777
100 2648
100 512
100 4575
100 1789
100 402
100 1151
100 581
100 934
100 913
100 5339
100 2315
100 1796
100 3028
100 274
100 288
100 1386
100 1117
100 752
100 454
100 272
100 2425
100 292
100 2593
100 2217
100 17052
100 1788
100 426
100 3087
100 3069
100 674
100 86
100 380
100 1286
100 280
100 1659
100 778
100 532
100 4378
100 105
100 4737
100 2786
100 2002
100 19
100 4102
100 162
100 1286
100 9918
100 7369
100 12240
100 3820
100 3938
100 373
100 7828
100 1364
100 3371
100 33
100 3088
100 3835
100 234
100 6479
100 4066
100 2978
100 5386
100 5675
100 1330
100 5947
100 1150
100 575
100 1231
100 17612
100 4315
100 3768
100 1047
100 8231
100 1193
100 7867
100 2031
100 457
100 6901
100 4430
100 11432
100 7483
100 1852
100 1795
100 18
100 5139
100 1047
100 679
100 4374
100 1111
100 440
100 404
100 329
100 768
100 6187
100 158
100 1830
100 2662
100 4416
100 6597
100 2255
100 4501
100 8962
100 1984
100 914
100 9207
100 600
100 6811
100 4903
100 5730
100 3457
100 1036
100 473
100 2303
100 7404
100 3572
100 6344
100 685
100 2160
100 2076
100 4692
100 2088
100 5442
100 3646
100 288
100 4640
100 1120
100 2719
100 2986
100 2035
100 20
100 2580
100 3178
100 8415
100 2316
100 66
100 2942
100 7455
100 9248
100 1180
100 1622
100 429
100 442
100 7140
100 393
100 1324
100 394
100 1058
100 4528
100 6994
100 950
100 3238
100 442
100 4881
100 2903
100 11056
100 4384
100 11920
100 2530
100 2157
100 3203
100 634
100 934
100 853
100 3657
100 3934
100 876
100 6350
100 254
100 777
100 103
100 642
100 1954
100 3093
100 5596
100 292
100 8344
100 2655
100 22222
100 1342
100 3862
100 15120
100 505
100 5236
100 6334
100 704
100 1234
100 6421
100 3354
100 2440
100 5909
100 8730
100 1904
100 228
100 1284
100 1177
100 2089
100 54
100 1816
100 1675
100 402
100 1473
100 5766
100 374
100 13862
100 2753
100 2
100 3819
100 2220
100 450
100 5140
100 2891
100 913
100 2845
100 10457
100 7165
100 3195
100 6515
100 4835
100 1195
100 3581
100 863
100 549
100 1146
100 760
100 3299
100 4502
100 538
100 732
100 9169
100 2620
100 11396
100 5819
100 1181
100 3954
100 2250
100 1072
100 5882
100 904
100 3109
100 218
100 5336
100 5386
100 1313
100 3520
100 12974
100 895
100 307
100 2557
100 179
100 6904
100 4997
100 229
100 4399
100 45
100 1135
100 10687
100 1307
100 13371
100 3989
100 1517
100 6187
100 8054
100 1514
100 5619
100 2142
100 7726
100 9150
100 95
100 5830
100 224
100 1106
100 1283
100 14065
100 896
100 2781
100 2995
100 4398
100 1847
100 2033
100 2635
100 3525
100 899
100 2055
100 1866
100 4421
100 970
100 4269
100 3448
100 5244
100 3014
100 2072
100 11880
100 2464
100 983
100 5172
100 5273
100 2217
100 2900
100 6305
100 4943
100 11712
100 1212
100 2718
100 2283
100 1408
100 4725
100 10892
100 791
100 1395
100 267
100 145
100 106
100 5009
100 5440
100 3539
100 217
100 5706
100 1280
100 1989
100 375
100 1152
100 4924
100 4998
100 800
100 276
100 556
100 586
100 3599
100 5494
100 1281
100 4501
100 3929
100 1562
100 447
100 1410
100 1736
100 659
100 6162
100 1700
100 4474
100 648
100 6609
100 1251
100 3480
100 602
100 6958
100 887
100 3723
100 422
100 2732
100 274
100 702
100 2231
100 5429
100 1960
100 2211
100 6737
100 2452
100 896
100 293
100 3051
100 2590
100 4136
100 713
100 796
100 307
100 1048
100 983
100 428
100 4618
100 13428
100 590
100 2819
100 555
100 1113
100 9433
100 656
100 997
100 2393
100 6598
100 3523
100 5337
100 1230
100 1242
100 949
100 816
100 6298
100 3907
100 964
100 688
100 3921
100 2246
100 1458
100 4350
100 223
100 442
100 810
100 6318
100 2394
100 3102
100 1644
100 3048
100 9623
100 1924
100 6563
100 3999
100 943
100 4628
100 2412
100 2738
100 2619
100 1490
100 653
100 1917
100 1230
100 1388
100 2435
100 5220
100 875
100 3465
100 10574
100 9215
100 1359
100 9579
100 4293
100 2408
100 2996
100 5012
100 5329
100 827
100 426
100 6782
100 499
100 1045
100 178
100 2061
100 47
100 2002
100 3397
100 2183
100 3155
100 6400
100 1543
100 10007
100 15395
100 1233
100 9829
100 322
100 437
100 1609
100 3584
100 684
100 974
100 8067
100 4743
100 19
100 8566
100 3781
100 1590
100 3873
100 5983
100 5039
100 622
100 2078
100 102
100 1585
100 2545
100 8044
100 27
100 2090
100 464
100 5979
100 2001
100 8562
100 405
100 10565
100 721
100 834
100 2251
100 1168
100 815
100 16525
100 87
100 1070
100 1364
100 4502
100 1170
100 1451
100 5
100 199
100 8079
100 3591
100 2400
100 2256
100 82
100 3901
100 4825
100 1049
100 1632
100 10664
100 2803
100 4901
100 318
100 1688
100 745
100 5874
100 296
100 3432
100 2002
100 2346
100 2902
100 1343
100 2945
100 1427
100 4494
100 2146
100 2883
100 748
100 528
100 2402
100 4948
100 15194
100 2872
100 2788
100 2747
100 7253
100 7545
100 8
100 11268
100 98
100 512
100 4227
100 9444
100 7845
100 1370
100 1411
100 2111
100 1559
100 2463
100 3015
100 1476
100 472
100 2386
100 8907
100 2465
100 1699
100 369
100 3719
100 492
100 17137
100 1083
100 1597
100 442
100 1853
100 733
100 161
100 1183
100 1961
100 953
100 5290
100 1775
100 3510
100 9969
100 6179
100 897
100 4106
100 78
100 7654
100 4974
100 766
100 3349
100 2113
100 1745
100 2646
100 1971
100 4763
100 7787
100 3727
100 5801
100 10200
100 3131
100 5080
100 1548
100 7531
100 1079
100 1460
100 4496
100 1002
100 134
100 10047
100 8048
100 301
100 3096
100 1997
100 9536
100 3451
100 1232
100 2738
100 7277
100 3502
100 8068
100 299
100 608
100 472
100 1879
100 184
100 7111
100 1200
100 551
100 132
100 624
100 709
100 2370
100 6376
100 528
100 9338
100 1225
100 16587
100 5301
100 1848
100 2279
100 1103
100 1516
100 14248
100 1216
100 3847
100 10549
100 2898
100 5524
100 485
100 1532
100 362
100 5682
100 862
100 3508
100 3255
100 7139
100 230
100 1342
100 4957
100 2476
100 3031
100 451
100 1107
100 3303
100 42
100 31
100 6439
100 1365
100 2981
100 622
100 1609
100 369
100 5201
100 2249
100 364
100 234
100 1024
100 2978
100 1997
100 151
100 1121
100 739
100 4946
100 76
100 5819
100 8213
100 2972
100 6845
100 9280
100 1204
100 552
100 8228
100 784
100 5269
100 1680
100 3662
100 1939
100 767
100 204
100 201
100 10641
100 2172
100 611
100 1783
100 7013
100 2045
100 224
100 5443
100 950
100 8150
100 5043
100 2496
100 3661
100 10080
100 4156
100 834
100 2645
100 48
100 910
100 8761
100 7888
100 3074
100 5214
100 529
100 1720
100 2415
100 5519
100 5587
100 16869
100 4957
100 9602
100 920
100 907
100 4121
100 3424
100 4757
100 1673
100 2682
100 1310
100 10148
100 147
100 6884
100 276
100 381
100 3094
100 56
100 1682
100 670
100 600
100 4696
100 3972
100 232
100 3708
100 1334
100 1655
100 3185
100 292
100 14465
100 7164
100 210
100 1219
100 4640
100 200
100 527
100 4984
100 4988
100 446
100 3007
100 1772
100 1336
100 7596
100 5140
100 96
100 5164
100 6539
100 1326
100 8511
100 10348
100 1834
100 7017
100 422
100 1103
100 5555
100 14498
100 4671
100 4692
100 1798
100 3868
100 8869
100 13751
100 9064
100 933
100 2689
100 3186
100 2660
100 9369
100 5331
100 1221
100 839
100 6895
100 2918
100 14307
100 79
100 362
100 103
100 3602
100 789
100 1764
100 2468
100 6496
100 1323
100 3622
100 9632
100 2257
100 2760
100 835
100 2953
100 7151
100 747
100 745
100 4131
100 5173
100 112
100 3314
100 1753
100 5728
100 2750
100 107
100 1111
100 2533
100 807
100 608
100 2692
100 1886
100 7167
100 3449
100 2000
100 514
100 1561
100 2088
100 501
100 761
100 1423
100 1602
100 2476
100 7252
100 2290
100 961
100 126
100 753
100 1277
100 3422
100 3276
100 4186
100 16365
100 136
100 2753
100 417
100 209
100 6998
100 6786
100 605
100 5138
100 658
100 4202
100 2887
100 277
100 2868
100 7133
100 2117
100 2606
100 957
100 1856
100 3197
100 5897
100 2887
100 1667
100 1327
100 3348
100 3912
100 5511
100 3967
100 3000
100 1157
100 2914
100 13892
100 7704
100 678
100 9149
100 3081
100 10316
100 1661
100 4703
100 230
100 1293
100 1675
100 2810
100 5349
100 2891
100 234
100 565
100 9062
100 213
100 822
100 2777
100 5528
100 1135
100 2061
100 658
100 1830
100 1218
100 3345
100 2909
100 489
100 2896
100 5482
100 1642
100 584
100 1463
100 1303
100 2378
100 141
100 3007
100 5261
100 2766
100 2830
100 2212
100 10390
100 361
100 404
100 1203
100 6400
100 1989
100 675
100 7723
100 5558
100 1306
100 9403
100 7211
100 952
100 2321
100 8643
100 5075
100 5071
100 4400
100 1504
100 4714
100 1273
100 2730
100 5738
100 5617
100 829
100 3256
100 3596
100 1730
100 14749
100 1965
100 5988
100 1555
100 575
100 4518
100 1240
100 18861
100 386
100 1087
100 11888
100 5359
100 2717
100 1013
100 1646
100 1784
100 194
100 3173
100 2851
100 2473
100 4051
100 3213
100 1774
100 303
100 1080
100 3560
100 756
100 2578
100 1257
100 2043
100 2954
100 1647
100 5193
100 2145
100 2773
100 1775
100 2146
100 785
100 1184
100 964
100 1504
100 2105
100 904
100 1675
100 6906
100 3300
100 752
100 685
100 1553
100 4231
100 6982
100 336
100 161
100 3794
100 1951
100 4382
100 4134
100 11096
100 2916
100 2621
100 3404
100 239
100 1649
100 2461
100 1631
100 357
100 5587
100 2336
100 4655
100 549
100 1029
100 5376
100 3652
100 668
100 3297
100 1430
100 129
100 1551
100 1326
100 2250
100 1109
100 373
100 5952
100 3773
100 432
100 1329
100 153
100 1984
100 162
100 83
100 823
100 1449
100 202
100 6242
100 1109
100 1351
100 1908
100 3861
100 1963
100 2099
100 7811
100 464
100 7266
100 266
100 1152
100 221
100 8341
100 3080
100 1811
100 4664
100 509
100 4538
100 8853
100 6904
100 352
100 5129
100 3049
100 837
100 4320
100 1856
100 8787
100 341
100 950
100 6526
100 14802
100 3065
100 2994
100 2894
100 2737
100 929
100 6357
100 1069
100 129
100 2038
100 771
100 2387
100 10425
100 603
100 3609
100 4987
100 6959
100 1069
100 157
100 2444
100 359
100 3806
100 620
100 9025
100 5787
100 3074
100 4607
100 1565
100 2503
100 6661
100 736
100 532
100 10529
100 5408
100 695
100 2583
100 1459
100 1408
100 7765
100 4556
100 1239
100 3260
100 73
100 302
100 2085
100 25965
100 763
100 7608
100 3435
100 993
100 3009
100 5316
100 894
100 3912
100 6730
100 3112
100 5458
100 1905
100 2837
100 4685
100 6304
100 420
100 1415
100 1836
100 152
100 1651
100 1841
100 1875
100 7361
100 5128
100 37
100 928
100 1746
100 3080
100 752
100 1653
100 3502
100 689
100 1557
100 2595
100 2142
100 4443
100 3355
100 2827
100 2685
100 1044
100 3225
100 3260
100 1598
100 2529
100 971
100 16294
100 5075
100 2955
100 4860
100 2260
100 6141
100 103
100 3913
100 2817
100 1837
100 1126
100 1501
100 4279
100 3030
100 1273
100 9587
100 1522
100 6081
100 2204
100 304
100 2711
100 4052
100 3613
100 7710
100 3994
100 1874
100 4730
100 3645
100 1240
100 4150
100 6131
100 1109
100 13751
100 2273
100 7311
100 4098
100 851
100 186
100 6217
100 1429
100 1430
100 327
100 2767
100 6671
100 6583
100 13
100 1440
100 159
100 133
100 1449
100 4288
100 190
100 3837
100 5692
100 1346
100 442
100 879
100 1630
100 2640
100 5152
100 5345
100 3060
100 4419
100 1285
100 1320
100 8882
100 1596
100 1750
100 118
100 1161
100 4706
100 8661
100 686
100 3034
100 4749
100 713
100 793
100 1428
100 908
100 644
100 2654
100 2355
100 7171
100 4975
100 814
100 54
100 16378
100 6188
100 1689
100 4468
100 6737
100 774
100 1580
100 3085
100 151
100 4926
100 394
100 2287
100 2924
100 4737
100 10650
100 1579
100 1871
100 1029
100 842
100 13103
100 2258
100 4959
100 3534
100 2895
100 4002
100 1173
100 2540
100 3275
100 966
100 3894
100 7133
100 2615
100 4052
100 1681
100 16772
100 4446
100 6407
100 1029
100 1960
100 815
100 2445
100 766
100 412
100 1718
100 14092
100 553
100 1607
100 3698
100 5550
100 2368
100 2874
100 4395
100 510
100 902
100 2397
100 1728
100 2557
100 1512
100 726
100 1614
100 266
100 4914
100 3193
100 2246
100 2832
100 3641
100 687
100 2207
100 4254
100 1676
100 3141
100 4116
100 429
100 4646
100 1946
100 4985
100 5673
100 5906
100 5343
100 6608
100 2826
100 6398
100 807
100 3469
100 1208
100 289
100 201
100 923
100 13628
100 988
100 1907
100 186
100 184
100 9423
100 3910
100 2628
100 4353
100 362
100 4750
100 609
100 1044
100 1263
100 788
100 1443
100 2117
100 7415
100 2287
100 5194
100 2488
100 3494
100 1552
100 3381
100 4768
100 1405
100 546
100 1238
100 1129
100 4663
100 1766
100 3151
100 549
100 7509
100 1584
100 291
100 9031
100 415
100 9285
100 2993
100 2658
100 3799
100 6775
100 3750
100 1613
100 9544
100 8837
100 469
100 861
100 219
100 868
100 1053
100 130
100 588
100 1915
100 1962
100 2007
100 1347
100 5851
100 907
100 2112
100 8840
100 3459
100 1426
100 1925
100 594
100 7272
100 2692
100 1401
100 6713
100 8079
100 3595
100 242
100 308
100 5227
100 2820
100 8677
100 1449
100 5820
100 5316
100 2329
100 1729
100 2058
100 581
100 2737
100 4722
100 1118
100 703
100 1187
100 3020
100 5948
100 3357
100 8628
100 1332
100 3440
100 6730
100 537
100 967
100 3660
100 14315
100 1213
100 4511
100 5824
100 210
100 2763
100 3791
100 1635
100 3899
100 2219
100 360
100 543
100 949
100 781
100 1750
100 51
100 5065
100 489
100 1669
100 625
100 2899
100 3460
100 3348
100 1937
100 1563
100 1706
100 9539
100 1555
100 6267
100 352
100 849
100 9431
100 1149
100 6395
100 14970
100 735
100 4098
100 11965
100 612
100 1792
100 4122
100 6085
100 2377
100 12022
100 2800
100 653
100 187
100 2789
100 2556
100 361
100 3504
100 2474
100 157
100 2413
100 2707
100 1212
100 3824
100 4416
100 21466
100 5951
100 3014
100 20093
100 1211
100 2759
100 4800
100 5326
100 3838
100 1079
100 312
100 14130
100 3491
100 721
100 1547
100 69
100 461
100 1483
100 2248
100 1265
100 894
100 2849
100 666
100 272
100 1562
100 1593
100 1630
100 365
100 6251
100 3966
100 419
100 2136
100 7369
100 3079
100 7775
100 1648
100 29
100 5193
100 3966
100 2974
100 5361
100 1011
100 1487
100 2399
100 1149
100 4849
100 5778
100 1489
100 2188
100 643
100 1095
100 1640
100 1633
100 6019
100 1327
100 2099
100 4011
100 1949
100 6966
100 1582
100 957
100 4599
100 1591
100 3068
100 1418
100 3157
100 938
100 4710
100 813
100 440
100 8378
100 8271
100 4570
100 1944
100 845
100 352
100 5097
100 891
100 8261
100 13597
100 5533
100 958
100 1285
100 784
100 262
100 1668
100 1817
100 812
100 572
100 13449
100 6997
100 934
100 5505
100 2621
100 355
100 591
100 620
100 161
100 2962
100 113
100 10677
100 1495
100 1288
100 2820
100 5093
100 981
100 638
100 1826
100 4277
100 669
100 1123
100 4627
100 502
100 276
100 481
100 964
100 8692
100 1342
100 7117
100 3974
100 2159
100 12130
100 1238
100 1562
100 9418
100 877
100 6913
100 3029
100 399
100 1539
100 3762
100 2516
100 1473
100 629
100 1342
100 1575
100 6047
100 2826
100 17
100 1005
100 1692
100 4256
100 47
100 255
100 7810
100 835
100 21051
100 2607
100 2723
100 340
100 3470
100 336
100 1074
100 1360
100 2955
100 625
100 2663
100 5998
100 3651
100 4805
100 630
100 336
100 2353
100 1755
100 898
100 961
100 3920
100 2290
100 2436
100 4780
100 333
100 574
100 2996
100 1955
100 689
100 336
100 4810
100 355
100 671
100 1860
100 279
100 4337
100 709
100 2135
100 1216
100 1947
100 382
100 832
100 1565
100 1989
100 9505
100 3115
100 1276
100 1453
100 543
100 6384
100 8817
100 7383
100 5535
100 1708
100 9319
100 2106
100 1812
100 5316
100 3011
100 343
100 8972
100 12364
100 3718
100 9553
100 201
100 403
100 2949
100 14498
100 1036
100 762
100 3290
100 1692
100 387
100 1959
100 2581
100 594
100 586
100 2865
100 2754
100 80
100 4990
100 4769
100 60
100 1617
100 1854
100 10558
100 2039
100 5548
100 4469
100 1457
100 1072
100 4500
100 1833
100 2236
100 6908
100 1228
100 1938
100 1075
100 140
100 5107
100 7756
100 2096
100 1651
100 2358
100 397
100 117
100 1989
100 2268
100 1377
100 16405
100 844
100 8917
100 929
100 2732
100 505
100 4453
100 469
100 2762
100 41
100 432
100 465
100 2294
100 688
100 2561
100 1254
100 6695
100 538
100 2512
100 2896
100 934
100 2282
100 279
100 543
100 3379
100 4097
100 3535
100 568
100 4224
100 29
100 6555
100 684
100 195
100 3882
100 510
100 1275
100 3831
100 559
100 1515
100 2127
100 6656
100 813
100 3292
100 10025
100 65
100 1292
100 764
100 3035
100 2015
100 3535
100 7199
100 6057
100 967
100 2036
100 3114
100 1114
100 2505
100 343
100 315
100 532
100 4224
100 5440
100 214
100 1008
100 3145
100 3843
100 14085
100 1428
100 5005
100 314
100 708
100 7241
100 1493
100 2331
100 2286
100 4779
100 3321
100 5140
100 738
100 4774
100 10284
100 96
100 2424
100 1561
100 1956
100 2594
100 3421
100 7797
100 2097
100 263
100 7990
100 2288
100 2213
100 1830
100 113
100 7942
100 910
100 5121
100 36
100 2715
100 848
100 3207
100 6088
100 4844
100 2179
100 505
100 1002
100 9952
100 679
100 4865
100 148
100 6281
100 5062
100 1325
100 4114
100 4025
100 3252
100 10483
100 268
100 3159
100 225
100 4318
100 585
100 590
100 198
100 7629
100 2416
100 4386
100 151
100 1530
100 5294
100 698
100 7662
100 1078
100 2566
100 733
100 2214
100 2919
100 7247
100 2678
100 2740
100 9440
100 1753
100 1195
100 14283
100 9429
100 5914
100 3250
100 2433
100 1801
100 886
100 12
100 2091
100 2226
100 82
100 2952
100 1123
100 438
100 3593
100 1127
100 3957
100 13285
100 720
100 6729
100 2669
100 2631
100 3336
100 5338
100 3492
100 1150
100 797
100 100
100 2654
100 4792
100 568
100 1274
100 6348
100 1459
100 3104
100 8374
100 94
100 4614
100 692
100 294
100 1737
100 129
100 2041
100 1307
100 1073
100 3517
100 3404
100 3761
100 1683
100 220
100 2426
100 14041
100 4640
100 1287
100 6076
100 4294
100 9752
100 4753
100 2260
100 392
100 1972
100 1212
100 3342
100 1783
100 2778
100 398
100 4138
100 4147
100 366
100 1858
100 1845
100 1614
100 8106
100 3754
100 16417
100 248
100 579
100 55
100 208
100 905
100 2150
100 3038
100 594
100 5159
100 3804
100 1335
100 179
100 3911
100 2518
100 2061
100 6753
100 3058
100 4954
100 442
100 2049
100 5087
100 5891
100 498
100 4077
100 3110
100 1310
100 5820
100 2060
100 13685
100 1285
100 5229
100 117
100 4194
100 9220
100 1321
100 4103
100 2480
100 585
100 361
100 1199
100 931
100 408
100 4034
100 98
100 2094
100 7368
100 9651
100 363
100 777
100 968
100 4714
100 6186
100 13263
100 2821
100 4250
100 2883
100 3501
100 1515
100 5070
100 2574
100 3121
100 492
100 2615
100 349
100 100
100 1606
100 413
100 730
100 2770
100 4933
100 4069
100 1051
100 3413
100 387
100 1427
100 877
100 2037
100 4630
100 4254
100 7203
100 7573
100 3884
100 5985
100 3087
100 2001
100 625
100 3361
100 5274
100 1625
100 954
100 3735
100 1700
100 1649
100 3369
100 3758
100 5878
100 1465
100 2820
100 117
100 3975
100 7367
100 486
100 4931
100 3073
100 2
100 1152
100 7374
100 7657
100 3617
100 1031
100 1817
100 273
100 350
100 3879
100 565
100 4501
100 7616
100 9326
100 2296
100 3644
100 2500
100 49
100 5926
100 3083
100 3301
100 916
100 3702
100 1792
100 4468
100 5309
100 277
100 2272
100 5743
100 743
100 3544
100 6801
100 7633
100 1932
100 3520
100 14876
100 2692
100 2346
100 540
100 1645
100 1308
100 3564
100 250
100 7204
100 4511
100 921
100 7409
100 8731
100 5526
100 3508
100 2946
100 1003
100 4128
100 6567
100 1679
100 2516
100 2853
100 1670
100 1007
100 3275
100 9364
100 1120
100 872
100 8159
100 401
100 695
100 9401
100 2226
100 2284
100 2313
100 841
100 2568
100 2706
100 438
100 1695
100 7921
100 1372
100 6778
100 1339
100 2109
100 2581
100 2826
100 535
100 1143
100 1295
100 1268
100 1227
100 9165
100 7961
100 2060
100 1666
100 821
100 10371
100 2739
100 440
100 1651
100 987
100 1368
100 1859
100 3110
100 1518
100 1735
100 671
100 2004
100 3123
100 12320
100 5587
100 89
100 1921
100 9373
100 6129
100 4655
100 858
100 1422
100 3490
100 3483
100 8390
100 1817
100 8113
100 1663
100 5077
100 3157
100 9183
100 1045
100 486
100 8633
100 3583
100 4155
100 1146
100 3137
100 891
100 4494
100 259
100 1860
100 8454
100 117
100 17294
100 1954
100 716
100 7642
100 205
100 3927
100 1494
100 2368
100 7053
100 9928
100 2017
100 723
100 109
100 3066
100 2035
100 1551
100 3270
100 282
100 2211
100 3713
100 4890
100 1127
100 4432
100 5161
100 3221
100 2598
100 571
100 5021
100 1429
100 292
100 2027
100 8678
100 1077
100 1721
100 2740
100 1216
100 2315
100 2124
100 1472
100 4509
100 1387
100 1591
100 2307
100 4958
100 2306
100 7222
100 3110
100 5567
100 366
100 316
100 189
100 3195
100 2081
100 3487
100 364
100 5779
100 12105
100 1111
100 5050
100 2788
100 6877
100 96
100 5706
100 873
100 958
100 2420
100 6353
100 1510
100 1141
100 3061
100 970
100 1738
100 201
100 693
100 4913
100 2323
100 1993
100 4880
100 272
100 3825
100 2143
100 2237
100 7335
100 13583
100 1492
100 6426
100 3844
100 1919
100 2720
100 814
100 9233
100 2781
100 4817
100 10465
100 1857
100 228
100 847
100 2948
100 2018
100 2
100 2383
100 1481
100 2334
100 2590
100 2392
100 5920
100 845
100 2033
100 6085
100 1616
100 2464
100 3706
100 5061
100 757
100 11805
100 1498
100 6701
100 1770
100 3562
100 888
100 1294
100 326
100 218
100 767
100 406
100 3715
100 1365
100 1279
100 683
100 4243
100 288
100 2500
100 1981
100 953
100 335
100 2091
100 2986
100 4792
100 577
100 16173
100 4340
100 1026
100 360
100 2856
100 4410
100 6016
100 3483
100 5560
100 418
100 568
100 1015
100 2608
100 8236
100 2048
100 5606
100 2883
100 831
100 2352
100 11105
100 2615
100 4222
100 5409
100 2568
100 1659
100 5350
100 17964
100 2986
100 897
100 1299
100 3588
100 2468
100 929
100 2803
100 187
100 6820
100 6001
100 480
100 916
100 2263
100 364
100 1971
100 6611
100 1573
100 2062
100 4290
100 2000
100 12626
100 4362
100 1369
100 1155
100 3559
100 5403
100 4119
100 6584
100 3059
100 4797
100 177
100 1500
100 4694
100 7642
100 1684
100 2354
100 2181
100 8137
100 1911
100 128
100 1824
100 2817
100 2322
100 1266
100 838
100 2627
100 3978
100 1891
100 10406
100 2442
100 3213
100 3835
100 587
100 3008
100 4527
100 5958
100 2381
100 5244
100 974
100 795
100 1838
100 3545
100 3069
100 4420
100 4737
100 3005
100 4460
100 17
100 3492
100 1422
100 1144
100 11372
100 1403
100 2284
100 2760
100 3569
100 178
100 1586
100 893
100 6641
100 889
100 50
100 3302
100 810
100 8184
100 1579
100 722
100 3131
100 4170
100 2028
100 131
100 1308
100 5655
100 2171
100 536
100 102
100 5422
100 7076
100 593
100 4540
100 384
100 7352
100 1581
100 1302
100 505
100 3419
100 536
100 2336
100 1356
100 144
100 5852
100 445
100 333
100 2836
100 2931
100 689
100 26
100 6442
100 1932
100 120
100 1861
100 16014
100 1127
100 781
100 2537
100 4307
100 8216
100 2651
100 2085
100 6759
100 3230
100 2480
100 8214
100 2435
100 602
100 2470
100 2370
100 5695
100 1583
100 1032
100 393
100 1152
100 5169
100 5511
100 445
100 778
100 3633
100 3405
100 677
100 3980
100 624
100 4891
100 8747
100 308
100 829
100 9926
100 6104
100 972
100 740
100 7897
100 296
100 376
100 1732
100 6893
100 2395
100 6034
100 1596
100 621
100 13404
100 2265
100 2382
100 2297
100 2240
100 2512
100 5426
100 118
100 3084
100 2541
100 1327
100 4497
100 3574
100 3804
100 5834
100 1876
100 10
100 4683
100 1222
100 216
100 1838
100 530
100 205
100 1746
100 5587
100 1990
100 5221
100 632
100 3672
100 1072
100 9044
100 1385
100 828
100 960
100 2168
100 2883
100 3788
100 222
100 7241
100 919
100 1225
100 2643
100 2180
100 5209
100 2213
100 211
100 12248
100 2038
100 111
100 2957
100 611
100 5701
100 910
100 2621
100 669
100 16287
100 1349
100 3473
100 237
100 7808
100 6762
100 787
100 492
100 1421
100 8476
100 1891
100 2504
100 237
100 786
100 12529
100 436
100 3431
100 5
100 2343
100 413
100 11176
100 423
100 4960
100 20324
100 1246
100 2299
100 1054
100 5895
100 1230
100 6447
100 374
100 11050
100 6693
100 2529
100 80
100 98
100 754
100 8668
100 5651
100 384
100 1133
100 1412
100 5674
100 296
100 4906
100 1190
100 6452
100 4056
100 2830
100 1292
100 471
100 353
100 13
100 9420
100 5234
100 4627
100 7240
100 816
100 3865
100 349
100 235
100 56
100 2655
100 4930
100 9431
100 733
100 526
100 2333
100 564
100 753
100 15997
100 3077
100 522
100 9631
100 119
100 1706
100 1379
100 1777
100 11063
100 1614
100 6736
100 267
100 4601
100 243
100 253
100 952
100 1359
100 6658
100 2076
100 6145
100 6040
100 4122
100 5274
100 5251
100 4795
100 6198
100 1507
100 4901
100 30277
100 2432
100 745
100 3179
100 2194
100 9437
100 6312
100 5712
100 4802
100 7972
100 3933
100 2012
100 1991
100 503
100 3190
100 1477
100 1044
100 304
100 2727
100 2237
100 363
100 961
100 6930
100 2167
100 183
100 4436
100 609
100 2870
100 2117
100 5886
100 14162
100 164
100 236
100 2126
100 328
100 285
100 7175
100 3262
100 1609
100 407
100 1557
100 3778
100 4134
100 1002
100 538
100 193
100 1339
100 5397
100 5333
100 479
100 587
100 5076
100 790
100 1049
100 957
100 5713
100 846
100 4448
100 1054
100 2529
100 6737
100 800
100 1083
100 2128
100 594
100 449
100 2556
100 8135
100 2331
100 1839
100 726
100 526
100 1328
100 1960
100 1031
100 1493
100 219
100 768
100 2024
100 3207
100 3438
100 9712
100 2013
100 4290
100 1749
100 5491
100 1329
100 1099
100 1981
100 1776
100 168
100 742
100 40
100 1266
100 6684
100 140
100 1241
100 2347
100 4280
100 1019
100 1357
100 11712
100 1749
100 13631
100 6218
100 2514
100 390
100 17607
100 963
100 1036
100 4522
100 2288
100 4762
100 4238
100 2855
100 3056
100 1701
100 301
100 1945
100 1471
100 3332
100 4017
100 3512
100 1881
100 2519
100 9895
100 7734
100 2771
100 4696
100 8400
100 3572
100 2874
100 384
100 14055
100 4556
100 2189
100 368
100 494
100 5816
100 528
100 7632
100 6055
100 5278
100 5853
100 1913
100 2288
100 1068
100 503
100 2489
100 9641
100 2043
100 7926
100 4047
100 21010
100 1408
100 712
100 2836
100 3645
100 91
100 329
100 2765
100 900
100 868
100 2469
100 4959
100 5173
100 1318
100 9282
100 2498
100 3721
100 3181
100 833
100 3162
100 6922
100 1433
100 4725
100 454
100 2949
100 4575
100 1612
100 3632
100 825
100 409
100 1741
100 1300
100 4107
100 1027
100 2297
100 192
100 4096
100 364
100 1060
100 827
100 6141
100 2263
100 5418
100 1911
100 3580
100 582
100 3586
100 1567
100 2846
100 5299
100 763
100 2104
100 6628
100 3125
100 650
100 8236
100 1433
100 2879
100 5147
100 5415
100 1214
100 509
100 5203
100 539
100 2368
100 1242
100 7943
100 1363
100 2243
100 604
100 3040
100 883
100 924
100 467
100 1449
100 5689
100 4289
100 1419
100 3793
100 8944
100 4930
100 2395
100 1048
100 6357
100 3140
100 2700
100 1462
100 5624
100 3088
100 2079
100 1031
100 3757
100 435
100 179
100 4309
100 1613
100 346
100 3479
100 1694
100 4406
100 641
100 15947
100 971
100 2758
100 10280
100 4637
100 409
100 790
100 226
100 782
100 11861
100 10680
100 2335
100 4700
100 343
100 1006
100 1336
100 4310
100 8054
100 2334
100 2873
100 69
100 3512
100 1209
100 3392
100 108
100 715
100 2647
100 2278
100 5289
100 1923
100 5884
100 5848
100 1126
100 1267
100 3918
100 4892
100 2152
100 3266
100 1983
100 864
100 11819
100 2394
100 200
100 222
100 2054
100 12229
100 1703
100 1331
100 11746
100 3235
100 6339
100 7055
100 2457
100 1796
100 4984
100 7461
100 3080
100 9020
100 2238
100 4321
100 842
100 6042
100 5681
100 763
100 2032
100 733
100 1295
100 9760
100 4959
100 692
100 7430
100 654
100 3039
100 3849
100 3875
100 523
100 3710
100 1241
100 3463
100 399
100 3289
100 640
100 609
100 3844
100 743
100 1067
100 5116
100 1784
100 1765
100 128
100 499
100 15871
100 1924
100 3184
100 2533
100 4634
100 3121
100 2148
100 1047
100 4506
100 91
100 3878
100 689
100 2761
100 4325
100 6198
100 2756
100 5304
100 2724
100 4699
100 354
100 4459
100 9850
100 8571
100 158
100 224
100 663
100 4198
100 2785
100 481
100 1932
100 612
100 742
100 504
100 7782
100 331
100 4211
100 8146
100 1272
100 6894
100 1243
100 6458
100 1307
100 2781
100 59
100 131
100 101
100 5559
100 579
100 2539
100 2021
100 813
100 1479
100 336
100 2223
100 8036
100 81
100 118
100 1244
100 523
100 3738
100 9852
100 1493
100 10670
100 5992
100 3039
100 8051
100 1510
100 2793
100 1244
100 1468
100 787
100 1298
100 1119
100 5711
100 1727
100 6494
100 1415
100 11032
100 5092
100 700
100 6358
100 2357
100 3553
100 402
100 4703
100 2077
100 2689
100 1240
100 1559
100 1960
100 250
100 87
100 902
100 1549
100 2264
100 231
100 1164
100 406
100 1967
100 3234
100 4054
100 200
100 622
100 8574
100 2226
100 288
100 1437
100 284
100 8229
100 3913
100 1968
100 496
100 11771
100 395
100 2238
100 2224
100 3955
100 11677
100 11488
100 949
100 701
100 1721
100 16262
100 2132
100 90
100 103
100 3337
100 9244
100 4895
100 4735
100 1433
100 259
100 96
100 486
100 2706
100 2003
100 10158
100 3810
100 1229
100 5997
100 1247
100 4926
100 2455
100 4136
100 477
100 259
100 2012
100 151
100 4981
100 346
100 794
100 16760
100 4337
100 1004
100 3961
100 1659
100 780
100 5823
100 549
100 2534
100 560
100 2752
100 2125
100 2367
100 3095
100 875
100 472
100 2584
100 318
100 2419
100 1181
100 8709
100 1830
100 4362
100 6059
100 1555
100 1514
100 11327
100 1477
100 733
100 2024
100 963
100 389
100 957
100 6127
100 18
100 3348
100 2109
100 654
100 272
100 6651
100 1246
100 1783
100 7053
100 6697
100 60
100 511
100 470
100 7169
100 266
100 3695
100 358
100 6800
100 12399
100 3348
100 3782
100 140
100 2620
100 574
100 2639
100 2680
100 2234
100 590
100 742
100 1072
100 149
100 6220
100 1073
100 1068
100 12713
100 1524
100 4912
100 7405
100 2263
100 3136
100 7263
100 750
100 4818
100 789
100 7765
100 9622
100 3224
100 332
100 32
100 8923
100 10169
100 2037
100 990
100 2653
100 898
100 5666
100 8058
100 533
100 1285
100 2941
100 3830
100 4826
100 3909
100 1670
100 3679
100 2908
100 8241
100 167
100 4086
100 1844
100 1060
100 434
100 1894
100 5858
100 2319
100 1317
100 2025
100 6771
100 6485
100 286
100 3063
100 989
100 6067
100 1277
100 2602
100 1830
100 330
100 7358
100 8008
100 536
100 3523
100 500
100 103
100 810
100 1283
100 1609
100 3480
100 5
100 2409
100 2437
100 1525
100 1544
100 1547
100 2212
100 2494
100 100
100 146
100 4501
100 2791
100 2525
100 3025
100 273
100 225
100 1593
100 1557
100 9608
100 2490
100 1596
100 1267
100 7779
100 1950
100 4553
100 2281
100 296
100 2699
100 227
100 1768
100 1557
100 1910
100 2830
100 7931
100 5211
100 817
100 513
100 5719
100 3386
100 1275
100 360
100 570
100 3892
100 2020
100 3060
100 2312
100 292
100 3846
100 6783
100 3490
100 3776
100 1389
100 7203
100 5112
100 4305
100 1996
100 3193
100 6606
100 2427
100 474
100 184
100 1003
100 3128
100 4605
100 6160
100 549
100 3950
100 71
100 1635
100 966
100 5300
100 2804
100 938
100 1386
100 302
100 1244
100 14822
100 3212
100 5433
100 2042
100 1377
100 2339
100 5941
100 1685
100 5808
100 985
100 3283
100 1012
100 2956
100 49
100 1933
100 7146
100 3927
100 8125
100 1845
100 4814
100 2851
100 1913
100 8015
100 4312
100 2672
100 99
100 16977
100 329
100 2753
100 4892
100 2826
100 4646
100 658
100 2268
100 1404
100 1751
100 1732
100 604
100 1161
100 1692
100 55
100 7364
100 5382
100 555
100 2328
100 7156
100 2847
100 4366
100 287
100 6200
100 2743
100 4623
100 220
100 2095
100 11322
100 830
100 3605
100 1003
100 2686
100 7145
100 566
100 6359
100 6691
100 3172
100 328
100 1979
100 4158
100 75
100 1379
100 7634
100 2031
100 5647
100 4011
100 2909
100 3098
100 432
100 1128
100 1990
100 85
100 1461
100 5242
100 6833
100 162
100 417
100 5064
100 1776
100 819
100 128
100 7056
100 9343
100 2714
100 1267
100 1100
100 2820
100 9608
100 2837
100 1733
100 11053
100 3601
100 508
100 927
100 6380
100 1569
100 10585
100 10764
100 275
100 3824
100 3562
100 1533
100 2271
100 3539
100 260
100 5785
100 9057
100 1938
100 759
100 2728
100 924
100 865
100 730
100 4427
100 1973
100 871
100 272
100 1007
100 3328
100 297
100 545
100 1552
100 62
100 8329
100 1445
100 9634
100 1098
100 7924
100 1347
100 3498
100 1878
100 4833
100 9122
100 2804
100 4614
100 862
100 1925
100 28101
100 1958
100 150
100 1689
100 2642
100 1715
100 20134
100 1209
100 6947
100 5121
100 6596
100 4234
100 3100
100 962
100 695
100 4277
100 193
100 370
100 1459
100 2638
100 2973
100 8507
100 3276
100 1467
100 2387
100 1082
100 5768
100 709
100 2262
100 407
100 297
100 404
100 857
100 559
100 9650
100 5413
100 193
100 1698
100 1009
100 2469
100 3702
100 4912
100 1449
100 1674
100 804
100 2986
100 1653
100 8587
100 5155
100 5418
100 7435
100 6908
100 108
100 2384
100 3853
100 2885
100 1669
100 231
100 3182
100 112
100 114
100 12380
100 1294
100 2175
100 20372
100 6259
100 2
100 720
100 13218
100 793
100 2752
100 3757
100 7068
100 1366
100 481
100 5514
100 5960
100 2460
100 169
100 2407
100 2683
100 361
100 1747
100 351
100 617
100 1645
100 753
100 1756
100 6858
100 3297
100 863
100 1944
100 2551
100 2194
100 10342
100 6
100 354
100 5760
100 3552
100 3977
100 5838
100 5404
100 7101
100 1148
100 5523
100 3340
100 944
100 287
100 2066
100 562
100 2324
100 1981
100 1736
100 2848
100 1121
100 6079
100 1081
100 4126
100 4434
100 171
100 1921
100 3388
100 16408
100 1915
100 7401
100 2574
100 1786
100 727
100 154
100 3079
100 2756
100 1360
100 2135
100 5020
100 311
100 4552
100 5223
100 1791
100 2201
100 699
100 106
100 1581
100 1023
100 1970
100 300
100 519
100 2846
100 3910
100 3510
100 3286
100 240
100 1387
100 3724
100 9987
100 444
100 9481
100 39
100 6192
100 5665
100 5337
100 3691
100 1395
100 5750
100 5177
100 359
100 2996
100 531
100 92
100 4305
100 553
100 18
100 7712
100 5277
100 651
100 6056
100 3259
100 1871
100 11667
100 5344
100 1766
100 7696
100 2210
100 699
100 6508
100 1072
100 7127
100 886
100 1137
100 9028
100 3991
100 4674
100 6701
100 542
100 2886
100 11485
100 3041
100 1315
100 4916
100 1948
100 3412
100 476
100 5298
100 1174
100 4585
100 471
100 5293
100 1865
100 8964
100 4653
100 2406
100 3355
100 3836
100 35
100 5544
100 2404
100 3138
100 556
100 4355
100 3837
100 1766
100 118
100 2821
100 1806
100 3480
100 3455
100 4030
100 1003
100 18195
100 1069
100 2699
100 48
100 723
100 1846
100 1340
100 1238
100 1051
100 1934
100 4032
100 1680
100 4275
100 358
100 3209
100 6764
100 2834
100 5275
100 2368
100 415
100 5183
100 7711
100 1331
100 253
100 4236
100 638
100 3010
100 1071
100 864
100 4107
100 1694
100 1342
100 1462
100 5603
100 1875
100 3078
100 337
100 620
100 549
100 1395
100 2022
100 2320
100 1341
100 592
100 19381
100 3477
100 5616
100 11641
100 4469
100 2034
100 1880
100 2344
100 2925
100 4541
100 8
100 9934
100 1698
100 3760
100 366
100 4404
100 3118
100 700
100 7922
100 2266
100 101
100 4335
100 1218
100 104
100 1174
100 1465
100 5220
100 8
100 6809
100 139
100 254
100 2300
100 2957
100 6108
100 3507
100 586
100 4874
100 0
100 3999
100 6766
100 839
100 1905
100 181
100 10653
100 3295
100 3573
100 504
100 3328
100 407
100 3420
100 8354
100 2684
100 5026
100 305
100 6096
100 1118
100 484
100 116
100 199
100 1186
100 3498
100 1349
100 4131
100 3884
100 924
100 508
100 4364
100 1742
100 3187
100 6878
100 2440
100 2119
100 6110
100 6587
100 106
100 1764
100 444
100 747
100 6560
100 3658
100 5275
100 461
100 2182
100 12100
100 2567
100 8548
100 1553
100 299
100 1177
100 4364
100 1668
100 6926
100 11043
100 1663
100 4145
100 1489
100 1532
100 2097
100 8792
100 1844
100 723
100 4667
100 4570
100 898
100 277
100 203
100 4302
100 5055
100 1410
100 5396
100 889
100 1353
100 8318
100 7226
100 4628
100 242
100 5203
100 3123
100 5819
100 6617
100 3435
100 849
100 2807
100 9803
100 1165
100 4593
100 3409
100 2964
100 5211
100 6041
100 734
100 1111
100 7848
100 1787
100 3271
100 11631
100 256
100 7114
100 312
100 7612
100 5699
100 431
100 2885
100 11962
100 1260
100 5669
100 2574
100 2451
100 4425
100 13166
100 5790
100 3444
100 5658
100 1487
100 1781
100 3299
100 1357
100 3642
100 2705
100 437
100 4965
100 3979
100 8119
100 3012
100 3844
100 5813
100 165
100 1255
100 679
100 2673
100 152
100 399
100 1144
100 3949
100 10154
100 3156
100 6
100 1605
100 927
100 1932
100 793
100 1180
100 3623
100 3278
100 453
100 960
100 10234
100 558
100 2320
100 2382
100 3819
100 2203
100 343
100 225
100 7235
100 944
100 951
100 5268
100 5463
100 1642
100 2513
100 3177
100 3036
100 7860
100 8779
100 972
100 445
100 148
100 1769
100 5324
100 12074
100 2013
100 3528
100 223
100 376
100 13430
100 636
100 603
100 4701
100 4630
100 2738
100 995
100 311
100 5054
100 14
100 9195
100 2668
100 194
100 1043
100 387
100 660
100 12756
100 1518
100 3449
100 1517
100 1433
100 5945
100 772
100 687
100 951
100 95
100 187
100 377
100 1113
100 3214
100 9588
100 3807
100 7854
100 11763
100 4609
100 3462
100 3966
100 2492
100 12542
100 2833
100 3363
100 17943
100 1139
100 3192
100 3151
100 680
100 15337
100 7125
100 3060
100 5330
100 1038
100 2273
100 7539
100 6867
100 2599
100 2423
100 3148
100 2594
100 1324
100 3180
100 1691
100 7758
100 5483
100 912
100 4188
100 1073
100 3203
100 1871
100 1332
100 3212
100 375
100 6002
100 4058
100 627
100 38
100 679
100 207
100 438
100 1752
100 4058
100 296
100 5183
100 20
100 60
100 3597
100 12
100 2515
100 2282
100 1704
100 377
100 3167
100 5083
100 8022
100 1608
100 4842
100 217
100 1570
100 2315
100 685
100 2873
100 5645
100 949
100 4274
100 883
100 2124
100 882
100 7270
100 1324
100 2638
100 9249
100 1114
100 457
100 8782
100 2592
100 1087
100 678
100 16029
100 2259
100 1772
100 65
100 631
100 3902
100 2658
100 4531
100 4057
100 4699
100 396
100 3504
100 2183
100 2609
100 445
100 56
100 8311
100 6290
100 5237
100 1372
100 5178
100 3840
100 2602
100 430
100 803
100 2056
100 2719
100 139
100 3656
100 634
100 434
100 3502
100 1467
100 5577
100 4318
100 2603
100 5936
100 907
100 2266
100 1050
100 1678
100 354
100 2946
100 2373
100 778
100 2210
100 525
100 13747
100 1611
100 2310
100 8916
100 3334
100 3021
100 340
100 2409
100 2864
100 742
100 4772
100 97
100 1103
100 2901
100 6019
100 3311
100 1461
100 1433
100 7568
100 4805
100 7773
100 262
100 8176
100 2622
100 12682
100 2317
100 5639
100 1349
100 1073
100 147
100 232
100 1238
100 3707
100 19518
100 437
100 227
100 1586
100 1803
100 7577
100 5671
100 9516
100 2513
100 1422
100 13183
100 456
100 4353
100 4333
100 463
100 1343
100 5206
100 9
100 6244
100 1749
100 6347
100 9558
100 2478
100 1335
100 2745
100 635
100 3937
100 595
100 4823
100 2606
100 30
100 55
100 1799
100 1491
100 1026
100 2973
100 95
100 5056
100 12076
100 1641
100 3260
100 1056
100 2344
100 10632
100 2669
100 2945
100 1121
100 4890
100 866
100 170
100 2007
100 4958
100 9416
100 1455
100 4110
100 1638
100 2987
100 3049
100 369
100 2023
100 5050
100 4826
100 11222
100 4588
100 4262
100 468
100 6603
100 3949
100 2300
100 2269
100 9150
100 1583
100 4130
100 1680
100 4311
100 2988
100 374
100 3252
100 4047
100 3666
100 201
100 39
100 2051
100 1307
100 528
100 2110
100 4575
100 4262
100 2606
100 7
100 6086
100 3052
100 3958
100 978
100 3987
100 28
100 841
100 3514
100 222
100 6267
100 355
100 226
100 1
100 19307
100 8701
100 1885
100 1578
100 8406
100 4507
100 6846
100 1822
100 2771
100 1455
100 8148
100 7439
100 1312
100 1842
100 3218
100 18479
100 1207
100 4758
100 1486
100 3134
100 1116
100 3861
100 9635
100 15356
100 936
100 1140
100 1123
100 3239
100 3265
100 4356
100 987
100 2394
100 7280
100 4603
100 2742
100 4186
100 3127
100 4491
100 1825
100 801
100 437
100 1523
100 5032
100 2158
100 1467
100 7490
100 4353
100 1939
100 2334
100 2497
100 628
100 8029
100 1923
100 10412
100 2476
100 4925
100 6813
100 1409
100 32
100 240
100 369
100 186
100 1231
100 308
100 149
100 1533
100 445
100 1292
100 9016
100 674
100 2688
100 1437
100 1603
100 1297
100 1655
100 7548
100 2127
100 690
100 407
100 6006
100 3019
100 624
100 1699
100 2
100 3070
100 5500
100 8070
100 573
100 1884
100 1026
100 582
100 3094
100 4408
100 251
100 3
100 72
100 1946
100 6853
100 3584
100 261
100 1794
100 4012
100 2329
100 3688
100 1552
100 3609
100 325
100 75
100 1883
100 141
100 5199
100 1248
100 732
100 808
100 884
100 128
100 7133
100 10183
100 4013
100 212
100 3337
100 4847
100 1363
100 635
100 3900
100 232
100 4974
100 3722
100 1107
100 2840
100 7244
100 41
100 6
100 1719
100 972
100 903
100 7241
100 3325
100 1017
100 977
100 4431
100 6128
100 260
100 870
100 1727
100 871
100 2020
100 52
100 7447
100 1008
100 593
100 1112
100 8524
100 4340
100 741
100 1254
100 6395
100 2651
100 449
100 157
100 4472
100 614
100 10020
100 5536
100 4477
100 7173
100 3219
100 3831
100 4100
100 5508
100 348
100 1687
100 412
100 538
100 3556
100 5136
100 4473
100 803
100 2662
100 2516
100 67
100 8373
100 3711
100 1164
100 2501
100 3521
100 474
100 1991
100 1137
100 2199
100 5770
100 2002
100 370
100 1046
100 1164
100 346
100 11645
100 776
100 1485
100 2131
100 1848
100 9862
100 747
100 11822
100 7230
100 2643
100 51
100 3678
100 4687
100 3268
100 7093
100 1981
100 449
100 3830
100 480
100 2707
100 1348
100 126
100 2114
100 1420
100 2235
100 1774
100 2598
100 1221
100 4662
100 827
100 5338
100 1990
100 3672
100 1818
100 5695
100 5176
100 1943
100 1531
100 6119
100 1498
100 1497
100 2055
100 4729
100 1974
100 217
100 5814
100 1035
100 645
100 3288
100 979
100 1998
100 4805
100 3976
100 6331
100 6617
100 2145
100 1988
100 749
100 4285
100 2332
100 3205
100 4844
100 4996
100 321
100 1776
100 2445
100 632
100 7940
100 447
100 5923
100 795
100 6511
100 4754
100 3623
100 1324
100 1296
100 1380
100 301
100 1217
100 695
100 5196
100 322
100 145
100 1228
100 4606
100 13047
100 1439
100 7552
100 1538
100 1782
100 5561
100 10596
100 2223
100 2214
100 4290
100 7750
100 5429
100 1764
100 346
100 18513
100 605
100 1675
100 524
100 683
100 2941
100 1215
100 293
100 3357
100 1603
100 327
100 112
100 6615
100 5627
100 4608
100 6490
100 239
100 1010
100 937
100 3567
100 1994
100 2025
100 7493
100 116
100 6921
100 1546
100 2002
100 5098
100 1091
100 2070
100 112
100 12013
100 3155
100 4384
100 1069
100 1584
100 6271
100 9011
100 1074
100 170
100 8998
100 24111
100 3345
100 2750
100 878
100 1363
100 1341
100 741
100 4563
100 2628
100 762
100 3598
100 1944
100 2223
100 101
100 8410
100 2680
100 3781
100 5844
100 6154
100 3216
100 1671
100 2972
100 5030
100 7689
100 10283
100 1328
100 6286
100 12506
100 111
100 1321
100 3267
100 541
100 1
100 3297
100 3484
100 3556
100 3582
100 1982
100 1591
100 2843
100 2559
100 2824
100 42
100 14
100 10
100 114
100 27
100 2522
100 202
100 3916
100 3289
100 4008
100 374
100 3481
100 4892
100 28
100 40
100 3130
100 9884
100 2857
100 9055
100 1253
100 10665
100 369
100 865
100 2625
100 3486
100 3378
100 4895
100 3653
100 204
100 2660
100 24
100 419
100 1377
100 136
100 2900
100 5883
100 3509
100 707
100 1327
100 2362
100 5910
100 2159
100 1325
100 8875
100 2436
100 398
100 2901
100 968
100 3226
100 130
100 350
100 3176
100 4350
100 37
100 2961
100 2542
100 2075
100 1
100 7825
100 1186
100 2166
100 17273
100 4698
100 3400
100 4258
100 42
100 7790
100 197
100 2388
100 5339
100 1529
100 749
100 1671
100 4625
100 3854
100 1716
100 1712
100 3396
100 5482
100 3245
100 3198
100 1156
100 180
100 1298
100 4112
100 106
100 1863
100 7538
100 20
100 1233
100 2046
100 5108
100 376
100 2075
100 5751
100 734
100 1126
100 1057
100 2877
100 1873
100 1104
100 6
100 9797
100 4036
100 669
100 2622
100 5717
100 2156
100 1403
100 458
100 1503
100 1057
100 11285
100 534
100 3664
100 3226
100 900
100 1018
100 2902
100 4586
100 4660
100 6960
100 2698
100 6959
100 10759
100 560
100 559
100 4992
100 3099
100 511
100 3824
100 620
100 8793
100 16228
100 12578
100 4705
100 10630
100 9087
100 708
100 4167
100 4795
100 8883
100 1541
100 4085
100 487
100 4915
100 4033
100 628
100 520
100 4216
100 365
100 2242
100 3159
100 2331
100 1463
100 5197
100 1929
100 8034
100 10591
100 962
100 8516
100 1314
100 2665
100 218
100 4786
100 4845
100 6091
100 1578
100 5365
100 2380
100 4304
100 8829
100 970
100 3668
100 3774
100 2284
100 1517
100 5330
100 898
100 7250
100 2853
100 2254
100 2618
100 1218
100 1926
100 8419
100 562
100 1178
100 12827
100 3205
100 5415
100 5003
100 2855
100 3881
100 8125
100 1663
100 1499
100 1488
100 1697
100 3379
100 626
100 631
100 8081
100 6630
100 2914
100 6148
100 2064
100 142
100 1010
100 2599
100 735
100 437
100 2089
100 1470
100 1234
100 806
100 1831
100 20602
100 702
100 3175
100 670
100 3531
100 5079
100 5412
100 2412
100 3116
100 3648
100 6558
100 3213
100 2144
100 3586
100 1343
100 517
100 2052
100 982
100 5514
100 1484
100 15671
100 10580
100 2858
100 2629
100 1253
100 608
100 100
100 8133
100 2528
100 973
100 107
100 3769
100 145
100 4950
100 12479
100 4463
100 126
100 4882
100 1245
100 4
100 2985
100 5254
100 6706
100 4850
100 3977
100 2325
100 2275
100 115
100 3899
100 7288
100 1387
100 2708
100 1170
100 5330
100 734
100 44
100 309
100 2719
100 8748
100 3656
100 20
100 3302
100 1186
100 521
100 9462
100 680
100 5874
100 4333
100 2495
100 1454
100 1674
100 273
100 10112
100 313
100 599
100 1456
100 446
100 5364
100 10757
100 1040
100 1757
100 5067
100 3224
100 2327
100 3853
100 137
100 946
100 5026
100 1220
100 1050
100 7147
100 1327
100 243
100 1389
100 44
100 797
100 4501
100 7096
100 565
100 981
100 775
100 6457
100 55
100 2456
100 255
100 34
100 13340
100 2
100 696
100 14490
100 4201
100 672
100 2273
100 1814
100 1823
100 3298
100 599
100 3729
100 1987
100 7092
100 926
100 2019
100 3353
100 297
100 1855
100 27
100 4995
100 4801
100 3081
100 3068
100 1692
100 6926
100 4590
100 2058
100 10675
100 553
100 9368
100 2111
100 9
100 583
100 111
100 2552
100 2538
100 1372
100 704
100 3931
100 8076
100 2408
100 2484
100 2465
100 7058
100 2
100 949
100 4495
100 4834
100 1331
100 108
100 1005
100 3419
100 2262
100 5510
100 3964
100 185
100 4095
100 2454
100 684
100 4509
100 6333
100 788
100 3418
100 2732
100 4385
100 717
100 2832
100 10345
100 182
100 4975
100 4148
100 635
100 324
100 156
100 8866
100 8841
100 69
100 4558
100 163
100 1776
100 2948
100 8334
100 2100
100 410
100 406
100 3428
100 599
100 4466
100 3390
100 1862
100 3226
100 2201
100 3716
100 7986
100 3744
100 147
100 890
100 4774
100 594
100 8182
100 12463
100 1963
100 6239
100 2106
100 4051
100 453
100 739
100 1517
100 2039
100 131
100 7734
100 2511
100 3765
100 6970
100 1199
100 2878
100 39
100 4680
100 10841
100 1748
100 538
100 4293
100 990
100 1680
100 363
100 1409
100 1223
100 2731
100 2518
100 1133
100 1907
100 699
100 3690
100 4605
100 1505
100 3654
100 2262
100 3604
100 2856
100 11
100 2472
100 935
100 536
100 626
100 1975
100 7252
100 3586
100 7137
100 986
100 5255
100 5302
100 2023
100 189
100 695
100 1250
100 153
100 3354
100 3281
100 14235
100 1050
100 3126
100 2423
100 661
100 62
100 1194
100 610
100 3379
100 2321
100 814
100 1497
100 8216
100 1919
100 2783
100 16082
100 804
100 2326
100 2084
100 2092
100 10862
100 2307
100 5014
100 9688
100 1926
100 643
100 1099
100 3149
100 2134
100 127
100 7007
100 581
100 4380
100 1768
100 4168
100 9586
100 1925
100 136
100 11653
100 1668
100 98
100 2859
100 12003
100 1282
100 6351
100 1854
100 1097
100 3694
100 481
100 2150
100 1976
100 3379
100 999
100 1184
100 3389
100 359
100 2942
100 1716
100 1133
100 9042
100 1660
100 5428
100 1826
100 4532
100 4014
100 1188
100 2344
100 1078
100 5128
100 1754
100 406
100 1895
100 4788
100 6200
100 957
100 1395
100 655
100 770
100 7882
100 2659
100 8210
100 2275
100 2231
100 149
100 220
100 11346
100 677
100 250
100 7864
100 350
100 1299
100 9967
100 1
100 896
100 11051
100 1976
100 771
100 3347
100 65
100 1029
100 592
100 596
100 161
100 1524
100 4846
100 3966
100 16854
100 1728
100 928
100 10535
100 3013
100 4348
100 6792
100 6237
100 728
100 589
100 1165
100 3175
100 3373
100 460
100 7648
100 8
100 2074
100 4695
100 3867
100 1913
100 8829
100 1991
100 3030
100 1023
100 3242
100 2027
100 463
100 5345
100 709
100 2317
100 822
100 10067
100 958
100 4439
100 1681
100 468
100 295
100 1377
100 3712
100 1276
100 150
100 3284
100 2734
100 1980
100 5560
100 3731
100 773
100 9347
100 5574
100 3981
100 1351
100 2907
100 9035
100 412
100 5511
100 501
100 760
100 3835
100 1193
100 5397
100 1879
100 1022
100 2154
100 3331
100 985
100 1138
100 130
100 821
100 2401
100 6649
100 1458
100 3233
100 434
100 1467
100 1394
100 48
100 5137
100 1966
100 1661
100 6605
100 2905
100 3050
100 2897
100 2494
100 4136
100 5326
100 1579
100 8820
100 2430
100 4326
100 2920
100 212
100 493
100 649
100 6331
100 5327
100 1896
100 2495
100 1621
100 2420
100 1254
100 1842
100 2821
100 3793
100 2229
100 3922
100 4603
100 5656
100 650
100 729
100 4639
100 9730
100 976
100 5061
100 3354
100 2516
100 2391
100 3648
100 2548
100 3147
100 149
100 1322
100 1923
100 1378
100 2993
100 9537
100 6803
100 1709
100 204
100 8922
100 133
100 1325
100 2372
100 869
100 139
100 22
100 732
100 3309
100 1154
100 2067
100 176
100 6666
100 92
100 7874
100 6186
100 2680
100 2496
100 930
100 175
100 8816
100 83
100 685
100 3367
100 1020
100 14
100 2636
100 237
100 1812
100 7883
100 1179
100 4386
100 4001
100 1083
100 3231
100 2017
100 4088
100 1420
100 1965
100 1725
100 264
100 15016
100 4547
100 2280
100 461
100 868
100 1796
100 9295
100 195
100 4070
100 11312
100 5858
100 4811
100 6174
100 6324
100 2513
100 1317
100 1055
100 11012
100 2555
100 1282
100 3607
100 1349
100 2793
100 3130
100 5161
100 8678
100 6100
100 4013
100 1380
100 2120
100 1440
100 818
100 2292
100 536
100 6889
100 1390
100 343
100 1679
100 25
100 12329
100 845
100 522
100 1353
100 1888
100 4264
100 1844
100 759
100 7745
100 5138
100 10336
100 2572
100 2587
100 3590
100 2385
100 626
100 891
100 1069
100 949
100 858
100 2998
100 485
100 999
100 4215
100 13388
100 1186
100 3060
100 56
100 4547
100 611
100 4208
100 135
100 120
100 10548
100 123
100 10051
100 2292
100 272
100 8700
100 3523
100 2769
100 4750
100 3773
100 4853
100 1900
100 11946
100 382
100 624
100 430
100 174
100 4724
100 391
100 6677
100 1232
100 6713
100 1031
100 7188
100 4
100 2721
100 1561
100 1172
100 973
100 2661
100 11338
100 12037
100 3284
100 1603
100 391
100 2636
100 5031
100 2706
100 423
100 3686
100 969
100 2323
100 648
100 781
100 594
100 953
100 556
100 1114
100 433
100 12852
100 626
100 3118
100 12660
100 5474
100 2212
100 388
100 1133
100 312
100 5171
100 3189
100 1666
100 3885
100 3059
100 165
100 1762
100 5714
100 2393
100 1005
100 3948
100 1924
100 7877
100 2535
100 5863
100 3815
100 4710
100 883
100 2901
100 5400
100 513
100 10423
100 854
100 1759
100 115
100 1890
100 3569
100 2712
100 156
100 3083
100 1410
100 2694
100 1871
100 8012
100 9970
100 2738
100 105
100 1635
100 3943
100 3213
100 340
100 484
100 3250
100 1045
100 165
100 8889
100 4637
100 4587
100 223
100 1229
100 1960
100 9713
100 2021
100 5402
100 3315
100 1321
100 2777
100 2194
100 635
100 5209
100 10
100 3334
100 2960
100 33
100 18334
100 305
100 403
100 1234
100 7490
100 10211
100 6097
100 4627
100 4065
100 482
100 3638
100 2379
100 2795
100 514
100 3293
100 2982
100 1059
100 5433
100 2203
100 4947
100 1883
100 1466
100 496
100 7265
100 2668
100 3224
100 488
100 4423
100 1313
100 129
100 5218
100 801
100 4207
100 3240
100 870
100 4580
100 8465
100 11354
100 1661
100 4351
100 6796
100 14080
100 1043
100 1122
100 8756
100 2400
100 138
100 429
100 1294
100 965
100 4900
100 3509
100 3435
100 7420
100 3553
100 2173
100 344
100 4671
100 1556
100 3028
100 1830
100 3822
100 2039
100 1270
100 34
100 11257
100 3831
100 958
100 308
100 2042
100 565
100 11513
100 1545
100 5362
100 11939
100 2254
100 1086
100 191
100 1896
100 26
100 139
100 6609
100 1078
100 3177
100 3648
100 2513
100 915
100 10050
100 2727
100 11387
100 9528
100 3190
100 1961
100 8878
100 2971
100 2458
100 6120
100 10123
100 4151
100 7745
100 2362
100 4459
100 2721
100 6083
100 1423
100 497
100 6010
100 10701
100 174
100 11935
100 537
100 3190
100 4956
100 6752
100 2464
100 5151
100 142
100 1655
100 3393
100 2840
100 7828
100 4833
100 1150
100 2006
100 200
100 2009
100 3074
100 1280
100 7804
100 5323
100 2936
100 1701
100 1343
100 19815
100 11457
100 3276
100 1033
100 1218
100 514
100 6013
100 293
100 685
100 4275
100 579
100 11713
100 776
100 2264
100 3098
100 2736
100 127
100 2030
100 1292
100 4879
100 301
100 6854
100 1046
100 2235
100 103
100 1803
100 306
100 13948
100 6844
100 545
100 1005
100 2713
100 6352
100 4263
100 1643
100 4978
100 5978
100 3656
100 2744
100 34
100 4099
100 1966
100 1267
100 8864
100 5492
100 3781
100 3946
100 2380
100 3229
100 679
100 5908
100 3429
100 2299
100 4326
100 2012
100 872
100 699
100 2408
100 1738
100 4914
100 652
100 2244
100 272
100 5162
100 4700
100 693
100 2674
100 5357
100 8656
100 239
100 3015
100 168
100 4847
100 410
100 3202
100 4332
100 142
100 3642
100 3909
100 3698
100 1193
100 5168
100 3774
100 1211
100 7271
100 5589
100 942
100 373
100 361
100 509
100 2834
100 5350
100 1800
100 4189
100 15246
100 3785
100 2444
100 7854
100 3326
100 2136
100 439
100 3256
100 2420
100 7221
100 2285
100 3337
100 248
100 807
100 2382
100 4823
100 462
100 5979
100 218
100 4597
100 4404
100 1844
100 5562
100 2950
100 446
100 1928
100 2570
100 1502
100 3963
100 701
100 581
100 1940
100 2616
100 329
100 1503
100 5755
100 15406
100 835
100 1565
100 2725
100 1488
100 1973
100 5803
100 716
100 10264
100 4840
100 628
100 3762
100 1955
100 1440
100 5497
100 2296
100 1994
100 1784
100 6240
100 4408
100 1510
100 955
100 2736
100 673
100 1111
100 5181
100 3048
100 3837
100 2454
100 83
100 2241
100 435
100 1798
100 537
100 16995
100 7749
100 7411
100 1444
100 288
100 674
100 1724
100 1718
100 319
100 1253
100 700
100 2222
100 1000
100 581
100 1519
100 2005
100 2400
100 1561
100 427
100 2626
100 2769
100 3452
100 1234
100 7162
100 2199
100 9307
100 361
100 1450
100 2582
100 8100
100 2963
100 984
100 1246
100 1027
100 315
100 7059
100 2772
100 1865
100 4160
100 652
100 2452
100 1109
100 3038
100 8738
100 211
100 135
100 887
100 339
100 5900
100 2123
100 7125
100 8490
100 660
100 3672
100 3521
100 5463
100 1555
100 5528
100 23
100 704
100 17075
100 1372
100 13124
100 4938
100 117
100 6702
100 1636
100 1568
100 1303
100 1241
100 2817
100 14552
100 5118
100 8118
100 2023
100 13873
100 444
100 8204
100 1471
100 3863
100 8576
100 6066
100 66
100 1377
100 235
100 875
100 4779
100 2309
100 3424
100 4757
100 2092
100 694
100 9955
100 6081
100 9668
100 1291
100 3726
100 1310
100 4869
100 81
100 5182
100 4219
100 829
100 6355
100 11
100 438
100 235
100 1240
100 1587
100 391
100 1429
100 998
100 1176
100 3050
100 6598
100 2934
100 3976
100 2835
100 1054
100 891
100 22
100 1069
100 12696
100 748
100 732
100 204
100 784
100 4930
100 1091
100 7402
100 2653
100 6457
100 3757
100 2272
100 3629
100 887
100 2384
100 1468
100 10681
100 12529
100 9263
100 10045
100 2053
100 9925
100 4817
100 1884
100 1454
100 66
100 19
100 4728
100 1893
100 7734
100 1454
100 3348
100 738
100 858
100 2870
100 1810
100 6899
100 924
100 2866
100 3322
100 2230
100 3647
100 75
100 5738
100 4762
100 4662
100 2961
100 6293
100 556
100 904
100 3246
100 412
100 2326
100 1579
100 4406
100 2649
100 465
100 491
100 1227
100 472
100 1726
100 3043
100 2245
100 2511
100 5970
100 2019
100 426
100 595
100 3313
100 1564
100 7681
100 4893
100 1905
100 1764
100 1216
100 3720
100 274
100 1534
100 5052
100 4206
100 2656
100 5881
100 7709
100 1715
100 310
100 250
100 1693
100 3296
100 3585
100 177
100 544
100 2080
100 462
100 11844
100 1161
100 2039
100 10135
100 1479
100 1889
100 6832
100 5175
100 1210
100 308
100 73
100 2890
100 7748
100 632
100 115
100 4294
100 744
100 1677
100 4297
100 225
100 731
100 5619
100 279
100 5283
100 3671
100 6865
100 9321
100 828
100 1178
100 338
100 1866
100 39
100 6917
100 4895
100 3723
100 1370
100 7628
100 1972
100 2763
100 277
100 2328
100 2169
100 230
100 3100
100 308
100 464
100 1689
100 1915
100 6846
100 1309
100 255
100 3021
100 4850
100 3071
100 5189
100 6030
100 1655
100 150
100 4038
100 5934
100 3130
100 271
100 1073
100 422
100 2931
100 737
100 400
100 524
100 34
100 1158
100 887
100 15143
100 303
100 1217
100 4665
100 10
100 398
100 4158
100 316
100 3676
100 332
100 448
100 2413
100 6321
100 1312
100 3080
100 622
100 4368
100 141
100 645
100 5037
100 360
100 3522
100 6356
100 3498
100 2781
100 3442
100 6603
100 12554
100 499
100 6053
100 1680
100 2909
100 2525
100 5
100 7980
100 4941
100 5971
100 12321
100 1394
100 2907
100 81
100 45
100 1720
100 7863
100 11289
100 9411
100 484
100 5759
100 577
100 4043
100 1644
100 1392
100 497
100 950
100 398
100 13446
100 3626
100 8559
100 5261
100 15
100 4578
100 1955
100 3392
100 2415
100 3248
100 838
100 2199
100 3294
100 3560
100 2941
100 3260
100 200
100 490
100 448
100 632
100 2671
100 237
100 4819
100 429
100 8813
100 3127
100 3748
100 172
100 3988
100 229
100 1169
100 4785
100 1561
100 4200
100 4075
100 93
100 2582
100 3518
100 1465
100 7411
100 1736
100 696
100 20231
100 3275
100 2418
100 6030
100 1890
100 1728
100 3212
100 1412
100 8531
100 2760
100 675
100 2609
100 2477
100 14830
100 136
100 3259
100 210
100 3152
100 7936
100 4830
100 3913
100 199
100 1329
100 6628
100 1566
100 4637
100 585
100 2993
100 9515
100 44
100 1
100 4111
100 8439
100 2192
100 417
100 11204
100 695
100 5014
100 2544
100 162
100 1876
100 7616
100 4046
100 924
100 4511
100 3983
100 15
100 831
100 3469
100 1777
100 616
100 2151
100 13379
100 23
100 637
100 1213
100 3310
100 93
100 1452
100 5297
100 275
100 3379
100 5902
100 2067
100 4416
100 5185
100 851
100 246
100 3442
100 8597
100 5633
100 252
100 2228
100 1763
100 1902
100 4678
100 159
100 6698
100 3329
100 2435
100 4453
100 2383
100 150
100 1096
100 2293
100 3183
100 1847
100 891
100 759
100 2622
100 3329
100 4512
100 2287
100 171
100 2203
100 127
100 5585
100 4720
100 592
100 1284
100 2381
100 586
100 190
100 1231
100 1869
100 1381
100 2942
100 5644
100 694
100 4968
100 3214
100 3844
100 4339
100 228
100 12256
100 1147
100 883
100 776
100 1914
100 287
100 2880
100 4029
100 948
100 1692
100 13
100 1137
100 3339
100 13062
100 780
100 1157
100 3616
100 3894
100 4773
100 4327
100 5089
100 8531
100 1122
100 1036
100 53
100 331
100 3626
100 4028
100 968
100 372
100 1752
100 3166
100 4865
100 17471
100 580
100 10571
100 2231
100 3709
100 953
100 4299
100 2847
100 744
100 70
100 5368
100 1807
100 2099
100 2
100 2230
100 4512
100 13416
100 2272
100 6027
100 4571
100 2141
100 2252
100 2001
100 37
100 5709
100 11070
100 5151
100 4312
100 136
100 1496
100 1182
100 4958
100 975
100 685
100 1875
100 12864
100 301
100 446
100 2393
100 10855
100 3758
100 3809
100 1388
100 3882
100 5057
100 711
100 1254
100 2222
100 87
100 160
100 1341
100 3082
100 4403
100 1886
100 677
100 1654
100 5007
100 1071
100 4274
100 1752
100 20619
100 2117
100 2548
100 4568
100 384
100 3828
100 5331
100 1072
100 206
100 1427
100 860
100 2955
100 13343
100 828
100 6419
100 10615
100 523
100 463
100 1478
100 77
100 1551
100 458
100 35
100 1456
100 3355
100 4728
100 2238
100 1629
100 8123
100 9894
100 8634
100 966
100 1091
100 1404
100 4475
100 711
100 2226
100 1884
100 7909
100 9982
100 7389
100 10727
100 206
100 985
100 4906
100 489
100 974
100 2590
100 1910
100 7495
100 6310
100 21949
100 318
100 2338
100 3938
100 1852
100 3690
100 2995
100 3295
100 8291
100 223
100 7997
100 4034
100 5323
100 3278
100 6037
100 1196
100 857
100 793
100 2605
100 3348
100 3002
100 3787
100 1406
100 4976
100 22257
100 1873
100 2031
100 7977
100 5410
100 1212
100 639
100 6081
100 6885
100 7536
100 14078
100 694
100 79
100 160
100 959
100 4399
100 2316
100 1962
100 566
100 7894
100 2505
100 5362
100 899
100 1948
100 9206
100 5559
100 1107
100 11191
100 6673
100 14393
100 5757
100 605
100 6576
100 3612
100 7376
100 491
100 4938
100 940
100 3356
100 74
100 15433
100 7544
100 725
100 3392
100 3652
100 7516
100 155
100 4266
100 2735
100 81
100 424
100 2004
100 5623
100 5338
100 1672
100 162
100 2537
100 5191
100 4347
100 635
100 601
100 11792
100 129
100 7092
100 2551
100 5815
100 3554
100 2121
100 13844
100 1312
100 4005
100 6675
100 1145
100 374
100 8157
100 12799
100 1347
100 767
100 982
100 198
100 2044
100 1049
100 3283
100 16402
100 5350
100 1814
100 10820
100 2516
100 5580
100 179
100 37
100 636
100 471
100 2588
100 17124
100 4720
100 319
100 4184
100 2348
100 3186
100 1539
100 7334
100 15292
100 709
100 1775
100 92
100 1049
100 1128
100 1301
100 6141
100 2018
100 1343
100 692
100 345
100 524
100 39
100 4064
100 1953
100 2530
100 2040
100 324
100 3580
100 5389
100 4253
100 3053
100 6
100 8334
100 1859
100 1956
100 594
100 2956
100 93
100 2240
100 6555
100 2652
100 4974
100 283
100 2633
100 4493
100 2203
100 580
100 2186
100 6139
100 1695
100 3826
100 1198
100 5985
100 1911
100 627
100 3155
100 370
100 2417
100 3784
100 96
100 1253
100 16
100 2707
100 2198
100 527
100 74
100 6295
100 506
100 601
100 1611
100 2540
100 1823
100 2719
100 4710
100 232
100 866
100 1927
100 263
100 3331
100 19116
100 1784
100 12232
100 8512
100 611
100 2166
100 584
100 861
100 273
100 4980
100 347
100 13322
100 3832
100 3980
100 4549
100 3309
100 2543
100 51
100 582
100 1619
100 6684
100 7356
100 915
100 2902
100 1006
100 1142
100 3192
100 1542
100 1732
100 981
100 1991
100 5462
100 3135
100 1886
100 677
100 1011
100 1875
100 1328
100 438
100 4939
100 11965
100 2890
100 1442
100 715
100 16228
100 7802
100 3940
100 3650
100 3007
100 927
100 1488
100 3845
100 385
100 1969
100 1033
100 7601
100 1930
100 25163
100 4067
100 235
100 4525
100 306
100 2535
100 2303
100 7843
100 1460
100 2435
100 5954
100 2877
100 3483
100 2462
100 2050
100 3425
100 1456
100 285
100 9905
100 228
100 2240
100 5446
100 85
100 1592
100 4677
100 1391
100 13687
100 8016
100 9584
100 1724
100 1289
100 5373
100 240
100 9253
100 6888
100 932
100 9064
100 1699
100 9802
100 549
100 5666
100 673
100 2479
100 9009
100 3167
100 289
100 200
100 2740
100 463
100 8176
100 2084
100 6193
100 4009
100 2776
100 360
100 1388
100 333
100 3243
100 1197
100 1752
100 5228
100 2953
100 2520
100 3190
100 279
100 685
100 195
100 8827
100 458
100 17633
100 2330
100 4175
100 7118
100 2727
100 1951
100 172
100 3623
100 5882
100 893
100 4319
100 3380
100 3043
100 2046
100 8483
100 1549
100 105
100 5879
100 436
100 4390
100 1797
100 616
100 5953
100 4566
100 3150
100 261
100 2032
100 634
100 4356
100 1692
100 5410
100 852
100 10257
100 3760
100 5241
100 1574
100 362
100 1616
100 4930
100 4126
100 4368
100 5977
100 1187
100 632
100 19
100 1217
100 733
100 6611
100 3137
100 1085
100 402
100 9353
100 4038
100 2417
100 1816
100 1021
100 1048
100 1552
100 3574
100 7182
100 6013
100 10649
100 1190
100 4175
100 342
100 2306
100 527
100 4156
100 498
100 2437
100 8299
100 4185
100 937
100 1600
100 1908
100 4838
100 743
100 4639
100 1175
100 1129
100 5727
100 1908
100 1086
100 1451
100 747
100 148
100 4364
100 193
100 1914
100 5305
100 2854
100 136
100 2155
100 2356
100 879
100 3585
100 8919
100 1576
100 772
100 269
100 444
100 2656
100 1496
100 1104
100 2622
100 8854
100 1009
100 374
100 2084
100 11405
100 7432
100 9665
100 3720
100 5313
100 3095
100 1621
100 5266
100 6688
100 931
100 3631
100 2007
100 5313
100 2967
100 2303
100 8230
100 1212
100 22
100 7667
100 5739
100 2567
100 2233
100 779
100 1643
100 5313
100 23
100 2384
100 8778
100 17792
100 990
100 2232
100 6705
100 4246
100 6991
100 3798
100 751
100 7095
100 102
100 2308
100 2374
100 2073
100 773
100 3133
100 4826
100 2163
100 508
100 264
100 4893
100 1829
100 534
100 239
100 5907
100 667
100 437
100 448
100 1117
100 6368
100 499
100 7155
100 781
100 3310
100 909
100 2639
100 2528
100 3884
100 1307
100 5943
100 968
100 12113
100 3180
100 643
100 269
100 2489
100 1337
100 1302
100 755
100 17350
100 520
100 1255
100 2521
100 4671
100 8296
100 938
100 296
100 893
100 513
100 2455
100 2040
100 1941
100 5025
100 5799
100 456
100 3808
100 733
100 2744
100 2606
100 3297
100 1443
100 2431
100 1988
100 2848
100 6964
100 664
100 2141
100 3173
100 10062
100 1310
100 492
100 1083
100 1532
100 8606
100 393
100 4383
100 8333
100 12153
100 2108
100 1081
100 5501
100 5257
100 315
100 3237
100 4211
100 1093
100 7928
100 2686
100 2258
100 8397
100 5041
100 4730
100 1832
100 7532
100 2262
100 10962
100 3249
100 972
100 4339
100 576
100 7064
100 949
100 351
100 5258
100 261
100 351
100 7684
100 286
100 4042
100 12768
100 1932
100 265
100 3965
100 13785
100 538
100 1331
100 981
100 4470
100 12456
100 7117
100 10336
100 8281
100 6214
100 5715
100 394
100 1755
100 798
100 10068
100 4263
100 6147
100 14604
100 18087
100 1127
100 2934
100 18702
100 447
100 5388
100 2042
100 1448
100 1986
100 156
100 12179
100 112
100 2752
100 3489
100 5432
100 6538
100 3436
100 4016
100 3032
100 4
100 2198
100 5767
100 6128
100 13012
100 11724
100 2492
100 125
100 2219
100 1414
100 265
100 2930
100 3857
100 9243
100 1702
100 5847
100 682
100 5924
100 193
100 24558
100 925
100 619
100 2982
100 1777
100 2666
100 2333
100 2297
100 2268
100 777
100 1767
100 2044
100 8372
100 565
100 2728
100 692
100 2724
100 3662
100 1980
100 1668
100 294
100 1648
100 689
100 100
100 283
100 3102
100 3130
100 2974
100 2971
100 6533
100 2678
100 1143
100 1157
100 3117
100 3800
100 2548
100 2116
100 123
100 3100
100 603
100 1736
100 3334
100 5126
100 53
100 853
100 1071
100 13346
100 3632
100 4702
100 2175
100 4206
100 9490
100 205
100 1845
100 6044
100 1815
100 2946
100 1435
100 3213
100 244
100 2111
100 9740
100 2928
100 1153
100 2766
100 4678
100 1209
100 5273
100 12032
100 501
100 2888
100 3980
100 3237
100 1764
100 11125
100 3613
100 2417
100 2169
100 17033
100 1678
100 1567
100 622
100 2361
100 4160
100 2107
100 85
100 7180
100 1293
100 459
100 7853
100 4167
100 4195
100 740
100 7291
100 1042
100 133
100 4310
100 4282
100 1288
100 3116
100 3776
100 2568
100 1729
100 1750
100 2086
100 7091
100 5360
100 1478
100 6769
100 2815
100 1591
100 13251
100 4732
100 65
100 4819
100 366
100 3076
100 2723
100 9091
100 6424
100 765
100 4538
100 3621
100 5191
100 2687
100 2104
100 3679
100 214
100 583
100 19712
100 1342
100 379
100 8351
100 4011
100 3929
100 6165
100 3651
100 3115
100 2324
100 659
100 979
100 517
100 5266
100 8763
100 3051
100 10994
100 15856
100 574
100 2021
100 7278
100 2581
100 1215
100 3616
