100 168
100 779
100 184
100 232
100 94
100 197
100 246
100 580
100 95
100 370
100 539
100 311
100 4
100 54
100 67
100 280
100 40
100 779
100 47
100 194
100 116
100 557
100 352
100 653
100 276
100 200
100 385
100 230
100 338
100 269
100 1359
100 215
100 9
100 47
100 63
100 28
100 584
100 99
100 722
100 358
100 52
100 243
100 491
100 648
100 7
100 62
100 137
100 357
100 400
100 120
100 202
100 147
100 80
100 540
100 23
100 30
100 271
100 33
100 701
100 97
100 87
100 232
100 287
100 579
100 545
100 151
100 351
100 70
100 38
100 122
100 201
100 438
100 83
100 205
100 9
100 102
100 357
100 43
100 122
100 152
100 976
100 314
100 35
100 433
100 15
100 436
100 17
100 359
100 77
100 407
100 453
100 187
100 535
100 37
100 117
100 394
100 271
100 107
100 54
100 418
100 0
100 564
100 60
100 118
100 258
100 249
100 412
100 281
100 52
100 31
100 870
100 304
100 99
100 646
100 782
100 144
100 332
100 43
100 101
100 152
100 374
100 1628
100 123
100 37
100 218
100 466
100 88
100 105
100 51
100 291
100 228
100 26
100 127
100 1271
100 580
100 33
100 539
100 102
100 289
100 185
100 296
100 243
100 237
100 234
100 140
100 114
100 265
100 17
100 147
100 156
100 273
100 25
100 47
100 343
100 703
100 124
100 174
100 261
100 444
100 811
100 16
100 158
100 278
100 373
100 22
100 18
100 122
100 358
100 325
100 164
100 503
100 897
100 221
100 205
100 769
100 223
100 17
100 95
100 417
100 583
100 808
100 136
100 430
100 30
100 88
100 253
100 14
100 321
100 365
100 218
100 178
100 288
100 109
100 207
100 379
100 73
100 452
100 1200
100 128
100 66
100 595
100 184
100 74
100 395
100 139
100 866
100 356
100 198
100 347
100 118
100 198
100 318
100 134
100 213
100 482
100 119
100 131
100 621
100 73
100 42
100 74
100 557
100 167
100 161
100 170
100 536
100 320
100 556
100 14
100 74
100 222
100 124
100 802
100 345
100 86
100 301
100 148
100 121
100 135
100 178
100 350
100 287
100 1078
100 409
100 435
100 902
100 129
100 180
100 33
100 409
100 461
100 100
100 172
100 205
100 55
100 357
100 392
100 930
100 147
100 289
100 304
100 25
100 136
100 663
100 139
100 63
100 161
100 92
100 1474
100 56
100 300
100 365
100 22
100 63
100 24
100 41
100 196
100 433
100 31
100 252
100 267
100 516
100 336
100 346
100 407
100 240
100 433
100 526
100 98
100 54
100 486
100 27
100 242
100 62
100 123
100 261
100 242
100 690
100 425
100 315
100 41
100 280
100 222
100 140
100 66
100 283
100 183
100 67
100 9
100 606
100 109
100 439
100 770
100 465
100 126
100 528
100 302
100 1218
100 95
100 51
100 652
100 102
100 631
100 32
100 531
100 21
100 391
100 75
100 244
100 77
100 44
100 256
100 661
100 7
100 249
100 17
100 50
100 322
100 311
100 967
100 965
100 86
100 84
100 1155
100 74
100 155
100 55
100 74
100 86
100 14
100 124
100 59
100 1818
100 111
100 280
100 330
100 21
100 118
100 178
100 53
100 36
100 667
100 530
100 729
100 288
100 951
100 130
100 2
100 70
100 597
100 53
100 804
100 10
100 299
100 111
100 170
100 155
100 293
100 322
100 741
100 135
100 162
100 127
100 125
100 73
100 667
100 231
100 272
100 348
100 33
100 618
100 142
100 101
100 341
100 2
100 712
100 75
100 818
100 174
100 103
100 289
100 431
100 154
100 67
100 264
100 71
100 102
100 422
100 268
100 53
100 50
100 248
100 55
100 41
100 994
100 41
100 409
100 721
100 77
100 193
100 309
100 778
100 115
100 39
100 315
100 143
100 37
100 463
100 33
100 249
100 305
100 857
100 36
100 398
100 3
100 287
100 27
100 131
100 64
100 149
100 445
100 405
100 110
100 45
100 171
100 97
100 278
100 0
100 337
100 169
100 705
100 68
100 125
100 160
100 110
100 275
100 103
100 74
100 245
100 74
100 181
100 74
100 59
100 1437
100 498
100 213
100 108
100 639
100 160
100 158
100 770
100 349
100 283
100 176
100 513
100 69
100 126
100 518
100 8
100 70
100 330
100 118
100 43
100 65
100 785
100 128
100 81
100 36
100 51
100 414
100 160
100 115
100 289
100 64
100 561
100 34
100 56
100 331
100 576
100 149
100 1
100 338
100 34
100 31
100 507
100 36
100 234
100 145
100 82
100 81
100 29
100 86
100 887
100 217
100 537
100 212
100 90
100 68
100 746
100 284
100 190
100 462
100 538
100 108
100 176
100 38
100 210
100 177
100 91
100 69
100 67
100 725
100 4
100 73
100 520
100 325
100 1126
100 63
100 15
100 170
100 365
100 472
100 92
100 22
100 90
100 196
100 48
100 2
100 153
100 170
100 99
100 643
100 101
100 193
100 557
100 130
100 260
100 283
100 5
100 2
100 28
100 2047
100 173
100 853
100 288
100 83
100 153
100 93
100 22
100 904
100 383
100 31
100 1013
100 28
100 183
100 42
100 227
100 995
100 380
100 547
100 169
100 30
100 677
100 345
100 161
100 235
100 339
100 238
100 21
100 44
100 194
100 198
100 495
100 234
100 873
100 167
100 17
100 233
100 93
100 485
100 3
100 45
100 126
100 301
100 159
100 192
100 404
100 874
100 466
100 824
100 419
100 187
100 67
100 129
100 233
100 163
100 386
100 446
100 379
100 279
100 513
100 314
100 796
100 25
100 38
100 369
100 13
100 210
100 214
100 30
100 153
100 118
100 7
100 50
100 127
100 233
100 602
100 147
100 37
100 250
100 195
100 135
100 129
100 295
100 234
100 124
100 59
100 64
100 373
100 329
100 410
100 99
100 937
100 204
100 198
100 7
100 21
100 186
100 84
100 522
100 109
100 491
100 5
100 66
100 841
100 79
100 681
100 78
100 157
100 337
100 556
100 204
100 68
100 707
100 957
100 171
100 138
100 478
100 46
100 234
100 93
100 668
100 520
100 284
100 314
100 851
100 493
100 329
100 224
100 306
100 610
100 203
100 1084
100 113
100 97
100 725
100 143
100 49
100 241
100 415
100 174
100 71
100 168
100 111
100 50
100 252
100 220
100 45
100 87
100 30
100 133
100 706
100 375
100 122
100 128
100 28
100 593
100 28
100 170
100 42
100 14
100 18
100 1027
100 667
100 106
100 7
100 22
100 166
100 64
100 24
100 537
100 202
100 133
100 33
100 416
100 147
100 35
100 586
100 96
100 197
100 1111
100 43
100 269
100 66
100 1022
100 62
100 22
100 654
100 134
100 450
100 163
100 40
100 268
100 460
100 376
100 135
100 342
100 637
100 483
100 232
100 364
100 53
100 146
100 1050
100 95
100 75
100 26
100 530
100 50
100 13
100 243
100 104
100 337
100 15
100 384
100 6
100 18
100 231
100 121
100 331
100 888
100 293
100 146
100 202
100 245
100 248
100 825
100 22
100 89
100 77
100 181
100 98
100 242
100 54
100 527
100 81
100 177
100 153
100 253
100 103
100 207
100 454
100 68
100 294
100 1198
100 296
100 237
100 154
100 267
100 570
100 191
100 156
100 83
100 356
100 77
100 281
100 97
100 242
100 369
100 137
100 535
100 119
100 244
100 132
100 6
100 305
100 439
100 729
100 539
100 17
100 181
100 229
100 990
100 377
100 124
100 79
100 548
100 192
100 231
100 166
100 18
100 62
100 66
100 208
100 340
100 121
100 557
100 290
100 22
100 25
100 399
100 1169
100 193
100 125
100 396
100 284
100 20
100 17
100 293
100 290
100 174
100 19
100 48
100 5
100 208
100 116
100 40
100 300
100 461
100 24
100 560
100 79
100 44
100 15
100 122
100 786
100 13
100 465
100 361
100 43
100 144
100 29
100 19
100 15
100 580
100 518
100 92
100 20
100 102
100 893
100 87
100 718
100 111
100 376
100 171
100 110
100 17
100 16
100 17
100 536
100 290
100 956
100 753
100 139
100 433
100 3
100 116
100 148
100 279
100 116
100 75
100 300
100 227
100 108
100 207
100 10
100 35
100 521
100 11
100 283
100 115
100 649
100 294
100 159
100 223
100 549
100 775
100 260
100 95
100 392
100 297
100 58
100 192
100 207
100 219
100 13
100 17
100 18
100 523
100 73
100 141
100 225
100 194
100 733
100 14
100 6
100 61
100 183
100 192
100 312
100 19
100 316
100 108
100 23
100 61
100 589
100 75
100 580
100 350
100 100
100 531
100 70
100 79
100 71
100 497
100 84
100 36
100 43
100 898
100 352
100 6
100 450
100 401
100 124
100 666
100 1481
100 245
100 99
100 411
100 393
100 56
100 83
100 353
100 320
100 86
100 241
100 213
100 90
100 10
100 768
100 59
100 263
100 242
100 584
100 168
100 85
100 167
100 58
100 428
100 584
100 193
100 130
100 60
100 67
100 583
100 394
100 379
100 466
100 25
100 591
100 83
100 66
100 489
100 148
100 590
100 1365
100 888
100 48
100 264
100 105
100 336
100 419
100 159
100 793
100 8
100 91
100 93
100 180
100 110
100 1
100 664
100 235
100 224
100 1
100 850
100 378
100 71
100 490
100 506
100 470
100 323
100 96
100 180
100 13
100 449
100 366
100 238
100 196
100 210
100 359
100 65
100 26
100 526
100 115
100 173
100 18
100 118
100 184
100 261
100 226
100 301
100 56
100 48
100 241
100 289
100 747
100 518
100 194
100 369
100 2
100 264
100 211
100 313
100 589
100 349
100 478
100 19
100 40
100 256
100 410
100 142
100 9
100 141
100 174
100 280
100 668
100 27
100 353
100 156
100 319
100 586
100 208
100 43
100 89
100 57
100 77
100 376
100 459
100 1
100 132
100 195
100 75
100 32
100 176
100 294
100 224
100 353
100 133
100 195
100 270
100 198
100 95
100 290
100 316
100 1
100 366
100 281
100 865
100 522
100 558
100 427
100 191
100 25
100 259
100 414
100 277
100 552
100 328
100 202
100 372
100 81
100 733
100 32
100 344
100 95
100 319
100 5
100 1860
100 177
100 278
100 1
100 19
100 3
100 145
100 25
100 118
100 127
100 997
100 561
100 46
100 195
100 139
100 89
100 233
100 268
100 132
100 84
100 544
100 95
100 172
100 90
100 207
100 471
100 301
100 48
100 12
100 530
100 184
100 110
100 46
100 211
100 230
100 0
100 359
100 10
100 90
100 118
100 112
100 262
100 31
100 479
100 119
100 131
100 102
100 1079
100 58
100 682
100 220
100 599
100 31
100 132
100 55
100 255
100 7
100 493
100 23
100 1221
100 1552
100 27
100 10
100 43
100 239
100 308
100 156
100 2
100 579
100 486
100 544
100 141
100 436
100 178
100 390
100 40
100 28
100 500
100 61
100 736
100 123
100 193
100 216
100 326
100 465
100 1285
100 118
100 44
100 106
100 420
100 61
100 404
100 43
100 366
100 260
100 29
100 537
100 746
100 66
100 15
100 221
100 242
100 135
100 37
100 86
100 21
100 123
100 47
100 251
100 80
100 168
100 524
100 142
100 370
100 171
100 291
100 4
100 783
100 352
100 512
100 127
100 438
100 37
100 37
100 571
100 736
100 142
100 179
100 31
100 507
100 319
100 183
100 44
100 1260
100 192
100 550
100 29
100 690
100 469
100 105
100 70
100 11
100 68
100 506
100 98
100 284
100 33
100 93
100 44
100 56
100 63
100 181
100 499
100 243
100 151
100 812
100 2
100 949
100 51
100 133
100 962
100 224
100 0
100 593
100 30
100 1412
100 1742
100 26
100 125
100 5
100 605
100 121
100 130
100 873
100 81
100 749
100 167
100 105
100 85
100 221
100 163
100 29
100 538
100 17
100 34
100 206
100 31
100 141
100 453
100 1
100 5
100 157
100 54
100 111
100 228
100 161
100 152
100 79
100 437
100 80
100 466
100 91
100 79
100 262
100 174
100 123
100 970
100 191
100 3
100 310
100 50
100 85
100 174
100 209
100 181
100 94
100 748
100 48
100 136
100 201
100 498
100 59
100 72
100 77
100 62
100 211
100 416
100 174
100 170
100 256
100 519
100 547
100 796
100 199
100 120
100 193
100 47
100 127
100 121
100 355
100 359
100 118
100 893
100 456
100 62
100 303
100 173
100 297
100 61
100 1333
100 92
100 33
100 129
100 583
100 229
100 228
100 23
100 5
100 8
100 47
100 231
100 4
100 212
100 363
100 694
100 425
100 22
100 853
100 204
100 276
100 6
100 175
100 355
100 117
100 206
100 692
100 225
100 41
100 89
100 253
100 1
100 174
100 376
100 114
100 311
100 862
100 44
100 757
100 601
100 120
100 88
100 109
100 336
100 842
100 576
100 54
100 375
100 194
100 8
100 215
100 133
100 980
100 27
100 79
100 213
100 26
100 302
100 269
100 14
100 177
100 25
100 25
100 20
100 2
100 123
100 437
100 66
100 0
100 748
100 95
100 94
100 423
100 638
100 415
100 570
100 392
100 800
100 287
100 575
100 134
100 261
100 14
100 205
100 254
100 21
100 537
100 295
100 759
100 189
100 673
100 1085
100 63
100 514
100 282
100 660
100 154
100 183
100 284
100 1495
100 62
100 230
100 11
100 196
100 446
100 25
100 336
100 159
100 133
100 1102
100 117
100 247
100 58
100 32
100 361
100 1452
100 13
100 427
100 65
100 31
100 279
100 394
100 380
100 1103
100 352
100 1
100 10
100 15
100 1391
100 880
100 288
100 388
100 60
100 169
100 19
100 70
100 305
100 56
100 315
100 196
100 554
100 89
100 168
100 275
100 708
100 627
100 653
100 63
100 862
100 83
100 1232
100 83
100 531
100 206
100 34
100 119
100 124
100 953
100 286
100 194
100 28
100 112
100 219
100 517
100 236
100 535
100 220
100 124
100 162
100 1091
100 254
100 76
100 6
100 10
100 153
100 189
100 203
100 28
100 200
100 245
100 316
100 67
100 34
100 143
100 737
100 174
100 70
100 599
100 68
100 105
100 457
100 35
100 952
100 40
100 446
100 600
100 538
100 74
100 178
100 37
100 417
100 73
100 116
100 10
100 109
100 0
100 132
100 598
100 58
100 36
100 203
100 81
100 121
100 679
100 378
100 8
100 678
100 233
100 297
100 408
100 161
100 75
100 265
100 512
100 421
100 630
100 292
100 672
100 608
100 115
100 35
100 903
100 105
100 329
100 219
100 125
100 378
100 79
100 314
100 240
100 227
100 70
100 441
100 284
100 75
100 135
100 82
100 82
100 313
100 112
100 167
100 139
100 177
100 4
100 499
100 178
100 267
100 166
100 83
100 122
100 463
100 116
100 179
100 29
100 773
100 773
100 31
100 5
100 9
100 108
100 342
100 18
100 96
100 740
100 96
100 44
100 101
100 81
100 73
100 351
100 149
100 1062
100 399
100 12
100 88
100 262
100 405
100 140
100 407
100 132
100 45
100 87
100 623
100 119
100 573
100 598
100 294
100 60
100 326
100 28
100 137
100 48
100 46
100 175
100 346
100 571
100 390
100 600
100 21
100 463
100 715
100 442
100 3
100 492
100 80
100 230
100 28
100 396
100 217
100 107
100 234
100 270
100 326
100 367
100 153
100 49
100 784
100 121
100 513
100 142
100 66
100 296
100 73
100 1059
100 81
100 14
100 187
100 280
100 255
100 730
100 877
100 285
100 111
100 19
100 129
100 63
100 47
100 256
100 1427
100 17
100 309
100 51
100 96
100 735
100 436
100 19
100 352
100 114
100 148
100 602
100 94
100 358
100 119
100 34
100 403
100 868
100 114
100 165
100 224
100 749
100 233
100 487
100 508
100 222
100 88
100 259
100 179
100 6
100 35
100 1375
100 342
100 290
100 53
100 92
100 0
100 672
100 115
100 283
100 39
100 385
100 59
100 187
100 92
100 151
100 132
100 455
100 1067
100 99
100 0
100 3
100 576
100 1308
100 18
100 28
100 1132
100 641
100 253
100 182
100 390
100 1541
100 262
100 53
100 191
100 651
100 168
100 303
100 459
100 64
100 117
100 606
100 54
100 95
100 790
100 174
100 320
100 185
100 182
100 160
100 230
100 431
100 258
100 20
100 165
100 118
100 875
100 312
100 585
100 59
100 219
100 486
100 623
100 349
100 52
100 139
100 347
100 433
100 392
100 227
100 172
100 199
100 550
100 99
100 126
100 393
100 83
100 74
100 158
100 156
100 122
100 1483
100 391
100 375
100 234
100 24
100 282
100 129
100 119
100 126
100 74
100 219
100 571
100 312
100 397
100 100
100 72
100 137
100 132
100 471
100 65
100 1220
100 0
100 124
100 1039
100 430
100 379
100 97
100 5
100 167
100 75
100 393
100 6
100 134
100 250
100 357
100 48
100 164
100 697
100 43
100 106
100 122
100 152
100 230
100 283
100 147
100 8
100 382
100 66
100 185
100 246
100 543
100 242
100 114
100 632
100 1003
100 752
100 4
100 1084
100 106
100 181
100 135
100 87
100 42
100 404
100 18
100 20
100 43
100 20
100 205
100 14
100 98
100 161
100 124
100 81
100 80
100 454
100 166
100 204
100 285
100 324
100 68
100 190
100 477
100 52
100 114
100 296
100 47
100 12
100 344
100 882
100 330
100 285
100 162
100 327
100 27
100 383
100 54
100 149
100 59
100 64
100 123
100 372
100 234
100 1765
100 76
100 463
100 697
100 198
100 20
100 106
100 105
100 272
100 616
100 126
100 171
100 60
100 554
100 627
100 86
100 216
100 43
100 518
100 297
100 446
100 42
100 442
100 113
100 93
100 26
100 42
100 163
100 99
100 16
100 299
100 157
100 244
100 84
100 593
100 124
100 62
100 321
100 494
100 428
100 575
100 8
100 313
100 321
100 200
100 41
100 381
100 342
100 168
100 266
100 30
100 87
100 16
100 235
100 1022
100 8
100 32
100 588
100 611
100 299
100 235
100 749
100 63
100 318
100 257
100 1013
100 245
100 651
100 1250
100 487
100 1265
100 83
100 281
100 126
100 492
100 263
100 63
100 182
100 345
100 297
100 406
100 579
100 39
100 60
100 353
100 28
100 23
100 286
100 75
100 506
100 211
100 21
100 164
100 29
100 126
100 65
100 427
100 48
100 160
100 430
100 73
100 105
100 22
100 13
100 191
100 354
100 613
100 117
100 409
100 775
100 96
100 187
100 8
100 481
100 117
100 3
100 539
100 95
100 274
100 184
100 104
100 565
100 182
100 192
100 11
100 235
100 87
100 211
100 34
100 297
100 251
100 7
100 293
100 670
100 152
100 73
100 105
100 16
100 314
100 417
100 617
100 88
100 69
100 688
100 123
100 362
100 273
100 116
100 355
100 1103
100 188
100 417
100 597
100 336
100 304
100 881
100 187
100 9
100 34
100 226
100 324
100 366
100 46
100 307
100 279
100 24
100 145
100 388
100 212
100 529
100 364
100 25
100 242
100 384
100 114
100 322
100 375
100 59
100 416
100 222
100 161
100 167
100 483
100 55
100 29
100 310
100 149
100 181
100 35
100 218
100 171
100 69
100 255
100 445
100 959
100 254
100 87
100 118
100 260
100 30
100 35
100 113
100 201
100 191
100 36
100 285
100 200
100 14
100 563
100 113
100 204
100 56
100 17
100 59
100 299
100 98
100 34
100 365
100 516
100 849
100 362
100 481
100 172
100 128
100 261
100 17
100 158
100 356
100 12
100 161
100 284
100 695
100 122
100 34
100 14
100 56
100 250
100 57
100 675
100 119
100 493
100 337
100 143
100 317
100 514
100 0
100 139
100 169
100 2
100 256
100 183
100 191
100 593
100 140
100 160
100 623
100 321
100 268
100 282
100 287
100 85
100 422
100 168
100 76
100 227
100 66
100 206
100 350
100 38
100 96
100 310
100 118
100 80
100 265
100 244
100 12
100 953
100 10
100 245
100 604
100 156
100 184
100 257
100 44
100 1196
100 120
100 135
100 88
100 1193
100 12
100 190
100 58
100 412
100 364
100 63
100 626
100 101
100 157
100 1492
100 1158
100 156
100 78
100 797
100 528
100 591
100 27
100 280
100 312
100 80
100 73
100 230
100 433
100 725
100 825
100 38
100 142
100 459
100 106
100 474
100 7
100 194
100 322
100 267
100 39
100 383
100 293
100 31
100 319
100 37
100 449
100 622
100 15
100 269
100 77
100 294
100 113
100 396
100 299
100 33
100 18
100 343
100 349
100 60
100 688
100 584
100 95
100 176
100 343
100 139
100 93
100 106
100 13
100 76
100 39
100 34
100 58
100 124
100 257
100 569
100 70
100 234
100 48
100 113
100 215
100 156
100 212
100 365
100 302
100 217
100 451
100 109
100 399
100 242
100 291
100 360
100 119
100 82
100 45
100 87
100 71
100 45
100 127
100 166
100 269
100 97
100 418
100 148
100 416
100 196
100 520
100 594
100 171
100 152
100 80
100 189
100 23
100 1222
100 955
100 117
100 81
100 84
100 3
100 17
100 514
100 118
100 504
100 77
100 114
100 108
100 34
100 697
100 730
100 189
100 51
100 201
100 273
100 37
100 108
100 81
100 5
100 621
100 145
100 56
100 139
100 284
100 600
100 84
100 68
100 98
100 76
100 32
100 596
100 23
100 47
100 396
100 756
100 46
100 391
100 152
100 367
100 36
100 125
100 27
100 140
100 13
100 102
100 79
100 22
100 236
100 74
100 110
100 98
100 928
100 341
100 299
100 250
100 1149
100 300
100 598
100 174
100 1436
100 600
100 77
100 272
100 69
100 508
100 155
100 619
100 46
100 571
100 302
100 130
100 131
100 113
100 53
100 17
100 353
100 87
100 325
100 127
100 37
100 893
100 59
100 28
100 8
100 117
100 240
100 651
100 180
100 479
100 575
100 66
100 138
100 242
100 68
100 88
100 334
100 139
100 116
100 106
100 222
100 81
100 215
100 69
100 435
100 126
100 59
100 245
100 176
100 214
100 115
100 0
100 117
100 93
100 379
100 341
100 630
100 260
100 87
100 6
100 41
100 162
100 57
100 84
100 288
100 696
100 128
100 389
100 334
100 189
100 340
100 490
100 319
100 259
100 62
100 253
100 842
100 587
100 348
100 119
100 224
100 200
100 18
100 120
100 125
100 140
100 793
100 526
100 45
100 197
100 25
100 155
100 16
100 1078
100 683
100 75
100 414
100 664
100 459
100 338
100 202
100 1241
100 177
100 141
100 383
100 97
100 95
100 680
100 302
100 671
100 12
100 672
100 237
100 106
100 136
100 21
100 168
100 151
100 210
100 292
100 115
100 57
100 157
100 127
100 217
100 277
100 617
100 326
100 134
100 74
100 203
100 26
100 167
100 61
100 60
100 722
100 35
100 326
100 46
100 2031
100 198
100 300
100 17
100 242
100 39
100 194
100 119
100 40
100 21
100 472
100 117
100 84
100 58
100 281
100 405
100 457
100 143
100 24
100 37
100 19
100 443
100 82
100 14
100 107
100 322
100 760
100 406
100 11
100 284
100 52
100 191
100 100
100 473
100 200
100 351
100 174
100 90
100 452
100 142
100 217
100 71
100 302
100 227
100 85
100 176
100 256
100 106
100 75
100 741
100 125
100 52
100 97
100 166
100 352
100 233
100 2
100 48
100 87
100 251
100 383
100 47
100 55
100 5
100 634
100 284
100 830
100 71
100 33
100 85
100 70
100 425
100 699
100 594
100 986
100 80
100 243
100 128
100 119
100 51
100 445
100 203
100 156
100 95
100 536
100 443
100 112
100 223
100 14
100 934
100 231
100 102
100 92
100 457
100 6
100 16
100 327
100 5
100 291
100 222
100 40
100 52
100 9
100 69
100 1216
100 27
100 197
100 140
100 150
100 18
100 798
100 256
100 42
100 50
100 496
100 41
100 10
100 123
100 247
100 6
100 186
100 646
100 733
100 848
100 191
100 38
100 437
100 1
100 924
100 64
100 247
100 780
100 65
100 699
100 74
100 982
100 35
100 263
100 1
100 576
100 71
100 136
100 474
100 36
100 88
100 27
100 46
100 212
100 188
100 45
100 38
100 207
100 96
100 905
100 137
100 314
100 215
100 651
100 228
100 193
100 623
100 115
100 402
100 330
100 131
100 221
100 29
100 323
100 478
100 85
100 120
100 448
100 120
100 364
100 210
100 20
100 148
100 93
100 78
100 53
100 65
100 3
100 220
100 681
100 4
100 136
100 155
100 14
100 310
100 394
100 275
100 166
100 330
100 1223
100 53
100 315
100 242
100 164
100 208
100 24
100 415
100 163
100 100
100 457
100 569
100 8
100 287
100 241
100 418
100 188
100 32
100 83
100 220
100 154
100 50
100 253
100 10
100 322
100 647
100 273
100 903
100 71
100 111
100 871
100 43
100 1562
100 45
100 717
100 396
100 188
100 354
100 90
100 377
100 60
100 17
100 42
100 224
100 152
100 286
100 700
100 10
100 905
100 79
100 91
100 197
100 188
100 268
100 402
100 1062
100 661
100 409
100 575
100 68
100 279
100 150
100 143
100 222
100 502
100 269
100 179
100 473
100 206
100 30
100 260
100 73
100 21
100 337
100 14
100 24
100 353
100 290
100 263
100 35
100 202
100 220
100 59
100 153
100 131
100 20
100 203
100 209
100 57
100 110
100 595
100 130
100 32
100 694
100 79
100 1043
100 480
100 217
100 23
100 282
100 479
100 80
100 40
100 79
100 195
100 300
100 26
100 68
100 350
100 1040
100 20
100 519
100 141
100 47
100 272
100 597
100 38
100 355
100 237
100 877
100 30
100 298
100 266
100 308
100 37
100 921
100 6
100 60
100 225
100 15
100 49
100 267
100 1
100 109
100 943
100 483
100 27
100 360
100 384
100 82
100 967
100 316
100 158
100 99
100 1299
100 173
100 514
100 182
100 70
100 701
100 116
100 41
100 94
100 274
100 109
100 81
100 55
100 140
100 157
100 607
100 473
100 441
100 272
100 33
100 135
100 176
100 129
100 491
100 292
100 15
100 672
100 326
100 500
100 386
100 381
100 346
100 835
100 112
100 918
100 29
100 486
100 219
100 108
100 259
100 13
100 224
100 228
100 723
100 8
100 228
100 362
100 1801
100 269
100 14
100 550
100 84
100 325
100 3
100 214
100 211
100 35
100 838
100 21
100 86
100 38
100 428
100 253
100 561
100 113
100 77
100 408
100 517
100 268
100 101
100 1069
100 1283
100 213
100 29
100 30
100 426
100 20
100 116
100 11
100 286
100 208
100 271
100 215
100 1640
100 369
100 34
100 21
100 160
100 237
100 251
100 0
100 15
100 960
100 203
100 157
100 731
100 185
100 21
100 296
100 1115
100 218
100 121
100 39
100 56
100 163
100 517
100 550
100 270
100 362
100 47
100 214
100 60
100 761
100 270
100 168
100 42
100 9
100 7
100 246
100 1462
100 72
100 82
100 449
100 176
100 201
100 612
100 24
100 734
100 786
100 76
100 418
100 260
100 129
100 426
100 225
100 110
100 288
100 464
100 464
100 279
100 1336
100 33
100 64
100 1047
100 24
100 208
100 512
100 21
100 705
100 570
100 712
100 211
100 270
100 98
100 173
100 113
100 102
100 316
100 55
100 720
100 397
100 49
100 214
100 130
100 267
100 288
100 351
100 604
100 123
100 106
100 252
100 577
100 269
100 299
100 145
100 83
100 547
100 346
100 468
100 199
100 425
100 9
100 52
100 62
100 376
100 106
100 103
100 34
100 72
100 409
100 141
100 279
100 165
100 777
100 113
100 187
100 557
100 467
100 551
100 23
100 27
100 529
100 17
100 250
100 34
100 132
100 22
100 49
100 84
100 145
100 26
100 70
100 87
100 8
100 129
100 171
100 76
100 120
100 491
100 41
100 211
100 611
100 345
100 634
100 66
100 126
100 84
100 263
100 304
100 838
100 280
100 646
100 73
100 149
100 44
100 245
100 51
100 69
100 226
100 160
100 242
100 436
100 256
100 153
100 596
100 233
100 100
100 161
100 6
100 277
100 69
100 43
100 145
100 151
100 89
100 1272
100 24
100 284
100 490
100 292
100 26
100 242
100 155
100 102
100 79
100 202
100 298
100 80
100 464
100 252
100 45
100 585
100 33
100 1493
100 136
100 53
100 145
100 180
100 369
100 195
100 74
100 200
100 45
100 27
100 191
100 68
100 312
100 186
100 7
100 71
100 141
100 51
100 621
100 572
100 167
100 80
100 1110
100 110
100 488
100 76
100 55
100 62
100 104
100 199
100 99
100 251
100 43
100 115
100 1
100 617
100 6
100 67
100 109
100 372
100 492
100 535
100 447
100 743
100 431
100 237
100 683
100 314
100 603
100 529
100 487
100 226
100 41
100 23
100 348
100 205
100 203
100 30
100 24
100 509
100 218
100 25
100 128
100 171
100 152
100 275
100 1427
100 144
100 109
100 258
100 51
100 82
100 331
100 33
100 204
100 60
100 84
100 200
100 279
100 163
100 160
100 296
100 315
100 11
100 190
100 178
100 114
100 9
100 268
100 309
100 204
100 4
100 386
100 678
100 135
100 348
100 685
100 142
100 296
100 134
100 664
100 536
100 477
100 100
100 774
100 347
100 149
100 116
100 78
100 31
100 104
100 196
100 251
100 55
100 20
100 52
100 275
100 43
100 260
100 37
100 98
100 40
100 679
100 143
100 813
100 580
100 256
100 87
100 1276
100 163
100 368
100 51
100 201
100 360
100 271
100 41
100 174
100 572
100 43
100 90
100 145
100 732
100 6
100 848
100 442
100 133
100 200
100 173
100 221
100 348
100 65
100 300
100 248
100 294
100 177
100 414
100 239
100 416
100 19
100 15
100 648
100 210
100 65
100 398
100 79
100 376
100 136
100 2
100 49
100 290
100 95
100 21
100 463
100 445
100 984
100 136
100 709
100 267
100 480
100 3
100 183
100 97
100 88
100 28
100 670
100 35
100 18
100 123
100 227
100 102
100 477
100 208
100 167
100 12
100 2
100 28
100 502
100 43
100 499
100 340
100 157
100 42
100 279
100 158
100 339
100 315
100 228
100 99
100 48
100 1187
100 194
100 84
100 24
100 33
100 1164
100 436
100 821
100 238
100 40
100 270
100 195
100 714
100 42
100 258
100 0
100 346
100 807
100 79
100 10
100 518
100 285
100 147
100 100
100 421
100 155
100 136
100 267
100 31
100 772
100 4
100 461
100 65
100 352
100 138
100 423
100 185
100 131
100 132
100 36
100 363
100 131
100 254
100 184
100 33
100 424
100 275
100 752
100 622
100 397
100 1013
100 649
100 2
100 843
100 40
100 98
100 368
100 496
100 296
100 228
100 371
100 165
100 267
100 68
100 253
100 222
100 225
100 147
100 65
100 12
100 227
100 192
100 104
100 134
100 14
100 807
100 249
100 216
100 268
100 410
100 433
100 973
100 844
100 282
100 107
100 204
100 372
100 89
100 466
100 284
100 282
100 54
100 48
100 220
100 114
100 45
100 475
100 13
100 668
100 237
100 422
100 77
100 287
100 76
100 551
100 95
100 252
100 217
100 158
100 20
100 28
100 57
100 55
100 94
100 448
100 123
100 43
100 162
100 114
100 43
100 1
100 301
100 46
100 1292
100 8
100 241
100 438
100 150
100 73
100 274
100 132
100 28
100 444
100 26
100 30
100 26
100 3
100 482
100 316
100 143
100 188
100 242
100 18
100 142
100 195
100 88
100 120
100 261
100 136
100 17
100 101
100 1269
100 40
100 159
100 207
100 59
100 575
100 352
100 47
100 130
100 191
100 410
100 326
100 192
100 507
100 245
100 475
100 248
100 265
100 407
100 282
100 90
100 166
100 8
100 184
100 379
100 9
100 412
100 362
100 59
100 475
100 128
100 84
100 106
100 0
100 148
100 198
100 33
100 41
100 194
100 228
100 180
100 36
100 962
100 0
100 10
100 202
100 119
100 247
100 63
100 585
100 162
100 426
100 99
100 104
100 57
100 77
100 61
100 146
100 94
100 76
100 756
100 82
100 233
100 75
100 326
100 264
100 78
100 154
100 62
100 173
100 26
100 307
100 21
100 260
100 58
100 182
100 51
100 467
100 110
100 35
100 142
100 130
100 81
100 681
100 79
100 107
100 539
100 4
100 32
100 74
100 79
100 91
100 219
100 203
100 75
100 707
100 417
100 38
100 7
100 45
100 230
100 18
100 136
100 155
100 260
100 68
100 714
100 67
100 61
100 400
100 351
100 463
100 680
100 149
100 403
100 203
100 11
100 274
100 548
100 48
100 15
100 105
100 127
100 138
100 577
100 202
100 454
100 21
100 99
100 497
100 761
100 83
100 27
100 15
100 6
100 72
100 370
100 60
100 87
100 333
100 227
100 57
100 135
100 192
100 67
100 231
100 28
100 122
100 452
100 72
100 810
100 271
100 432
100 101
100 189
100 380
100 521
100 141
100 102
100 307
100 28
100 26
100 220
100 466
100 114
100 127
100 375
100 402
100 273
100 92
100 115
100 144
100 82
100 385
100 143
100 51
100 84
100 812
100 143
100 166
100 164
100 152
100 234
100 153
100 580
100 299
100 50
100 103
100 72
100 259
100 447
100 529
100 163
100 118
100 119
100 803
100 18
100 321
100 22
100 303
100 388
100 45
100 43
100 175
100 423
100 374
100 92
100 479
100 148
100 201
100 64
100 187
100 533
100 578
100 237
100 26
100 99
100 26
100 822
100 36
100 10
100 816
100 2
100 79
100 4
100 35
100 214
100 38
100 238
100 128
100 92
100 309
100 461
100 178
100 48
100 262
100 356
100 14
100 369
100 677
100 182
100 132
100 4
100 50
100 85
100 1253
100 862
100 231
100 3
100 242
100 158
100 169
100 44
100 7
100 249
100 84
100 133
100 341
100 36
100 208
100 317
100 128
100 365
100 83
100 142
100 407
100 60
100 185
100 86
100 233
100 119
100 360
100 217
100 356
100 50
100 190
100 206
100 323
100 353
100 135
100 80
100 833
100 145
100 1019
100 454
100 45
100 65
100 111
100 22
100 138
100 160
100 162
100 81
100 79
100 66
100 40
100 13
100 513
100 288
100 269
100 941
100 320
100 38
100 17
100 68
100 129
100 246
100 19
100 373
100 383
100 1
100 339
100 1022
100 19
100 468
100 75
100 1164
100 200
100 104
100 62
100 208
100 259
100 66
100 528
100 234
100 305
100 134
100 691
100 43
100 72
100 47
100 280
100 25
100 407
100 163
100 74
100 507
100 18
100 221
100 215
100 381
100 77
100 104
100 1176
100 153
100 314
100 246
100 419
100 63
100 92
100 465
100 317
100 145
100 62
100 361
100 468
100 471
100 29
100 507
100 86
100 1237
100 158
100 214
100 456
100 155
100 91
100 139
100 682
100 49
100 489
100 313
100 53
100 212
100 351
100 183
100 92
100 218
100 326
100 335
100 56
100 686
100 272
100 149
100 808
100 961
100 608
100 851
100 247
100 728
100 244
100 220
100 102
100 77
100 731
100 1051
100 39
100 284
100 10
100 211
100 176
100 15
100 118
100 64
100 92
100 35
100 216
100 19
100 66
100 160
100 195
100 134
100 361
100 538
100 492
100 98
100 709
100 20
100 223
100 279
100 88
100 141
100 101
100 1018
100 195
100 41
100 322
100 313
100 524
100 592
100 88
100 184
100 379
100 307
100 91
100 32
100 175
100 647
100 48
100 266
100 631
100 68
100 235
100 396
100 136
100 433
100 1325
100 106
100 866
100 109
100 345
100 214
100 88
100 397
100 64
100 14
100 1142
100 1291
100 518
100 320
100 122
100 233
100 10
100 68
100 141
100 100
100 1606
100 311
100 262
100 87
100 63
100 11
100 183
100 159
100 242
100 106
100 206
100 339
100 162
100 1162
100 97
100 13
100 618
100 79
100 144
100 336
100 6
100 72
100 76
100 173
100 108
100 160
100 19
100 255
100 141
100 502
100 21
100 488
100 22
100 269
100 288
100 1358
100 26
100 635
100 144
100 216
100 322
100 72
100 283
100 274
100 216
100 176
100 371
100 102
100 616
100 44
100 111
100 240
100 74
100 107
100 105
100 655
100 769
100 76
100 3
100 0
100 234
100 88
100 350
100 737
100 431
100 54
100 93
100 74
100 844
100 3
100 270
100 973
100 421
100 0
100 60
100 26
100 67
100 1118
100 499
100 107
100 80
100 21
100 26
100 207
100 109
100 285
100 299
100 277
100 181
100 518
100 966
100 86
100 17
100 137
100 288
100 409
100 449
100 78
100 384
100 157
100 5
100 300
100 371
100 2
100 89
100 200
100 548
100 61
100 100
100 288
100 55
100 133
100 423
100 1518
100 67
100 224
100 75
100 12
100 310
100 90
100 361
100 398
100 406
100 134
100 395
100 160
100 116
100 357
100 33
100 39
100 505
100 180
100 12
100 497
100 199
100 471
100 446
100 441
100 136
100 287
100 15
100 810
100 159
100 105
100 665
100 2
100 181
100 6
100 523
100 376
100 558
100 236
100 170
100 284
100 2
100 274
100 50
100 38
100 111
100 92
100 51
100 7
100 0
100 27
100 342
100 94
100 107
100 653
100 1444
100 634
100 318
100 834
100 374
100 334
100 368
100 342
100 571
100 328
100 72
100 985
100 3
100 499
100 40
100 256
100 159
100 126
100 406
100 95
100 486
100 119
100 372
100 318
100 9
100 206
100 406
100 329
100 308
100 211
100 55
100 506
100 16
100 277
100 122
100 12
100 530
100 218
100 20
100 202
100 111
100 408
100 39
100 64
100 212
100 310
100 264
100 99
100 524
100 59
100 52
100 387
100 421
100 177
100 234
100 141
100 291
100 371
100 383
100 291
100 296
100 198
100 271
100 18
100 75
100 429
100 95
100 274
100 507
100 364
100 102
100 110
100 299
100 37
100 104
100 139
100 288
100 683
100 39
100 384
100 106
100 831
100 86
100 285
100 302
100 94
100 440
100 189
100 523
100 162
100 4
100 397
100 668
100 491
100 204
100 226
100 197
100 647
100 707
100 50
100 166
100 291
100 106
100 69
100 330
100 579
100 9
100 534
100 194
100 88
100 178
100 607
100 65
100 250
100 48
100 528
100 30
100 113
100 184
100 560
100 186
100 97
100 359
100 113
100 82
100 34
100 9
100 910
100 399
100 60
100 385
100 286
100 253
100 116
100 199
100 168
100 215
100 514
100 14
100 665
100 282
100 355
100 417
100 201
100 356
100 46
100 4
100 223
100 95
100 85
100 423
100 232
100 461
100 261
100 243
100 74
100 4
100 53
100 72
100 46
100 530
100 357
100 81
100 977
100 216
100 325
100 123
100 145
100 102
100 66
100 52
100 285
100 24
100 91
100 54
100 214
100 127
100 124
100 91
100 43
100 12
100 493
100 473
100 660
100 48
100 442
100 273
100 61
100 135
100 14
100 283
100 397
100 37
100 186
100 420
100 263
100 501
100 50
100 31
100 184
100 202
100 125
100 343
100 10
100 43
100 467
100 876
100 597
100 87
100 522
100 418
100 18
100 274
100 153
100 35
100 59
100 1
100 23
100 333
100 395
100 99
100 68
100 1143
100 280
100 322
100 148
100 487
100 306
100 142
100 112
100 379
100 127
100 878
100 158
100 51
100 109
100 250
100 60
100 603
100 273
100 470
100 48
100 17
100 779
100 393
100 48
100 748
100 332
100 375
100 185
100 69
100 144
100 543
100 96
100 1481
100 92
100 645
100 170
100 676
100 192
100 300
100 229
100 27
100 124
100 462
100 641
100 191
100 68
100 92
100 223
100 69
100 75
100 369
100 594
100 177
100 105
100 231
100 319
100 419
100 162
100 8
100 163
100 80
100 557
100 105
100 542
100 11
100 234
100 51
100 62
100 198
100 31
100 497
100 61
100 143
100 169
100 769
100 678
100 136
100 587
100 971
100 63
100 455
100 1198
100 408
100 357
100 327
100 182
100 185
100 462
100 288
100 114
100 484
100 453
100 177
100 176
100 131
100 165
100 788
100 282
100 418
100 232
100 75
100 359
100 31
100 635
100 1745
100 21
100 556
100 551
100 444
100 85
100 197
100 327
100 204
100 291
100 154
100 202
100 257
100 33
100 302
100 46
100 157
100 414
100 210
100 300
100 190
100 184
100 65
100 34
100 145
100 235
100 35
100 0
100 1582
100 7
100 293
100 78
100 286
100 461
100 49
100 534
100 454
100 98
100 42
100 310
100 837
100 28
100 918
100 170
100 389
100 234
100 114
100 17
100 283
100 200
100 573
100 619
100 266
100 67
100 13
100 84
100 462
100 634
100 28
100 216
100 2
100 67
100 245
100 232
100 74
100 399
100 1392
100 331
100 7
100 525
100 27
100 303
100 424
100 312
100 261
100 199
100 139
100 196
100 279
100 199
100 442
100 348
100 506
100 8
100 284
100 210
100 426
100 284
100 744
100 54
100 564
100 167
100 323
100 579
100 55
100 398
100 134
100 386
100 99
100 181
100 832
100 416
100 26
100 416
100 74
100 432
100 343
100 189
100 55
100 44
100 2
100 915
100 273
100 70
100 275
100 491
100 168
100 548
100 58
100 252
100 339
100 279
100 281
100 58
100 502
100 340
100 82
100 125
100 102
100 295
100 55
100 0
100 399
100 44
100 93
100 78
100 763
100 615
100 583
100 142
100 51
100 47
100 460
100 1900
100 182
100 254
100 58
100 433
100 200
100 195
100 555
100 303
100 351
100 58
100 44
100 516
100 220
100 97
100 315
100 667
100 75
100 323
100 1298
100 61
100 94
100 111
100 7
100 218
100 108
100 187
100 435
100 135
100 951
100 564
100 333
100 481
100 103
100 85
100 358
100 20
100 72
100 149
100 327
100 619
100 288
100 17
100 344
100 346
100 6
100 133
100 203
100 99
100 236
100 119
100 1
100 223
100 229
100 21
100 266
100 82
100 319
100 149
100 4
100 441
100 574
100 32
100 344
100 301
100 4
100 39
100 137
100 41
100 285
100 14
100 287
100 62
100 334
100 65
100 711
100 134
100 2
100 172
100 33
100 22
100 361
100 392
100 7
100 234
100 206
100 965
100 219
100 126
100 156
100 341
100 111
100 83
100 1167
100 6
100 128
100 117
100 268
100 255
100 377
100 67
100 184
100 139
100 574
100 586
100 329
100 314
100 84
100 168
100 116
100 95
100 63
100 123
100 195
100 173
100 436
100 289
100 325
100 244
100 554
100 102
100 592
100 1279
100 92
100 8
100 61
100 431
100 324
100 340
100 507
100 161
100 631
100 184
100 349
100 73
100 76
100 4
100 57
100 1132
100 86
100 463
100 558
100 64
100 25
100 323
100 1041
100 3
100 297
100 765
100 20
100 297
100 151
100 377
100 59
100 849
100 519
100 1248
100 140
100 59
100 207
100 38
100 494
100 282
100 257
100 305
100 1445
100 155
100 229
100 92
100 160
100 278
100 275
100 631
100 257
100 124
100 105
100 402
100 185
100 757
100 50
100 279
100 91
100 5
100 280
100 206
100 24
100 62
100 2
100 269
100 158
100 9
100 146
100 27
100 189
100 289
100 287
100 214
100 12
100 1084
100 24
100 122
100 85
100 106
100 167
100 584
100 819
100 13
100 86
100 107
100 187
100 246
100 219
100 157
100 225
100 413
100 50
100 42
100 1346
100 43
100 329
100 42
100 235
100 45
100 964
100 243
100 136
100 415
100 127
100 229
100 433
100 91
100 821
100 4
100 32
100 684
100 446
100 280
100 208
100 413
100 241
100 127
100 119
100 86
100 171
100 503
100 17
100 99
100 255
100 40
100 795
100 99
100 70
100 140
100 144
100 100
100 20
100 242
100 120
100 157
100 181
100 414
100 282
100 423
100 32
100 89
100 119
100 261
100 105
100 589
100 207
100 239
100 251
100 344
100 322
100 94
100 166
100 453
100 202
100 30
100 333
100 1011
100 306
100 212
100 572
100 146
100 339
100 90
100 5
100 736
100 317
100 1
100 97
100 445
100 748
100 352
100 79
100 285
100 301
100 92
100 262
100 330
100 370
100 169
100 84
100 240
100 928
100 513
100 581
100 73
100 460
100 91
100 474
100 126
100 796
100 56
100 582
100 375
100 161
100 963
100 194
100 163
100 114
100 275
100 516
100 176
100 350
100 386
100 250
100 157
100 598
100 84
100 253
100 977
100 173
100 70
100 139
100 264
100 40
100 213
100 366
100 182
100 932
100 156
100 5
100 374
100 53
100 183
100 80
100 20
100 537
100 535
100 98
100 149
100 96
100 374
100 89
100 96
100 98
100 265
100 2
100 39
100 29
100 234
100 476
100 406
100 446
100 463
100 182
100 135
100 599
100 9
100 14
100 61
100 598
100 82
100 110
100 29
100 44
100 1163
100 58
100 177
100 314
100 281
100 37
100 1
100 532
100 105
100 58
100 187
100 926
100 267
100 137
100 70
100 711
100 86
100 239
100 120
100 238
100 255
100 709
100 296
100 331
100 292
100 129
100 92
100 107
100 192
100 281
100 226
100 33
100 83
100 425
100 147
100 25
100 136
100 84
100 16
100 114
100 8
100 382
100 47
100 15
100 233
100 176
100 111
100 978
100 712
100 129
100 103
100 874
100 372
100 357
100 128
100 125
100 21
100 18
100 820
100 38
100 92
100 1026
100 145
100 275
100 450
100 271
100 139
100 41
100 225
100 134
100 282
100 65
100 71
100 130
100 317
100 26
100 354
100 579
100 449
100 254
100 181
100 153
100 759
100 30
100 364
100 299
100 173
100 76
100 106
100 180
100 386
100 53
100 261
100 641
100 16
100 189
100 143
100 432
100 87
100 38
100 10
100 709
100 712
100 383
100 73
100 32
100 346
100 36
100 460
100 109
100 102
100 89
100 461
100 497
100 71
100 282
100 118
100 851
100 345
100 178
100 236
100 300
100 329
100 512
100 78
100 257
100 454
100 783
100 61
100 243
100 175
100 268
100 642
100 450
100 34
100 81
100 1940
100 50
100 9
100 369
100 299
100 239
100 178
100 45
100 590
100 599
100 123
100 89
100 4
100 161
100 70
100 116
100 1003
100 526
100 143
100 102
100 260
100 164
100 124
100 41
100 137
100 587
100 89
100 123
100 59
100 56
100 125
100 49
100 457
100 36
100 39
100 248
100 360
100 605
100 543
100 420
100 49
100 379
100 102
100 616
100 594
100 14
100 25
100 153
100 221
100 137
100 26
100 448
100 226
100 71
100 502
100 251
100 147
100 260
100 11
100 237
100 140
100 29
100 266
100 125
100 175
100 437
100 435
100 296
100 166
100 112
100 116
100 19
100 275
100 534
100 619
100 126
100 223
100 49
100 278
100 133
100 235
100 128
100 225
100 10
100 431
100 988
100 183
100 6
100 8
100 63
100 590
100 234
100 34
100 260
100 96
100 20
100 515
100 359
100 1081
100 40
100 903
100 930
100 14
100 404
100 24
100 271
100 263
100 32
100 104
100 209
100 65
100 339
100 158
100 1066
100 291
100 414
100 255
100 511
100 1054
100 46
100 32
100 439
100 16
100 152
100 854
100 54
100 157
100 166
100 355
100 268
100 915
100 82
100 277
100 612
100 190
100 385
100 286
100 110
100 17
100 181
100 110
100 21
100 269
100 147
100 110
100 777
100 90
100 414
100 642
100 7
100 594
100 630
100 64
100 14
100 627
100 344
100 474
100 111
100 75
100 357
100 319
100 80
100 104
100 148
100 283
100 295
100 248
100 992
100 236
100 269
100 214
100 93
100 490
100 8
100 804
100 162
100 192
100 43
100 33
100 147
100 451
100 753
100 299
100 966
100 28
100 3
100 382
100 56
100 214
100 114
100 100
100 277
100 226
100 26
100 1264
100 50
100 38
100 17
100 186
100 1
100 213
100 42
100 165
100 13
100 88
100 76
100 78
100 12
100 1077
100 172
100 54
100 532
100 423
100 5
100 87
100 46
100 10
100 58
100 98
100 851
100 218
100 1015
100 14
100 47
100 298
100 271
100 73
100 237
100 13
100 47
100 185
100 388
100 111
100 652
100 229
100 146
100 208
100 55
100 227
100 251
100 139
100 41
100 18
100 210
100 408
100 296
100 292
100 304
100 35
100 238
100 273
100 174
100 77
100 47
100 151
100 3
100 209
100 262
100 27
100 37
100 106
100 285
100 4
100 48
100 177
100 400
100 108
100 411
100 73
100 338
100 101
100 2
100 14
100 207
100 243
100 389
100 199
100 197
100 76
100 43
100 403
100 140
100 212
100 489
100 107
100 181
100 8
100 68
100 396
100 459
100 586
100 493
100 78
100 246
100 111
100 22
100 1264
100 437
100 878
100 80
100 166
100 21
100 144
100 233
100 81
100 631
100 431
100 230
100 476
100 275
100 33
100 472
100 34
100 100
100 154
100 167
100 681
100 185
100 66
100 412
100 11
100 763
100 162
100 185
100 25
100 474
100 63
100 45
100 68
100 281
100 507
100 98
100 1555
100 81
100 912
100 270
100 255
100 146
100 90
100 736
100 55
100 34
100 473
100 66
100 801
100 82
100 68
100 322
100 455
100 526
100 444
100 208
100 177
100 1588
100 206
100 231
100 859
100 189
100 614
100 36
100 158
100 563
100 314
100 27
100 134
100 600
100 20
100 228
100 873
100 1056
100 576
100 117
100 265
100 9
100 207
100 446
100 37
100 189
100 351
100 402
100 385
100 64
100 140
100 342
100 60
100 224
100 73
100 0
100 17
100 345
100 382
100 102
100 213
100 310
100 52
100 63
100 409
100 321
100 69
100 261
100 4
100 48
100 86
100 443
100 182
100 505
100 111
100 492
100 88
100 9
100 147
100 568
100 328
100 165
100 338
100 168
100 67
100 219
100 0
100 855
100 270
100 97
100 364
100 44
100 224
100 704
100 191
100 605
100 1213
100 48
100 187
100 9
100 60
100 161
100 616
100 86
100 56
100 242
100 29
100 39
100 49
100 107
100 743
100 291
100 404
100 33
100 122
100 266
100 115
100 66
100 105
100 70
100 98
100 49
100 229
100 44
100 316
100 107
100 321
100 662
100 87
100 60
100 92
100 0
100 154
100 587
100 521
100 219
100 389
100 92
100 10
100 524
100 49
100 56
100 221
100 103
100 38
100 16
100 134
100 536
100 62
100 47
100 439
100 284
100 515
100 450
100 264
100 387
100 287
100 113
100 259
100 38
100 473
100 53
100 821
100 455
100 33
100 8
100 69
100 191
100 103
100 233
100 741
100 134
100 449
100 105
100 1263
100 486
100 144
100 0
100 487
100 360
100 245
100 232
100 328
100 196
100 16
100 551
100 664
100 426
100 25
100 879
100 88
100 261
100 7
100 196
100 254
100 115
100 289
100 269
100 96
100 23
100 1097
100 173
100 305
100 347
100 960
100 687
100 816
100 14
100 21
100 380
100 15
100 314
100 158
100 369
100 260
100 213
100 25
100 109
100 144
100 131
100 231
100 140
100 432
100 208
100 289
100 165
100 72
100 310
100 147
100 175
100 395
100 652
100 15
100 639
100 78
100 614
100 36
100 242
100 85
100 277
100 706
100 703
100 260
100 207
100 473
100 5
100 457
100 290
100 120
100 1239
100 262
100 1517
100 242
100 601
100 295
100 587
100 353
100 49
100 389
100 97
100 350
100 164
100 8
100 174
100 824
100 120
100 65
100 39
100 300
100 36
100 164
100 163
100 333
100 308
100 104
100 33
100 219
100 943
100 104
100 349
100 155
100 74
100 230
100 97
100 104
100 30
100 238
100 173
100 121
100 234
100 91
100 572
100 233
100 28
100 433
100 246
100 2
100 635
100 215
100 96
100 80
100 116
100 562
100 428
100 190
100 28
100 69
100 215
100 298
100 145
100 104
100 99
100 29
100 394
100 89
100 93
100 55
100 95
100 153
100 61
100 252
100 316
100 386
100 201
100 132
100 43
100 498
100 47
100 70
100 187
100 34
100 289
100 76
100 717
100 18
100 593
100 654
100 15
100 200
100 196
100 591
100 21
100 150
100 12
100 41
100 551
100 150
100 529
100 388
100 530
100 757
100 88
100 230
100 70
100 516
100 89
100 132
100 80
100 187
100 7
100 110
100 33
100 79
100 765
100 733
100 140
100 121
100 128
100 382
100 131
100 6
100 40
100 74
100 216
100 17
100 315
100 201
100 111
100 140
100 104
100 40
100 123
100 165
100 267
100 64
100 130
100 99
100 213
100 71
100 167
100 234
100 243
100 300
100 17
100 166
100 45
100 723
100 46
100 123
100 149
100 29
100 155
100 702
100 508
100 51
100 325
100 703
100 207
100 310
100 924
100 468
100 50
100 35
100 25
100 172
100 155
100 198
100 4
100 532
100 175
100 319
100 263
100 168
100 365
100 228
100 524
100 74
100 159
100 291
100 203
100 8
100 853
100 185
100 88
100 266
100 396
100 177
100 54
100 133
100 82
100 167
100 364
100 281
100 213
100 561
100 25
100 205
100 975
100 213
100 11
100 516
100 320
100 8
100 643
100 379
100 583
100 112
100 172
100 163
100 46
100 29
100 16
100 421
100 124
100 49
100 113
100 108
100 766
100 151
100 476
100 189
100 171
100 4
100 331
100 475
100 226
100 465
100 24
100 610
100 228
100 200
100 517
100 8
100 778
100 329
100 32
100 373
100 81
100 76
100 460
100 499
100 617
100 6
100 79
100 2
100 626
100 233
100 264
100 31
100 280
100 262
100 469
100 695
100 320
100 717
100 722
100 97
100 198
100 365
100 121
100 62
100 15
100 101
100 211
100 75
100 191
100 47
100 28
100 7
100 62
100 319
100 76
100 273
100 279
100 322
100 448
100 167
100 44
100 688
100 324
100 29
100 530
100 235
100 8
100 128
100 807
100 30
100 219
100 24
100 107
100 762
100 276
100 546
100 944
100 216
100 217
100 241
100 503
100 629
100 59
100 692
100 223
100 4
100 339
100 4
100 319
100 31
100 240
100 214
100 16
100 42
100 180
100 127
100 69
100 503
100 67
100 241
100 366
100 82
100 334
100 124
100 844
100 232
100 265
100 7
100 490
100 102
100 84
100 44
100 255
100 33
100 67
100 301
100 69
100 29
100 256
100 84
100 1106
100 53
100 6
100 69
100 467
100 92
100 234
100 168
100 886
100 575
100 306
100 182
100 318
100 56
100 64
100 80
100 81
100 480
100 327
100 137
100 43
100 106
100 26
100 121
100 71
100 45
100 296
100 426
100 1040
100 30
100 30
100 525
100 51
100 303
100 307
100 132
100 114
100 327
100 163
100 50
100 216
100 40
100 30
100 56
100 799
100 68
100 178
100 62
100 115
100 79
100 528
100 446
100 712
100 154
100 139
100 730
100 83
100 99
100 213
100 61
100 75
100 383
100 140
100 119
100 517
100 1037
100 98
100 68
100 227
100 230
100 192
100 20
100 274
100 308
100 227
100 32
100 289
100 238
100 436
100 603
100 34
100 153
100 112
100 561
100 179
100 110
100 290
100 386
100 21
100 47
100 689
100 642
100 26
100 24
100 108
100 187
100 190
100 451
100 348
100 253
100 24
100 52
100 673
100 119
100 334
100 175
100 360
100 137
100 220
100 102
100 221
100 819
100 122
100 30
100 173
100 263
100 3
100 859
100 76
100 937
100 14
100 196
100 160
100 168
100 40
100 40
100 230
100 111
100 1102
100 563
100 496
100 536
100 27
100 169
100 50
100 36
100 108
100 391
100 147
100 15
100 453
100 685
100 252
100 725
100 302
100 1375
100 168
100 81
100 101
100 16
100 14
100 243
100 51
100 74
100 784
100 65
100 157
100 391
100 2
100 256
100 130
100 30
100 213
100 135
100 244
100 422
100 360
100 507
100 54
100 21
100 1686
100 222
100 113
100 165
100 157
100 114
100 48
100 627
100 359
100 55
100 327
100 775
100 1143
100 486
100 184
100 138
100 546
100 127
100 145
100 104
100 208
100 98
100 185
100 428
100 272
100 370
100 65
100 147
100 110
100 478
100 280
100 531
100 20
100 240
100 194
100 24
100 115
100 16
100 402
100 333
100 55
100 56
100 186
100 542
100 433
100 101
100 3
100 610
100 818
100 392
100 4
100 211
100 11
100 670
100 521
100 136
100 60
100 116
100 41
100 706
100 273
100 133
100 112
100 131
100 179
100 550
100 625
100 71
100 252
100 171
100 86
100 729
100 38
100 68
100 717
100 362
100 709
100 257
100 0
100 253
100 540
100 374
100 355
100 170
100 51
100 35
100 297
100 14
100 23
100 635
100 147
100 148
100 66
100 78
100 369
100 364
100 92
100 271
100 171
100 159
100 128
100 24
100 298
100 82
100 142
100 291
100 135
100 134
100 205
100 477
100 14
100 101
100 53
100 53
100 539
100 757
100 52
100 644
100 345
100 339
100 144
100 65
100 52
100 137
100 90
100 420
100 10
100 189
100 773
100 141
100 439
100 54
100 238
100 153
100 271
100 76
100 121
100 59
100 172
100 23
100 191
100 58
100 79
100 249
100 125
100 226
100 383
100 113
100 166
100 139
100 127
100 1001
100 555
100 345
100 266
100 678
100 174
100 40
100 25
100 77
100 77
100 268
100 139
100 163
100 439
100 41
100 5
100 409
100 364
100 65
100 553
100 763
100 8
100 216
100 27
100 201
100 890
100 305
100 319
100 68
100 925
100 97
100 2
100 314
100 367
100 28
100 7
100 169
100 80
100 821
100 14
100 112
100 156
100 368
100 154
100 882
100 280
100 349
100 330
100 284
100 212
100 174
100 265
100 195
100 428
100 134
100 710
100 450
100 31
100 182
100 433
100 88
100 1179
100 148
100 160
100 162
100 8
100 308
100 191
100 267
100 13
100 262
100 168
100 161
100 175
100 649
100 33
100 419
100 726
100 259
100 153
100 183
100 113
100 929
100 305
100 585
100 409
100 387
100 146
100 55
100 34
100 740
100 265
100 634
100 862
100 260
100 223
100 355
100 30
100 200
100 138
100 857
100 375
100 464
100 9
100 34
100 495
100 8
100 85
100 301
100 144
100 27
100 195
100 379
100 5
100 1362
100 139
100 513
100 186
100 48
100 925
100 30
100 256
100 64
100 293
100 65
100 347
100 93
100 93
100 87
100 678
100 913
100 201
100 175
100 706
100 365
100 30
100 537
100 332
100 85
100 82
100 186
100 319
100 259
100 9
100 1
100 52
100 305
100 93
100 253
100 227
100 551
100 61
100 490
100 227
100 135
100 612
100 277
100 365
100 45
100 510
100 100
100 160
100 42
100 62
100 325
100 61
100 234
100 238
100 535
100 34
100 38
100 62
100 1
100 58
100 237
100 758
100 419
100 132
100 996
100 120
100 165
100 58
100 57
100 453
100 161
100 159
100 357
100 285
100 217
100 36
100 139
100 782
100 162
100 648
100 132
100 115
100 92
100 131
100 124
100 672
100 262
100 53
100 70
100 554
100 114
100 84
100 95
100 363
100 89
100 129
100 350
100 26
100 13
100 31
100 648
100 347
100 152
100 62
100 701
100 126
100 4
100 212
100 362
100 1004
100 403
100 45
100 357
100 191
100 306
100 1049
100 395
100 122
100 63
100 165
100 93
100 206
100 14
100 3
100 9
100 492
100 55
100 103
100 10
100 252
100 153
100 42
100 554
100 337
100 646
100 115
100 1066
100 30
100 20
100 350
100 405
100 69
100 753
100 717
100 35
100 452
100 24
100 693
100 213
100 393
100 54
100 625
100 641
100 510
100 243
100 21
100 712
100 169
100 785
100 418
100 245
100 99
100 183
100 239
100 95
100 46
100 12
100 168
100 172
100 356
100 391
100 141
100 223
100 514
100 520
100 154
100 135
100 65
100 67
100 29
100 605
100 465
100 98
100 445
100 31
100 470
100 435
100 264
100 26
100 47
100 20
100 296
100 333
100 11
100 184
100 1010
100 477
100 1301
100 51
100 734
100 287
100 71
100 119
100 62
100 320
100 81
100 344
100 72
100 302
100 169
100 99
100 327
100 105
100 238
100 224
100 99
100 8
100 381
100 251
100 296
100 251
100 306
100 522
100 1009
100 663
100 157
100 1284
100 16
100 71
100 1429
100 15
100 307
100 263
100 237
100 203
100 60
100 493
100 141
100 162
100 694
100 297
100 41
100 409
100 122
100 347
100 4
100 312
100 152
100 208
100 58
100 158
100 362
100 678
100 325
100 356
100 144
100 75
100 551
100 64
100 175
100 426
100 12
100 2
100 36
100 92
100 55
100 1298
100 93
100 431
100 54
100 476
100 167
100 55
100 19
100 22
100 455
100 170
100 215
100 158
100 664
100 620
100 348
100 63
100 291
100 55
100 1142
100 625
100 238
100 7
100 182
100 65
100 438
100 205
100 194
100 598
100 416
100 277
100 125
100 334
100 175
100 278
100 508
100 93
100 508
100 124
100 233
100 542
100 409
100 306
100 27
100 954
100 195
100 53
100 203
100 58
100 397
100 132
100 291
100 365
100 258
100 70
100 166
100 710
100 188
100 179
100 29
100 288
100 744
100 187
100 229
100 68
100 40
100 5
100 286
100 547
100 38
100 40
100 222
100 218
100 406
100 228
100 123
100 243
100 173
100 3
100 366
100 41
100 30
100 193
100 908
100 705
100 1017
100 513
100 144
100 774
100 128
100 22
100 211
100 45
100 980
100 342
100 1164
100 351
100 361
100 2
100 148
100 201
100 595
100 13
100 728
100 497
100 165
100 86
100 196
100 7
100 575
100 165
100 568
100 606
100 380
100 69
100 89
100 103
100 366
100 7
100 381
100 16
100 185
100 595
100 724
100 1475
100 234
100 92
100 113
100 100
100 376
100 52
100 131
100 131
100 511
100 40
100 252
100 16
100 441
100 138
100 287
100 7
100 16
100 22
100 55
100 231
100 114
100 57
100 3
100 80
100 218
100 453
100 54
100 129
100 29
100 156
100 99
100 184
100 189
100 748
100 216
100 51
100 970
100 402
100 801
100 197
100 109
100 172
100 58
100 460
100 506
100 35
100 52
100 165
100 81
100 185
100 64
100 77
100 216
100 35
100 292
100 563
100 197
100 129
100 403
100 206
100 329
100 301
100 153
100 424
100 196
100 12
100 13
100 109
100 1701
100 314
100 411
100 466
100 26
100 116
100 1051
100 405
100 141
100 194
100 99
100 539
100 511
100 558
100 473
100 99
100 234
100 105
100 386
100 20
100 20
100 77
100 467
100 334
100 313
100 45
100 192
100 145
100 145
100 915
100 375
100 109
100 283
100 1070
100 173
100 13
100 520
100 778
100 335
100 484
100 99
100 222
100 143
100 511
100 1126
100 537
100 95
100 236
100 224
100 118
100 493
100 784
100 130
100 803
100 0
100 1138
100 40
100 44
100 347
100 381
100 97
100 424
100 341
100 72
100 618
100 7
100 89
100 230
100 72
100 170
100 346
100 149
100 305
100 196
100 1141
100 196
100 82
100 270
100 553
100 310
100 74
100 120
100 751
100 1143
100 685
100 338
100 172
100 522
100 283
100 133
100 194
100 1150
100 80
100 460
100 226
100 73
100 103
100 230
100 472
100 222
100 749
100 142
100 98
100 30
100 253
100 48
100 100
100 171
100 28
100 164
100 65
100 587
100 304
100 184
100 957
100 36
100 155
100 242
100 20
100 52
100 252
100 8
100 352
100 297
100 52
100 208
100 155
100 164
100 222
100 257
100 48
100 32
100 59
100 1477
100 130
100 392
100 128
100 250
100 114
100 206
100 58
100 478
100 95
100 19
100 219
100 24
100 78
100 240
100 3
100 127
100 294
100 282
100 80
100 408
100 297
100 601
100 525
100 74
100 196
100 163
100 85
100 358
100 294
100 51
100 252
100 26
100 474
100 1569
100 564
100 2
100 83
100 35
100 516
100 107
100 281
100 146
100 259
100 473
100 478
100 23
100 203
100 126
100 125
100 140
100 225
100 466
100 247
100 160
100 178
100 328
100 77
100 178
100 79
100 115
100 64
100 77
100 101
100 507
100 392
100 142
100 452
100 456
100 101
100 56
100 68
100 8
100 59
100 261
100 58
100 248
100 131
100 413
100 398
100 661
100 104
100 474
100 404
100 237
100 65
100 66
100 101
100 178
100 227
100 316
100 203
100 10
100 194
100 50
100 517
100 187
100 175
100 35
100 107
100 335
100 137
100 698
100 475
100 271
100 24
100 39
100 3129
100 322
100 262
100 11
100 511
100 103
100 148
100 42
100 198
100 56
100 411
100 110
100 309
100 304
100 885
100 221
100 266
100 175
100 209
100 841
100 844
100 225
100 821
100 147
100 54
100 163
100 81
100 236
100 518
100 84
100 213
100 88
100 591
100 167
100 23
100 148
100 668
100 31
100 148
100 314
100 834
100 400
100 260
100 215
100 41
100 129
100 240
100 107
100 55
100 172
100 273
100 114
100 57
100 128
100 335
100 119
100 44
100 30
100 71
100 433
100 636
100 917
100 448
100 276
100 15
100 346
100 112
100 258
100 7
100 212
100 61
100 95
100 330
100 44
100 67
100 183
100 493
100 115
100 3
100 86
100 7
100 59
100 126
100 233
100 22
100 371
100 8
100 141
100 781
100 115
100 204
100 432
100 174
100 309
100 325
100 77
100 534
100 128
100 375
100 381
100 1131
100 248
100 179
100 141
100 179
100 458
100 420
100 497
100 249
100 204
100 100
100 50
100 97
100 19
100 145
100 439
100 40
100 329
100 607
100 241
100 0
100 74
100 301
100 409
100 1366
100 163
100 16
100 7
100 413
100 306
100 358
100 654
100 279
100 173
100 91
100 8
100 704
100 204
100 182
100 526
100 73
100 186
100 121
100 214
100 107
100 22
100 31
100 1208
100 2
100 559
100 157
100 228
100 17
100 35
100 489
100 316
100 364
100 115
100 226
100 23
100 106
100 293
100 822
100 15
100 7
100 858
100 202
100 47
100 931
100 376
100 187
100 757
100 65
100 255
100 57
100 335
100 287
100 562
100 48
100 9
100 347
100 262
100 767
100 624
100 377
100 48
100 479
100 85
100 108
100 207
100 1149
100 1491
100 89
100 110
100 158
100 265
100 32
100 96
100 556
100 16
100 50
100 26
100 93
100 17
100 51
100 135
100 63
100 303
100 587
100 569
100 221
100 299
100 201
100 59
100 260
100 170
100 170
100 80
100 344
100 394
100 85
100 103
100 266
100 244
100 61
100 48
100 391
100 139
100 66
100 462
100 340
100 218
100 78
100 623
100 25
100 1093
100 133
100 38
100 384
100 488
100 133
100 32
100 100
100 543
100 1314
100 46
100 51
100 240
100 239
100 118
100 105
100 216
100 463
100 409
100 150
100 69
100 79
100 243
100 156
100 579
100 152
100 533
100 154
100 52
100 225
100 441
100 5
100 313
100 47
100 715
100 120
100 148
100 151
100 1495
100 17
100 40
100 17
100 367
100 315
100 72
100 351
100 258
100 563
100 496
100 219
100 374
100 281
100 267
100 515
100 1021
100 33
100 298
100 495
100 114
100 6
100 94
100 160
100 413
100 551
100 994
100 250
100 571
100 238
100 704
100 310
100 7
100 291
100 1090
100 137
100 65
100 94
100 95
100 165
100 75
100 300
100 301
100 29
100 488
100 205
100 48
100 12
100 1115
100 265
100 317
100 81
100 653
100 37
100 399
100 23
100 1151
100 636
100 112
100 409
100 86
100 1279
100 47
100 289
100 178
100 271
100 115
100 323
100 320
100 425
100 184
100 62
100 505
100 6
100 96
100 215
100 697
100 16
100 71
100 48
100 51
100 1230
100 112
100 645
100 185
100 45
100 235
100 257
100 301
100 168
100 35
100 685
100 65
100 379
100 168
100 127
100 218
100 10
100 2
100 86
100 85
100 2
100 121
100 545
100 208
100 227
100 228
100 499
100 161
100 22
100 13
100 235
100 105
100 64
100 1112
100 215
100 362
100 294
100 7
100 772
100 181
100 180
100 893
100 203
100 206
100 395
100 1632
100 178
100 272
100 985
100 204
100 246
100 382
100 61
100 30
100 190
100 122
100 676
100 166
100 31
100 59
100 467
100 49
100 232
100 90
100 123
100 550
100 613
100 132
100 236
100 540
100 174
100 116
100 714
100 29
100 149
100 183
100 148
100 228
100 229
100 193
100 464
100 101
100 78
100 322
100 16
100 780
100 50
100 50
100 91
100 613
100 151
100 253
100 409
100 34
100 62
100 25
100 589
100 356
100 34
100 694
100 146
100 284
100 472
100 171
100 23
100 32
100 495
100 90
100 108
100 109
100 43
100 149
100 987
100 263
100 182
100 37
100 64
100 48
100 126
100 562
100 416
100 110
100 130
100 401
100 11
100 570
100 220
100 22
100 653
100 352
100 951
100 467
100 120
100 421
100 68
100 52
100 457
100 428
100 79
100 29
100 331
100 337
100 64
100 450
100 83
100 355
100 771
100 318
100 121
100 230
100 787
100 103
100 211
100 235
100 11
100 518
100 136
100 358
100 701
100 1034
100 40
100 194
100 854
100 123
100 31
100 9
100 133
100 93
100 81
100 446
100 527
100 476
100 32
100 286
100 237
100 70
100 63
100 467
100 85
100 116
100 53
100 177
100 192
100 544
100 30
100 386
100 282
100 5
100 633
100 306
100 13
100 12
100 1393
100 55
100 336
100 147
100 247
100 55
100 229
100 639
100 345
100 104
100 38
100 106
100 62
100 123
100 59
100 58
100 671
100 149
100 193
100 493
100 924
100 16
100 37
100 39
100 301
100 102
100 99
100 14
100 546
100 48
100 327
100 97
100 636
100 20
100 148
100 279
100 22
100 624
100 702
100 261
100 358
100 286
100 61
100 209
100 474
100 5
100 198
100 62
100 50
100 48
100 72
100 760
100 360
100 800
100 306
100 1064
100 181
100 417
100 0
100 408
100 79
100 279
100 53
100 60
100 393
100 716
100 108
100 642
100 95
100 49
100 117
100 140
100 336
100 367
100 258
100 659
100 49
100 372
100 199
100 286
100 221
100 375
100 99
100 297
100 77
100 154
100 47
100 151
100 769
100 347
100 93
100 578
100 295
100 170
100 27
100 933
100 179
100 50
100 191
100 270
100 232
100 497
100 267
100 88
100 46
100 164
100 392
100 208
100 1026
100 55
100 39
100 380
100 64
100 97
100 66
100 210
100 375
100 413
100 306
100 11
100 1544
100 339
100 478
100 629
100 1031
100 5
100 20
100 595
100 47
100 18
100 195
100 2
100 144
100 1360
100 189
100 5
100 118
100 404
100 259
100 344
100 64
100 168
100 171
100 375
100 398
100 362
100 198
100 124
100 240
100 654
100 145
100 39
100 94
100 17
100 261
100 127
100 496
100 1171
100 844
100 788
100 319
100 276
100 313
100 1047
100 139
100 207
100 389
100 518
100 248
100 496
100 341
100 370
100 72
100 476
100 597
100 21
100 294
100 452
100 96
100 146
100 492
100 123
100 349
100 101
100 206
100 38
100 94
100 96
100 126
100 98
100 231
100 52
100 976
100 105
100 221
100 261
100 598
100 131
100 210
100 17
100 220
100 397
100 41
100 31
100 534
100 27
100 346
100 108
100 492
100 95
100 78
100 140
100 232
100 200
100 253
100 20
100 468
100 548
100 206
100 704
100 156
100 164
100 86
100 45
100 133
100 47
100 326
100 177
100 87
100 117
100 471
100 547
100 23
100 137
100 390
100 234
100 174
100 49
100 91
100 237
100 146
100 44
100 108
100 421
100 667
100 80
100 14
100 139
100 910
100 79
100 128
100 112
100 68
100 1055
100 36
100 1022
100 344
100 12
100 724
100 552
100 338
100 32
100 266
100 172
100 387
100 395
100 245
100 54
100 39
100 70
100 495
100 191
100 58
100 252
100 106
100 99
100 286
100 1180
100 348
100 235
100 366
100 160
100 499
100 45
100 312
100 29
100 96
100 571
100 37
100 294
100 29
100 404
100 234
100 576
100 326
100 354
100 1496
100 506
100 313
100 202
100 342
100 1080
100 87
100 75
100 283
100 114
100 604
100 30
100 355
100 775
100 50
100 179
100 320
100 83
100 45
100 296
100 62
100 427
100 622
100 107
100 159
100 181
100 145
100 108
100 78
100 220
100 149
100 223
100 20
100 23
100 60
100 5
100 168
100 148
100 362
100 220
100 59
100 199
100 130
100 379
100 123
100 158
100 201
100 144
100 938
100 372
100 303
100 27
100 909
100 589
100 340
100 674
100 458
100 26
100 101
100 275
100 188
100 25
100 340
100 1225
100 554
100 216
100 445
100 35
100 760
100 446
100 572
100 2
100 534
100 51
100 3
100 13
100 720
100 469
100 903
100 217
100 900
100 84
100 64
100 35
100 42
100 77
100 1063
100 28
100 939
100 765
100 222
100 302
100 529
100 14
100 95
100 45
100 1
100 110
100 52
100 72
100 490
100 892
100 91
100 157
100 159
100 100
100 139
100 24
100 503
100 852
100 337
100 174
100 220
100 82
100 5
100 672
100 50
100 35
100 79
100 309
100 713
100 39
100 645
100 914
100 3
100 40
100 63
100 428
100 86
100 367
100 333
100 308
100 123
100 267
100 518
100 195
100 402
100 30
100 441
100 77
100 172
100 143
100 155
100 55
100 25
100 46
100 23
100 1042
100 22
100 70
100 238
100 207
100 309
100 295
100 441
100 136
100 546
100 308
100 42
100 133
100 162
100 57
100 97
100 84
100 91
100 226
100 142
100 32
100 136
100 101
100 109
100 189
100 408
100 8
100 175
100 179
100 72
100 102
100 285
100 543
100 65
100 63
100 137
100 276
100 481
100 92
100 244
100 9
100 225
100 321
100 932
100 373
100 480
100 352
100 381
100 328
100 420
100 142
100 130
100 231
100 331
100 152
100 53
100 23
100 283
100 264
100 40
100 240
100 289
100 17
100 69
100 253
100 1256
100 12
100 201
100 793
100 62
100 205
100 377
100 168
100 386
100 523
100 60
100 289
100 92
100 204
100 1143
100 555
100 211
100 627
100 236
100 1006
100 84
100 396
100 140
100 638
100 72
100 124
100 95
100 249
100 930
100 614
100 105
100 290
100 704
100 194
100 5
100 117
100 96
100 889
100 425
100 249
100 166
100 10
100 117
100 99
100 24
100 462
100 94
100 33
100 91
100 580
100 585
100 614
100 77
100 249
100 11
100 107
100 1216
100 16
100 149
100 87
100 147
100 11
100 24
100 557
100 118
100 512
100 183
100 52
100 673
100 338
100 272
100 130
100 721
100 958
100 598
100 236
100 53
100 270
100 1037
100 197
100 14
100 1061
100 50
100 429
100 72
100 529
100 144
100 335
100 124
100 24
100 888
100 561
100 794
100 39
100 243
100 54
100 122
100 186
100 682
100 444
100 305
100 256
100 1342
100 773
100 71
100 308
100 580
100 171
100 525
100 286
100 750
100 270
100 56
100 111
100 265
100 19
100 210
100 76
100 439
100 629
100 385
100 392
100 32
100 80
100 16
100 77
100 305
100 207
100 124
100 120
100 545
100 227
100 83
100 311
100 23
100 114
100 82
100 262
100 125
100 119
100 39
100 91
100 307
100 598
100 317
100 54
100 529
100 376
100 113
100 193
100 182
100 83
100 54
100 73
100 653
100 110
100 85
100 32
100 4
100 767
100 81
100 38
100 262
100 77
100 39
100 291
100 38
100 36
100 60
100 367
100 224
100 162
100 332
100 86
100 729
100 312
100 210
100 415
100 803
100 30
100 47
100 223
100 340
100 40
100 181
100 44
100 36
100 109
100 888
100 21
100 419
100 113
100 26
100 104
100 245
100 80
100 156
100 43
100 708
100 84
100 13
100 98
100 757
100 253
100 405
100 508
100 372
100 779
100 545
100 622
100 11
100 3
100 26
100 95
100 106
100 86
100 62
100 13
100 521
100 1718
100 15
100 311
100 36
100 148
100 512
100 22
100 651
100 80
100 233
100 308
100 163
100 123
100 173
100 207
100 151
100 82
100 76
100 9
100 139
100 744
100 72
100 45
100 164
100 959
100 217
100 59
100 335
100 43
100 35
100 2
100 207
100 11
100 295
100 73
100 115
100 2
100 207
100 95
100 191
100 121
100 190
100 432
100 126
100 109
100 56
100 139
100 16
100 20
100 60
100 645
100 252
100 185
100 266
100 226
100 20
100 302
100 173
100 273
100 866
100 304
100 136
100 41
100 138
100 135
100 492
100 76
100 162
100 155
100 71
100 1312
100 61
100 144
100 202
100 2
100 115
100 442
100 197
100 545
100 185
100 36
100 130
100 163
100 156
100 47
100 434
100 387
100 276
100 85
100 371
100 301
100 291
100 466
100 123
100 67
100 104
100 327
100 565
100 665
100 478
100 266
100 30
100 221
100 108
100 73
100 76
100 917
100 69
100 1290
100 176
100 248
100 437
100 687
100 13
100 215
100 677
100 636
100 182
100 146
100 65
100 100
100 7
100 194
100 1274
100 129
100 18
100 87
100 403
100 4
100 18
100 201
100 615
100 541
100 90
100 45
100 864
100 1048
100 65
100 821
100 37
100 421
100 131
100 47
100 790
100 333
100 382
100 66
100 218
100 98
100 158
100 394
100 9
100 145
100 749
100 77
100 7
100 350
100 90
100 516
100 21
100 21
100 977
100 112
100 304
100 156
100 444
100 70
100 603
100 200
100 55
100 876
100 255
100 67
100 343
100 306
100 220
100 8
100 104
100 38
100 29
100 570
100 94
100 257
100 0
100 30
100 658
100 44
100 469
100 303
100 28
100 282
100 124
100 146
100 16
100 132
100 192
100 51
100 203
100 546
100 34
100 239
100 565
100 186
100 786
100 239
100 401
100 76
100 62
100 360
100 223
100 4
100 638
100 67
100 1033
100 5
100 137
100 33
100 193
100 515
100 116
100 147
100 215
100 1403
100 314
100 1181
100 104
100 166
100 8
100 503
100 82
100 704
100 96
100 616
100 376
100 106
100 454
100 56
100 122
100 167
100 24
100 28
100 481
100 274
100 454
100 265
100 234
100 110
100 200
100 89
100 233
100 111
100 496
100 1
100 101
100 70
100 617
100 49
100 60
100 347
100 278
100 59
100 88
100 521
100 649
100 107
100 132
100 84
100 616
100 374
100 359
100 280
100 378
100 858
100 233
100 461
100 105
100 98
100 21
100 0
100 100
100 47
100 47
100 104
100 211
100 40
100 17
100 309
100 42
100 397
100 589
100 917
100 498
100 64
100 53
100 154
100 299
100 78
100 383
100 150
100 403
100 19
100 103
100 486
100 1048
100 211
100 21
100 273
100 307
100 91
100 108
100 45
100 54
100 188
100 183
100 409
100 224
100 204
100 351
100 65
100 25
100 165
100 428
100 89
100 285
100 107
100 488
100 2155
100 485
100 141
100 46
100 72
100 244
100 1020
100 70
100 66
100 237
100 467
100 115
100 150
100 77
100 40
100 167
100 55
100 359
100 157
100 481
100 152
100 35
100 422
100 273
100 93
100 161
100 418
100 113
100 137
100 719
100 51
100 129
100 3
100 562
100 463
100 344
100 152
100 298
100 15
100 76
100 239
100 508
100 152
100 40
100 85
100 294
100 3
100 192
100 271
100 3
100 16
100 13
100 77
100 1238
100 289
100 130
100 208
100 315
100 529
100 408
100 439
100 123
100 114
100 154
100 27
100 7
100 152
100 106
100 7
100 275
100 2
100 244
100 164
100 118
100 51
100 12
100 30
100 362
100 91
100 894
100 61
100 148
100 174
100 199
100 53
100 196
100 320
100 141
100 162
100 240
100 356
100 460
100 556
100 160
100 623
100 256
100 98
100 252
100 492
100 39
100 3
100 748
100 257
100 158
100 705
100 202
100 523
100 124
100 68
100 195
100 429
100 240
100 252
100 15
100 15
100 280
100 81
100 164
100 642
100 184
100 313
100 70
100 142
100 419
100 112
100 10
100 284
100 415
100 57
100 42
100 92
100 246
100 9
100 13
100 80
100 215
100 74
100 80
100 40
100 160
100 551
100 469
100 79
100 79
100 96
100 79
100 9
100 626
100 68
100 625
100 274
100 109
100 182
100 559
100 370
100 107
100 636
100 14
100 70
100 812
100 221
100 391
100 103
100 425
100 194
100 286
100 350
100 326
100 306
100 193
100 877
100 176
100 131
100 311
100 340
100 286
100 751
100 1070
100 36
100 129
100 226
100 52
100 1250
100 611
100 12
100 80
100 85
100 637
100 342
100 345
100 219
100 24
100 455
100 17
100 352
100 51
100 122
100 569
100 186
100 413
100 53
100 111
100 441
100 5
100 25
100 342
100 103
100 83
100 300
100 533
100 397
100 242
100 53
100 9
100 12
100 79
100 55
100 29
100 163
100 168
100 347
100 134
100 261
100 129
100 723
100 299
100 262
100 46
100 68
100 501
100 111
100 117
100 84
100 580
100 157
100 736
100 612
100 683
100 282
100 1665
100 83
100 485
100 294
100 90
100 272
100 670
100 184
100 219
100 54
100 418
100 204
100 196
100 190
100 409
100 843
100 244
100 37
100 433
100 114
100 278
100 95
100 47
100 906
100 48
100 260
100 47
100 888
100 82
100 957
100 131
100 100
100 221
100 96
100 542
100 64
100 701
100 130
100 25
100 305
100 227
100 358
100 133
100 106
100 365
100 502
100 291
100 169
100 201
100 419
100 20
100 153
100 84
100 65
100 261
100 175
100 181
100 306
100 108
100 700
100 0
100 113
100 170
100 290
100 579
100 221
100 99
100 309
100 215
100 412
100 318
100 457
100 193
100 164
100 167
100 183
100 2383
100 668
100 577
100 121
100 182
100 104
100 134
100 14
100 28
100 20
100 303
100 247
100 307
100 759
100 1594
100 41
100 317
100 352
100 163
100 100
100 419
100 90
100 323
100 1068
100 99
100 17
100 12
100 26
100 375
100 278
100 47
100 92
100 25
100 461
100 9
100 71
100 3
100 12
100 308
100 325
100 120
100 797
100 14
100 334
100 50
100 321
100 146
100 162
100 375
100 10
100 128
100 148
100 1270
100 229
100 502
100 243
100 353
100 75
100 246
100 60
100 104
100 116
100 182
100 1440
100 44
100 336
100 35
100 244
100 59
100 20
100 334
100 93
100 163
100 95
100 55
100 398
100 174
100 350
100 397
100 649
100 13
100 313
100 268
100 245
100 12
100 320
100 96
100 257
100 519
100 340
100 372
100 92
100 59
100 109
100 148
100 175
100 32
100 257
100 38
100 475
100 1964
100 442
100 141
100 118
100 21
100 266
100 104
100 133
100 497
100 90
100 266
100 223
100 351
100 68
100 109
100 654
100 23
100 37
100 86
100 55
100 134
100 30
100 467
100 204
100 220
100 5
100 5
100 500
100 401
100 15
100 345
100 497
100 32
100 1146
100 1440
100 265
100 49
100 227
100 684
100 1312
100 88
100 152
100 111
100 154
100 270
100 225
100 185
100 558
100 40
100 17
100 79
100 1039
100 80
100 162
100 104
100 359
100 116
100 156
100 348
100 22
100 163
100 377
100 127
100 811
100 476
100 544
100 1193
100 681
100 3
100 18
100 447
100 81
100 184
100 65
100 128
100 7
100 621
100 1
100 72
100 50
100 101
100 1199
100 124
100 99
100 254
100 188
100 385
100 6
100 709
100 344
100 118
100 220
100 103
100 835
100 418
100 326
100 1057
100 57
100 315
100 73
100 522
100 367
100 118
100 236
100 115
100 224
100 50
100 326
100 119
100 208
100 422
100 355
100 1122
100 40
100 875
100 480
100 357
100 226
100 296
100 201
100 34
100 414
100 103
100 507
100 421
100 141
100 209
100 271
100 339
100 142
100 63
100 163
100 256
100 439
100 111
100 39
100 175
100 365
100 276
100 235
100 170
100 77
100 71
100 332
100 162
100 257
100 35
100 171
100 207
100 21
100 22
100 470
100 92
100 601
100 240
100 1471
100 41
100 281
100 20
100 154
100 301
100 409
100 90
100 24
100 152
100 749
100 1011
100 240
100 144
100 261
100 250
100 50
100 200
100 1276
100 225
100 195
100 624
100 669
100 265
100 154
100 61
100 312
100 6
100 181
100 164
100 776
100 259
100 162
100 190
100 103
100 167
100 1113
100 250
100 825
100 65
100 532
100 255
100 635
100 143
100 132
100 78
100 150
100 371
100 225
100 445
100 89
100 12
100 348
100 102
100 188
100 155
100 466
100 92
100 74
100 80
100 55
100 155
100 41
100 32
100 121
100 330
100 279
100 550
100 367
100 385
100 44
100 485
100 299
100 221
100 21
100 61
100 51
100 193
100 203
100 132
100 279
100 552
100 136
100 470
100 382
100 215
100 206
100 349
100 105
100 525
100 416
100 434
100 239
100 54
100 131
100 451
100 1170
100 93
100 517
100 120
100 54
100 1272
100 67
100 220
100 135
100 112
100 24
100 11
100 38
100 71
100 16
100 47
100 440
100 340
100 262
100 1
100 448
100 581
100 266
100 91
100 522
100 450
100 55
100 47
100 1093
100 257
100 552
100 111
100 181
100 121
100 23
100 261
100 161
100 210
100 942
100 460
100 381
100 504
100 23
100 372
100 209
100 150
100 119
100 462
100 30
100 499
100 219
100 1168
100 255
100 353
100 1251
100 102
100 108
100 361
100 224
100 323
100 780
100 236
100 160
100 390
100 30
100 87
100 227
100 1204
100 292
100 794
100 728
100 236
100 443
100 14
100 181
100 857
100 845
100 30
100 54
100 503
100 10
100 7
100 110
100 226
100 851
100 108
100 754
100 133
100 32
100 128
100 14
100 242
100 304
100 217
100 51
100 48
100 80
100 147
100 69
100 542
100 574
100 466
100 159
100 221
100 196
100 350
100 44
100 295
100 340
100 160
100 72
100 322
100 107
100 148
100 399
100 904
100 140
100 441
100 175
100 722
100 94
100 485
100 725
100 193
100 273
100 35
100 361
100 310
100 149
100 452
100 202
100 465
100 199
100 6
100 8
100 677
100 966
100 112
100 97
100 293
100 231
100 1210
100 156
100 159
100 219
100 300
100 480
100 174
100 166
100 17
100 802
100 320
100 19
100 21
100 74
100 174
100 15
100 97
100 656
100 69
100 181
100 16
100 91
100 94
100 457
100 170
100 14
100 216
100 23
100 196
100 105
100 629
100 201
100 324
100 39
100 44
100 114
100 268
100 66
100 215
100 157
100 120
100 31
100 106
100 395
100 357
100 666
100 297
100 362
100 283
100 58
100 534
100 691
100 359
100 241
100 35
100 132
100 12
100 14
100 84
100 858
100 43
100 180
100 665
100 30
100 119
100 344
100 229
100 180
100 94
100 191
100 68
100 114
100 264
100 749
100 557
100 177
100 30
100 255
100 12
100 707
100 164
100 68
100 37
100 565
100 226
100 238
100 207
100 53
100 4
100 5
100 69
100 38
100 6
100 319
100 998
100 90
100 475
100 276
100 211
100 151
100 164
100 46
100 824
100 431
100 319
100 68
100 389
100 19
100 1505
100 99
100 280
100 75
100 109
100 179
100 24
100 269
100 174
100 112
100 257
100 459
100 174
100 155
100 372
100 154
100 222
100 92
100 258
100 17
100 776
100 14
100 309
100 122
100 1470
100 1091
100 52
100 770
100 86
100 100
100 21
100 93
100 31
100 238
100 28
100 276
100 317
100 87
100 298
100 535
100 39
100 226
100 96
100 93
100 206
100 1367
100 225
100 117
100 93
100 60
100 12
100 122
100 134
100 908
100 4
100 79
100 330
100 176
100 317
100 39
100 150
100 38
100 15
100 368
100 423
100 280
100 137
100 487
100 200
100 11
100 197
100 59
100 614
100 473
100 446
100 184
100 360
100 627
100 381
100 198
100 59
100 489
100 92
100 0
100 578
100 13
100 384
100 1455
100 97
100 95
100 703
100 164
100 150
100 8
100 463
100 318
100 245
100 987
100 564
100 277
100 17
100 116
100 272
100 160
100 79
100 840
100 179
100 3
100 38
100 214
100 62
100 70
100 172
100 34
100 206
100 235
100 777
100 337
100 804
100 508
100 138
100 103
100 705
100 448
100 148
100 88
100 248
100 610
100 160
100 90
100 51
100 0
100 364
100 104
100 18
100 300
100 60
100 1116
100 187
100 370
100 217
100 546
100 96
100 39
100 29
100 49
100 60
100 432
100 138
100 23
100 1227
100 179
100 484
100 1104
100 32
100 615
100 77
100 356
100 632
100 130
100 212
100 325
100 597
100 337
100 43
100 229
100 5
100 110
100 62
100 691
100 248
100 451
100 228
100 156
100 375
100 939
100 615
100 144
100 55
100 27
100 518
100 271
100 238
100 762
100 925
100 547
100 187
100 118
100 1022
100 398
100 1552
100 231
100 197
100 324
100 1007
100 31
100 15
100 563
100 567
100 233
100 144
100 131
100 264
100 420
100 128
100 936
100 3
100 122
100 298
100 6
100 161
100 689
100 23
100 56
100 294
100 172
100 243
100 521
100 72
100 291
100 229
100 58
100 242
100 824
100 225
100 214
100 397
100 422
100 718
100 423
100 54
100 89
100 52
100 343
100 13
100 46
100 56
100 160
100 118
100 27
100 335
100 118
100 48
100 213
100 196
100 135
100 378
100 367
100 37
100 727
100 219
100 301
100 387
100 411
100 436
100 55
100 784
100 80
100 78
100 8
100 432
100 36
100 288
100 29
100 315
100 381
100 300
100 457
100 10
100 31
100 382
100 583
100 60
100 653
100 775
100 75
100 271
100 539
100 67
100 219
100 57
100 93
100 0
100 27
100 766
100 54
100 438
100 380
100 417
100 421
100 32
100 152
100 442
100 112
100 4
100 680
100 212
100 343
100 94
