100 845
100 27
100 105
100 56
100 75
100 17
100 125
100 299
100 245
100 72
100 77
100 13
100 69
100 134
100 164
100 52
100 31
100 741
100 28
100 18
100 121
100 71
100 20
100 73
100 78
100 44
100 43
100 35
100 273
100 260
100 53
100 61
100 37
100 121
100 78
100 226
100 120
100 79
100 167
100 12
100 18
100 184
100 180
100 130
100 347
100 112
100 97
100 38
100 28
100 145
100 49
100 17
100 351
100 18
100 12
100 1
100 30
100 32
100 233
100 202
100 387
100 109
100 156
100 6
100 63
100 435
100 30
100 53
100 36
100 173
100 42
100 26
100 220
100 190
100 164
100 133
100 45
100 3
100 56
100 370
100 29
100 101
100 188
100 143
100 100
100 100
100 373
100 61
100 89
100 129
100 35
100 59
100 86
100 354
100 44
100 139
100 74
100 472
100 26
100 31
100 103
100 98
100 222
100 68
100 106
100 80
100 244
100 120
100 8
100 60
100 19
100 163
100 203
100 193
100 114
100 8
100 185
100 51
100 50
100 118
100 202
100 222
100 46
100 78
100 7
100 68
100 7
100 82
100 63
100 7
100 72
100 137
100 48
100 0
100 57
100 19
100 16
100 38
100 39
100 118
100 30
100 8
100 238
100 185
100 237
100 269
100 125
100 72
100 286
100 7
100 231
100 50
100 291
100 223
100 29
100 0
100 114
100 29
100 434
100 222
100 20
100 236
100 6
100 131
100 89
100 58
100 264
100 15
100 90
100 230
100 92
100 33
100 23
100 126
100 160
100 120
100 137
100 198
100 85
100 28
100 268
100 30
100 12
100 141
100 91
100 44
100 64
100 324
100 369
100 17
100 29
100 99
100 65
100 254
100 120
100 385
100 50
100 46
100 26
100 99
100 199
100 142
100 123
100 22
100 5
100 11
100 144
100 30
100 99
100 116
100 89
100 181
100 266
100 109
100 152
100 62
100 103
100 38
100 41
100 63
100 80
100 148
100 170
100 62
100 110
100 1
100 36
100 35
100 82
100 57
100 217
100 182
100 0
100 186
100 188
100 288
100 27
100 16
100 36
100 77
100 78
100 45
100 52
100 264
100 11
100 30
100 44
100 21
100 270
100 109
100 5
100 29
100 69
100 13
100 332
100 22
100 385
100 43
100 61
100 15
100 78
100 242
100 131
100 334
100 179
100 68
100 9
100 92
100 62
100 136
100 9
100 164
100 83
100 126
100 45
100 9
100 11
100 49
100 97
100 20
100 268
100 70
100 229
100 120
100 47
100 14
100 54
100 5
100 94
100 307
100 48
100 172
100 358
100 34
100 42
100 24
100 135
100 81
100 140
100 33
100 163
100 27
100 13
100 97
100 70
100 36
100 54
100 42
100 20
100 105
100 148
100 5
100 90
100 0
100 64
100 88
100 829
100 217
100 2
100 61
100 53
100 95
100 7
100 52
100 40
100 82
100 85
100 351
100 18
100 32
100 87
100 30
100 310
100 39
100 105
100 9
100 18
100 123
100 2
100 343
100 5
100 120
100 95
100 60
100 36
100 12
100 8
100 290
100 116
100 210
100 271
100 203
100 83
100 85
100 159
100 94
100 274
100 153
100 43
100 108
100 14
100 153
100 75
100 89
100 126
100 23
100 154
100 119
100 43
100 116
100 38
100 129
100 136
100 760
100 153
100 122
100 96
100 95
100 12
100 437
100 22
100 214
100 13
100 314
100 37
100 156
100 10
100 24
100 110
100 141
100 265
100 2
100 55
100 64
100 38
100 16
100 48
100 67
100 12
100 41
100 191
100 97
100 11
100 2
100 181
100 32
100 94
100 87
100 344
100 312
100 67
100 137
100 31
100 308
100 7
100 635
100 34
100 130
100 20
100 126
100 103
100 201
100 34
100 30
100 15
100 28
100 50
100 422
100 18
100 57
100 38
100 50
100 7
100 22
100 91
100 1
100 440
100 203
100 142
100 39
100 14
100 53
100 138
100 240
100 481
100 1
100 92
100 35
100 265
100 221
100 2
100 84
100 20
100 7
100 5
100 133
100 49
100 157
100 100
100 188
100 143
100 33
100 369
100 345
100 130
100 100
100 286
100 37
100 228
100 150
100 52
100 191
100 76
100 361
100 154
100 41
100 11
100 30
100 118
100 80
100 114
100 243
100 4
100 67
100 89
100 20
100 296
100 185
100 462
100 0
100 19
100 151
100 158
100 106
100 43
100 150
100 78
100 179
100 220
100 49
100 391
100 87
100 79
100 25
100 79
100 110
100 65
100 43
100 40
100 26
100 134
100 62
100 86
100 257
100 35
100 143
100 103
100 52
100 108
100 27
100 6
100 70
100 41
100 107
100 460
100 189
100 91
100 46
100 75
100 388
100 16
100 30
100 5
100 119
100 215
100 2
100 24
100 81
100 24
100 231
100 40
100 49
100 1
100 173
100 6
100 3
100 98
100 0
100 99
100 205
100 99
100 213
100 110
100 35
100 17
100 39
100 72
100 402
100 57
100 20
100 22
100 158
100 122
100 15
100 69
100 459
100 18
100 98
100 30
100 159
100 22
100 134
100 166
100 71
100 2
100 54
100 8
100 45
100 8
100 186
100 104
100 53
100 30
100 59
100 86
100 15
100 50
100 44
100 153
100 340
100 118
100 16
100 45
100 29
100 109
100 62
100 18
100 19
100 20
100 28
100 58
100 91
100 34
100 242
100 195
100 352
100 64
100 115
100 292
100 43
100 50
100 24
100 9
100 43
100 103
100 34
100 324
100 173
100 66
100 42
100 82
100 24
100 99
100 18
100 56
100 71
100 13
100 48
100 73
100 90
100 89
100 0
100 107
100 156
100 178
100 182
100 28
100 268
100 85
100 10
100 311
100 25
100 89
100 157
100 7
100 142
100 64
100 114
100 16
100 220
100 47
100 39
100 188
100 160
100 28
100 59
100 284
100 73
100 69
100 14
100 102
100 224
100 312
100 159
100 94
100 46
100 284
100 33
100 104
100 56
100 2
100 44
100 33
100 42
100 127
100 66
100 28
100 146
100 108
100 1
100 23
100 126
100 52
100 109
100 24
100 105
100 52
100 36
100 5
100 51
100 4
100 105
100 32
100 175
100 23
100 1
100 73
100 84
100 10
100 80
100 297
100 209
100 16
100 88
100 162
100 102
100 41
100 19
100 152
100 174
100 39
100 86
100 61
100 96
100 18
100 60
100 161
100 56
100 116
100 140
100 106
100 131
100 105
100 1
100 168
100 76
100 43
100 57
100 193
100 150
100 31
100 24
100 65
100 69
100 12
100 168
100 40
100 6
100 63
100 225
100 140
100 24
100 231
100 137
100 12
100 181
100 220
100 67
100 46
100 445
100 37
100 53
100 115
100 78
100 7
100 69
100 12
100 77
100 63
100 218
100 13
100 414
100 472
100 150
100 533
100 45
100 174
100 11
100 367
100 7
100 458
100 13
100 15
100 163
100 80
100 3
100 269
100 389
100 142
100 38
100 111
100 21
100 114
100 24
100 99
100 45
100 62
100 217
100 16
100 108
100 5
100 220
100 27
100 40
100 261
100 132
100 130
100 263
100 4
100 44
100 96
100 53
100 55
100 19
100 44
100 189
100 367
100 8
100 166
100 289
100 7
100 34
100 97
100 60
100 15
100 156
100 14
100 234
100 75
100 160
100 16
100 65
100 5
100 244
100 25
100 286
100 82
100 122
100 43
100 8
100 69
100 82
100 1
100 293
100 323
100 85
100 73
100 32
100 174
100 206
100 44
100 2
100 166
100 131
100 53
100 63
100 76
100 30
100 75
100 177
100 44
100 81
100 0
100 66
100 23
100 49
100 256
100 64
100 18
100 11
100 14
100 204
100 318
100 370
100 12
100 82
100 18
100 254
100 75
100 22
100 94
100 39
100 15
100 461
100 72
100 19
100 12
100 75
100 179
100 51
100 48
100 411
100 52
100 39
100 35
100 129
100 54
100 111
100 8
100 60
100 41
100 25
100 33
100 75
100 21
100 83
100 81
100 91
100 86
100 12
100 200
100 4
100 53
100 239
100 375
100 92
100 4
100 103
100 130
100 142
100 204
100 36
100 0
100 1
100 20
100 26
100 159
100 2
100 96
100 72
100 60
100 130
100 48
100 661
100 2
100 3
100 125
100 168
100 125
100 3
100 18
100 186
100 45
100 4
100 260
100 27
100 62
100 112
100 60
100 25
100 86
100 90
100 92
100 49
100 15
100 38
100 98
100 510
100 497
100 68
100 49
100 117
100 51
100 2
100 6
100 153
100 232
100 19
100 64
100 20
100 51
100 42
100 2
100 24
100 17
100 64
100 44
100 50
100 63
100 87
100 93
100 460
100 19
100 111
100 116
100 138
100 69
100 81
100 165
100 92
100 3
100 79
100 159
100 54
100 187
100 208
100 36
100 223
100 12
100 200
100 98
100 33
100 30
100 50
100 0
100 31
100 67
100 4
100 420
100 327
100 137
100 41
100 103
100 85
100 97
100 159
100 17
100 118
100 68
100 26
100 187
100 19
100 226
100 157
100 32
100 178
100 8
100 164
100 402
100 210
100 147
100 11
100 11
100 57
100 15
100 20
100 25
100 192
100 70
100 61
100 123
100 126
100 176
100 86
100 143
100 16
100 2
100 48
100 26
100 12
100 145
100 64
100 38
100 135
100 100
100 15
100 188
100 367
100 143
100 127
100 97
100 266
100 177
100 787
100 137
100 120
100 189
100 331
100 91
100 25
100 20
100 23
100 48
100 114
100 138
100 243
100 38
100 96
100 22
100 183
100 60
100 150
100 506
100 136
100 171
100 65
100 39
100 132
100 105
100 147
100 111
100 53
100 54
100 78
100 16
100 7
100 131
100 14
100 38
100 195
100 16
100 13
100 53
100 51
100 22
100 68
100 410
100 144
100 188
100 198
100 23
100 206
100 210
100 20
100 335
100 13
100 280
100 29
100 225
100 31
100 50
100 31
100 53
100 28
100 24
100 40
100 175
100 138
100 30
100 117
100 12
100 59
100 115
100 25
100 76
100 136
100 501
100 28
100 401
100 52
100 19
100 100
100 71
100 155
100 43
100 205
100 44
100 48
100 36
100 175
100 367
100 91
100 91
100 146
100 0
100 141
100 12
100 103
100 136
100 30
100 42
100 275
100 239
100 107
100 176
100 69
100 272
100 41
100 49
100 51
100 22
100 51
100 141
100 88
100 28
100 108
100 256
100 42
100 18
100 218
100 6
100 121
100 72
100 75
100 138
100 36
100 113
100 90
100 25
100 127
100 116
100 20
100 69
100 37
100 319
100 94
100 90
100 32
100 41
100 55
100 270
100 42
100 149
100 103
100 17
100 121
100 76
100 131
100 59
100 28
100 8
100 189
100 32
100 181
100 6
100 158
100 98
100 94
100 14
100 185
100 113
100 196
100 41
100 298
100 230
100 160
100 95
100 64
100 32
100 3
100 48
100 265
100 76
100 32
100 398
100 47
100 11
100 50
100 105
100 17
100 248
100 28
100 208
100 179
100 248
100 6
100 17
100 68
100 135
100 148
100 150
100 23
100 165
100 42
100 30
100 334
100 89
100 92
100 102
100 32
100 53
100 45
100 101
100 1
100 0
100 97
100 22
100 187
100 156
100 4
100 34
100 77
100 113
100 25
100 21
100 751
100 57
100 15
100 47
100 28
100 45
100 15
100 69
100 24
100 130
100 3
100 196
100 251
100 92
100 20
100 292
100 75
100 29
100 232
100 10
100 290
100 225
100 46
100 64
100 202
100 62
100 56
100 12
100 6
100 24
100 100
100 30
100 348
100 46
100 11
100 68
100 8
100 106
100 21
100 24
100 29
100 22
100 92
100 260
100 344
100 16
100 8
100 40
100 36
100 89
100 302
100 471
100 234
100 190
100 108
100 144
100 313
100 3
100 120
100 16
100 34
100 163
100 33
100 44
100 354
100 48
100 97
100 109
100 230
100 27
100 29
100 61
100 93
100 29
100 31
100 122
100 288
100 104
100 133
100 20
100 25
100 3
100 266
100 52
100 102
100 91
100 43
100 159
100 23
100 24
100 39
100 69
100 14
100 41
100 39
100 47
100 460
100 267
100 23
100 86
100 173
100 365
100 276
100 203
100 29
100 212
100 40
100 15
100 44
100 46
100 34
100 16
100 140
100 230
100 49
100 53
100 178
100 29
100 355
100 207
100 54
100 57
100 58
100 114
100 83
100 57
100 21
100 14
100 570
100 202
100 34
100 20
100 6
100 109
100 3
100 35
100 2
100 74
100 50
100 62
100 120
100 109
100 7
100 120
100 148
100 46
100 67
100 166
100 4
100 123
100 367
100 6
100 110
100 226
100 201
100 433
100 3
100 4
100 172
100 29
100 107
100 8
100 20
100 280
100 62
100 47
100 2
100 66
100 46
100 83
100 26
100 40
100 103
100 2
100 45
100 136
100 21
100 93
100 118
100 74
100 22
100 111
100 178
100 84
100 43
100 57
100 402
100 39
100 15
100 143
100 60
100 96
100 289
100 26
100 175
100 85
100 76
100 87
100 31
100 134
100 107
100 198
100 156
100 3
100 89
100 45
100 10
100 654
100 79
100 99
100 82
100 94
100 11
100 83
100 6
100 14
100 72
100 206
100 19
100 42
100 60
100 75
100 11
100 140
100 72
100 326
100 158
100 181
100 13
100 21
100 247
100 43
100 27
100 10
100 25
100 162
100 99
100 4
100 19
100 20
100 174
100 384
100 22
100 127
100 29
100 96
100 37
100 18
100 270
100 59
100 140
100 1
100 40
100 45
100 125
100 80
100 17
100 97
100 133
100 104
100 59
100 277
100 66
100 235
100 37
100 69
100 53
100 171
100 55
100 138
100 23
100 168
100 266
100 59
100 23
100 47
100 35
100 5
100 84
100 87
100 88
100 452
100 69
100 99
100 8
100 23
100 16
100 45
100 228
100 49
100 50
100 133
100 54
100 360
100 648
100 76
100 48
100 59
100 14
100 11
100 12
100 96
100 279
100 64
100 17
100 151
100 137
100 112
100 187
100 117
100 237
100 415
100 105
100 145
100 182
100 22
100 52
100 4
100 67
100 89
100 25
100 35
100 92
100 102
100 115
100 130
100 56
100 0
100 3
100 90
100 236
100 41
100 8
100 37
100 63
100 103
100 131
100 149
100 25
100 210
100 20
100 356
100 43
100 75
100 86
100 105
100 79
100 59
100 83
100 58
100 108
100 26
100 67
100 5
100 115
100 25
100 124
100 17
100 2
100 103
100 7
100 35
100 81
100 25
100 5
100 118
100 213
100 84
100 61
100 108
100 21
100 126
100 81
100 335
100 7
100 65
100 62
100 124
100 53
100 205
100 130
100 8
100 47
100 58
100 34
100 99
100 113
100 206
100 136
100 112
100 298
100 270
100 207
100 162
100 37
100 86
100 44
100 84
100 86
100 64
100 76
100 59
100 2
100 6
100 76
100 49
100 372
100 49
100 75
100 93
100 43
100 40
100 17
100 129
100 36
100 24
100 98
100 13
100 93
100 68
100 132
100 93
100 4
100 126
100 19
100 132
100 46
100 276
100 81
100 163
100 19
100 65
100 128
100 241
100 67
100 27
100 70
100 51
100 79
100 11
100 58
100 325
100 46
100 336
100 25
100 22
100 102
100 169
100 12
100 108
100 46
100 15
100 366
100 7
100 18
100 107
100 395
100 87
100 75
100 87
100 66
100 18
100 123
100 73
100 9
100 36
100 21
100 21
100 19
100 119
100 226
100 132
100 82
100 201
100 386
100 28
100 186
100 10
100 10
100 58
100 29
100 137
100 13
100 71
100 67
100 19
100 14
100 248
100 44
100 175
100 5
100 64
100 9
100 37
100 2
100 121
100 41
100 717
100 48
100 68
100 35
100 32
100 178
100 61
100 7
100 51
100 57
100 38
100 71
100 3
100 0
100 14
100 1
100 216
100 35
100 109
100 9
100 327
100 194
100 84
100 161
100 143
100 48
100 191
100 26
100 175
100 39
100 10
100 22
100 52
100 42
100 27
100 143
100 16
100 9
100 7
100 144
100 60
100 110
100 13
100 19
100 38
100 147
100 21
100 219
100 33
100 92
100 100
100 138
100 131
100 9
100 222
100 8
100 107
100 40
100 382
100 81
100 99
100 379
100 46
100 698
100 77
100 403
100 9
100 200
100 143
100 80
100 30
100 10
100 96
100 45
100 192
100 41
100 33
100 29
100 279
100 29
100 48
100 53
100 229
100 7
100 129
100 2
100 58
100 150
100 138
100 145
100 10
100 61
100 7
100 196
100 60
100 7
100 101
100 338
100 169
100 188
100 29
100 52
100 125
100 260
100 217
100 16
100 228
100 150
100 22
100 38
100 49
100 254
100 46
100 193
100 40
100 20
100 61
100 96
100 110
100 0
100 41
100 38
100 49
100 27
100 41
100 320
100 21
100 38
100 18
100 37
100 43
100 116
100 120
100 91
100 1
100 19
100 131
100 351
100 22
100 5
100 183
100 147
100 175
100 2
100 147
100 14
100 152
100 98
100 31
100 82
100 163
100 22
100 220
100 90
100 49
100 57
100 44
100 97
100 40
100 127
100 8
100 53
100 71
100 22
100 30
100 104
100 111
100 93
100 37
100 473
100 49
100 30
100 169
100 76
100 43
100 4
100 203
100 55
100 22
100 31
100 122
100 113
100 65
100 71
100 3
100 250
100 53
100 68
100 33
100 8
100 3
100 47
100 52
100 291
100 37
100 132
100 382
100 3
100 3
100 12
100 40
100 0
100 9
100 85
100 32
100 270
100 142
100 205
100 23
100 44
100 223
100 551
100 213
100 109
100 284
100 74
100 60
100 86
100 24
100 83
100 11
100 68
100 31
100 2
100 132
100 19
100 86
100 22
100 200
100 73
100 462
100 337
100 39
100 1
100 185
100 173
100 66
100 58
100 164
100 62
100 300
100 3
100 63
100 88
100 43
100 181
100 316
100 63
100 62
100 50
100 56
100 63
100 59
100 24
100 14
100 53
100 58
100 34
100 12
100 54
100 66
100 197
100 95
100 91
100 92
100 47
100 151
100 71
100 7
100 6
100 175
100 215
100 128
100 8
100 16
100 81
100 61
100 100
100 50
100 67
100 339
100 55
100 35
100 166
100 99
100 313
100 407
100 12
100 126
100 7
100 127
100 18
100 120
100 340
100 43
100 15
100 93
100 17
100 175
100 296
100 197
100 35
100 9
100 210
100 23
100 35
100 62
100 29
100 56
100 216
100 39
100 45
100 58
100 78
100 44
100 196
100 29
100 116
100 26
100 126
100 83
100 144
100 244
100 56
100 174
100 216
100 68
100 169
100 47
100 152
100 143
100 72
100 79
100 9
100 370
100 93
100 4
100 29
100 83
100 15
100 21
100 38
100 122
100 213
100 151
100 48
100 216
100 46
100 103
100 24
100 180
100 396
100 8
100 106
100 69
100 18
100 12
100 10
100 68
100 223
100 151
100 68
100 173
100 417
100 32
100 74
100 90
100 16
100 8
100 63
100 120
100 69
100 136
100 21
100 201
100 29
100 49
100 124
100 6
100 137
100 81
100 3
100 3
100 164
100 125
100 60
100 79
100 214
100 9
100 165
100 15
100 125
100 32
100 16
100 30
100 34
100 11
100 137
100 66
100 269
100 256
100 128
100 85
100 8
100 44
100 102
100 0
100 191
100 163
100 52
100 12
100 9
100 213
100 113
100 76
100 237
100 12
100 278
100 338
100 26
100 25
100 89
100 137
100 57
100 539
100 103
100 33
100 64
100 27
100 48
100 37
100 97
100 0
100 100
100 100
100 41
100 24
100 446
100 281
100 59
100 85
100 584
100 47
100 168
100 73
100 392
100 641
100 222
100 145
100 22
100 158
100 599
100 57
100 170
100 184
100 40
100 76
100 54
100 3
100 217
100 273
100 492
100 17
100 32
100 230
100 10
100 217
100 28
100 79
100 18
100 161
100 471
100 93
100 81
100 2
100 127
100 353
100 66
100 57
100 213
100 51
100 142
100 132
100 154
100 17
100 26
100 88
100 12
100 12
100 204
100 0
100 133
100 11
100 150
100 34
100 99
100 40
100 300
100 14
100 142
100 54
100 184
100 5
100 11
100 108
100 149
100 74
100 61
100 12
100 401
100 98
100 14
100 95
100 253
100 299
100 89
100 23
100 71
100 257
100 133
100 97
100 107
100 184
100 219
100 231
100 26
100 9
100 43
100 238
100 18
100 180
100 226
100 13
100 74
100 37
100 70
100 539
100 306
100 78
100 6
100 170
100 17
100 69
100 33
100 106
100 57
100 440
100 89
100 151
100 243
100 65
100 278
100 177
100 82
100 45
100 64
100 247
100 56
100 20
100 29
100 50
100 512
100 28
100 25
100 80
100 92
100 117
100 86
100 254
100 373
100 38
100 35
100 17
100 370
100 110
100 160
100 167
100 8
100 64
100 133
100 39
100 90
100 268
100 95
100 51
100 155
100 78
100 63
100 21
100 16
100 94
100 88
100 174
100 13
100 76
100 95
100 129
100 0
100 54
100 50
100 84
100 1
100 157
100 4
100 49
100 85
100 412
100 133
100 19
100 42
100 97
100 208
100 200
100 34
100 163
100 66
100 28
100 582
100 172
100 121
100 59
100 96
100 317
100 138
100 48
100 202
100 138
100 199
100 243
100 26
100 38
100 227
100 55
100 59
100 162
100 59
100 225
100 246
100 72
100 0
100 195
100 203
100 33
100 6
100 632
100 104
100 7
100 96
100 1
100 39
100 2
100 68
100 9
100 27
100 132
100 54
100 184
100 84
100 129
100 14
100 121
100 8
100 229
100 64
100 0
100 12
100 164
100 408
100 78
100 65
100 12
100 61
100 343
100 120
100 231
100 56
100 101
100 70
100 14
100 128
100 189
100 1
100 36
100 7
100 0
100 180
100 10
100 366
100 241
100 41
100 66
100 31
100 59
100 26
100 69
100 46
100 64
100 46
100 47
100 88
100 45
100 96
100 4
100 82
100 17
100 124
100 43
100 1
100 148
100 173
100 162
100 27
100 36
100 199
100 4
100 37
100 7
100 41
100 36
100 4
100 115
100 44
100 106
100 11
100 148
100 13
100 29
100 200
100 72
100 102
100 24
100 1
100 280
100 37
100 102
100 140
100 181
100 64
100 86
100 11
100 6
100 261
100 171
100 191
100 22
100 11
100 237
100 64
100 42
100 51
100 23
100 28
100 102
100 81
100 27
100 15
100 124
100 63
100 240
100 412
100 210
100 11
100 144
100 69
100 61
100 303
100 47
100 127
100 75
100 268
100 76
100 2
100 35
100 232
100 63
100 107
100 175
100 26
100 260
100 7
100 82
100 48
100 50
100 2
100 24
100 13
100 25
100 74
100 57
100 153
100 80
100 27
100 2
100 173
100 3
100 50
100 4
100 37
100 51
100 19
100 31
100 88
100 49
100 215
100 25
100 11
100 25
100 27
100 162
100 357
100 302
100 15
100 50
100 11
100 58
100 127
100 107
100 123
100 48
100 23
100 188
100 148
100 175
100 91
100 10
100 61
100 0
100 0
100 3
100 15
100 67
100 312
100 8
100 40
100 221
100 86
100 26
100 30
100 102
100 95
100 46
100 261
100 0
100 35
100 44
100 58
100 3
100 24
100 121
100 119
100 69
100 35
100 41
100 253
100 145
100 5
100 88
100 235
100 304
100 15
100 349
100 222
100 21
100 40
100 1
100 9
100 12
100 16
100 36
100 132
100 135
100 69
100 56
100 32
100 401
100 75
100 154
100 49
100 24
100 85
100 80
100 237
100 86
100 80
100 215
100 4
100 35
100 113
100 82
100 106
100 22
100 20
100 163
100 112
100 66
100 313
100 161
100 11
100 233
100 2
100 25
100 77
100 25
100 174
100 45
100 186
100 134
100 12
100 62
100 175
100 0
100 25
100 16
100 153
100 89
100 69
100 183
100 61
100 136
100 275
100 67
100 111
100 10
100 17
100 4
100 259
100 95
100 227
100 89
100 216
100 12
100 418
100 9
100 142
100 95
100 46
100 67
100 44
100 10
100 375
100 123
100 139
100 117
100 75
100 59
100 198
100 32
100 4
100 6
100 13
100 184
100 14
100 6
100 128
100 36
100 24
100 25
100 446
100 67
100 142
100 121
100 138
100 499
100 41
100 5
100 97
100 107
100 265
100 70
100 128
100 11
100 36
100 103
100 108
100 152
100 16
100 219
100 116
100 189
100 52
100 267
100 191
100 13
100 149
100 112
100 45
100 74
100 60
100 14
100 88
100 304
100 159
100 1
100 154
100 45
100 204
100 30
100 78
100 150
100 136
100 87
100 63
100 26
100 46
100 21
100 29
100 99
100 4
100 77
100 1
100 450
100 90
100 4
100 102
100 166
100 92
100 1
100 50
100 105
100 110
100 21
100 134
100 52
100 29
100 308
100 112
100 43
100 117
100 20
100 124
100 32
100 5
100 147
100 159
100 307
100 124
100 41
100 265
100 20
100 114
100 217
100 24
100 250
100 42
100 102
100 71
100 7
100 89
100 60
100 17
100 166
100 99
100 152
100 223
100 67
100 47
100 151
100 21
100 215
100 97
100 42
100 114
100 104
100 612
100 59
100 44
100 96
100 287
100 13
100 232
100 56
100 27
100 29
100 74
100 51
100 84
100 16
100 50
100 123
100 26
100 60
100 25
100 87
100 70
100 18
100 221
100 47
100 4
100 282
100 76
100 235
100 165
100 7
100 47
100 141
100 80
100 47
100 31
100 103
100 227
100 32
100 181
100 22
100 124
100 313
100 625
100 88
100 71
100 0
100 276
100 185
100 48
100 6
100 80
100 11
100 12
100 276
100 116
100 122
100 216
100 141
100 6
100 27
100 2
100 95
100 24
100 23
100 96
100 547
100 182
100 25
100 23
100 134
100 51
100 56
100 62
100 119
100 23
100 37
100 68
100 154
100 97
100 0
100 58
100 65
100 32
100 124
100 7
100 274
100 54
100 29
100 22
100 169
100 58
100 275
100 72
100 131
100 73
100 30
100 29
100 66
100 159
100 15
100 64
100 100
100 28
100 102
100 199
100 28
100 47
100 4
100 68
100 142
100 51
100 107
100 125
100 216
100 119
100 193
100 117
100 38
100 41
100 246
100 90
100 23
100 20
100 159
100 85
100 59
100 89
100 20
100 10
100 5
100 251
100 45
100 3
100 233
100 71
100 98
100 13
100 115
100 315
100 54
100 172
100 250
100 115
100 18
100 29
100 57
100 154
100 14
100 41
100 52
100 177
100 80
100 31
100 36
100 415
100 158
100 119
100 30
100 79
100 74
100 173
100 138
100 25
100 229
100 47
100 38
100 26
100 66
100 27
100 118
100 17
100 238
100 26
100 85
100 310
100 31
100 44
100 9
100 31
100 8
100 0
100 53
100 25
100 63
100 76
100 77
100 159
100 72
100 52
100 420
100 393
100 13
100 20
100 12
100 255
100 59
100 101
100 192
100 356
100 83
100 183
100 38
100 246
100 14
100 100
100 155
100 119
100 538
100 146
100 47
100 130
100 34
100 71
100 285
100 38
100 176
100 22
100 115
100 158
100 69
100 210
100 13
100 53
100 47
100 44
100 212
100 47
100 86
100 421
100 4
100 184
100 258
100 5
100 114
100 60
100 5
100 143
100 18
100 177
100 9
100 111
100 49
100 241
100 51
100 53
100 115
100 59
100 127
100 44
100 41
100 2
100 110
100 78
100 92
100 226
100 56
100 72
100 38
100 19
100 36
100 28
100 293
100 198
100 117
100 33
100 41
100 199
100 9
100 266
100 81
100 39
100 1
100 27
100 75
100 235
100 66
100 51
100 0
100 22
100 35
100 79
100 360
100 21
100 129
100 38
100 24
100 208
100 27
100 26
100 156
100 166
100 70
100 121
100 20
100 97
100 455
100 62
100 52
100 188
100 208
100 190
100 392
100 291
100 9
100 406
100 237
100 53
100 68
100 94
100 93
100 98
100 222
100 81
100 55
100 73
100 8
100 323
100 193
100 217
100 295
100 78
100 284
100 15
100 30
100 99
100 73
100 226
100 13
100 100
100 238
100 222
100 76
100 47
100 227
100 31
100 7
100 27
100 63
100 102
100 11
100 281
100 155
100 69
100 70
100 27
100 124
100 260
100 163
100 31
100 104
100 14
100 101
100 101
100 19
100 180
100 424
100 252
100 31
100 49
100 19
100 78
100 56
100 51
100 297
100 22
100 38
100 269
100 44
100 155
100 25
100 182
100 15
100 196
100 158
100 357
100 57
100 122
100 4
100 52
100 159
100 172
100 40
100 22
100 62
100 86
100 18
100 63
100 388
100 238
100 120
100 33
100 135
100 34
100 19
100 52
100 208
100 336
100 114
100 17
100 105
100 682
100 19
100 144
100 58
100 11
100 117
100 3
100 8
100 37
100 164
100 32
100 45
100 195
100 119
100 235
100 20
100 3
100 1
100 141
100 149
100 293
100 424
100 51
100 116
100 38
100 274
100 93
100 20
100 204
100 230
100 277
100 93
100 23
100 140
100 38
100 134
100 220
100 224
100 136
100 98
100 40
100 48
100 75
100 212
100 142
100 440
100 80
100 322
100 46
100 169
100 31
100 94
100 38
100 61
100 87
100 55
100 25
100 118
100 62
100 269
100 100
100 49
100 171
100 133
100 17
100 5
100 171
100 68
100 8
100 30
100 13
100 14
100 40
100 154
100 48
100 77
100 237
100 421
100 334
100 137
100 11
100 34
100 199
100 144
100 8
100 8
100 0
100 22
100 79
100 10
100 37
100 124
100 79
100 77
100 36
100 122
100 57
100 125
100 98
100 1
100 10
100 198
100 35
100 85
100 287
100 125
100 43
100 227
100 9
100 140
100 0
100 7
100 148
100 229
100 154
100 239
100 71
100 41
100 6
100 63
100 13
100 99
100 203
100 38
100 109
100 509
100 216
100 132
100 201
100 39
100 17
100 68
100 264
100 60
100 40
100 24
100 20
100 196
100 63
100 50
100 223
100 93
100 261
100 32
100 80
100 147
100 13
100 53
100 242
100 83
100 4
100 29
100 13
100 32
100 11
100 65
100 38
100 235
100 103
100 91
100 3
100 38
100 230
100 29
100 2
100 20
100 75
100 101
100 329
100 45
100 59
100 292
100 306
100 45
100 103
100 46
100 22
100 35
100 47
100 49
100 142
100 130
100 155
100 103
100 71
100 107
100 48
100 54
100 75
100 32
100 11
100 77
100 24
100 82
100 44
100 83
100 11
100 178
100 85
100 350
100 20
100 6
100 96
100 15
100 217
100 24
100 41
100 104
100 72
100 20
100 266
100 234
100 64
100 13
100 0
100 198
100 47
100 90
100 17
100 141
100 34
100 233
100 105
100 42
100 177
100 199
100 244
100 70
100 123
100 32
100 57
100 41
100 176
100 3
100 0
100 58
100 8
100 290
100 24
100 207
100 131
100 17
100 65
100 10
100 77
100 15
100 109
100 52
100 44
100 173
100 219
100 12
100 121
100 38
100 43
100 264
100 116
100 239
100 283
100 148
100 101
100 127
100 8
100 47
100 113
100 123
100 333
100 96
100 191
100 28
100 422
100 263
100 77
100 64
100 751
100 214
100 38
100 24
100 62
100 316
100 91
100 285
100 207
100 205
100 49
100 344
100 69
100 16
100 5
100 46
100 106
100 106
100 174
100 50
100 72
100 50
100 73
100 39
100 63
100 199
100 323
100 579
100 24
100 47
100 36
100 261
100 83
100 133
100 244
100 215
100 25
100 67
100 5
100 38
100 22
100 124
100 178
100 23
100 145
100 180
100 3
100 9
100 22
100 185
100 143
100 422
100 18
100 166
100 8
100 101
100 43
100 209
100 174
100 145
100 36
100 549
100 73
100 181
100 78
100 72
100 163
100 32
100 55
100 108
100 8
100 248
100 24
100 134
100 97
100 105
100 13
100 150
100 90
100 91
100 54
100 28
100 18
100 17
100 420
100 134
100 7
100 126
100 128
100 41
100 41
100 51
100 150
100 111
100 15
100 376
100 23
100 36
100 53
100 365
100 250
100 80
100 256
100 17
100 85
100 31
100 55
100 271
100 16
100 138
100 276
100 212
100 177
100 146
100 7
100 192
100 111
100 49
100 14
100 60
100 49
100 77
100 178
100 135
100 59
100 51
100 42
100 37
100 73
100 580
100 70
100 35
100 161
100 135
100 137
100 7
100 413
100 9
100 274
100 86
100 20
100 55
100 39
100 447
100 53
100 9
100 55
100 72
100 314
100 123
100 24
100 222
100 16
100 147
100 6
100 116
100 26
100 174
100 49
100 109
100 89
100 133
100 191
100 20
100 13
100 19
100 31
100 48
100 176
100 36
100 17
100 78
100 190
100 47
100 5
100 14
100 14
100 123
100 53
100 113
100 42
100 149
100 98
100 11
100 217
100 61
100 156
100 94
100 26
100 10
100 98
100 32
100 0
100 53
100 29
100 3
100 76
100 44
100 106
100 108
100 299
100 215
100 18
100 173
100 61
100 5
100 136
100 124
100 10
100 0
100 254
100 19
100 67
100 41
100 150
100 91
100 31
100 2
100 85
100 221
100 52
100 103
100 63
100 24
100 59
100 187
100 278
100 18
100 1
100 63
100 41
100 246
100 276
100 211
100 41
100 129
100 164
100 71
100 261
100 40
100 0
100 70
100 16
100 213
100 231
100 43
100 170
100 39
100 3
100 97
100 42
100 96
100 59
100 101
100 9
100 97
100 168
100 5
100 74
100 75
100 21
100 103
100 91
100 58
100 47
100 21
100 217
100 111
100 261
100 2
100 15
100 78
100 134
100 244
100 68
100 12
100 151
100 91
100 67
100 237
100 75
100 61
100 179
100 297
100 128
100 83
100 331
100 10
100 58
100 3
100 23
100 64
100 127
100 0
100 87
100 151
100 306
100 253
100 95
100 251
100 111
100 258
100 79
100 301
100 129
100 69
100 74
100 124
100 39
100 237
100 4
100 81
100 88
100 5
100 314
100 251
100 251
100 127
100 22
100 83
100 27
100 330
100 85
100 134
100 279
100 80
100 78
100 135
100 106
100 14
100 41
100 34
100 23
100 25
100 253
100 60
100 43
100 139
100 80
100 119
100 23
100 11
100 119
100 323
100 81
100 2
100 52
100 41
100 49
100 3
100 51
100 34
100 381
100 64
100 9
100 222
100 245
100 185
100 26
100 21
100 323
100 34
100 118
100 164
100 78
100 224
100 13
100 13
100 25
100 92
100 115
100 4
100 83
100 38
100 202
100 108
100 16
100 58
100 36
100 7
100 83
100 73
100 26
100 332
100 4
100 27
100 13
100 147
100 62
100 128
100 73
100 7
100 8
100 42
100 56
100 90
100 77
100 44
100 28
100 32
100 68
100 5
100 125
100 28
100 316
100 15
100 0
100 63
100 78
100 221
100 210
100 1
100 190
100 109
100 181
100 14
100 94
100 207
100 89
100 156
100 0
100 102
100 55
100 80
100 13
100 218
100 265
100 99
100 47
100 30
100 105
100 17
100 194
100 12
100 5
100 363
100 62
100 35
100 129
100 65
100 188
100 180
100 205
100 479
100 247
100 83
100 134
100 23
100 12
100 9
100 119
100 13
100 35
100 27
100 18
100 167
100 55
100 49
100 236
100 36
100 73
100 79
100 121
100 1
100 31
100 124
100 47
100 50
100 83
100 97
100 13
100 321
100 7
100 317
100 76
100 18
100 95
100 30
100 150
100 81
100 21
100 167
100 5
100 325
100 80
100 97
100 7
100 202
100 12
100 495
100 76
100 105
100 224
100 93
100 63
100 0
100 20
100 7
100 40
100 1
100 71
100 97
100 84
100 212
100 128
100 105
100 171
100 149
100 88
100 16
100 154
100 154
100 57
100 4
100 2
100 68
100 14
100 117
100 59
100 176
100 45
100 181
100 38
100 8
100 110
100 135
100 19
100 8
100 74
100 16
100 23
100 39
100 192
100 2
100 24
100 30
100 42
100 232
100 132
100 66
100 50
100 164
100 8
100 3
100 69
100 173
100 36
100 40
100 596
100 30
100 134
100 136
100 177
100 21
100 47
100 50
100 210
100 89
100 14
100 162
100 138
100 8
100 91
100 134
100 23
100 243
100 68
100 62
100 91
100 14
100 71
100 76
100 122
100 18
100 20
100 2
100 35
100 82
100 179
100 93
100 218
100 110
100 41
100 142
100 18
100 78
100 12
100 75
100 96
100 258
100 51
100 75
100 191
100 84
100 81
100 0
100 27
100 295
100 45
100 2
100 3
100 11
100 309
100 12
100 41
100 10
100 266
100 88
100 208
100 125
100 132
100 22
100 93
100 75
100 168
100 150
100 220
100 49
100 9
100 29
100 8
100 60
100 52
100 11
100 51
100 84
100 211
100 55
100 42
100 72
100 67
100 24
100 74
100 191
100 79
100 66
100 75
100 25
100 7
100 3
100 121
100 156
100 140
100 7
100 48
100 21
100 128
100 204
100 127
100 107
100 54
100 64
100 35
100 263
100 25
100 32
100 61
100 88
100 26
100 105
100 21
100 16
100 177
100 82
100 229
100 255
100 150
100 70
100 99
100 87
100 7
100 61
100 51
100 60
100 244
100 0
100 178
100 2
100 204
100 19
100 20
100 468
100 58
100 113
100 74
100 117
100 36
100 148
100 16
100 22
100 20
100 57
100 99
100 357
100 27
100 290
100 160
100 116
100 37
100 43
100 259
100 0
100 221
100 190
100 513
100 93
100 21
100 145
100 5
100 87
100 233
100 21
100 205
100 1
100 30
100 110
100 137
100 7
100 451
100 272
100 20
100 112
100 87
100 80
100 211
100 137
100 23
100 26
100 64
100 147
100 1
100 42
100 13
100 119
100 150
100 79
100 52
100 55
100 179
100 151
100 216
100 55
100 178
100 63
100 123
100 51
100 217
100 116
100 71
100 134
100 43
100 18
100 86
100 191
100 462
100 85
100 208
100 49
100 267
100 35
100 93
100 35
100 76
100 63
100 161
100 92
100 21
100 21
100 86
100 28
100 15
100 73
100 34
100 142
100 112
100 177
100 87
100 8
100 40
100 14
100 116
100 91
100 101
100 87
100 19
100 46
100 2
100 238
100 407
100 132
100 73
100 3
100 39
100 123
100 197
100 50
100 5
100 37
100 306
100 51
100 280
100 125
100 102
100 57
100 51
100 15
100 36
100 21
100 46
100 118
100 176
100 93
100 21
100 4
100 56
100 101
100 132
100 50
100 29
100 9
100 58
100 82
100 2
100 5
100 2
100 86
100 115
100 156
100 88
100 109
100 8
100 29
100 90
100 117
100 316
100 253
100 63
100 100
100 219
100 231
100 69
100 112
100 43
100 33
100 35
100 13
100 79
100 303
100 11
100 81
100 164
100 158
100 45
100 18
100 2
100 39
100 46
100 79
100 149
100 31
100 178
100 41
100 162
100 393
100 350
100 231
100 41
100 15
100 78
100 685
100 29
100 266
100 143
100 489
100 222
100 34
100 63
100 49
100 153
100 19
100 36
100 20
100 4
100 9
100 34
100 206
100 5
100 113
100 47
100 219
100 122
100 0
100 191
100 303
100 139
100 20
100 323
100 157
100 106
100 143
100 21
100 114
100 100
100 27
100 54
100 12
100 100
100 131
100 20
100 23
100 130
100 102
100 128
100 38
100 102
100 19
100 193
100 312
100 142
100 20
100 0
100 215
100 55
100 210
100 97
100 394
100 59
100 150
100 214
100 13
100 118
100 92
100 150
100 30
100 171
100 118
100 83
100 8
100 2
100 25
100 28
100 351
100 370
100 23
100 166
100 22
100 95
100 202
100 513
100 22
100 36
100 20
100 87
100 120
100 81
100 107
100 72
100 32
100 91
100 13
100 170
100 77
100 32
100 64
100 187
100 49
100 45
100 33
100 82
100 7
100 313
100 17
100 47
100 105
100 227
100 10
100 286
100 3
100 133
100 110
100 172
100 163
100 60
100 3
100 138
100 71
100 155
100 76
100 69
100 193
100 64
100 48
100 58
100 108
100 153
100 16
100 35
100 68
100 125
100 44
100 19
100 169
100 27
100 130
100 230
100 2
100 134
100 33
100 55
100 50
100 424
100 143
100 132
100 212
100 58
100 5
100 8
100 153
100 17
100 76
100 141
100 17
100 30
100 95
100 293
100 4
100 36
100 39
100 35
100 273
100 33
100 97
100 434
100 134
100 108
100 216
100 84
100 108
100 25
100 405
100 5
100 66
100 147
100 98
100 69
100 109
100 155
100 10
100 258
100 46
100 188
100 98
100 117
100 193
100 6
100 108
100 126
100 333
100 434
100 44
100 136
100 85
100 13
100 461
100 0
100 193
100 73
100 140
100 179
100 90
100 8
100 416
100 12
100 98
100 5
100 114
100 334
100 124
100 53
100 355
100 29
100 37
100 242
100 2
100 130
100 166
100 43
100 9
100 195
100 16
100 35
100 26
100 7
100 51
100 100
100 47
100 125
100 7
100 85
100 14
100 52
100 119
100 151
100 41
100 329
100 11
100 343
100 100
100 43
100 244
100 27
100 192
100 125
100 41
100 86
100 145
100 301
100 199
100 167
100 90
100 14
100 25
100 252
100 28
100 135
100 190
100 5
100 11
100 247
100 99
100 61
100 138
100 38
100 118
100 216
100 101
100 13
100 9
100 61
100 213
100 191
100 108
100 291
100 30
100 331
100 30
100 19
100 1
100 106
100 126
100 46
100 46
100 40
100 112
100 119
100 4
100 29
100 60
100 161
100 55
100 91
100 46
100 218
100 128
100 151
100 66
100 10
100 17
100 173
100 4
100 292
100 285
100 1
100 95
100 184
100 145
100 501
100 44
100 73
100 279
100 167
100 29
100 141
100 0
100 511
100 274
100 103
100 39
100 22
100 95
100 6
100 29
100 12
100 43
100 106
100 66
100 78
100 45
100 95
100 61
100 94
100 26
100 109
100 2
100 88
100 20
100 138
100 9
100 147
100 248
100 67
100 64
100 187
100 33
100 106
100 507
100 143
100 54
100 352
100 6
100 154
100 51
100 103
100 44
100 15
100 170
100 56
100 36
100 53
100 116
100 118
100 58
100 3
100 129
100 63
100 189
100 127
100 3
100 152
100 13
100 44
100 12
100 17
100 271
100 65
100 69
100 60
100 106
100 36
100 29
100 40
100 5
100 2
100 160
100 37
100 105
100 91
100 164
100 521
100 50
100 138
100 135
100 116
100 86
100 72
100 13
100 174
100 193
100 11
100 107
100 76
100 84
100 14
100 36
100 34
100 95
100 58
100 13
100 4
100 13
100 21
100 255
100 35
100 126
100 98
100 26
100 191
100 86
100 13
100 52
100 52
100 261
100 137
100 89
100 53
100 245
100 0
100 0
100 70
100 335
100 265
100 286
100 28
100 22
100 107
100 71
100 36
100 106
100 5
100 2
100 71
100 190
100 5
100 13
100 28
100 43
100 85
100 37
100 2
100 8
100 358
100 3
100 211
100 107
100 17
100 39
100 43
100 10
100 138
100 80
100 44
100 31
100 35
100 5
100 3
100 328
100 72
100 19
100 1
100 144
100 38
100 30
100 413
100 7
100 9
100 22
100 1
100 49
100 80
100 120
100 16
100 55
100 132
100 72
100 11
100 21
100 101
100 131
100 5
100 50
100 54
100 218
100 76
100 22
100 7
100 243
100 83
100 65
100 398
100 17
100 88
100 7
100 198
100 53
100 102
100 315
100 122
100 252
100 66
100 174
100 108
100 5
100 93
100 92
100 35
100 69
100 212
100 77
100 69
100 149
100 9
100 39
100 212
100 53
100 224
100 113
100 156
100 40
100 340
100 148
100 45
100 231
100 31
100 33
100 34
100 75
100 9
100 39
100 137
100 434
100 311
100 121
100 223
100 440
100 81
100 188
100 411
100 316
100 34
100 215
100 342
100 75
100 22
100 36
100 72
100 29
100 91
100 227
100 141
100 106
100 430
100 46
100 21
100 46
100 41
100 54
100 95
100 39
100 119
100 34
100 307
100 55
100 50
100 186
100 30
100 107
100 381
100 66
100 121
100 9
100 348
100 8
100 385
100 130
100 49
100 265
100 2
100 58
100 44
100 219
100 0
100 159
100 92
100 204
100 1
100 171
100 22
100 47
100 72
100 48
100 11
100 21
100 161
100 5
100 5
100 27
100 45
100 90
100 117
100 6
100 54
100 18
100 151
100 70
100 26
100 127
100 75
100 39
100 5
100 109
100 69
100 40
100 115
100 170
100 2
100 141
100 101
100 3
100 131
100 2
100 2
100 94
100 142
100 18
100 26
100 262
100 334
100 153
100 64
100 5
100 101
100 6
100 59
100 11
100 38
100 230
100 60
100 13
100 39
100 15
100 287
100 222
100 176
100 8
100 143
100 53
100 13
100 175
100 87
100 53
100 170
100 272
100 95
100 25
100 3
100 7
100 9
100 112
100 5
100 259
100 352
100 6
100 119
100 3
100 99
100 125
100 126
100 150
100 33
100 67
100 191
100 151
100 54
100 44
100 212
100 9
100 66
100 135
100 184
100 104
100 142
100 4
100 20
100 239
100 150
100 126
100 49
100 84
100 8
100 64
100 104
100 143
100 90
100 27
100 9
100 113
100 25
100 68
100 37
100 270
100 155
100 96
100 465
100 417
100 77
100 204
100 10
100 27
100 185
100 134
100 228
100 140
100 634
100 286
100 57
100 86
100 251
100 118
100 30
100 48
100 110
100 31
100 108
100 44
100 8
100 107
100 1
100 106
100 31
100 207
100 94
100 53
100 146
100 276
100 112
100 66
100 246
100 36
100 97
100 25
100 57
100 85
100 72
100 56
100 75
100 75
100 172
100 14
100 2
100 9
100 331
100 88
100 20
100 152
100 81
100 114
100 13
100 279
100 49
100 136
100 111
100 99
100 271
100 50
100 15
100 297
100 174
100 1
100 63
100 254
100 19
100 88
100 73
100 156
100 129
100 136
100 104
100 157
100 55
100 41
100 235
100 203
100 47
100 107
100 56
100 160
100 15
100 485
100 129
100 58
100 330
100 31
100 101
100 1
100 7
100 68
100 93
100 170
100 66
100 69
100 35
100 14
100 231
100 171
100 105
100 198
100 107
100 36
100 157
100 2
100 54
100 52
100 50
100 14
100 24
100 122
100 40
100 92
100 260
100 100
100 129
100 57
100 13
100 130
100 7
100 275
100 93
100 353
100 141
100 119
100 313
100 232
100 318
100 117
100 5
100 81
100 116
100 84
100 74
100 13
100 51
100 196
100 330
100 67
100 117
100 44
100 41
100 43
100 3
100 43
100 62
100 0
100 206
100 22
100 39
100 92
100 87
100 23
100 110
100 56
100 46
100 137
100 871
100 20
100 7
100 158
100 47
100 58
100 6
100 2
100 247
100 20
100 198
100 60
100 50
100 232
100 220
100 234
100 131
100 129
100 38
100 306
100 382
100 110
100 211
100 45
100 52
100 207
100 353
100 15
100 93
100 78
100 35
100 10
100 6
100 157
100 1
100 109
100 284
100 1
100 30
100 270
100 101
100 75
100 2
100 20
100 48
100 24
100 17
100 54
100 17
100 99
100 108
100 135
100 21
100 133
100 433
100 142
100 152
100 66
100 84
100 33
100 7
100 171
100 176
100 64
100 176
100 107
100 60
100 19
100 208
100 106
100 138
100 13
100 443
100 145
100 79
100 74
100 99
100 2
100 205
100 246
100 44
100 14
100 68
100 4
100 154
100 442
100 101
100 286
100 64
100 47
100 166
100 240
100 54
100 54
100 11
100 242
100 54
100 58
100 107
100 107
100 105
100 10
100 57
100 38
100 57
100 136
100 36
100 149
100 120
100 61
100 104
100 141
100 141
100 297
100 109
100 162
100 84
100 63
100 23
100 0
100 6
100 16
100 30
100 50
100 145
100 128
100 100
100 88
100 53
100 173
100 56
100 138
100 113
100 32
100 78
100 73
100 74
100 121
100 45
100 18
100 3
100 17
100 194
100 57
100 219
100 4
100 136
100 286
100 37
100 111
100 302
100 48
100 3
100 77
100 68
100 404
100 9
100 32
100 86
100 136
100 45
100 9
100 70
100 50
100 16
100 34
100 62
100 145
100 122
100 109
100 115
100 93
100 65
100 295
100 71
100 4
100 383
100 22
100 127
100 157
100 26
100 40
100 241
100 121
100 135
100 1
100 50
100 146
100 29
100 4
100 250
100 128
100 20
100 29
100 6
100 535
100 56
100 63
100 43
100 4
100 98
100 24
100 1
100 114
100 189
100 119
100 28
100 113
100 58
100 350
100 146
100 182
100 13
100 11
100 107
100 23
100 23
100 2
100 137
100 63
100 74
100 122
100 74
100 300
100 35
100 137
100 147
100 67
100 71
100 22
100 71
100 365
100 91
100 138
100 31
100 115
100 179
100 97
100 128
100 31
100 275
100 35
100 10
100 37
100 33
100 357
100 176
100 9
100 6
100 330
100 26
100 55
100 6
100 0
100 75
100 65
100 76
100 33
100 134
100 102
100 7
100 7
100 27
100 14
100 100
100 62
100 144
100 1
100 59
100 28
100 62
100 98
100 426
100 243
100 142
100 53
100 229
100 110
100 61
100 38
100 20
100 4
100 90
100 49
100 241
100 32
100 17
100 82
100 208
100 141
100 53
100 89
100 52
100 90
100 256
100 406
100 44
100 89
100 234
100 122
100 18
100 268
100 334
100 384
100 253
100 108
100 29
100 134
100 63
100 294
100 42
100 79
100 36
100 91
100 70
100 94
100 55
100 133
100 112
100 127
100 11
100 36
100 14
100 33
100 71
100 25
100 360
100 30
100 21
100 106
100 499
100 72
100 12
100 53
100 36
100 84
100 139
100 82
100 156
100 66
100 298
100 64
100 301
100 115
100 4
100 227
100 196
100 81
100 14
100 42
100 209
100 138
100 18
100 178
100 13
100 12
100 38
100 12
100 45
100 111
100 84
100 253
100 27
100 6
100 145
100 42
100 56
100 7
100 117
100 126
100 413
100 276
100 90
100 33
100 110
100 74
100 101
100 3
100 7
100 284
100 75
100 142
100 46
100 85
100 1
100 232
100 25
100 49
100 50
100 39
100 126
100 148
100 83
100 79
100 46
100 45
100 115
100 46
100 151
100 182
100 79
100 69
100 11
100 25
100 29
100 41
100 62
100 27
100 15
100 106
100 83
100 34
100 2
100 37
100 19
100 22
100 513
100 82
100 43
100 39
100 10
100 175
100 105
100 76
100 208
100 185
100 27
100 126
100 205
100 12
100 24
100 342
100 320
100 113
100 280
100 39
100 14
100 22
100 84
100 45
100 60
100 168
100 149
100 64
100 67
100 121
100 18
100 30
100 31
100 34
100 88
100 279
100 38
100 20
100 22
100 2
100 153
100 193
100 222
100 231
100 42
100 69
100 4
100 158
100 109
100 32
100 108
100 11
100 384
100 4
100 173
100 11
100 98
100 41
100 55
100 21
100 140
100 36
100 131
100 8
100 31
100 54
100 42
100 132
100 124
100 38
100 22
100 87
100 28
100 142
100 41
100 214
100 55
100 156
100 64
100 162
100 46
100 50
100 134
100 239
100 35
100 27
100 272
100 32
100 201
100 8
100 115
100 94
100 46
100 125
100 57
100 68
100 2
100 83
100 28
100 113
100 13
100 117
100 164
100 6
100 33
100 203
100 67
100 157
100 102
100 236
100 72
100 25
100 125
100 18
100 25
100 57
100 160
100 180
100 8
100 59
100 74
100 87
100 280
100 367
100 73
100 185
100 8
100 273
100 110
100 69
100 36
100 81
100 78
100 123
100 12
100 9
100 177
100 13
100 56
100 15
100 24
100 249
100 141
100 7
100 130
100 72
100 44
100 194
100 19
100 45
100 557
100 76
100 44
100 270
100 40
100 28
100 0
100 28
100 41
100 45
100 48
100 76
100 122
100 30
100 116
100 388
100 187
100 229
100 207
100 230
100 7
100 332
100 85
100 38
100 15
100 9
100 144
100 70
100 80
100 67
100 55
100 42
100 162
100 40
100 177
100 25
100 115
100 46
100 51
100 104
100 21
100 82
100 111
100 49
100 38
100 45
100 3
100 20
100 25
100 24
100 69
100 177
100 87
100 3
100 10
100 132
100 29
100 59
100 52
100 452
100 80
100 127
100 60
100 57
100 54
100 98
100 215
100 70
100 32
100 107
100 94
100 201
100 20
100 2
100 204
100 203
100 301
100 177
100 5
100 23
100 10
100 119
100 25
100 350
100 140
100 113
100 146
100 60
100 77
100 137
100 109
100 286
100 100
100 55
100 25
100 96
100 64
100 36
100 215
100 74
100 70
100 20
100 201
100 17
100 25
100 110
100 43
100 0
100 127
100 299
100 48
100 446
100 11
100 149
100 8
100 36
100 138
100 17
100 112
100 649
100 181
100 66
100 97
100 35
100 162
100 9
100 10
100 95
100 86
100 28
100 233
100 253
100 30
100 46
100 117
100 59
100 49
100 57
100 83
100 160
100 10
100 97
100 237
100 216
100 149
100 352
100 97
100 302
100 45
100 28
100 124
100 24
100 101
100 150
100 30
100 170
100 3
100 39
100 22
100 24
100 47
100 133
100 24
100 179
100 68
100 330
100 13
100 214
100 177
100 4
100 284
100 154
100 23
100 45
100 75
100 31
100 226
100 112
100 0
100 13
100 26
100 75
100 44
100 51
100 24
100 10
100 142
100 25
100 156
100 35
100 32
100 146
100 66
100 41
100 63
100 303
100 298
100 52
100 306
100 13
100 10
100 117
100 4
100 206
100 57
100 225
100 89
100 245
100 46
100 159
100 65
100 45
100 0
100 36
100 10
100 149
100 54
100 18
100 1
100 68
100 82
100 334
100 415
100 191
100 330
100 2
100 55
100 49
100 26
100 4
100 95
100 12
100 42
100 41
100 220
100 72
100 21
100 209
100 72
100 120
100 49
100 1
100 256
100 173
100 45
100 120
100 23
100 49
100 291
100 6
100 85
100 286
100 590
100 1
100 368
100 57
100 61
100 128
100 109
100 103
100 10
100 1
100 10
100 488
100 102
100 290
100 32
100 226
100 67
100 4
100 138
100 33
100 69
100 9
100 52
100 182
100 2
100 73
100 30
100 195
100 264
100 62
100 17
100 75
100 41
100 25
100 84
100 174
100 178
100 156
100 49
100 1
100 154
100 55
100 117
100 106
100 61
100 13
100 21
100 1
100 84
100 652
100 260
100 329
100 138
100 63
100 49
100 60
100 103
100 105
100 27
100 207
100 81
100 73
100 175
100 18
100 100
100 49
100 179
100 38
100 90
100 43
100 61
100 100
100 23
100 63
100 192
100 31
100 299
100 164
100 35
100 95
100 7
100 9
100 461
100 167
100 94
100 101
100 12
100 28
100 460
100 59
100 12
100 121
100 95
100 47
100 6
100 89
100 153
100 100
100 2
100 211
100 68
100 82
100 31
100 14
100 129
100 198
100 332
100 26
100 9
100 50
100 284
100 75
100 142
100 8
100 6
100 30
100 3
100 134
100 345
100 276
100 231
100 202
100 17
100 6
100 38
100 408
100 2
100 53
100 120
100 494
100 124
100 186
100 4
100 71
100 52
100 20
100 203
100 110
100 28
100 122
100 59
100 58
100 38
100 34
100 6
100 125
100 164
100 57
100 349
100 192
100 159
100 33
100 51
100 104
100 140
100 98
100 23
100 132
100 32
100 145
100 87
100 7
100 28
100 311
100 184
100 28
100 7
100 13
100 15
100 208
100 5
100 50
100 500
100 217
100 194
100 65
100 270
100 21
100 51
100 36
100 6
100 166
100 42
100 72
100 50
100 70
100 64
100 47
100 41
100 157
100 90
100 123
100 139
100 40
100 117
100 172
100 111
100 102
100 94
100 213
100 229
100 4
100 28
100 64
100 11
100 21
100 94
100 207
100 189
100 9
100 23
100 111
100 225
100 46
100 11
100 71
100 7
100 316
100 72
100 1
100 74
100 93
100 95
100 163
100 108
100 39
100 136
100 332
100 20
100 15
100 17
100 71
100 277
100 123
100 19
100 126
100 4
100 20
100 240
100 390
100 418
100 72
100 126
100 346
100 80
100 44
100 40
100 55
100 150
100 292
100 1
100 135
100 123
100 12
100 81
100 66
100 19
100 122
100 55
100 17
100 46
100 21
100 83
100 138
100 15
100 158
100 270
100 63
100 414
100 38
100 23
100 66
100 163
100 71
100 82
100 36
100 143
100 63
100 37
100 132
100 201
100 74
100 32
100 174
100 34
100 47
100 126
100 83
100 70
100 13
100 147
100 54
100 264
100 5
100 107
100 17
100 0
100 44
100 136
100 12
100 28
100 69
100 114
100 11
100 44
100 73
100 167
100 31
100 138
100 255
100 17
100 2
100 26
100 73
100 76
100 103
100 25
100 78
100 140
100 22
100 115
100 8
100 123
100 33
100 114
100 149
100 155
100 62
100 43
100 25
100 27
100 102
100 126
100 26
100 96
100 17
100 59
100 29
100 9
100 90
100 4
100 2
100 16
100 57
100 2
100 35
100 31
100 150
100 57
100 36
100 164
100 84
100 33
100 128
100 149
100 102
100 83
100 224
100 231
100 90
100 88
100 15
100 316
100 145
100 18
100 379
100 29
100 117
100 12
100 210
100 20
100 89
100 17
100 50
100 80
100 208
100 196
100 54
100 269
100 68
100 51
100 66
100 98
100 187
100 8
100 168
100 87
100 347
100 11
100 150
100 109
100 367
100 104
100 26
100 74
100 27
100 199
100 226
100 74
100 130
100 44
100 81
100 12
100 5
100 176
100 282
100 257
100 153
100 79
100 64
100 26
100 137
100 69
100 19
100 2
100 54
100 68
100 99
100 120
100 136
100 36
100 106
100 1
100 162
100 129
100 128
100 47
100 18
100 485
100 6
100 199
100 39
100 42
100 201
100 150
100 236
100 87
100 580
100 8
100 7
100 156
100 114
100 16
100 170
100 108
100 82
100 150
100 120
100 45
100 565
100 52
100 211
100 200
100 125
100 48
100 309
100 59
100 8
100 31
100 113
100 24
100 57
100 167
100 170
100 77
100 67
100 16
100 39
100 162
100 50
100 14
100 19
100 3
100 16
100 29
100 149
100 308
100 48
100 20
100 64
100 100
100 170
100 210
100 129
100 25
100 45
100 93
100 31
100 14
100 27
100 379
100 38
100 192
100 57
100 33
100 25
100 62
100 1
100 192
100 376
100 45
100 17
100 8
100 272
100 176
100 10
100 102
100 223
100 11
100 25
100 139
100 113
100 2
100 52
100 76
100 42
100 113
100 12
100 0
100 128
100 72
100 50
100 133
100 90
100 210
100 297
100 50
100 5
100 97
100 6
100 105
100 39
100 190
100 334
100 26
100 229
100 86
100 21
100 55
100 88
100 106
100 19
100 123
100 45
100 25
100 160
100 24
100 43
100 5
100 579
100 45
100 6
100 85
100 31
100 70
100 213
100 93
100 47
100 48
100 25
100 67
100 278
100 15
100 40
100 55
100 58
100 41
100 28
100 166
100 16
100 93
100 12
100 18
100 330
100 40
100 111
100 128
100 86
100 114
100 85
100 91
100 64
100 189
100 52
100 38
100 247
100 11
100 46
100 25
100 31
100 13
100 17
100 17
100 11
100 187
100 50
100 5
100 333
100 33
100 181
100 28
100 87
100 5
100 258
100 35
100 168
100 70
100 63
100 113
100 1
100 9
100 130
100 127
100 13
100 67
100 60
100 68
100 72
100 83
100 36
100 377
100 3
100 183
100 25
100 25
100 70
100 142
100 212
100 316
100 168
100 46
100 140
100 181
100 18
100 75
100 79
100 45
100 0
100 8
100 65
100 19
100 332
100 265
100 11
100 43
100 255
100 104
100 55
100 107
100 128
100 15
100 36
100 129
100 91
100 19
100 120
100 23
100 215
100 30
100 69
100 68
100 178
100 459
100 90
100 0
100 29
100 25
100 68
100 96
100 27
100 141
100 124
100 49
100 97
100 134
100 82
100 165
100 149
100 34
100 156
100 25
100 33
100 86
100 252
100 120
100 5
100 53
100 152
100 8
100 12
100 251
100 154
100 52
100 30
100 148
100 0
100 67
100 136
100 157
100 85
100 115
100 38
100 10
100 110
100 6
100 24
100 30
100 72
100 26
100 105
100 58
100 425
100 19
100 88
100 133
100 0
100 40
100 428
100 156
100 17
100 165
100 51
100 445
100 38
100 31
100 511
100 134
100 3
100 42
100 32
100 0
100 40
100 338
100 47
100 44
100 324
100 31
100 158
100 5
100 80
100 186
100 51
100 70
100 54
100 4
100 89
100 220
100 78
100 28
100 31
100 123
100 64
100 22
100 126
100 40
100 73
100 101
100 92
100 76
100 207
100 282
100 44
100 165
100 69
100 13
100 47
100 198
100 281
100 21
100 6
100 29
100 47
100 82
100 124
100 38
100 115
100 2
100 52
100 23
100 59
100 5
100 90
100 1
100 354
100 77
100 111
100 462
100 80
100 38
100 274
100 182
100 13
100 26
100 266
100 21
100 14
100 110
100 50
100 26
100 76
100 79
100 93
100 210
100 84
100 50
100 168
100 128
100 17
100 13
100 66
100 189
100 102
100 21
100 17
100 232
100 186
100 29
100 32
100 39
100 56
100 111
100 305
100 15
100 33
100 27
100 49
100 12
100 5
100 0
100 121
100 133
100 15
100 62
100 44
100 7
100 88
100 28
100 292
100 367
100 96
100 178
100 30
100 87
100 47
100 186
100 217
100 2
100 204
100 20
100 17
100 76
100 0
100 141
100 24
100 112
100 245
100 47
100 157
100 91
100 5
100 19
100 351
100 289
100 194
100 10
100 163
100 3
100 58
100 55
100 67
100 9
100 115
100 156
100 170
100 33
100 10
100 202
100 20
100 20
100 135
100 116
100 100
100 20
100 84
100 50
100 23
100 22
100 214
100 29
100 9
100 138
100 138
100 24
100 3
100 147
100 51
100 77
100 20
100 169
100 59
100 27
100 126
100 137
100 193
100 137
100 61
100 40
100 121
100 27
100 167
100 16
100 210
100 67
100 18
100 50
100 73
100 98
100 179
100 32
100 38
100 26
100 246
100 50
100 122
100 55
100 16
100 9
100 9
100 37
100 401
100 82
100 147
100 69
100 156
100 38
100 99
100 10
100 47
100 62
100 31
100 33
100 132
100 171
100 119
100 1
100 60
100 180
100 507
100 258
100 155
100 11
100 152
100 81
100 93
100 15
100 81
100 197
100 245
100 210
100 10
100 112
100 29
100 164
100 94
100 164
100 166
100 107
100 324
100 72
100 310
100 154
100 17
100 85
100 69
100 9
100 37
100 71
100 34
100 67
100 4
100 181
100 154
100 263
100 29
100 31
100 144
100 89
100 235
100 118
100 124
100 127
100 88
100 170
100 69
100 14
100 244
100 33
100 190
100 86
100 107
100 79
100 186
100 12
100 194
100 103
100 52
100 112
100 218
100 60
100 76
100 76
100 12
100 438
100 160
100 38
100 130
100 69
100 98
100 541
100 86
100 25
100 33
100 53
100 45
100 75
100 33
100 1
100 131
100 97
100 15
100 34
100 137
100 6
100 143
100 70
100 551
100 9
100 2
100 73
100 311
100 29
100 29
100 50
100 135
100 8
100 8
100 34
100 42
100 26
100 107
100 129
100 7
100 166
100 365
100 7
100 41
100 58
100 140
100 144
100 127
100 128
100 46
100 20
100 7
100 69
100 27
100 44
100 74
100 76
100 65
100 224
100 157
100 71
100 37
100 10
100 40
100 140
100 123
100 92
100 50
100 16
100 42
100 63
100 305
100 50
100 60
100 3
100 15
100 76
100 24
100 22
100 13
100 111
100 19
100 49
100 106
100 218
100 34
100 10
100 42
100 11
100 71
100 8
100 179
100 102
100 3
100 64
100 362
100 352
100 136
100 198
100 54
100 1
100 109
100 347
100 78
100 45
100 93
100 132
100 333
100 25
100 132
100 78
100 90
100 93
100 81
100 73
100 119
100 2
100 28
100 46
100 58
100 224
100 40
100 3
100 45
100 61
100 9
100 11
100 71
100 43
100 8
100 17
100 112
100 52
100 582
100 27
100 101
100 5
100 140
100 235
100 60
100 44
100 13
100 305
100 110
100 1
100 254
100 5
100 95
100 3
100 47
100 83
100 313
100 123
100 126
100 23
100 139
100 218
100 61
100 42
100 32
100 64
100 11
100 37
100 110
100 3
100 383
100 251
100 136
100 67
100 0
100 125
100 12
100 289
100 171
100 72
100 113
100 110
100 23
100 66
100 109
100 19
100 120
100 76
100 54
100 4
100 18
100 19
100 166
100 181
100 108
100 133
100 52
100 100
100 255
100 177
100 49
100 24
100 55
100 74
100 34
100 664
100 65
100 440
100 348
100 39
100 107
100 129
100 10
100 93
100 185
100 20
100 53
100 37
100 429
100 167
100 6
100 29
100 203
100 66
100 23
100 25
100 90
100 3
100 314
100 471
100 69
100 84
100 86
100 88
100 29
100 443
100 74
100 52
100 230
100 304
100 146
100 132
100 49
100 21
100 126
100 361
100 65
100 112
100 80
100 85
100 142
100 20
100 64
100 5
100 221
100 23
100 276
100 242
100 19
100 62
100 166
100 181
100 22
100 173
100 117
100 170
100 3
100 68
100 61
100 155
100 126
100 143
100 95
100 43
100 42
100 30
100 145
100 57
100 71
100 49
100 41
100 244
100 17
100 39
100 95
100 34
100 8
100 167
100 0
100 93
100 312
100 50
100 31
100 32
100 201
100 6
100 164
100 2
100 127
100 63
100 148
100 71
100 5
100 3
100 65
100 242
100 27
100 84
100 135
100 273
100 10
100 163
100 100
100 31
100 31
100 116
100 18
100 241
100 45
100 1
100 180
100 76
100 55
100 49
100 143
100 59
100 57
100 108
100 85
100 73
100 111
100 18
100 116
100 32
100 17
100 45
100 17
100 24
100 58
100 368
100 85
100 276
100 90
100 31
100 129
100 49
100 7
100 59
100 61
100 15
100 14
100 119
100 54
100 86
100 34
100 324
100 1
100 164
100 72
100 33
100 249
100 124
100 220
100 25
100 24
100 268
100 10
100 81
100 111
100 69
100 324
100 47
100 131
100 39
100 23
100 111
100 26
100 10
100 131
100 204
100 30
100 358
100 67
100 14
100 231
100 96
100 65
100 11
100 47
100 91
100 14
100 30
100 9
100 67
100 11
100 39
100 39
100 130
100 494
100 7
100 125
100 106
100 233
100 160
100 42
100 236
100 278
100 182
100 14
100 53
100 31
100 188
100 289
100 23
100 148
100 102
100 130
100 178
100 28
100 135
100 132
100 156
100 100
100 23
100 82
100 71
100 193
100 575
100 13
100 8
100 211
100 140
100 139
100 64
100 24
100 152
100 21
100 151
100 29
100 60
100 58
100 54
100 6
100 80
100 14
100 296
100 191
100 153
100 3
100 86
100 6
100 61
100 43
100 15
100 312
100 63
100 290
100 89
100 106
100 187
100 59
100 30
100 22
100 30
100 125
100 205
100 48
100 193
100 0
100 31
100 84
100 289
100 127
100 74
100 170
100 13
100 8
100 153
100 49
100 102
100 31
100 32
100 77
100 160
100 38
100 170
100 132
100 182
100 204
100 14
100 74
100 81
100 178
100 42
100 211
100 436
100 13
100 1
100 76
100 41
100 65
100 61
100 159
100 156
100 183
100 7
100 14
100 52
100 85
100 127
100 38
100 153
100 164
100 83
100 347
100 25
100 28
100 69
100 138
100 129
100 32
100 14
100 183
100 201
100 344
100 44
100 210
100 40
100 14
100 0
100 17
100 285
100 91
100 165
100 108
100 245
100 300
100 94
100 56
100 1
100 54
100 221
100 51
100 23
100 30
100 92
100 77
100 28
100 12
100 31
100 131
100 16
100 117
100 140
100 144
100 2
100 108
100 5
100 282
100 209
100 98
100 10
100 33
100 32
100 15
100 16
100 219
100 181
100 373
100 38
100 70
100 26
100 113
100 23
100 72
100 70
100 217
100 73
100 125
100 38
100 6
100 68
100 29
100 87
100 632
100 162
100 1
100 299
100 44
100 80
100 20
100 7
100 39
100 96
100 106
100 15
100 48
100 160
100 184
100 54
100 144
100 49
100 103
100 101
100 121
100 109
100 28
100 270
100 1
100 31
100 15
100 270
100 33
100 51
100 169
100 22
100 50
100 393
100 157
100 78
100 98
100 77
100 29
100 133
100 11
100 199
100 173
100 87
100 123
100 9
100 112
100 25
100 99
100 202
100 140
100 5
100 72
100 192
100 31
100 334
100 61
100 27
100 279
100 100
100 49
100 20
100 85
100 37
100 196
100 6
100 135
100 138
100 232
100 25
100 35
100 69
100 137
100 169
100 16
100 86
100 18
100 46
100 492
100 24
100 58
100 60
100 87
100 10
100 41
100 249
100 43
100 74
100 116
100 21
100 279
100 33
100 23
100 46
100 153
100 7
100 207
100 113
100 66
100 82
100 67
100 23
100 50
100 129
100 172
100 2
100 120
100 5
100 37
100 26
100 13
100 9
100 66
100 67
100 270
100 28
100 151
100 304
100 12
100 3
100 97
100 111
100 53
100 26
100 252
100 92
100 142
100 62
100 81
100 143
100 75
100 41
100 46
100 51
100 111
100 25
100 39
100 74
100 10
100 43
100 41
100 87
100 99
100 21
100 105
100 62
100 36
100 362
100 93
100 69
100 34
100 163
100 132
100 347
100 83
100 17
100 6
100 120
100 86
100 36
100 275
100 51
100 46
100 117
100 43
100 356
100 162
100 179
100 25
100 105
100 107
100 86
100 32
100 0
100 168
100 213
100 43
100 157
100 127
100 94
100 6
100 23
100 34
100 44
100 173
100 46
100 77
100 74
100 54
100 198
100 15
100 125
100 20
100 343
100 26
100 142
100 2
100 33
100 226
100 39
100 88
100 22
100 67
100 22
100 307
100 63
100 78
100 2
100 41
100 17
100 128
100 28
100 164
100 76
100 75
100 73
100 52
100 12
100 137
100 23
100 57
100 54
100 104
100 46
100 26
100 54
100 150
100 144
100 105
100 72
100 76
100 88
100 43
100 138
100 158
100 103
100 90
100 140
100 86
100 252
100 24
100 93
100 180
100 116
100 39
100 62
100 195
100 123
100 1
100 115
100 97
100 253
100 128
100 116
100 36
100 91
100 156
100 122
100 59
100 148
100 145
100 91
100 44
100 40
100 14
100 120
100 51
100 55
100 616
100 9
100 261
100 185
100 85
100 11
100 183
100 135
100 79
100 69
100 55
100 27
100 205
100 509
100 182
100 52
100 128
100 341
100 144
100 14
100 85
100 70
100 47
100 33
100 10
100 66
100 21
100 58
100 49
100 413
100 18
100 133
100 73
100 114
100 135
100 51
100 38
100 304
100 41
100 106
100 62
100 90
100 10
100 39
100 55
100 10
100 39
100 30
100 252
100 101
100 22
100 75
100 138
100 94
100 400
100 247
100 155
100 39
100 7
100 136
100 339
100 88
100 108
100 51
100 144
100 25
100 273
100 41
100 173
100 186
100 60
100 50
100 7
100 22
100 393
100 139
100 234
100 64
100 3
100 246
100 12
100 34
100 157
100 36
100 199
100 13
100 35
100 125
100 2
100 7
100 32
100 100
100 111
100 43
100 3
100 41
100 23
100 4
100 45
100 52
100 145
100 56
100 87
100 1
100 112
100 75
100 273
100 43
100 180
100 50
100 35
100 2
100 22
100 34
100 265
100 48
100 39
100 3
100 23
100 128
100 767
100 28
100 373
100 149
100 6
100 331
100 50
100 69
100 254
100 20
100 59
100 112
100 74
100 302
100 31
100 13
100 77
100 20
100 50
100 47
100 237
100 9
100 24
100 98
100 154
100 38
100 247
100 8
100 81
100 121
100 44
100 125
100 114
100 3
100 97
100 46
100 158
100 68
100 89
100 115
100 28
100 293
100 10
100 54
100 5
100 643
100 25
100 39
100 64
100 281
100 14
100 35
100 2
100 56
100 4
100 25
100 102
100 90
100 19
100 4
100 123
100 372
100 456
100 57
100 41
100 2
100 87
100 17
100 171
100 0
100 124
100 146
100 187
100 101
100 129
100 54
100 238
100 73
100 121
100 464
100 44
100 70
100 88
100 49
100 13
100 1
100 69
100 58
100 204
100 155
100 203
100 224
100 24
100 39
100 64
100 400
100 187
100 100
100 138
100 70
100 95
100 89
100 83
100 162
100 192
100 67
100 30
100 115
100 37
100 121
100 65
100 89
100 40
100 86
100 19
100 37
100 192
100 478
100 83
100 206
100 215
100 220
100 31
100 134
100 2
100 216
100 337
100 231
100 24
100 267
100 243
100 9
100 12
100 17
100 79
100 55
100 426
100 9
100 57
100 252
100 25
100 91
100 88
100 231
100 99
100 189
100 219
100 132
100 166
100 89
100 141
100 291
100 126
100 161
100 110
100 164
100 127
100 35
100 37
100 304
100 151
100 103
100 457
100 74
100 154
100 246
100 145
100 89
100 131
100 53
100 41
100 14
100 12
100 27
100 18
100 13
100 91
100 5
100 8
100 88
100 60
100 119
100 22
100 39
100 55
100 215
100 6
100 41
100 71
100 144
100 334
100 32
100 168
100 93
100 104
100 22
100 65
100 16
100 138
100 33
100 135
100 195
100 217
100 125
100 261
100 32
100 37
100 54
100 45
100 68
100 25
100 333
100 20
100 272
100 3
100 36
100 155
100 210
100 41
100 16
100 4
100 217
100 175
100 301
100 48
100 82
100 46
100 141
100 15
100 223
100 70
100 88
100 354
100 399
100 86
100 145
100 131
100 236
100 2
100 17
100 9
100 16
100 53
100 337
100 130
100 9
100 100
100 232
100 123
100 126
100 95
100 490
100 249
100 3
100 310
100 78
100 334
100 195
100 325
100 49
100 1
100 39
100 71
100 30
100 23
100 262
100 119
100 28
100 270
100 447
100 434
100 27
100 6
100 2
100 524
100 194
100 63
100 75
100 38
100 497
100 14
100 418
100 32
100 96
100 65
100 144
100 4
100 26
100 85
100 51
100 2
100 93
100 110
100 20
100 137
100 72
100 23
100 14
100 4
100 5
100 110
100 179
100 7
100 36
100 68
100 7
100 319
100 175
100 16
100 88
100 74
100 162
100 254
100 172
100 349
100 24
100 23
100 56
100 1
100 8
100 364
100 119
100 82
100 25
100 44
100 114
100 132
100 23
100 48
100 19
100 175
100 45
100 63
100 29
100 30
100 33
100 119
100 101
100 25
100 407
100 9
100 411
100 10
100 51
100 98
100 210
100 12
100 4
100 28
100 43
100 178
100 24
100 11
100 191
100 30
100 0
100 25
100 109
100 7
100 93
100 20
100 233
100 183
100 99
100 59
100 85
100 110
100 344
100 72
100 610
100 80
100 48
100 72
100 23
100 96
100 112
100 5
100 87
100 173
100 170
100 319
100 229
100 266
100 70
100 20
100 69
100 35
100 108
100 228
100 2
100 32
100 31
100 50
100 65
100 144
100 42
100 360
100 8
100 30
100 23
100 54
100 147
100 31
100 231
100 49
100 1
100 95
100 67
100 7
100 130
100 159
100 224
100 37
100 106
100 93
100 121
100 88
100 3
100 58
100 22
100 15
100 36
100 88
100 244
100 1
100 195
100 124
100 38
100 45
100 61
100 92
100 105
100 50
100 75
100 155
100 119
100 92
100 176
100 264
100 37
100 81
100 37
100 133
100 97
100 265
100 223
100 82
100 151
100 105
100 124
100 268
100 173
100 53
100 28
100 39
100 97
100 77
100 99
100 118
100 49
100 166
100 183
100 16
100 16
100 29
100 235
100 126
100 1
100 101
100 17
100 75
100 37
100 202
100 35
100 167
100 7
100 109
100 118
100 127
100 12
100 390
100 119
100 170
100 29
100 50
100 81
100 34
100 225
100 178
100 90
100 159
100 57
100 99
100 3
100 18
100 34
100 69
100 33
100 10
100 15
100 25
100 52
100 1
100 23
100 295
100 32
100 282
100 38
100 36
100 8
100 141
100 129
100 116
100 145
100 13
100 70
100 44
100 146
100 57
100 2
100 25
100 102
100 121
100 62
100 240
100 124
100 149
100 113
100 103
100 114
100 27
100 182
100 131
100 74
100 24
100 109
100 133
100 69
100 41
100 43
100 135
100 125
100 107
100 27
100 94
100 100
100 61
100 302
100 0
100 165
100 72
100 115
100 90
100 96
100 365
100 141
100 317
100 199
100 2
100 112
100 9
100 407
100 218
100 24
100 284
100 115
100 185
100 25
100 45
100 117
100 105
100 179
100 17
100 100
100 121
100 123
100 67
100 39
100 55
100 37
100 6
100 154
100 80
100 168
100 24
100 136
100 73
100 25
100 82
100 97
100 70
100 57
100 86
100 25
100 81
100 127
100 54
100 42
100 14
100 352
100 29
100 89
100 42
100 153
100 105
100 128
100 106
100 58
100 44
100 44
100 61
100 331
100 19
100 87
100 21
100 13
100 17
100 21
100 49
100 44
100 37
100 306
100 57
100 306
100 5
100 26
100 62
100 94
100 188
100 10
100 112
100 23
100 15
100 109
100 29
100 36
100 90
100 243
100 208
100 111
100 92
100 231
100 67
100 113
100 68
100 24
100 70
100 28
100 88
100 212
100 83
100 18
100 83
100 36
100 126
100 40
100 69
100 129
100 4
100 46
100 4
100 72
100 95
100 195
100 107
100 235
100 15
100 23
100 34
100 126
100 19
100 125
100 72
100 66
100 112
100 249
100 9
100 206
100 132
100 146
100 299
100 145
100 101
100 209
100 23
100 21
100 202
100 255
100 65
100 138
100 206
100 9
100 51
100 6
100 211
100 107
100 3
100 77
100 52
100 113
100 137
100 34
100 90
100 2
100 257
100 61
100 46
100 118
100 14
100 120
100 125
100 114
100 55
100 16
100 33
100 29
100 173
100 347
100 107
100 59
100 25
100 276
100 146
100 180
100 11
100 189
100 30
100 24
100 20
100 48
100 128
100 150
100 23
100 127
100 124
100 39
100 91
100 75
100 47
100 19
100 50
100 31
100 216
100 46
100 129
100 36
100 36
100 314
100 13
100 6
100 142
100 34
100 6
100 151
100 3
100 258
100 23
100 102
100 48
100 164
100 17
100 157
100 15
100 52
100 45
100 172
100 45
100 38
100 70
100 106
100 467
100 88
100 350
100 54
100 19
100 225
100 1
100 182
100 3
100 22
100 45
100 603
100 21
100 30
100 6
100 179
100 59
100 336
100 36
100 27
100 242
100 24
100 22
100 40
100 96
100 76
100 16
100 41
100 107
100 54
100 41
100 94
100 100
100 32
100 17
100 7
100 24
100 69
100 40
100 57
100 87
100 288
100 7
100 75
100 150
100 99
100 9
100 12
100 127
100 108
100 181
100 161
100 63
100 48
100 54
100 43
100 46
100 140
100 73
100 13
100 126
100 20
100 56
100 142
100 248
100 43
100 30
100 188
100 193
100 95
100 228
100 183
100 46
100 233
100 164
100 141
100 11
100 26
100 321
100 189
100 270
100 58
100 47
100 45
100 82
100 243
100 25
100 83
100 37
100 53
100 117
100 26
100 96
100 45
100 106
100 45
100 59
100 219
100 11
100 136
100 94
100 87
100 91
100 225
100 94
100 82
100 90
100 68
100 15
100 11
100 134
100 25
100 126
100 134
100 245
100 42
100 27
100 3
100 36
100 226
100 237
100 6
100 125
100 185
100 12
100 105
100 68
100 90
100 18
100 58
100 37
100 71
100 305
100 23
100 225
100 2
100 175
100 70
100 276
100 95
100 378
100 24
100 17
100 105
100 112
100 9
100 178
100 21
100 67
100 25
100 31
100 17
100 16
100 81
100 81
100 95
100 12
100 167
100 5
100 38
100 36
100 291
100 276
100 104
100 88
100 28
100 6
100 2
100 19
100 452
100 165
100 130
100 42
100 193
100 243
100 12
100 288
100 2
100 57
100 2
100 288
100 554
100 467
100 52
100 27
100 48
100 30
100 100
100 50
100 19
100 51
100 8
100 142
100 49
100 168
100 313
100 240
100 211
100 80
100 4
100 148
100 60
100 42
100 40
100 7
100 43
100 17
100 7
100 85
100 10
100 415
100 82
100 8
100 91
100 37
100 88
100 67
100 26
100 6
100 50
100 127
100 140
100 11
100 78
100 12
100 111
100 134
100 101
100 99
100 24
100 87
100 382
100 152
100 80
100 76
100 53
100 5
100 173
100 155
100 110
100 35
100 18
100 143
100 195
100 5
100 57
100 13
100 192
100 72
100 47
100 116
100 62
100 22
100 5
100 57
100 41
100 125
100 5
100 157
100 135
100 68
100 30
100 11
100 296
100 80
100 94
100 49
100 19
100 144
100 376
100 45
100 92
100 337
100 61
100 48
100 39
100 37
100 12
100 262
100 205
100 45
100 124
100 11
100 236
100 72
100 23
100 78
100 20
100 36
100 37
100 158
100 250
100 14
100 10
100 88
100 110
100 50
100 80
100 103
100 100
100 59
100 20
100 50
100 12
100 286
100 8
100 149
100 30
100 188
100 84
100 24
100 234
100 9
100 12
100 7
100 61
100 47
100 102
100 60
100 129
100 19
100 8
100 176
100 15
100 48
100 58
100 29
100 25
100 66
100 133
100 0
100 66
100 63
100 358
100 36
100 57
100 27
100 158
100 16
100 92
100 68
100 59
100 101
100 108
100 52
100 10
100 13
100 7
100 124
100 225
100 21
100 38
100 135
100 63
100 100
100 104
100 90
100 34
100 31
100 9
100 49
100 16
100 71
100 22
100 124
100 129
100 17
100 16
100 462
100 2
100 284
100 282
100 114
100 104
100 18
100 6
100 49
100 20
100 41
100 6
100 297
100 188
100 20
100 192
100 288
100 123
100 24
100 20
100 220
100 93
100 70
100 25
100 138
100 3
100 47
100 86
100 73
100 51
100 194
100 115
100 159
100 160
100 45
100 33
100 117
100 73
100 69
100 1
100 87
100 23
100 181
100 71
100 131
100 119
100 147
100 3
100 179
100 76
100 257
100 115
100 23
100 25
100 55
100 518
100 103
100 286
100 40
100 5
100 121
100 80
100 264
100 467
100 129
100 157
100 164
100 48
100 302
100 97
100 65
100 223
100 9
100 90
100 256
100 28
100 5
100 28
100 131
100 152
100 264
100 33
100 62
100 504
100 14
100 76
100 27
100 126
100 16
100 119
100 239
100 23
100 22
100 27
100 187
100 177
100 13
100 52
100 52
100 57
100 395
100 37
100 34
100 3
100 106
100 35
100 324
100 13
100 16
100 47
100 6
100 49
100 3
100 146
100 394
100 6
100 217
100 142
100 122
100 193
100 51
100 27
100 203
100 5
100 250
100 20
100 257
100 203
100 76
100 51
100 240
100 75
100 15
100 60
100 66
100 204
100 77
100 67
100 136
100 74
100 411
100 52
100 172
100 65
100 20
100 160
100 197
100 211
100 162
100 104
100 67
100 130
100 15
100 205
100 149
100 101
100 29
100 32
100 71
100 126
100 27
100 127
100 43
100 108
100 105
100 23
100 230
100 43
100 239
100 145
100 141
100 2
100 79
100 41
100 78
100 12
100 131
100 84
100 24
100 13
100 145
100 9
100 116
100 51
100 453
100 76
100 56
100 24
100 211
100 221
100 161
100 18
100 1
100 20
100 186
100 48
100 27
100 5
100 0
100 68
100 2
100 29
100 21
100 73
100 148
100 71
100 43
100 82
100 18
100 31
100 42
100 14
100 127
100 159
100 35
100 25
100 37
100 303
100 282
100 23
100 251
100 51
100 50
100 26
100 125
100 256
100 19
100 2
100 20
100 60
100 33
100 90
100 185
100 51
100 18
100 246
100 9
100 150
100 7
100 80
100 95
100 44
100 36
100 168
100 234
100 123
100 24
100 39
100 30
100 70
100 120
100 76
100 346
100 256
100 6
100 17
100 96
100 5
100 37
100 190
100 78
100 39
100 36
100 5
100 437
100 17
100 166
100 129
100 103
100 247
100 22
100 484
100 103
100 33
100 68
100 198
100 12
100 24
100 37
100 59
100 301
100 74
100 21
100 16
100 84
100 171
100 133
100 20
100 1
100 128
100 13
100 61
100 71
100 126
100 153
100 87
100 124
100 44
100 114
100 39
100 244
100 16
100 93
100 72
100 61
100 87
100 343
100 42
100 238
100 14
100 37
100 28
100 88
100 191
100 27
100 12
100 9
100 20
100 221
100 144
100 57
100 208
100 252
100 184
100 12
100 94
100 199
100 359
100 190
100 59
100 58
100 123
100 38
100 368
100 35
100 176
100 10
100 168
100 26
100 141
100 73
100 190
100 180
100 127
100 98
100 54
100 143
100 269
100 126
100 43
100 6
100 136
100 9
100 3
100 122
100 302
100 166
100 75
100 42
100 458
100 43
100 70
100 129
100 554
100 20
100 66
100 75
100 9
100 222
100 52
100 145
100 126
100 95
100 18
100 93
100 137
100 51
100 63
100 1
100 146
100 5
100 175
100 8
100 91
100 236
100 37
100 286
100 144
100 20
100 185
100 25
100 101
100 56
100 238
100 96
100 31
100 228
100 132
100 17
100 5
100 194
100 50
100 61
100 59
100 29
100 263
100 168
100 164
100 9
100 132
100 188
100 14
100 82
100 295
100 94
100 27
100 14
100 30
100 24
100 185
100 7
100 119
100 191
100 57
100 63
100 271
100 110
100 10
100 9
100 125
100 61
100 36
100 2
100 123
100 55
100 280
100 27
100 94
100 108
100 86
100 255
100 41
100 94
100 46
100 25
100 48
100 8
100 67
100 62
100 113
100 41
100 183
100 167
100 152
100 28
100 418
100 29
100 30
100 19
100 7
100 18
100 55
100 96
100 68
100 67
100 66
100 47
100 6
100 5
100 175
100 121
100 49
100 43
100 99
100 151
100 47
100 53
100 85
100 51
100 65
100 98
100 8
100 487
100 2
100 62
100 24
100 195
100 80
100 50
100 489
100 90
100 84
100 318
100 250
100 137
100 11
100 192
100 171
100 102
100 124
100 119
100 61
100 32
100 52
100 149
100 92
100 282
100 176
100 142
100 135
100 6
100 31
100 107
100 41
100 2
100 192
100 98
100 88
100 146
100 91
100 180
100 5
100 82
100 44
100 146
100 219
100 154
100 87
100 0
100 18
100 66
100 143
100 6
100 20
100 97
100 16
100 27
100 103
100 138
100 55
100 110
100 118
100 200
100 281
100 52
100 12
100 0
100 1
100 16
100 104
100 24
100 88
100 25
100 147
100 17
100 130
100 33
100 55
100 70
100 184
100 4
100 187
100 186
100 558
100 149
100 10
100 46
100 140
100 77
100 76
100 237
100 205
100 300
100 302
100 10
100 108
100 9
100 81
100 118
100 11
100 2
100 288
100 41
100 95
100 25
100 215
100 22
100 29
100 10
100 60
100 32
100 4
100 82
100 101
100 14
100 58
100 172
100 78
100 146
100 24
100 36
100 15
100 27
100 275
100 87
100 9
100 18
100 26
100 5
100 77
100 119
100 62
100 35
100 32
100 111
100 20
100 88
100 104
100 5
100 921
100 72
100 85
100 11
100 64
100 45
100 110
100 121
100 193
100 155
100 12
100 101
100 28
100 60
100 24
100 131
100 81
100 1
100 162
100 1
100 79
100 36
100 90
100 108
100 121
100 469
100 146
100 55
100 38
100 26
100 166
100 82
100 53
100 58
100 109
100 38
100 36
100 55
100 58
100 153
100 180
100 454
100 55
100 250
100 303
100 236
100 81
100 12
100 110
100 34
100 179
100 143
100 117
100 113
100 154
100 37
100 6
100 242
100 39
100 251
100 5
100 50
100 35
100 30
100 56
100 114
100 33
100 54
100 50
100 29
100 247
100 2
100 12
100 71
100 43
100 82
100 134
100 275
100 167
100 170
100 35
100 157
100 189
100 54
100 418
100 9
100 72
100 21
100 28
100 76
100 56
100 76
100 96
100 201
100 39
100 149
100 137
100 143
100 16
100 141
100 11
100 143
100 282
100 127
100 129
100 39
100 129
100 8
100 67
100 23
100 51
100 0
100 61
100 10
100 59
100 94
100 311
100 154
100 117
100 269
100 0
100 196
100 28
100 180
100 112
100 24
100 425
100 276
100 83
100 53
100 75
100 43
100 90
100 315
100 169
100 45
100 132
100 13
100 223
100 46
100 6
100 78
100 19
100 19
100 148
100 115
100 186
100 14
100 200
100 16
100 82
100 374
100 193
100 26
100 150
100 251
100 127
100 57
100 139
100 64
100 133
100 244
100 40
100 130
100 19
100 263
100 17
100 18
100 84
100 37
100 14
100 94
100 12
100 21
100 19
100 36
100 194
100 45
100 0
100 407
100 24
100 41
100 97
100 33
100 156
100 122
100 230
100 17
100 37
100 22
100 101
100 127
100 67
100 75
100 116
100 287
100 90
100 123
100 85
100 58
100 3
100 6
100 72
100 84
100 2
