100 539
100 1377
100 63
100 127
100 782
100 576
100 302
100 264
100 451
100 289
100 454
100 50
100 1168
100 248
100 192
100 646
100 146
100 891
100 381
100 284
100 72
100 318
100 836
100 666
100 95
100 195
100 202
100 199
100 1484
100 762
100 935
100 1846
100 1117
100 202
100 472
100 124
100 12
100 755
100 292
100 109
100 872
100 795
100 186
100 1355
100 416
100 550
100 300
100 183
100 184
100 661
100 164
100 78
100 617
100 36
100 191
100 81
100 185
100 1231
100 162
100 92
100 252
100 273
100 179
100 55
100 171
100 35
100 151
100 426
100 1370
100 116
100 107
100 534
100 9
100 1208
100 561
100 767
100 384
100 251
100 200
100 313
100 557
100 1870
100 53
100 1041
100 271
100 976
100 322
100 591
100 14
100 245
100 311
100 183
100 763
100 29
100 1256
100 1053
100 218
100 579
100 8
100 312
100 630
100 111
100 964
100 415
100 1560
100 1199
100 648
100 492
100 58
100 327
100 667
100 166
100 109
100 151
100 244
100 130
100 590
100 111
100 7
100 207
100 475
100 1220
100 217
100 73
100 514
100 92
100 237
100 237
100 136
100 74
100 1003
100 571
100 733
100 213
100 26
100 307
100 257
100 1
100 185
100 473
100 34
100 415
100 15
100 241
100 266
100 206
100 2280
100 62
100 568
100 224
100 302
100 93
100 66
100 804
100 9
100 577
100 776
100 600
100 970
100 1134
100 49
100 157
100 164
100 266
100 989
100 990
100 251
100 496
100 93
100 946
100 104
100 127
100 427
100 930
100 650
100 340
100 933
100 276
100 258
100 70
100 47
100 667
100 183
100 46
100 158
100 116
100 74
100 132
100 442
100 421
100 200
100 1002
100 110
100 187
100 388
100 55
100 480
100 533
100 755
100 25
100 876
100 273
100 120
100 1005
100 416
100 261
100 164
100 556
100 1084
100 516
100 154
100 91
100 141
100 268
100 185
100 250
100 62
100 373
100 757
100 7
100 560
100 34
100 744
100 310
100 1234
100 488
100 216
100 169
100 168
100 517
100 137
100 2045
100 26
100 1135
100 450
100 3
100 60
100 180
100 1754
100 261
100 392
100 925
100 625
100 10
100 742
100 780
100 385
100 828
100 305
100 351
100 950
100 1155
100 47
100 470
100 134
100 2
100 588
100 35
100 585
100 52
100 765
100 164
100 575
100 628
100 594
100 39
100 491
100 259
100 813
100 440
100 648
100 609
100 84
100 868
100 66
100 635
100 901
100 144
100 621
100 408
100 953
100 1023
100 137
100 395
100 416
100 355
100 62
100 277
100 322
100 14
100 1321
100 41
100 243
100 391
100 631
100 1041
100 145
100 443
100 37
100 315
100 790
100 1085
100 241
100 84
100 584
100 42
100 975
100 852
100 751
100 56
100 1304
100 274
100 245
100 1138
100 392
100 1303
100 1413
100 516
100 522
100 197
100 503
100 379
100 434
100 1244
100 459
100 325
100 140
100 831
100 491
100 349
100 706
100 713
100 552
100 26
100 940
100 1099
100 128
100 998
100 18
100 459
100 76
100 320
100 211
100 176
100 493
100 1
100 266
100 368
100 40
100 852
100 425
100 249
100 291
100 578
100 46
100 929
100 804
100 946
100 471
100 445
100 459
100 55
100 143
100 1146
100 117
100 267
100 679
100 1515
100 392
100 1581
100 529
100 389
100 5
100 49
100 1043
100 178
100 1204
100 206
100 235
100 310
100 51
100 312
100 412
100 255
100 283
100 5
100 408
100 507
100 61
100 1770
100 679
100 469
100 327
100 124
100 15
100 20
100 69
100 411
100 576
100 251
100 108
100 2144
100 332
100 12
100 403
100 362
100 155
100 306
100 346
100 339
100 1570
100 115
100 1384
100 368
100 101
100 17
100 693
100 118
100 15
100 251
100 379
100 106
100 111
100 15
100 79
100 697
100 239
100 1002
100 979
100 45
100 393
100 171
100 382
100 142
100 571
100 931
100 744
100 84
100 377
100 198
100 139
100 127
100 1013
100 94
100 387
100 637
100 136
100 878
100 71
100 118
100 1010
100 105
100 771
100 6
100 615
100 193
100 508
100 134
100 31
100 632
100 734
100 499
100 808
100 360
100 1352
100 289
100 299
100 90
100 30
100 245
100 1877
100 585
100 889
100 294
100 117
100 113
100 2953
100 584
100 588
100 231
100 441
100 185
100 79
100 597
100 24
100 134
100 262
100 312
100 673
100 1151
100 1716
100 110
100 34
100 1238
100 1409
100 664
100 122
100 69
100 679
100 257
100 353
100 139
100 693
100 790
100 2615
100 692
100 701
100 51
100 249
100 456
100 25
100 798
100 208
100 835
100 112
100 144
100 232
100 136
100 8
100 81
100 840
100 101
100 684
100 553
100 440
100 280
100 1106
100 212
100 882
100 2025
100 812
100 1553
100 370
100 137
100 336
100 79
100 953
100 421
100 461
100 79
100 134
100 34
100 1506
100 228
100 509
100 252
100 1053
100 214
100 497
100 105
100 34
100 1040
100 388
100 924
100 45
100 406
100 91
100 288
100 615
100 193
100 1749
100 452
100 941
100 494
100 389
100 716
100 214
100 753
100 671
100 425
100 44
100 342
100 1868
100 731
100 312
100 220
100 961
100 173
100 970
100 481
100 182
100 206
100 209
100 125
100 32
100 209
100 465
100 1121
100 153
100 457
100 324
100 212
100 3250
100 392
100 79
100 35
100 586
100 704
100 1349
100 260
100 226
100 177
100 456
100 3
100 165
100 586
100 1670
100 73
100 2639
100 29
100 16
100 765
100 999
100 430
100 671
100 646
100 775
100 419
100 198
100 395
100 522
100 505
100 284
100 700
100 169
100 556
100 1064
100 360
100 773
100 232
100 61
100 51
100 706
100 462
100 1440
100 15
100 188
100 1398
100 206
100 701
100 90
100 139
100 197
100 116
100 1151
100 894
100 280
100 1171
100 63
100 448
100 130
100 50
100 38
100 124
100 444
100 156
100 1193
100 522
100 21
100 1065
100 70
100 885
100 323
100 23
100 558
100 284
100 1095
100 972
100 442
100 364
100 1069
100 88
100 145
100 489
100 192
100 1631
100 394
100 1222
100 1128
100 68
100 1018
100 16
100 1881
100 163
100 594
100 66
100 55
100 474
100 1343
100 542
100 12
100 814
100 909
100 265
100 28
100 320
100 10
100 2395
100 59
100 466
100 223
100 580
100 639
100 263
100 524
100 196
100 340
100 220
100 733
100 415
100 362
100 930
100 139
100 953
100 295
100 27
100 280
100 383
100 891
100 238
100 136
100 169
100 147
100 137
100 542
100 83
100 266
100 571
100 453
100 993
100 396
100 933
100 540
100 246
100 529
100 1347
100 162
100 193
100 39
100 229
100 64
100 660
100 137
100 562
100 141
100 125
100 393
100 636
100 185
100 233
100 11
100 824
100 260
100 172
100 91
100 98
100 152
100 445
100 144
100 221
100 118
100 53
100 262
100 329
100 330
100 85
100 90
100 956
100 187
100 93
100 220
100 549
100 487
100 278
100 163
100 368
100 692
100 55
100 2551
100 551
100 129
100 104
100 1041
100 917
100 288
100 612
100 541
100 492
100 955
100 300
100 67
100 24
100 1115
100 161
100 98
100 746
100 19
100 450
100 20
100 100
100 1145
100 76
100 129
100 166
100 23
100 11
100 33
100 403
100 59
100 321
100 457
100 511
100 179
100 490
100 1289
100 69
100 1424
100 1110
100 457
100 740
100 221
100 1321
100 976
100 288
100 605
100 569
100 337
100 70
100 566
100 856
100 752
100 133
100 174
100 414
100 260
100 101
100 208
100 164
100 697
100 522
100 175
100 492
100 146
100 326
100 847
100 1236
100 374
100 34
100 310
100 853
100 287
100 1050
100 1190
100 67
100 714
100 379
100 409
100 296
100 120
100 931
100 77
100 1026
100 80
100 93
100 728
100 65
100 229
100 123
100 90
100 131
100 928
100 520
100 1383
100 14
100 96
100 596
100 478
100 1246
100 51
100 216
100 295
100 85
100 675
100 545
100 674
100 98
100 185
100 827
100 112
100 2
100 337
100 330
100 573
100 559
100 496
100 1049
100 1377
100 735
100 1164
100 295
100 2424
100 1383
100 223
100 684
100 127
100 8
100 271
100 47
100 20
100 173
100 71
100 1233
100 1353
100 186
100 83
100 123
100 798
100 406
100 985
100 168
100 198
100 19
100 122
100 148
100 319
100 132
100 591
100 180
100 1589
100 217
100 321
100 363
100 101
100 308
100 197
100 99
100 45
100 137
100 273
100 217
100 396
100 85
100 166
100 1619
100 31
100 445
100 168
100 498
100 206
100 205
100 821
100 470
100 37
100 582
100 843
100 310
100 174
100 316
100 292
100 1248
100 181
100 14
100 417
100 46
100 80
100 363
100 846
100 72
100 1378
100 250
100 724
100 60
100 67
100 42
100 208
100 128
100 145
100 645
100 278
100 488
100 1747
100 314
100 154
100 1054
100 351
100 639
100 144
100 1775
100 353
100 159
100 431
100 1771
100 121
100 545
100 146
100 495
100 14
100 843
100 619
100 227
100 283
100 560
100 275
100 630
100 620
100 1075
100 87
100 911
100 261
100 20
100 586
100 256
100 913
100 1074
100 579
100 29
100 10
100 2163
100 15
100 597
100 164
100 108
100 175
100 905
100 78
100 631
100 74
100 132
100 251
100 80
100 190
100 683
100 133
100 621
100 776
100 300
100 46
100 992
100 15
100 231
100 423
100 321
100 961
100 473
100 1257
100 209
100 125
100 35
100 41
100 475
100 61
100 546
100 73
100 327
100 405
100 204
100 1038
100 450
100 189
100 658
100 1530
100 193
100 52
100 22
100 203
100 489
100 59
100 35
100 332
100 40
100 179
100 2832
100 656
100 1261
100 171
100 1244
100 158
100 373
100 670
100 268
100 88
100 191
100 104
100 1379
100 0
100 43
100 666
100 341
100 268
100 128
100 230
100 1375
100 130
100 561
100 202
100 960
100 506
100 352
100 755
100 138
100 1145
100 208
100 582
100 483
100 1388
100 201
100 873
100 233
100 40
100 1091
100 413
100 247
100 99
100 44
100 1548
100 776
100 374
100 88
100 2105
100 217
100 479
100 14
100 419
100 42
100 842
100 364
100 211
100 805
100 19
100 691
100 132
100 1620
100 101
100 278
100 99
100 62
100 657
100 103
100 627
100 116
100 813
100 970
100 1751
100 820
100 485
100 487
100 218
100 954
100 504
100 7
100 1
100 811
100 749
100 620
100 61
100 630
100 1485
100 1185
100 621
100 58
100 905
100 176
100 839
100 431
100 1037
100 143
100 16
100 48
100 274
100 1765
100 194
100 59
100 40
100 1159
100 8
100 927
100 430
100 43
100 62
100 75
100 702
100 29
100 109
100 243
100 1028
100 503
100 781
100 140
100 171
100 348
100 386
100 1339
100 68
100 159
100 589
100 60
100 207
100 1916
100 267
100 203
100 184
100 303
100 1186
100 93
100 334
100 470
100 1109
100 338
100 125
100 72
100 328
100 739
100 1152
100 165
100 1052
100 83
100 401
100 18
100 748
100 683
100 838
100 207
100 115
100 240
100 592
100 1429
100 527
100 373
100 926
100 33
100 730
100 383
100 335
100 739
100 21
100 99
100 261
100 535
100 219
100 672
100 809
100 451
100 187
100 492
100 97
100 396
100 802
100 1322
100 910
100 154
100 411
100 297
100 1334
100 504
100 64
100 120
100 21
100 489
100 293
100 321
100 99
100 40
100 707
100 41
100 753
100 200
100 236
100 14
100 43
100 326
100 480
100 942
100 199
100 157
100 600
100 298
100 2401
100 475
100 282
100 28
100 670
100 33
100 154
100 312
100 425
100 865
100 159
100 700
100 984
100 239
100 805
100 247
100 106
100 35
100 1888
100 162
100 189
100 824
100 1070
100 611
100 394
100 0
100 50
100 823
100 203
100 958
100 133
100 1222
100 710
100 453
100 1008
100 286
100 873
100 218
100 383
100 173
100 949
100 31
100 300
100 179
100 131
100 704
100 278
100 464
100 565
100 313
100 1582
100 434
100 199
100 64
100 221
100 80
100 60
100 348
100 104
100 2708
100 74
100 641
100 138
100 790
100 427
100 542
100 355
100 744
100 65
100 372
100 245
100 592
100 788
100 137
100 210
100 34
100 354
100 226
100 444
100 893
100 101
100 141
100 253
100 2217
100 147
100 1325
100 500
100 152
100 23
100 214
100 57
100 34
100 120
100 169
100 630
100 483
100 47
100 41
100 238
100 326
100 133
100 718
100 1343
100 218
100 1521
100 162
100 456
100 71
100 713
100 439
100 937
100 894
100 908
100 489
100 81
100 827
100 14
100 129
100 75
100 814
100 98
100 275
100 236
100 110
100 680
100 259
100 23
100 89
100 33
100 72
100 184
100 5
100 136
100 72
100 70
100 708
100 162
100 576
100 307
100 138
100 729
100 1572
100 793
100 170
100 1191
100 306
100 3231
100 167
100 810
100 610
100 100
100 411
100 502
100 855
100 38
100 202
100 690
100 557
100 418
100 55
100 342
100 234
100 390
100 678
100 339
100 132
100 83
100 775
100 250
100 166
100 226
100 108
100 140
100 1027
100 536
100 183
100 971
100 607
100 57
100 345
100 1562
100 813
100 516
100 1504
100 27
100 21
100 56
100 1648
100 542
100 97
100 193
100 536
100 403
100 142
100 320
100 65
100 125
100 149
100 519
100 649
100 145
100 82
100 21
100 610
100 1413
100 249
100 50
100 804
100 99
100 61
100 97
100 52
100 274
100 330
100 298
100 19
100 63
100 45
100 133
100 257
100 1485
100 206
100 359
100 403
100 100
100 180
100 322
100 317
100 81
100 111
100 225
100 19
100 475
100 80
100 3
100 485
100 524
100 207
100 45
100 681
100 531
100 197
100 154
100 358
100 56
100 29
100 96
100 111
100 255
100 901
100 51
100 97
100 446
100 475
100 154
100 498
100 714
100 1241
100 15
100 77
100 1052
100 101
100 450
100 18
100 64
100 174
100 149
100 233
100 919
100 1338
100 224
100 263
100 224
100 315
100 299
100 262
100 606
100 542
100 547
100 54
100 521
100 360
100 9
100 505
100 50
100 153
100 18
100 1851
100 719
100 234
100 159
100 16
100 307
100 288
100 255
100 1523
100 304
100 24
100 164
100 246
100 943
100 54
100 164
100 593
100 524
100 217
100 138
100 116
100 97
100 486
100 193
100 441
100 1489
100 508
100 578
100 1146
100 380
100 368
100 1453
100 1070
100 231
100 1168
100 399
100 2020
100 536
100 350
100 62
100 138
100 11
100 393
100 56
100 906
100 311
100 655
100 161
100 132
100 21
100 0
100 129
100 42
100 70
100 443
100 80
100 308
100 129
100 30
100 1441
100 391
100 1797
100 1136
100 29
100 1
100 12
100 261
100 120
100 146
100 87
100 835
100 597
100 444
100 28
100 432
100 2099
100 31
100 116
100 890
100 664
100 264
100 166
100 167
100 346
100 148
100 67
100 158
100 219
100 59
100 375
100 478
100 1187
100 110
100 253
100 773
100 973
100 21
100 298
100 334
100 219
100 77
100 2396
100 827
100 85
100 460
100 1183
100 87
100 165
100 301
100 519
100 304
100 86
100 456
100 603
100 82
100 454
100 138
100 78
100 93
100 327
100 329
100 295
100 201
100 294
100 759
100 461
100 444
100 1097
100 438
100 326
100 222
100 213
100 1155
100 1686
100 415
100 1022
100 31
100 86
100 569
100 303
100 229
100 72
100 1155
100 77
100 55
100 613
100 563
100 86
100 47
100 524
100 922
100 504
100 206
100 29
100 110
100 1292
100 287
100 492
100 64
100 209
100 17
100 202
100 1185
100 20
100 646
100 927
100 93
100 9
100 376
100 119
100 101
100 24
100 423
100 484
100 372
100 774
100 999
100 282
100 426
100 94
100 238
100 593
100 276
100 33
100 379
100 95
100 290
100 420
100 311
100 477
100 154
100 210
100 643
100 531
100 425
100 67
100 594
100 491
100 317
100 14
100 136
100 1532
100 167
100 1966
100 33
100 353
100 600
100 330
100 71
100 66
100 646
100 850
100 17
100 1259
100 53
100 710
100 1902
100 243
100 265
100 29
100 157
100 88
100 47
100 775
100 137
100 795
100 1339
100 535
100 121
100 521
100 2832
100 36
100 4
100 611
100 194
100 35
100 482
100 306
100 423
100 749
100 157
100 1007
100 423
100 169
100 75
100 191
100 1272
100 74
100 264
100 395
100 1113
100 562
100 333
100 430
100 273
100 233
100 169
100 166
100 138
100 143
100 207
100 804
100 124
100 8
100 41
100 448
100 173
100 321
100 55
100 457
100 470
100 612
100 332
100 105
100 438
100 122
100 1208
100 535
100 745
100 218
100 24
100 378
100 1142
100 854
100 739
100 2707
100 547
100 67
100 544
100 56
100 518
100 16
100 57
100 420
100 324
100 3
100 1050
100 967
100 228
100 1089
100 1362
100 88
100 885
100 395
100 1863
100 55
100 704
100 285
100 57
100 608
100 218
100 641
100 5
100 1095
100 248
100 332
100 64
100 429
100 343
100 210
100 376
100 356
100 256
100 780
100 430
100 624
100 633
100 125
100 84
100 45
100 920
100 56
100 958
100 19
100 772
100 1128
100 902
100 1483
100 22
100 192
100 60
100 201
100 62
100 829
100 312
100 141
100 311
100 18
100 197
100 114
100 63
100 412
100 68
100 189
100 622
100 980
100 937
100 183
100 215
100 119
100 348
100 484
100 274
100 608
100 33
100 92
100 399
100 548
100 88
100 694
100 201
100 41
100 99
100 1379
100 526
100 183
100 960
100 295
100 444
100 133
100 570
100 125
100 662
100 50
100 96
100 253
100 108
100 199
100 16
100 350
100 409
100 141
100 79
100 372
100 180
100 315
100 232
100 232
100 921
100 887
100 1481
100 372
100 306
100 1575
100 427
100 15
100 1182
100 403
100 230
100 13
100 91
100 305
100 2477
100 138
100 22
100 446
100 229
100 30
100 449
100 425
100 374
100 107
100 956
100 649
100 854
100 14
100 266
100 473
100 435
100 301
100 245
100 361
100 605
100 170
100 708
100 135
100 44
100 717
100 355
100 45
100 1160
100 188
100 275
100 177
100 384
100 1388
100 647
100 319
100 50
100 131
100 894
100 728
100 1269
100 259
100 96
100 101
100 151
100 103
100 9
100 28
100 535
100 157
100 1078
100 212
100 460
100 650
100 213
100 262
100 44
100 190
100 299
100 593
100 144
100 147
100 116
100 41
100 240
100 296
100 287
100 44
100 57
100 216
100 294
100 472
100 13
100 133
100 790
100 1703
100 497
100 1354
100 418
100 146
100 390
100 965
100 2168
100 242
100 659
100 555
100 1500
100 58
100 602
100 240
100 661
100 147
100 746
100 18
100 609
100 68
100 324
100 47
100 2133
100 181
100 1100
100 83
100 16
100 67
100 49
100 162
100 430
100 443
100 115
100 44
100 121
100 188
100 39
100 498
100 39
100 166
100 185
100 244
100 26
100 413
100 846
100 105
100 91
100 42
100 171
100 722
100 82
100 352
100 161
100 85
100 281
100 38
100 868
100 619
100 495
100 70
100 1178
100 308
100 296
100 82
100 523
100 450
100 573
100 610
100 724
100 632
100 1852
100 300
100 1753
100 111
100 1596
100 195
100 43
100 1586
100 192
100 838
100 99
100 25
100 153
100 94
100 22
100 599
100 350
100 110
100 395
100 141
100 274
100 623
100 266
100 1341
100 17
100 987
100 625
100 679
100 1095
100 888
100 559
100 72
100 461
100 364
100 746
100 390
100 38
100 101
100 664
100 434
100 995
100 250
100 256
100 540
100 262
100 32
100 229
100 29
100 652
100 115
100 209
100 1087
100 377
100 430
100 3588
100 119
100 901
100 72
100 84
100 102
100 9
100 524
100 587
100 104
100 8
100 440
100 476
100 161
100 1635
100 307
100 70
100 1049
100 1154
100 472
100 161
100 1024
100 737
100 6
100 781
100 313
100 43
100 548
100 500
100 33
100 10
100 140
100 707
100 407
100 438
100 363
100 273
100 0
100 159
100 147
100 771
100 471
100 229
100 1860
100 1441
100 49
100 155
100 167
100 356
100 82
100 780
100 278
100 234
100 20
100 815
100 200
100 143
100 463
100 63
100 314
100 83
100 60
100 62
100 96
100 852
100 21
100 129
100 101
100 218
100 66
100 564
100 795
100 1102
100 393
100 452
100 136
100 129
100 15
100 46
100 149
100 657
100 350
100 452
100 90
100 728
100 719
100 222
100 376
100 102
100 333
100 500
100 220
100 356
100 9
100 114
100 1361
100 572
100 292
100 203
100 75
100 45
100 18
100 51
100 2004
100 1194
100 34
100 403
100 571
100 370
100 818
100 439
100 83
100 38
100 604
100 552
100 148
100 1227
100 445
100 20
100 390
100 214
100 328
100 199
100 621
100 47
100 4
100 337
100 573
100 430
100 404
100 25
100 264
100 548
100 577
100 773
100 357
100 128
100 537
100 183
100 411
100 1092
100 165
100 423
100 413
100 58
100 376
100 168
100 16
100 501
100 885
100 318
100 173
100 632
100 370
100 387
100 404
100 1066
100 767
100 706
100 229
100 543
100 536
100 1352
100 102
100 103
100 211
100 937
100 549
100 183
100 64
100 483
100 116
100 1003
100 289
100 706
100 405
100 825
100 26
100 75
100 439
100 111
100 1424
100 176
100 1095
100 86
100 31
100 1247
100 69
100 22
100 2207
100 681
100 945
100 28
100 346
100 70
100 707
100 139
100 298
100 245
100 294
100 380
100 982
100 25
100 921
100 1133
100 441
100 508
100 226
100 930
100 833
100 1157
100 301
100 114
100 978
100 318
100 392
100 1366
100 174
100 22
100 1105
100 281
100 258
100 660
100 8
100 207
100 243
100 715
100 975
100 124
100 1158
100 706
100 422
100 830
100 1419
100 426
100 326
100 321
100 45
100 22
100 0
100 305
100 996
100 203
100 470
100 615
100 983
100 220
100 126
100 389
100 68
100 485
100 90
100 633
100 51
100 775
100 460
100 84
100 1049
100 600
100 260
100 551
100 511
100 273
100 173
100 1247
100 872
100 126
100 764
100 151
100 143
100 117
100 234
100 133
100 214
100 88
100 419
100 180
100 107
100 134
100 610
100 12
100 158
100 1347
100 77
100 370
100 370
100 98
100 444
100 1027
100 463
100 109
100 10
100 1027
100 402
100 810
100 417
100 53
100 215
100 213
100 79
100 1070
100 258
100 290
100 473
100 146
100 25
100 654
100 99
100 297
100 569
100 273
100 1138
100 93
100 286
100 152
100 178
100 558
100 195
100 484
100 1645
100 112
100 625
100 1314
100 235
100 72
100 278
100 58
100 23
100 985
100 26
100 125
100 342
100 300
100 737
100 45
100 76
100 146
100 468
100 1114
100 544
100 37
100 2724
100 96
100 418
100 331
100 182
100 273
100 702
100 721
100 132
100 826
100 430
100 815
100 29
100 131
100 674
100 1086
100 750
100 215
100 255
100 890
100 650
100 379
100 233
100 56
100 164
100 130
100 687
100 1581
100 272
100 611
100 970
100 320
100 66
100 601
100 155
100 149
100 810
100 1666
100 566
100 259
100 44
100 289
100 134
100 317
100 317
100 400
100 58
100 671
100 937
100 27
100 127
100 507
100 153
100 113
100 51
100 39
100 2072
100 402
100 25
100 158
100 357
100 786
100 440
100 99
100 92
100 96
100 53
100 47
100 266
100 55
100 71
100 30
100 72
100 529
100 124
100 1152
100 2735
100 94
100 453
100 120
100 119
100 205
100 1129
100 184
100 106
100 462
100 250
100 306
100 28
100 287
100 370
100 487
100 551
100 663
100 0
100 135
100 126
100 376
100 199
100 693
100 408
100 449
100 551
100 15
100 51
100 208
100 127
100 1559
100 219
100 125
100 311
100 12
100 490
100 268
100 630
100 188
100 1320
100 378
100 733
100 435
100 946
100 547
100 369
100 13
100 487
100 404
100 452
100 34
100 41
100 92
100 2
100 233
100 100
100 792
100 253
100 723
100 77
100 283
100 303
100 58
100 301
100 211
100 141
100 258
100 1615
100 310
100 95
100 234
100 538
100 538
100 175
100 348
100 13
100 824
100 359
100 441
100 216
100 1734
100 726
100 100
100 6
100 398
100 378
100 726
100 293
100 348
100 573
100 601
100 65
100 159
100 256
100 194
100 1873
100 506
100 749
100 849
100 33
100 907
100 229
100 529
100 209
100 1213
100 94
100 38
100 134
100 653
100 877
100 323
100 381
100 147
100 174
100 302
100 386
100 56
100 495
100 170
100 757
100 511
100 207
100 1
100 92
100 400
100 256
100 273
100 33
100 257
100 222
100 46
100 315
100 385
100 235
100 4
100 1039
100 1478
100 1214
100 45
100 938
100 120
100 33
100 1551
100 12
100 794
100 697
100 471
100 506
100 1462
100 1274
100 425
100 939
100 374
100 121
100 359
100 1626
100 121
100 260
100 99
100 649
100 246
100 295
100 335
100 129
100 763
100 159
100 242
100 136
100 781
100 272
100 354
100 87
100 299
100 409
100 316
100 171
100 58
100 554
100 1629
100 401
100 66
100 619
100 482
100 275
100 1001
100 390
100 345
100 80
100 1245
100 1055
100 749
100 351
100 513
100 251
100 301
100 71
100 131
100 122
100 483
100 418
100 267
100 536
100 71
100 194
100 247
100 41
100 661
100 444
100 1019
100 458
100 248
100 2011
100 73
100 64
100 560
100 553
100 80
100 1
100 475
100 320
100 1289
100 126
100 991
100 214
100 232
100 369
100 193
100 38
100 377
100 965
100 628
100 65
100 181
100 118
100 36
100 800
100 538
100 401
100 880
100 272
100 182
100 959
100 175
100 193
100 427
100 344
100 164
100 216
100 510
100 436
100 636
100 284
100 411
100 421
100 943
100 635
100 99
100 42
100 577
100 100
100 348
100 370
100 1098
100 4
100 438
100 257
100 304
100 168
100 546
100 127
100 37
100 514
100 333
100 292
100 2572
100 1172
100 115
100 111
100 273
100 9
100 93
100 546
100 150
100 184
100 1503
100 441
100 222
100 338
100 66
100 1128
100 786
100 680
100 478
100 228
100 188
100 474
100 255
100 808
100 550
100 142
100 620
100 637
100 718
100 576
100 1012
100 174
100 488
100 46
100 10
100 1090
100 224
100 810
100 27
100 42
100 80
100 670
100 215
100 225
100 1787
100 1193
100 624
100 521
100 347
100 378
100 1267
100 377
100 424
100 710
100 1078
100 1155
100 14
100 98
100 674
100 155
100 225
100 482
100 2048
100 293
100 360
100 283
100 588
100 1032
100 83
100 567
100 753
100 315
100 179
100 221
100 408
100 282
100 210
100 17
100 80
100 642
100 552
100 830
100 309
100 301
100 206
100 120
100 979
100 189
100 28
100 140
100 100
100 505
100 965
100 319
100 39
100 259
100 57
100 1963
100 275
100 433
100 381
100 567
100 86
100 982
100 101
100 298
100 330
100 968
100 250
100 235
100 2212
100 778
100 637
100 2194
100 395
100 1021
100 421
100 500
100 780
100 91
100 66
100 1729
100 223
100 226
100 209
100 248
100 289
100 19
100 346
100 527
100 128
100 1271
100 1474
100 951
100 686
100 269
100 192
100 85
100 682
100 23
100 1523
100 519
100 1197
100 153
100 701
100 598
100 180
100 2469
100 244
100 180
100 1119
100 891
100 348
100 1202
100 460
100 682
100 356
100 286
100 303
100 6
100 140
100 2127
100 467
100 180
100 249
100 482
100 223
100 1783
100 370
100 233
100 85
100 648
100 156
100 927
100 145
100 1246
100 348
100 257
100 1299
100 1011
100 2740
100 270
100 958
100 615
100 80
100 997
100 461
100 220
100 612
100 391
100 358
100 967
100 355
100 483
100 216
100 210
100 235
100 164
100 376
100 361
100 861
100 600
100 822
100 74
100 349
100 340
100 1582
100 267
100 58
100 246
100 1546
100 493
100 376
100 320
100 554
100 1438
100 985
100 136
100 478
100 4
100 38
100 579
100 1050
100 294
100 2107
100 275
100 220
100 684
100 198
100 96
100 1013
100 578
100 1421
100 90
100 82
100 324
100 183
100 352
100 235
100 317
100 266
100 541
100 2755
100 46
100 42
100 395
100 363
100 588
100 30
100 218
100 805
100 355
100 155
100 535
100 429
100 333
100 388
100 94
100 858
100 890
100 323
100 385
100 21
100 639
100 571
100 336
100 151
100 660
100 244
100 307
100 38
100 7
100 337
100 118
100 170
100 96
100 778
100 44
100 282
100 364
100 124
100 36
100 471
100 410
100 484
100 67
100 674
100 227
100 443
100 229
100 289
100 6
100 72
100 44
100 13
100 1420
100 374
100 44
100 226
100 144
100 290
100 633
100 374
100 53
100 378
100 513
100 155
100 81
100 0
100 500
100 764
100 171
100 372
100 820
100 146
100 822
100 522
100 66
100 382
100 706
100 153
100 266
100 53
100 675
100 496
100 644
100 761
100 267
100 635
100 698
100 303
100 465
100 129
100 624
100 367
100 18
100 355
100 971
100 428
100 991
100 224
100 105
100 318
100 253
100 412
100 744
100 173
100 123
100 925
100 948
100 73
100 1241
100 17
100 681
100 234
100 84
100 138
100 273
100 1548
100 228
100 1086
100 444
100 757
100 381
100 61
100 251
100 485
100 773
100 1949
100 176
100 1155
100 648
100 345
100 707
100 1471
100 4
100 386
100 262
100 563
100 299
100 144
100 286
100 307
100 633
100 121
100 244
100 205
100 367
100 6
100 846
100 113
100 907
100 47
100 168
100 197
100 597
100 25
100 468
100 514
100 61
100 631
100 21
100 389
100 776
100 176
100 189
100 526
100 148
100 52
100 116
100 413
100 434
100 126
100 478
100 218
100 430
100 587
100 675
100 124
100 600
100 210
100 923
100 1068
100 10
100 276
100 529
100 215
100 483
100 832
100 259
100 173
100 19
100 8
100 79
100 239
100 642
100 185
100 375
100 269
100 109
100 270
100 348
100 391
100 509
100 535
100 843
100 333
100 64
100 196
100 1435
100 1032
100 697
100 374
100 318
100 77
100 192
100 402
100 160
100 111
100 417
100 113
100 939
100 268
100 446
100 742
100 632
100 318
100 996
100 337
100 408
100 279
100 1161
100 598
100 216
100 201
100 561
100 1194
100 131
100 748
100 384
100 24
100 44
100 52
100 971
100 207
100 315
100 28
100 1056
100 63
100 847
100 423
100 120
100 150
100 1061
100 165
100 42
100 800
100 38
100 954
100 957
100 738
100 665
100 390
100 185
100 1606
100 661
100 1003
100 490
100 175
100 381
100 10
100 85
100 1656
100 177
100 324
100 216
100 416
100 102
100 284
100 20
100 210
100 75
100 377
100 75
100 91
100 438
100 1146
100 599
100 379
100 198
100 1871
100 1094
100 59
100 425
100 12
100 72
100 322
100 659
100 28
100 37
100 50
100 341
100 68
100 427
100 615
100 315
100 610
100 2809
100 173
100 811
100 244
100 210
100 196
100 340
100 318
100 278
100 89
100 36
100 300
100 485
100 225
100 596
100 204
100 143
100 277
100 204
100 741
100 1143
100 95
100 80
100 403
100 29
100 563
100 276
100 188
100 354
100 173
100 8
100 196
100 280
100 482
100 514
100 53
100 562
100 240
100 743
100 25
100 167
100 1811
100 54
100 576
100 456
100 555
100 339
100 111
100 751
100 360
100 144
100 497
100 175
100 1221
100 640
100 769
100 689
100 476
100 445
100 52
100 97
100 224
100 729
100 230
100 21
100 357
100 55
100 338
100 177
100 70
100 22
100 106
100 451
100 235
100 878
100 13
100 179
100 1
100 292
100 469
100 12
100 38
100 122
100 1630
100 146
100 820
100 64
100 96
100 18
100 337
100 510
100 803
100 119
100 182
100 260
100 90
100 1371
100 349
100 806
100 184
100 380
100 660
100 60
100 283
100 3
100 38
100 275
100 627
100 186
100 15
100 204
100 400
100 402
100 731
100 1687
100 275
100 273
100 1297
100 113
100 398
100 13
100 824
100 477
100 585
100 271
100 106
100 1395
100 54
100 596
100 219
100 506
100 14
100 189
100 1511
100 648
100 939
100 858
100 82
100 133
100 554
100 37
100 1453
100 572
100 0
100 210
100 871
100 1042
100 82
100 204
100 389
100 157
100 1042
100 237
100 83
100 215
100 283
100 693
100 1539
100 36
100 91
100 67
100 868
100 262
100 29
100 165
100 486
100 103
100 1740
100 104
100 351
100 1376
100 475
100 136
100 155
100 623
100 138
100 109
100 580
100 313
100 62
100 231
100 247
100 579
100 40
100 185
100 348
100 53
100 856
100 1246
100 22
100 1465
100 596
100 254
100 567
100 151
100 253
100 137
100 50
100 149
100 29
100 596
100 47
100 407
100 348
100 130
100 1922
100 940
100 801
100 244
100 368
100 756
100 376
100 667
100 723
100 771
100 162
100 49
100 72
100 25
100 179
100 169
100 1113
100 811
100 498
100 1071
100 374
100 198
100 296
100 1179
100 2585
100 240
100 612
100 312
100 873
100 50
100 124
100 32
100 689
100 927
100 169
100 101
100 2484
100 113
100 781
100 780
100 441
100 911
100 0
100 840
100 748
100 344
100 519
100 1403
100 1404
100 880
100 628
100 970
100 386
100 749
100 381
100 1015
100 125
100 171
100 386
100 326
100 1024
100 4
100 279
100 21
100 116
100 168
100 2110
100 401
100 205
100 222
100 431
100 144
100 595
100 222
100 115
100 166
100 2239
100 268
100 45
100 549
100 247
100 399
100 195
100 256
100 20
100 449
100 309
100 131
100 40
100 138
100 264
100 873
100 744
100 2420
100 562
100 1385
100 117
100 263
100 2
100 979
100 25
100 329
100 186
100 127
100 253
100 944
100 459
100 1616
100 852
100 193
100 339
100 326
100 102
100 20
100 91
100 203
100 862
100 261
100 37
100 125
100 68
100 195
100 140
100 25
100 144
100 173
100 97
100 5
100 1983
100 673
100 928
100 489
100 837
100 916
100 367
100 1617
100 561
100 271
100 1652
100 156
100 12
100 1105
100 142
100 79
100 924
100 2
100 393
100 719
100 615
100 512
100 139
100 107
100 277
100 569
100 548
100 363
100 143
100 43
100 1147
100 664
100 711
100 521
100 29
100 39
100 934
100 1344
100 208
100 291
100 22
100 146
100 285
100 56
100 1316
100 800
100 289
100 95
100 1309
100 85
100 539
100 1029
100 1092
100 506
100 460
100 33
100 189
100 846
100 56
100 463
100 130
100 544
100 79
100 587
100 111
100 286
100 16
100 562
100 535
100 802
100 290
100 820
100 307
100 724
100 504
100 103
100 18
100 304
100 94
100 223
100 793
100 321
100 54
100 238
100 276
100 322
100 237
100 380
100 183
100 34
100 489
100 237
100 716
100 360
100 393
100 463
100 209
100 8
100 152
100 560
100 433
100 834
100 4
100 904
100 1666
100 905
100 335
100 409
100 639
100 1077
100 199
100 443
100 44
100 29
100 38
100 479
100 36
100 461
100 58
100 357
100 253
100 17
100 1801
100 285
100 562
100 136
100 950
100 627
100 137
100 89
100 53
100 1206
100 115
100 74
100 609
100 608
100 930
100 136
100 101
100 140
100 212
100 2
100 144
100 739
100 493
100 127
100 49
100 505
100 425
100 665
100 86
100 214
100 170
100 1062
100 1305
100 40
100 444
100 202
100 27
100 1303
100 298
100 1957
100 752
100 97
100 205
100 116
100 1009
100 234
100 859
100 133
100 412
100 425
100 656
100 505
100 415
100 1139
100 56
100 62
100 748
100 499
100 215
100 56
100 1213
100 20
100 131
100 108
100 1586
100 143
100 391
100 442
100 266
100 347
100 578
100 743
100 43
100 1495
100 519
100 1850
100 366
100 411
100 1553
100 404
100 980
100 144
100 79
100 505
100 648
100 25
100 599
100 701
100 1037
100 437
100 110
100 557
100 163
100 58
100 740
100 396
100 528
100 2521
100 732
100 6
100 486
100 808
100 8
100 1605
100 114
100 1552
100 457
100 507
100 361
100 22
100 77
100 62
100 162
100 23
100 338
100 353
100 84
100 8
100 314
100 79
100 299
100 263
100 643
100 483
100 427
100 82
100 123
100 128
100 1224
100 1583
100 908
100 78
100 458
100 15
100 972
100 322
100 131
100 60
100 103
100 140
100 571
100 550
100 50
100 1579
100 691
100 70
100 466
100 412
100 2680
100 477
100 57
100 413
100 879
100 320
100 530
100 150
100 138
100 176
100 8
100 534
100 414
100 185
100 152
100 1042
100 226
100 803
100 464
100 148
100 553
100 81
100 173
100 71
100 72
100 86
100 515
100 83
100 312
100 416
100 248
100 627
100 548
100 1645
100 955
100 1207
100 127
100 597
100 317
100 615
100 64
100 304
100 262
100 469
100 355
100 2179
100 467
100 261
100 874
100 361
100 851
100 467
100 467
100 17
100 1255
100 567
100 156
100 408
100 130
100 154
100 300
100 169
100 395
100 311
100 1202
100 720
100 235
100 393
100 1478
100 608
100 1002
100 120
100 407
100 365
100 277
100 844
100 543
100 552
100 550
100 161
100 189
100 468
100 345
100 1728
100 436
100 823
100 502
100 667
100 3
100 179
100 176
100 85
100 702
100 328
100 349
100 513
100 395
100 1412
100 2216
100 145
100 479
100 303
100 252
100 405
100 364
100 2009
100 230
100 134
100 495
100 184
100 79
100 263
100 417
100 381
100 100
100 1012
100 2327
100 26
100 1742
100 1003
100 346
100 186
100 103
100 293
100 1019
100 364
100 616
100 414
100 291
100 347
100 265
100 383
100 450
100 132
100 681
100 26
100 177
100 2689
100 1098
100 90
100 259
100 704
100 67
100 76
100 128
100 183
100 1298
100 35
100 596
100 352
100 1956
100 40
100 273
100 11
100 580
100 389
100 279
100 1100
100 900
100 195
100 81
100 129
100 61
100 1640
100 33
100 479
100 239
100 14
100 433
100 167
100 54
100 77
100 641
100 57
100 139
100 152
100 155
100 49
100 590
100 682
100 27
100 245
100 806
100 481
100 1420
100 374
100 94
100 15
100 301
100 43
100 413
100 86
100 60
100 524
100 174
100 463
100 459
100 602
100 305
100 1091
100 904
100 112
100 669
100 78
100 48
100 519
100 599
100 37
100 79
100 589
100 142
100 917
100 454
100 199
100 126
100 1372
100 431
100 485
100 365
100 61
100 71
100 21
100 1078
100 565
100 400
100 379
100 188
100 490
100 375
100 23
100 266
100 579
100 110
100 783
100 565
100 151
100 449
100 753
100 26
100 236
100 81
100 898
100 127
100 808
100 233
100 1506
100 748
100 119
100 1157
100 217
100 567
100 71
100 237
100 131
100 284
100 559
100 471
100 187
100 1055
100 59
100 103
100 693
100 116
100 110
100 44
100 55
100 90
100 196
100 346
100 993
100 195
100 498
100 626
100 369
100 261
100 415
100 146
100 517
100 512
100 560
100 944
100 315
100 44
100 813
100 886
100 24
100 278
100 800
100 1130
100 280
100 357
100 886
100 210
100 1993
100 896
100 1615
100 774
100 562
100 738
100 105
100 163
100 185
100 565
100 92
100 166
100 88
100 212
100 427
100 340
100 780
100 366
100 850
100 133
100 535
100 381
100 229
100 187
100 905
100 168
100 428
100 293
100 577
100 37
100 353
100 1130
100 468
100 114
100 158
100 491
100 270
100 423
100 134
100 586
100 919
100 229
100 72
100 1269
100 468
100 855
100 519
100 280
100 492
100 153
100 4
100 239
100 1716
100 286
100 420
100 145
100 79
100 380
100 173
100 1565
100 204
100 85
100 220
100 77
100 217
100 12
100 766
100 798
100 45
100 784
100 1318
100 497
100 83
100 124
100 653
100 1122
100 2922
100 269
100 263
100 448
100 1127
100 483
100 308
100 119
100 553
100 1156
100 518
100 886
100 2006
100 268
100 488
100 398
100 200
100 627
100 7
100 517
100 1032
100 803
100 630
100 563
100 176
100 83
100 405
100 188
100 116
100 33
100 464
100 257
100 234
100 577
100 968
100 40
100 88
100 26
100 327
100 545
100 156
100 539
100 90
100 175
100 1108
100 758
100 127
100 79
100 465
100 46
100 298
100 2537
100 595
100 243
100 77
100 1006
100 20
100 49
100 17
100 613
100 5
100 1050
100 300
100 1398
100 1207
100 155
100 571
100 556
100 204
100 461
100 24
100 291
100 54
100 394
100 18
100 170
100 129
100 1181
100 147
100 36
100 384
100 264
100 312
100 95
100 110
100 116
100 67
100 29
100 191
100 415
100 56
100 366
100 56
100 369
100 112
100 1279
100 256
100 354
100 909
100 415
100 201
100 234
100 594
100 767
100 5
100 367
100 568
100 20
100 476
100 272
100 219
100 979
100 156
100 467
100 146
100 228
100 610
100 745
100 1011
100 134
100 60
100 126
100 592
100 573
100 1622
100 188
100 64
100 613
100 750
100 230
100 357
100 636
100 102
100 301
100 516
100 189
100 504
100 11
100 114
100 88
100 386
100 112
100 921
100 306
100 139
100 419
100 112
100 1940
100 1393
100 282
100 202
100 1267
100 725
100 134
100 59
100 205
100 651
100 13
100 443
100 498
100 187
100 936
100 14
100 241
100 8
100 42
100 220
100 940
100 546
100 222
100 199
100 559
100 234
100 167
100 1261
100 362
100 67
100 435
100 227
100 428
100 1267
100 257
100 1244
100 262
100 639
100 518
100 13
100 117
100 450
100 93
100 98
100 231
100 199
100 259
100 4
100 21
100 433
100 175
100 94
100 687
100 481
100 81
100 629
100 1093
100 466
100 538
100 521
100 1344
100 7
100 123
100 191
100 374
100 285
100 514
100 354
100 386
100 735
100 201
100 219
100 651
100 132
100 1331
100 1135
100 595
100 124
100 610
100 334
100 785
100 323
100 206
100 98
100 1023
100 310
100 22
100 1084
100 125
100 627
100 281
100 417
100 480
100 968
100 469
100 123
100 45
100 606
100 135
100 752
100 698
100 1875
100 758
100 128
100 60
100 636
100 1194
100 428
100 1102
100 253
100 763
100 215
100 201
100 260
100 17
100 278
100 184
100 713
100 331
100 259
100 738
100 149
100 82
100 8
100 1086
100 299
100 138
100 134
100 91
100 272
100 267
100 227
100 523
100 54
100 551
100 45
100 623
100 33
100 18
100 1176
100 3071
100 901
100 32
100 215
100 147
100 1304
100 793
100 163
100 828
100 201
100 130
100 441
100 176
100 920
100 578
100 53
100 1038
100 1636
100 359
100 709
100 804
100 276
100 1548
100 735
100 39
100 648
100 505
100 133
100 79
100 536
100 476
100 51
100 1081
100 409
100 101
100 277
100 1103
100 392
100 144
100 499
100 34
100 3
100 503
100 73
100 1019
100 290
100 90
100 2523
100 361
100 267
100 212
100 220
100 419
100 4
100 79
100 16
100 285
100 918
100 206
100 535
100 279
100 514
100 732
100 311
100 348
100 1503
100 138
100 221
100 90
100 250
100 1446
100 134
100 375
100 370
100 109
100 474
100 133
100 9
100 123
100 253
100 455
100 821
100 29
100 555
100 230
100 783
100 1355
100 310
100 347
100 41
100 0
100 652
100 402
100 382
100 69
100 177
100 9
100 91
100 163
100 144
100 89
100 199
100 208
100 433
100 495
100 51
100 178
100 1333
100 220
100 727
100 229
100 69
100 138
100 161
100 20
100 19
100 218
100 912
100 14
100 780
100 473
100 125
100 40
100 480
100 1823
100 21
100 379
100 183
100 18
100 8
100 431
100 86
100 190
100 18
100 1708
100 724
100 1116
100 111
100 12
100 176
100 892
100 651
100 2039
100 760
100 54
100 490
100 690
100 143
100 183
100 111
100 207
100 42
100 447
100 500
100 93
100 1499
100 388
100 116
100 460
100 254
100 7
100 180
100 98
100 288
100 260
100 192
100 916
100 244
100 1045
100 319
100 85
100 35
100 307
100 592
100 13
100 110
100 111
100 103
100 773
100 752
100 318
100 223
100 500
100 2078
100 204
100 754
100 319
100 310
100 286
100 40
100 360
100 95
100 146
100 22
100 100
100 233
100 1210
100 196
100 620
100 2
100 946
100 202
100 31
100 150
100 125
100 743
100 121
100 629
100 123
100 185
100 642
100 694
100 449
100 1269
100 3
100 1998
100 1056
100 695
100 107
100 614
100 475
100 116
100 213
100 669
100 784
100 510
100 219
100 916
100 194
100 300
100 928
100 516
100 806
100 254
100 476
100 720
100 318
100 1568
100 98
100 1087
100 617
100 256
100 11
100 444
100 230
100 1
100 77
100 19
100 263
100 229
100 101
100 47
100 603
100 281
100 66
100 40
100 583
100 1722
100 229
100 1077
100 179
100 622
100 290
100 253
100 458
100 348
100 27
100 12
100 450
100 132
100 318
100 88
100 182
100 220
100 136
100 23
100 349
100 993
100 2067
100 130
100 337
100 316
100 322
100 47
100 235
100 8
100 294
100 1379
100 274
100 309
100 39
100 1259
100 203
100 139
100 247
100 714
100 713
100 84
100 527
100 445
100 297
100 253
100 427
100 88
100 114
100 1810
100 273
100 473
100 257
100 99
100 779
100 123
100 976
100 1035
100 719
100 121
100 136
100 435
100 120
100 1471
100 683
100 171
100 383
100 595
100 288
100 148
100 141
100 670
100 735
100 1024
100 593
100 107
100 986
100 212
100 14
100 621
100 1205
100 44
100 114
100 415
100 207
100 77
100 1
100 191
100 84
100 113
100 126
100 668
100 185
100 154
100 6
100 55
100 439
100 372
100 156
100 259
100 217
100 844
100 229
100 140
100 338
100 32
100 1149
100 143
100 25
100 93
100 158
100 1065
100 115
100 21
100 222
100 1259
100 1002
100 602
100 1546
100 2255
100 408
100 203
100 3
100 591
100 618
100 225
100 181
100 1813
100 49
100 181
100 1671
100 725
100 2
100 220
100 73
100 594
100 160
100 46
100 158
100 1810
100 269
100 1765
100 116
100 41
100 72
100 53
100 172
100 149
100 199
100 1295
100 129
100 516
100 1861
100 739
100 948
100 433
100 290
100 367
100 291
100 313
100 919
100 2046
100 206
100 738
100 85
100 823
100 83
100 1997
100 312
100 246
100 284
100 824
100 1023
100 417
100 712
100 702
100 75
100 43
100 654
100 149
100 728
100 24
100 203
100 335
100 57
100 155
100 60
100 724
100 110
100 70
100 180
100 229
100 365
100 171
100 34
100 272
100 822
100 679
100 509
100 308
100 230
100 390
100 97
100 618
100 178
100 207
100 861
100 367
100 100
100 528
100 133
100 25
100 242
100 663
100 106
100 29
100 52
100 115
100 773
100 1301
100 77
100 150
100 1672
100 287
100 183
100 316
100 2834
100 378
100 340
100 124
100 206
100 387
100 289
100 1463
100 113
100 495
100 1356
100 872
100 914
100 114
100 140
100 393
100 689
100 82
100 285
100 50
100 97
100 523
100 1519
100 197
100 670
100 502
100 4
100 123
100 209
100 933
100 793
100 580
100 144
100 71
100 185
100 61
100 376
100 725
100 984
100 172
100 847
100 823
100 120
100 1567
100 1061
100 199
100 266
100 167
100 226
100 273
100 138
100 118
100 1073
100 419
100 2109
100 56
100 438
100 470
100 453
100 613
100 47
100 1110
100 437
100 35
100 660
100 100
100 3
100 180
100 148
100 145
100 174
100 244
100 642
100 763
100 812
100 66
100 280
100 329
100 58
100 101
100 252
100 192
100 442
100 572
100 528
100 864
100 241
100 45
100 1201
100 552
100 148
100 360
100 5
100 65
100 202
100 74
100 647
100 14
100 660
100 424
100 357
100 443
100 617
100 47
100 148
100 111
100 188
100 478
100 417
100 1614
100 261
100 59
100 59
100 972
100 455
100 199
100 361
100 523
100 578
100 170
100 345
100 96
100 1480
100 145
100 525
100 10
100 339
100 354
100 1087
100 5
100 394
100 441
100 942
100 470
100 779
100 2153
100 228
100 1159
100 1716
100 282
100 9
100 414
100 201
100 123
100 210
100 851
100 1011
100 229
100 456
100 260
100 334
100 86
100 0
100 339
100 645
100 573
100 923
100 31
100 334
100 18
100 484
100 359
100 1501
100 2097
100 1437
100 2171
100 55
100 73
100 292
100 267
100 190
100 872
100 617
100 48
100 809
100 225
100 1113
100 103
100 320
100 91
100 377
100 162
100 112
100 142
100 285
100 7
100 1533
100 660
100 298
100 102
100 66
100 481
100 149
100 1369
100 347
100 381
100 463
100 54
100 21
100 400
100 44
100 63
100 497
100 408
100 47
100 644
100 612
100 4
100 250
100 242
100 347
100 368
100 496
100 282
100 540
100 1093
100 473
100 155
100 77
100 1335
100 61
100 1534
100 48
100 588
100 138
100 2756
100 100
100 889
100 445
100 145
100 191
100 166
100 917
100 238
100 717
100 37
100 165
100 363
100 117
100 55
100 94
100 250
100 303
100 347
100 532
100 125
100 45
100 356
100 123
100 364
100 363
100 214
100 239
100 73
100 176
100 42
100 665
100 60
100 374
100 9
100 185
100 555
100 302
100 120
100 117
100 106
100 308
100 44
100 1227
100 326
100 196
100 835
100 633
100 144
100 406
100 105
100 320
100 248
100 199
100 857
100 430
100 160
100 8
100 212
100 647
100 838
100 92
100 1552
100 333
100 1238
100 457
100 93
100 1
100 26
100 624
100 217
100 566
100 150
100 122
100 78
100 121
100 926
100 812
100 713
100 136
100 2130
100 40
100 69
100 220
100 250
100 80
100 1177
100 891
100 309
100 491
100 17
100 548
100 614
100 208
100 1878
100 497
100 33
100 424
100 522
100 70
100 630
100 39
100 132
100 181
100 1695
100 83
100 3016
100 886
100 225
100 432
100 82
100 62
100 703
100 141
100 112
100 1039
100 96
100 1646
100 422
100 493
100 864
100 961
100 594
100 406
100 50
100 196
100 975
100 29
100 99
100 474
100 97
100 162
100 247
100 36
100 282
100 262
100 485
100 434
100 20
100 1203
100 474
100 275
100 60
100 380
100 62
100 1427
100 105
100 403
100 175
100 46
100 166
100 146
100 105
100 1488
100 404
100 1393
100 1081
100 1663
100 492
100 214
100 165
100 750
100 310
100 46
100 610
100 247
100 2903
100 323
100 93
100 85
100 55
100 155
100 697
100 496
100 58
100 102
100 283
100 570
100 108
100 153
100 134
100 118
100 657
100 17
100 180
100 144
100 735
100 113
100 185
100 474
100 690
100 430
100 158
100 329
100 692
100 562
100 861
100 20
100 301
100 2018
100 466
100 184
100 1333
100 354
100 1050
100 1237
100 240
100 188
100 494
100 406
100 459
100 75
100 364
100 54
100 299
100 90
100 289
100 26
100 415
100 59
100 250
100 819
100 111
100 94
100 228
100 13
100 32
100 150
100 1048
100 261
100 97
100 30
100 242
100 736
100 219
100 831
100 1279
100 977
100 301
100 76
100 34
100 2330
100 125
100 230
100 29
100 454
100 17
100 12
100 614
100 89
100 476
100 78
100 171
100 383
100 912
100 264
100 816
100 1204
100 1003
100 200
100 315
100 721
100 41
100 184
100 50
100 1499
100 1133
100 248
100 593
100 309
100 14
100 746
100 92
100 87
100 425
100 618
100 251
100 681
100 122
100 982
100 42
100 1515
100 304
100 440
100 264
100 612
100 101
100 530
100 739
100 340
100 112
100 2138
100 423
100 344
100 556
100 345
100 535
100 308
100 1715
100 146
100 145
100 334
100 754
100 120
100 115
100 1161
100 21
100 201
100 17
100 1044
100 443
100 383
100 1498
100 53
100 117
100 279
100 327
100 956
100 777
100 805
100 495
100 127
100 76
100 538
100 290
100 94
100 257
100 177
100 166
100 1645
100 345
100 193
100 538
100 367
100 631
100 325
100 71
100 253
100 747
100 561
100 603
100 20
100 322
100 232
100 751
100 636
100 22
100 508
100 152
100 162
100 233
100 197
100 247
100 8
100 704
100 818
100 847
100 612
100 549
100 355
100 8
100 197
100 11
100 190
100 715
100 948
100 264
100 703
100 491
100 852
100 460
100 11
100 16
100 629
100 453
100 32
100 595
100 720
100 1147
100 239
100 14
100 221
100 464
100 48
100 3195
100 132
100 108
100 1675
100 1307
100 128
100 404
100 1040
100 23
100 315
100 1129
100 480
100 393
100 123
100 936
100 161
100 408
100 714
100 1345
100 355
100 43
100 206
100 189
100 43
100 54
100 1225
100 1104
100 262
100 1010
100 99
100 4
100 384
100 353
100 63
100 275
100 248
100 9
100 2276
100 473
100 234
100 78
100 576
100 678
100 1060
100 376
100 660
100 391
100 546
100 463
100 9
100 502
100 113
100 1411
100 303
100 106
100 676
100 156
100 376
100 148
100 38
100 590
100 2451
100 846
100 105
100 457
100 94
100 1309
100 106
100 249
100 102
100 528
100 1660
100 206
100 178
100 560
100 220
100 42
100 61
100 2085
100 344
100 264
100 941
100 1341
100 892
100 766
100 867
100 978
100 30
100 164
100 207
100 663
100 429
100 1113
100 612
100 1233
100 258
100 901
100 71
100 185
100 1627
100 488
100 109
100 40
100 237
100 124
100 513
100 101
100 31
100 267
100 460
100 115
100 572
100 158
100 170
100 319
100 276
100 189
100 39
100 74
100 32
100 351
100 699
100 834
100 273
100 11
100 1549
100 3152
100 545
100 765
100 321
100 405
100 5
100 171
100 132
100 531
100 78
100 589
100 272
100 327
100 143
100 690
100 443
100 7
100 320
100 274
100 554
100 570
100 374
100 154
100 192
100 32
100 603
100 125
100 17
100 124
100 17
100 35
100 103
100 10
100 74
100 17
100 61
100 46
100 25
100 30
100 727
100 331
100 71
100 194
100 94
100 568
100 1077
100 296
100 200
100 926
100 796
100 421
100 23
100 341
100 24
100 93
100 280
100 307
100 263
100 738
100 882
100 21
100 659
100 30
100 804
100 227
100 186
100 50
100 877
100 68
100 389
100 986
100 41
100 170
100 74
100 351
100 53
100 118
100 843
100 1769
100 269
100 380
100 265
100 506
100 89
100 168
100 779
100 151
100 240
100 211
100 5
100 338
100 479
100 209
100 148
100 70
100 40
100 57
100 1264
100 475
100 1061
100 133
100 134
100 44
100 767
100 583
100 676
100 146
100 786
100 895
100 476
100 1508
100 120
100 286
100 3019
100 69
100 1124
100 762
100 670
100 395
100 30
100 207
100 833
100 231
100 222
100 828
100 407
100 259
100 554
100 347
100 125
100 38
100 102
100 582
100 150
100 175
100 79
100 602
100 45
100 63
100 397
100 66
100 44
100 0
100 57
100 107
100 26
100 713
100 689
100 876
100 273
100 322
100 515
100 405
100 552
100 482
100 137
100 136
100 738
100 331
100 42
100 141
100 531
100 573
100 292
100 706
100 1014
100 1407
100 687
100 15
100 136
100 927
100 339
100 28
100 162
100 263
100 115
100 374
100 411
100 276
100 206
100 564
100 662
100 849
100 566
100 320
100 736
100 577
100 36
100 8
100 282
100 859
100 507
100 142
100 637
100 965
100 51
100 1262
100 99
100 1372
100 2
100 892
100 589
100 0
100 332
100 55
100 780
100 704
100 718
100 364
100 1843
100 1098
100 360
100 445
100 877
100 428
100 301
100 67
100 442
100 325
100 76
100 738
100 1538
100 932
100 1153
100 898
100 13
100 2350
100 566
100 717
100 449
100 88
100 276
100 80
100 971
100 131
100 656
100 499
100 289
100 450
100 959
100 940
100 986
100 81
100 55
100 1034
100 303
100 348
100 91
100 1883
100 66
100 450
100 1241
100 67
100 1104
100 494
100 884
100 588
100 35
100 117
100 6
100 100
100 68
100 5
100 272
100 101
100 108
100 228
100 526
100 81
100 473
100 54
100 96
100 1005
100 49
100 1324
100 106
100 23
100 25
100 936
100 847
100 141
100 507
100 490
100 1351
100 392
100 938
100 300
100 250
100 410
100 606
100 174
100 23
100 1038
100 6
100 790
100 752
100 70
100 1085
100 645
100 764
100 705
100 42
100 56
100 530
100 74
100 205
100 81
100 1822
100 579
100 329
100 1352
100 272
100 124
100 1265
100 9
100 275
100 306
100 843
100 309
100 563
100 770
100 1016
100 510
100 347
100 304
100 739
100 99
100 735
100 71
100 396
100 119
100 135
100 24
100 621
100 598
100 593
100 161
100 466
100 196
100 308
100 337
100 651
100 730
100 18
100 370
100 2097
100 818
100 687
100 624
100 1739
100 1203
100 174
100 465
100 32
100 82
100 612
100 482
100 1157
100 122
100 348
100 151
100 1103
100 291
100 114
100 447
100 124
100 401
100 4
100 729
100 515
100 355
100 13
100 387
100 670
100 845
100 1365
100 292
100 172
100 237
100 721
100 561
100 364
100 613
100 56
100 55
100 342
100 259
100 973
100 497
100 1413
100 133
100 475
100 680
100 183
100 595
100 1531
100 169
100 59
100 137
100 197
100 591
100 46
100 0
100 39
100 525
100 47
100 305
100 42
100 33
100 76
100 77
100 759
100 330
100 305
100 1189
100 124
100 389
100 600
100 263
100 154
100 1506
100 846
100 739
100 1014
100 83
100 126
100 1197
100 169
100 483
100 682
100 776
100 541
100 548
100 1028
100 431
100 509
100 230
100 328
100 228
100 382
100 464
100 225
100 49
100 107
100 271
100 307
100 547
100 408
100 0
100 355
100 1076
100 1222
100 51
100 1146
100 406
100 959
100 956
100 790
100 637
100 4
100 364
100 829
100 341
100 300
100 137
100 1329
100 605
100 164
100 405
100 1433
100 10
100 130
100 232
100 998
100 190
100 323
100 128
100 169
100 229
100 847
100 225
100 236
100 74
100 1231
100 46
100 238
100 32
100 72
100 308
100 36
100 53
100 555
100 491
100 539
100 41
100 377
100 90
100 285
100 82
100 831
100 445
100 34
100 89
100 516
100 87
100 18
100 1253
100 1048
100 810
100 350
100 149
100 664
100 977
100 326
100 494
100 20
100 263
100 75
100 10
100 403
100 416
100 186
100 90
100 361
100 139
100 140
100 304
100 175
100 149
100 241
100 244
100 2022
100 159
100 1
100 81
100 66
100 14
100 363
100 152
100 813
100 551
100 274
100 678
100 165
100 182
100 991
100 132
100 276
100 1015
100 1126
100 146
100 1162
100 127
100 1433
100 489
100 47
100 595
100 32
100 304
100 368
100 242
100 221
100 539
100 398
100 131
100 412
100 2342
100 272
100 766
100 93
100 183
100 459
100 1349
100 446
100 145
100 99
100 573
100 25
100 919
100 1476
100 294
100 331
100 386
100 283
100 367
100 10
100 238
100 959
100 496
100 420
100 117
100 413
100 1016
100 468
100 441
100 1647
100 97
100 24
100 177
100 475
100 1079
100 526
100 19
100 1982
100 696
100 462
100 366
100 411
100 263
100 840
100 160
100 89
100 491
100 262
100 250
100 88
100 367
100 269
100 88
100 82
100 577
100 1143
100 1357
100 148
100 503
100 261
100 930
100 242
100 182
100 90
100 80
100 85
100 125
100 917
100 351
100 137
100 81
100 56
100 160
100 142
100 424
100 68
100 1732
100 225
100 2474
100 580
100 10
100 152
100 310
100 631
100 181
100 264
100 13
100 981
100 324
100 561
100 107
100 99
100 342
100 431
100 191
100 668
100 1186
100 1125
100 49
100 302
100 1056
100 113
100 785
100 1578
100 866
100 369
100 889
100 210
100 743
100 92
100 105
100 4
100 29
100 197
100 74
100 174
100 113
100 102
100 162
100 139
100 1087
100 50
100 53
100 95
100 429
100 158
100 182
100 70
100 52
100 368
100 89
100 238
100 723
100 56
100 827
100 874
100 698
100 824
100 200
100 216
100 70
100 514
100 792
100 661
100 82
100 69
100 723
100 1164
100 449
100 112
100 223
100 1624
100 1672
100 268
100 44
100 22
100 1113
100 177
100 125
100 231
100 11
100 4
100 1084
100 106
100 204
100 275
100 164
100 436
100 162
100 670
100 511
100 293
100 356
100 773
100 654
100 962
100 132
100 257
100 614
100 192
100 39
100 56
100 126
100 468
100 281
100 55
100 248
100 287
100 441
100 1727
100 29
100 96
100 33
100 62
100 442
100 479
100 559
100 15
100 100
100 335
100 149
100 374
100 1059
100 53
100 808
100 147
100 166
100 216
100 92
100 61
100 831
100 1261
100 524
100 69
100 1051
100 595
100 204
100 312
100 448
100 785
100 98
100 1102
100 587
100 59
100 895
100 721
100 620
100 85
100 19
100 432
100 637
100 617
100 29
100 47
100 202
100 69
100 193
100 376
100 1583
100 3
100 133
100 1079
100 69
100 563
100 768
100 110
100 314
100 56
100 715
100 159
100 10
100 313
100 167
100 1754
100 56
100 221
100 238
100 140
100 196
100 400
100 1167
100 73
100 572
100 452
100 922
100 2144
100 291
100 955
100 962
100 1391
100 174
100 32
100 44
100 242
100 114
100 166
100 454
100 272
100 318
100 539
100 41
100 435
100 120
100 159
100 382
100 132
100 830
100 372
100 1957
100 445
100 287
100 1089
100 27
100 835
100 2273
100 1153
100 123
100 46
100 692
100 0
100 212
100 224
100 371
100 451
100 112
100 155
100 454
100 843
100 1511
100 1419
100 339
100 1702
100 112
100 345
100 311
100 460
100 234
100 196
100 341
100 17
100 240
100 484
100 237
100 761
100 2
100 847
100 584
100 70
100 538
100 14
100 753
100 289
100 180
100 137
100 94
100 407
100 52
100 390
100 45
100 1330
100 72
100 101
100 639
100 593
100 808
100 377
100 72
100 145
100 315
100 491
100 965
100 1070
100 777
100 8
100 5
100 516
100 507
100 376
100 927
100 527
100 1002
100 460
100 59
100 85
100 185
100 1416
100 43
100 128
100 99
100 875
100 778
100 360
100 78
100 403
100 401
100 689
100 32
100 1339
100 322
100 438
100 50
100 172
100 294
100 257
100 261
100 34
100 168
100 127
100 291
100 175
100 225
100 43
100 379
100 44
100 873
100 34
100 83
100 142
100 146
100 383
100 914
100 1774
100 110
100 1576
100 62
100 955
100 943
100 927
100 1484
100 34
100 104
100 260
100 315
100 244
100 699
100 462
100 168
100 38
100 960
100 1597
100 182
100 632
100 75
100 282
100 483
100 128
100 1492
100 212
100 774
100 50
100 815
100 263
100 614
100 74
100 280
100 51
100 105
100 326
100 192
100 740
100 317
100 73
100 581
100 336
100 937
100 51
100 1596
100 669
100 369
100 430
100 230
100 340
100 225
100 1397
100 43
100 305
100 70
100 459
100 121
100 325
100 408
100 1225
100 72
100 104
100 1504
100 2300
100 663
100 121
100 1149
100 1265
100 684
100 112
100 344
100 414
100 357
100 1311
100 381
100 523
100 818
100 14
100 506
100 79
100 259
100 93
100 814
100 340
100 169
100 815
100 922
100 61
100 546
100 101
100 587
100 27
100 439
100 651
100 631
100 225
100 630
100 250
100 1924
100 306
100 186
100 247
100 7
100 221
100 38
100 243
100 337
100 102
100 429
100 201
100 377
100 254
100 673
100 400
100 56
100 9
100 17
100 622
100 263
100 391
100 461
100 398
100 287
100 103
100 989
100 5
100 945
100 125
100 6
100 30
100 60
100 291
100 1057
100 76
100 433
100 9
100 333
100 350
100 79
100 111
100 124
100 262
100 1093
100 315
100 9
100 488
100 274
100 919
100 274
100 265
100 4
100 532
100 1073
100 863
100 195
100 501
100 545
100 1364
100 428
100 793
100 731
100 815
100 215
100 54
100 169
100 737
100 127
100 299
100 71
100 1433
100 57
100 79
100 82
100 263
100 134
100 1035
100 41
100 713
100 213
100 10
100 719
100 126
100 1169
100 368
100 801
100 438
100 125
100 261
100 2119
100 49
100 1092
100 1252
100 84
100 14
100 686
100 513
100 791
100 350
100 565
100 930
100 438
100 996
100 298
100 738
100 53
100 553
100 510
100 622
100 1550
100 15
100 56
100 1304
100 1146
100 638
100 707
100 515
100 293
100 3
100 510
100 61
100 63
100 233
100 545
100 1710
100 102
100 119
100 591
100 480
100 403
100 560
100 456
100 501
100 42
100 737
100 78
100 91
100 67
100 431
100 516
100 310
100 981
100 237
100 698
100 1388
100 774
100 356
100 158
100 1404
100 215
100 115
100 1471
100 182
100 243
100 1093
100 187
100 838
100 1107
100 691
100 1057
100 481
100 881
100 884
100 1162
100 626
100 254
100 423
100 1309
100 379
100 239
100 57
100 823
100 206
100 803
100 2191
100 1529
100 132
100 179
100 87
100 44
100 308
100 91
100 123
100 721
100 1838
100 11
100 274
100 584
100 391
100 245
100 466
100 291
100 384
100 175
100 1144
100 706
100 618
100 228
100 159
100 76
100 332
100 194
100 13
100 645
100 21
100 610
100 492
100 330
100 10
100 585
100 1622
100 595
100 292
100 337
100 1211
100 261
100 318
100 83
100 416
100 22
100 1285
100 454
100 361
100 651
100 1080
100 83
100 76
100 869
100 30
100 162
100 1601
100 267
100 721
100 161
100 209
100 98
100 110
100 850
100 74
100 267
100 69
100 382
100 588
100 224
100 294
100 668
100 298
100 209
100 546
100 1235
100 162
100 340
100 336
100 1103
100 2
100 177
100 168
100 280
100 162
100 572
100 74
100 841
100 2
100 69
100 72
100 517
100 221
100 469
100 1448
100 192
100 365
100 567
100 420
100 0
100 1160
100 401
100 461
100 943
100 1543
100 619
100 195
100 358
100 27
100 607
100 286
100 58
100 527
100 2431
100 466
100 179
100 632
100 29
100 247
100 569
100 911
100 114
100 75
100 350
100 251
100 616
100 672
100 96
100 545
100 382
100 969
100 34
100 927
100 480
100 53
100 2886
100 198
100 278
100 1120
100 431
100 85
100 36
100 897
100 220
100 180
100 121
100 112
100 517
100 1083
100 76
100 209
100 868
100 1306
100 854
100 602
100 151
100 700
100 65
100 80
100 1509
100 346
100 466
100 351
100 605
100 188
100 346
100 172
100 0
100 296
100 455
100 682
100 193
100 440
100 666
100 193
100 165
100 381
100 314
100 107
100 815
100 1076
100 693
100 17
100 114
100 49
100 44
100 411
100 291
100 1251
100 557
100 530
100 14
100 395
100 126
100 115
100 930
100 138
100 405
100 458
100 136
100 256
100 22
100 450
100 269
100 138
100 542
100 715
100 272
100 92
100 226
100 327
100 423
100 718
100 102
100 205
100 352
100 1097
100 1197
100 3356
100 87
100 107
100 417
100 1049
100 346
100 495
100 1208
100 151
100 838
100 433
100 134
100 215
100 133
100 116
100 819
100 187
100 140
100 371
100 588
100 118
100 19
100 338
100 431
100 357
100 216
100 970
100 234
100 40
100 418
100 260
100 356
100 778
100 423
100 287
100 240
100 181
100 627
100 1332
100 104
100 1250
100 83
100 802
100 560
100 96
100 393
100 436
100 952
100 619
100 853
100 215
100 291
100 1129
100 87
100 446
100 1275
100 52
100 450
100 195
100 453
100 784
100 249
100 355
100 1967
100 147
100 1105
100 461
100 497
100 1323
100 308
100 680
100 622
100 104
100 655
100 754
100 393
100 174
100 166
100 246
100 801
100 357
100 136
100 713
100 299
100 944
100 6
100 407
100 87
100 512
100 269
100 37
100 134
100 161
100 206
100 139
100 1023
100 1014
100 2
100 2517
100 25
100 6
100 1514
100 8
100 865
100 386
100 369
100 378
100 252
100 121
100 463
100 19
100 289
100 262
100 364
100 155
100 98
100 143
100 289
100 356
100 753
100 106
100 81
100 81
100 94
100 217
100 486
100 1498
100 3
100 357
100 1229
100 828
100 614
100 1081
100 252
100 488
100 87
100 1189
100 66
100 866
100 23
100 2599
100 126
100 1333
100 240
100 1046
100 497
100 657
100 726
100 685
100 56
100 715
100 445
100 141
100 324
100 10
100 57
100 646
100 302
100 30
100 513
100 232
100 1120
100 610
100 483
100 151
100 262
100 98
100 421
100 531
100 106
100 423
100 91
100 1446
100 112
100 1077
100 175
100 1501
100 53
100 415
100 138
100 377
100 276
100 1322
100 1344
100 585
100 194
100 1364
100 10
100 96
100 174
100 493
100 961
100 209
100 112
100 419
100 463
100 98
100 217
100 173
100 31
100 1054
100 37
100 88
100 657
100 229
100 4002
100 352
100 340
100 269
100 462
100 196
100 147
100 2283
100 536
100 436
100 427
100 424
100 864
100 20
100 272
100 27
100 491
100 404
100 383
100 543
100 151
100 269
100 610
100 842
100 646
100 1445
100 346
100 633
100 371
100 1114
100 408
100 349
100 502
100 845
100 219
100 278
100 991
100 116
100 118
100 151
100 689
100 33
100 124
100 47
100 46
100 190
100 596
100 106
100 1036
100 883
100 308
100 959
100 124
100 567
100 256
100 165
100 562
100 495
100 149
100 717
100 239
100 2
100 34
100 286
100 421
100 256
100 5038
100 1270
100 1641
100 132
100 39
100 1116
100 10
100 193
100 107
100 818
100 1242
100 162
100 600
100 260
100 123
100 62
100 116
100 60
100 575
100 617
100 100
100 413
100 301
100 676
100 563
100 111
100 87
100 145
100 24
100 242
100 547
100 1207
100 154
100 80
100 136
100 0
100 126
100 241
100 494
100 901
100 407
100 2217
100 23
100 82
100 71
100 311
100 140
100 568
100 74
100 660
100 136
100 752
100 1319
100 298
100 107
100 855
100 1019
100 2413
100 142
100 65
100 83
100 765
100 43
100 325
100 39
100 134
100 654
100 350
100 341
100 40
100 952
100 18
100 595
100 131
100 582
100 565
100 354
100 130
100 269
100 271
100 919
100 380
100 814
100 751
100 772
100 216
100 118
100 689
100 119
100 580
100 125
100 342
100 44
100 195
100 609
100 374
100 54
100 195
100 956
100 189
100 805
100 42
100 302
100 612
100 108
100 112
100 901
100 950
100 648
100 1024
100 1228
100 115
100 556
100 1271
100 750
100 152
100 653
100 1818
100 318
100 187
100 39
100 412
100 465
100 379
100 86
100 516
100 436
100 125
100 234
100 124
100 145
100 149
100 189
100 1472
100 134
100 692
100 347
100 605
100 2145
100 308
100 504
100 258
100 141
100 846
100 612
100 109
100 722
100 506
100 174
100 1053
100 122
100 174
100 1114
100 113
100 101
100 164
100 73
100 890
100 96
100 767
100 292
100 355
100 949
100 780
100 351
100 262
100 98
100 195
100 168
100 186
100 188
100 104
100 2952
100 164
100 313
100 368
100 1790
100 1097
100 1338
100 509
100 308
100 208
100 261
100 581
100 168
100 1067
100 529
100 479
100 376
100 430
100 153
100 441
100 296
100 655
100 632
100 70
100 34
100 654
100 235
100 275
100 979
100 362
100 52
100 239
100 486
100 2360
100 778
100 786
100 402
100 115
100 500
100 42
100 1447
100 388
100 872
100 54
100 1401
100 71
100 55
100 80
100 172
100 1068
100 784
100 206
100 135
100 38
100 135
100 2668
100 20
100 281
100 907
100 820
100 1399
100 141
100 1070
100 234
100 55
100 760
100 443
100 316
100 236
100 279
100 652
100 423
100 906
100 689
100 10
100 269
100 509
100 538
100 284
100 289
100 879
100 119
100 392
100 163
100 179
100 164
100 1010
100 1385
100 670
100 398
100 121
100 486
100 327
100 310
100 71
100 671
100 375
100 480
100 638
100 116
100 36
100 332
100 191
100 119
100 445
100 349
100 580
100 24
100 0
100 817
100 278
100 383
100 567
100 548
100 98
100 12
100 93
100 146
100 501
100 118
100 171
100 562
100 1754
100 917
100 177
100 31
100 563
100 188
100 273
100 425
100 164
100 110
100 230
100 20
100 31
100 990
100 155
100 169
100 353
100 142
100 221
100 223
100 269
100 8
100 1059
100 1141
100 163
100 904
100 36
100 1345
100 341
100 1437
100 247
100 60
100 358
100 46
100 744
100 1082
100 381
100 39
100 951
100 141
100 663
100 164
100 229
100 157
100 16
100 989
100 1333
100 282
100 107
100 1734
100 55
100 408
100 1655
100 467
100 276
100 1290
100 559
100 191
100 848
100 140
100 86
100 1129
100 229
100 915
100 147
100 264
100 196
100 666
100 649
100 1371
100 226
100 404
100 519
100 1134
100 505
100 449
100 544
100 377
100 515
100 95
100 111
100 343
100 42
100 109
100 770
100 259
100 108
100 659
100 1355
100 352
100 112
100 601
100 781
100 226
100 577
100 21
100 364
100 212
100 203
100 639
100 263
100 724
100 862
100 443
100 19
100 662
100 120
100 1276
100 637
100 17
100 834
100 862
100 921
100 592
100 387
100 366
100 630
100 274
100 457
100 187
100 702
100 19
100 126
100 72
100 944
100 419
100 440
100 588
100 33
100 1006
100 358
100 388
100 10
100 289
100 55
100 397
100 225
100 461
100 100
100 45
100 269
100 1108
100 608
100 303
100 415
100 411
100 564
100 222
100 317
100 991
100 927
100 1135
100 534
100 119
100 712
100 373
100 752
100 178
100 798
100 498
100 2489
100 103
100 166
100 42
100 478
100 141
100 531
100 497
100 138
100 133
100 516
100 574
100 493
100 119
100 87
100 352
100 22
100 227
100 202
100 81
100 225
100 505
100 262
100 433
100 336
100 671
100 4
100 944
100 254
100 1038
100 103
100 122
100 411
100 1320
100 111
100 1030
100 61
100 210
100 148
100 145
100 107
100 1
100 1444
100 508
100 1433
100 71
100 594
100 628
100 119
100 612
100 78
100 51
100 470
100 773
100 101
100 182
100 727
100 206
100 507
100 196
100 622
100 306
100 201
100 975
100 100
100 1398
100 1316
100 394
100 28
100 7
100 372
100 491
100 506
100 117
100 360
100 166
100 245
100 390
100 337
100 2173
100 46
100 651
100 419
100 140
100 1082
100 382
100 628
100 511
100 357
100 599
100 167
100 276
100 2690
100 1685
100 352
100 180
100 576
100 300
100 101
100 645
100 23
100 302
100 517
100 108
100 718
100 74
100 181
100 900
100 49
100 6
100 388
100 705
100 940
100 490
100 385
100 262
100 78
100 943
100 123
100 748
100 313
100 2224
100 522
100 383
100 64
100 1026
100 231
100 250
100 1077
100 380
100 507
100 847
100 32
100 323
100 145
100 143
100 7
100 59
100 150
100 729
100 271
100 303
100 350
100 619
100 549
100 549
100 785
100 607
100 439
100 820
100 92
100 47
100 334
100 95
100 957
100 314
100 193
100 455
100 352
100 381
100 121
100 463
100 815
100 109
100 411
100 540
100 165
100 490
100 42
100 1321
100 366
100 226
100 477
100 290
100 720
100 91
100 246
100 1920
100 185
100 104
100 65
100 201
100 121
100 546
100 1515
100 43
100 540
100 105
100 554
100 216
100 2060
100 209
100 410
100 217
100 94
100 58
100 16
100 1560
100 129
100 9
100 200
100 1289
100 94
100 78
100 120
100 336
100 1563
100 503
100 267
100 271
100 418
100 46
100 1322
100 6
100 60
100 822
100 107
100 721
100 539
100 436
100 208
100 47
100 1593
100 288
100 72
100 139
100 534
100 71
100 809
100 225
100 640
100 96
100 1326
100 208
100 1184
100 248
100 163
100 120
100 682
100 177
100 704
100 622
100 18
100 80
100 297
100 1121
100 263
100 449
100 652
100 562
100 514
100 288
100 18
100 1088
100 294
100 249
100 105
100 141
100 718
100 955
100 74
100 131
100 1720
100 416
100 385
100 415
100 478
100 1513
100 506
100 219
100 402
100 336
100 317
100 4985
100 1341
100 136
100 36
100 95
100 209
100 364
100 76
100 90
100 276
100 374
100 723
100 674
100 350
100 266
100 112
100 314
100 186
100 485
100 116
100 174
100 94
100 58
100 337
100 385
100 35
100 844
100 326
100 1511
100 483
100 109
100 87
100 566
100 202
100 312
100 725
100 1631
100 1166
100 94
100 348
100 821
100 926
100 239
100 458
100 284
100 677
100 489
100 19
100 137
100 945
100 1456
100 696
100 981
100 405
100 150
100 111
100 99
100 218
100 740
100 246
100 319
100 182
100 237
100 46
100 1726
100 484
100 989
100 411
100 415
100 135
100 961
100 139
100 16
100 1534
100 826
100 156
100 263
100 85
100 235
100 651
100 179
100 637
100 161
100 1
100 75
100 517
100 773
100 41
100 659
100 896
100 28
100 885
100 1327
100 138
100 124
100 1245
100 163
100 814
100 3223
100 24
100 124
100 3
100 608
100 458
100 100
100 753
100 244
100 616
100 166
100 214
100 600
100 712
100 768
100 558
100 601
100 791
100 164
100 1677
100 171
100 1654
100 288
100 127
100 937
100 75
100 510
100 384
100 180
100 96
100 737
100 173
100 715
100 2010
100 512
100 275
100 1380
100 271
100 313
100 125
100 702
100 972
100 965
100 299
100 637
100 836
100 603
100 213
100 185
100 252
100 266
100 8
100 177
100 315
100 447
100 67
100 337
100 265
100 474
100 1285
100 1228
100 86
100 602
100 1232
100 12
100 375
100 38
100 832
100 622
100 281
100 423
100 342
100 139
100 245
100 96
100 1043
100 42
100 1695
100 701
100 328
100 373
100 397
100 96
100 181
100 1384
100 635
100 344
100 135
100 465
100 527
100 201
100 363
100 22
100 526
100 186
100 172
100 1097
100 107
100 263
100 63
100 1036
100 57
100 540
100 338
100 83
100 241
100 296
100 157
100 645
100 480
100 524
100 238
100 346
100 42
100 546
100 1351
100 345
100 240
100 251
100 843
100 966
100 520
100 142
100 228
100 1304
100 291
100 97
100 431
100 159
100 11
100 62
100 825
100 11
100 16
100 134
100 164
100 238
100 95
100 882
100 674
100 830
100 222
100 692
100 163
100 109
100 63
100 311
100 605
100 747
100 304
100 232
100 429
100 323
100 646
100 25
100 856
100 18
100 159
100 188
100 12
100 354
100 307
100 203
100 633
100 6
100 198
100 108
100 868
100 292
100 174
100 746
100 28
100 25
100 707
100 69
100 426
100 73
100 455
100 445
100 270
100 17
100 223
100 232
100 229
100 243
100 1167
100 1476
100 2
100 155
100 227
100 201
100 745
100 164
100 291
100 760
100 436
100 139
100 221
100 657
100 1474
100 1
100 31
100 5
100 1
100 593
100 1065
100 93
100 117
100 66
100 1168
100 198
100 987
100 315
100 313
100 671
100 1352
100 833
100 192
100 131
100 1406
100 137
100 668
100 146
100 169
100 912
100 218
100 39
100 65
100 745
100 156
100 171
100 284
100 211
100 1230
100 79
100 169
100 661
100 45
100 327
100 376
100 625
100 1221
100 479
100 266
100 947
100 17
100 27
100 571
100 281
100 49
100 688
100 22
100 280
100 14
100 39
100 30
100 242
100 564
100 84
100 1204
100 82
100 45
100 9
100 944
100 887
100 76
100 567
100 15
100 10
100 1821
100 1195
100 768
100 808
100 72
100 262
100 94
100 56
100 135
100 43
100 117
100 343
100 95
100 402
100 579
100 321
100 83
100 1388
100 275
100 568
100 204
100 1139
100 295
100 627
100 739
100 101
100 711
100 498
100 613
100 96
100 96
100 596
100 140
100 107
100 49
100 979
100 1370
100 473
100 181
100 1008
100 170
100 1011
100 595
100 235
100 840
100 175
100 420
100 544
100 109
100 786
100 1534
100 24
100 1740
100 244
100 473
100 336
100 945
100 3
100 64
100 155
100 852
100 443
100 15
100 503
100 747
100 272
100 163
100 326
100 4
100 640
100 701
100 112
100 394
100 280
100 1762
100 1366
100 3302
100 1176
100 226
100 70
100 0
100 91
100 27
100 259
100 237
100 835
100 14
100 386
100 352
100 307
100 200
100 425
100 3
100 2402
100 521
100 141
100 73
100 33
100 108
100 518
100 332
100 43
100 422
100 326
100 346
100 921
100 251
100 420
100 83
100 65
100 1330
100 465
100 126
100 501
100 474
100 267
100 289
100 370
100 90
100 341
100 177
100 9
100 294
100 314
100 35
100 180
100 228
100 184
100 261
100 135
100 1147
100 66
100 346
100 610
100 445
100 214
100 58
100 209
100 188
100 639
100 314
100 1050
100 183
100 146
100 68
100 984
100 226
100 325
100 520
100 930
100 207
100 323
100 244
100 783
100 7
100 432
100 904
100 843
100 59
100 359
100 179
100 8
100 158
100 503
100 56
100 667
100 973
100 50
100 221
100 924
100 430
100 121
100 96
100 229
100 481
100 701
100 6
100 295
100 722
100 767
100 565
100 930
100 1477
100 2281
100 332
100 417
100 24
100 870
100 152
100 970
100 564
100 514
100 458
100 80
100 39
100 100
100 229
100 198
100 853
100 121
100 206
100 97
100 124
100 150
100 1094
100 745
100 194
100 206
100 155
100 926
100 226
100 383
100 884
100 493
100 401
100 227
100 23
100 468
100 669
100 448
100 557
100 96
100 24
100 141
100 237
100 83
100 332
100 62
100 143
100 495
100 60
100 199
100 73
100 204
100 1544
100 539
100 95
100 30
100 260
100 131
100 646
100 389
100 136
100 43
100 474
100 114
100 889
100 154
100 147
100 285
100 157
100 229
100 135
100 275
100 63
100 116
100 969
100 12
100 536
100 925
100 95
100 510
100 217
100 483
100 456
100 305
100 481
100 196
100 788
100 88
100 44
100 139
100 128
100 141
100 602
100 377
100 177
100 320
100 830
100 1323
100 388
100 60
100 89
100 195
100 54
100 594
100 981
100 247
100 1430
100 233
100 679
100 228
100 494
100 409
100 799
100 180
100 530
100 92
100 202
100 91
100 1074
100 313
100 594
100 794
100 273
100 1171
100 408
100 404
100 84
100 296
100 124
100 387
100 3080
100 2
100 174
100 311
100 245
100 220
100 1039
100 403
100 261
100 1
100 5
100 650
100 111
100 228
100 450
100 346
100 164
100 756
100 220
100 977
100 575
100 1306
100 108
100 293
100 532
100 709
100 267
100 85
100 934
100 889
100 132
100 236
100 397
100 1469
100 391
100 45
100 322
100 100
100 167
100 1369
100 65
100 443
100 925
100 80
100 156
100 331
100 1230
100 416
100 88
100 1187
100 960
100 574
100 175
100 484
100 1859
100 1912
100 54
100 310
100 250
100 51
100 26
100 92
100 450
100 311
100 416
100 67
100 135
100 1161
100 231
100 890
100 692
100 100
100 53
100 218
100 1186
100 21
100 831
100 124
100 140
100 97
100 1315
100 34
100 577
100 761
100 86
100 233
100 61
100 1099
100 1298
100 555
100 998
100 419
100 757
100 619
100 286
100 515
100 147
100 139
100 915
100 188
100 825
100 292
100 100
100 126
100 1030
100 735
100 1226
100 324
100 1369
100 33
100 185
100 803
100 3909
100 1300
100 438
100 917
100 55
100 195
100 391
100 183
100 16
100 277
100 1004
100 446
100 72
100 154
100 72
100 585
100 496
100 591
100 306
100 368
100 122
100 81
100 490
100 75
100 613
100 647
100 864
100 54
100 578
100 277
100 94
100 461
100 550
100 338
100 624
100 303
100 180
100 990
100 213
100 42
100 637
100 587
100 254
100 51
100 373
100 494
100 30
100 104
100 246
100 190
100 810
100 242
100 541
100 802
100 123
100 58
100 583
100 461
100 815
100 864
100 43
100 1771
100 22
100 288
100 93
100 1490
100 283
100 287
100 1880
100 128
100 361
100 254
100 95
100 147
100 528
100 479
100 26
100 33
100 574
100 133
100 156
100 930
100 22
100 221
100 195
100 9
100 146
100 1099
100 25
100 646
100 1272
100 72
100 292
100 96
100 1668
100 102
100 87
100 1070
100 467
100 276
100 834
100 710
100 717
100 1160
100 677
100 555
100 3219
100 2260
100 104
100 387
100 44
100 256
100 979
100 168
100 2194
100 190
100 778
100 660
100 864
100 327
100 66
100 257
100 158
100 138
100 33
100 3
100 559
100 144
100 85
100 543
100 571
100 729
100 489
100 551
100 201
100 169
100 55
100 185
100 643
100 674
100 685
100 477
100 1013
100 793
100 1220
100 161
100 26
100 337
100 279
100 175
100 45
100 20
100 65
100 1397
100 26
100 511
100 415
100 1184
100 206
100 8
100 347
100 511
100 1078
100 153
100 992
100 507
100 41
100 89
100 7
100 86
100 246
100 1075
100 111
100 220
100 25
100 1327
100 23
100 1019
100 939
100 1582
100 212
100 192
100 235
100 176
100 232
100 137
100 426
100 916
100 2
100 295
100 56
100 516
100 151
100 1232
100 2602
100 749
100 323
100 958
100 510
100 276
100 7
100 21
100 233
100 187
100 156
100 146
100 293
100 466
100 452
100 3
100 297
100 57
100 979
100 303
100 200
100 112
100 317
100 143
100 165
100 667
100 10
100 281
100 240
100 371
100 331
100 156
100 226
100 316
100 66
100 16
100 143
100 23
100 216
100 425
100 759
100 246
100 86
100 0
100 301
100 383
100 2
100 930
100 28
100 423
100 9
100 898
100 194
100 804
100 431
100 626
100 168
100 319
100 883
100 765
100 222
100 316
100 1299
100 434
100 1806
100 75
100 1138
100 409
100 525
100 117
100 194
100 1068
100 26
100 3
100 93
100 724
100 16
100 369
100 285
100 151
100 490
100 446
100 329
100 117
100 527
100 139
100 1
100 687
100 317
100 132
100 364
100 180
100 155
100 105
100 665
100 644
100 493
100 720
100 24
100 34
100 2278
100 661
100 209
100 726
100 1379
100 134
100 464
100 96
100 865
100 35
100 71
100 340
100 42
100 228
100 123
100 540
100 66
100 46
100 526
100 1176
100 142
100 113
100 847
100 127
100 1351
100 176
100 408
100 144
100 352
100 269
100 365
100 20
100 2
100 1003
100 135
100 50
100 44
100 792
100 700
100 743
100 1239
100 107
100 983
100 200
100 167
100 223
100 8
100 168
100 964
100 566
100 397
100 93
100 351
100 480
100 53
100 314
100 1104
100 182
100 65
100 65
100 694
100 146
100 175
100 52
100 16
100 907
100 1086
100 605
100 12
100 1286
100 44
100 76
100 32
100 718
100 544
100 1100
100 513
100 89
100 144
100 372
100 1504
100 717
100 341
100 451
100 556
100 50
100 473
100 375
100 1054
100 5
100 347
100 388
100 1118
100 70
100 606
100 147
100 445
100 337
100 739
100 575
100 529
100 126
100 336
100 647
100 62
100 148
100 75
100 938
100 812
100 80
100 595
100 530
100 90
100 271
100 162
100 610
100 172
100 40
100 264
100 10
100 510
100 166
100 132
100 464
100 220
100 32
100 269
100 959
100 138
100 372
100 431
100 192
100 322
100 494
100 146
100 620
100 269
100 170
100 298
100 545
100 241
100 338
100 1448
100 740
100 110
100 1288
100 513
100 182
100 15
100 143
100 157
100 487
100 242
100 148
100 441
100 110
100 211
100 1668
100 888
100 156
100 476
100 1043
100 75
100 54
100 585
100 192
100 422
100 1168
100 2690
100 71
100 237
100 16
100 51
100 292
100 1065
100 200
100 1159
100 758
100 1318
100 4
100 87
100 135
100 288
100 511
100 50
100 913
100 1190
100 763
100 383
100 36
100 259
100 667
100 883
100 51
100 67
100 589
100 199
100 140
100 36
100 235
100 482
100 1
100 850
100 2228
100 419
100 770
100 63
100 1860
100 68
100 186
100 1541
100 729
100 343
100 1833
100 491
100 575
100 172
100 165
100 230
100 30
100 536
100 227
100 161
100 235
100 339
100 1125
100 368
100 493
100 198
100 136
100 919
100 120
100 130
100 411
100 450
100 199
100 238
100 220
100 900
100 1167
100 270
100 1107
100 475
100 30
100 299
100 6
100 189
100 68
100 203
100 280
100 36
100 526
100 51
100 863
100 451
100 382
100 428
100 153
100 118
100 377
100 121
100 97
100 265
100 244
100 1102
100 39
100 498
100 34
100 1093
100 631
100 295
100 855
100 85
100 89
100 619
100 139
100 493
100 62
100 409
100 616
100 132
100 220
100 247
100 72
100 228
100 1209
100 582
100 272
100 1094
100 50
100 49
100 303
100 93
100 779
100 2460
100 149
100 5
100 293
100 242
100 63
100 960
100 28
100 807
100 193
100 126
100 3
100 474
100 2098
100 47
100 1146
100 137
100 421
100 1010
100 596
100 2733
100 1206
100 46
100 35
100 24
100 11
100 37
100 16
100 103
100 55
100 237
100 1590
100 331
100 1053
100 357
100 438
100 878
100 1264
100 3
100 58
100 663
100 883
100 268
100 181
100 395
100 924
100 825
100 276
100 477
100 508
100 442
100 3
100 488
100 88
100 204
100 14
100 38
100 608
100 1815
100 2336
100 910
100 16
100 44
100 560
100 640
100 1
100 411
100 1234
100 204
100 523
100 515
100 144
100 563
100 82
100 237
100 151
100 40
100 2450
100 2677
100 154
100 1110
100 291
100 1365
100 1080
100 1735
100 423
100 480
100 115
100 747
100 0
100 267
100 36
100 558
100 1680
100 61
100 1117
100 456
100 63
100 149
100 241
100 236
100 206
100 280
100 871
100 793
100 163
100 133
100 222
100 482
100 205
100 486
100 189
100 11
100 405
100 235
100 910
100 1431
100 240
100 557
100 236
100 679
100 704
100 924
100 41
100 2
100 616
100 645
100 1413
100 20
100 48
100 221
100 201
100 366
100 236
100 396
100 802
100 643
100 230
100 69
100 1042
100 76
100 226
100 5
100 123
100 1
100 294
100 822
100 224
100 198
100 126
100 86
100 80
100 142
100 86
100 820
100 719
100 530
100 31
100 240
100 345
100 399
100 747
100 726
100 19
100 2054
100 849
100 834
100 387
100 780
100 749
100 180
100 54
100 325
100 1105
100 35
100 314
100 451
100 1797
100 21
100 327
100 104
100 139
100 936
100 137
100 785
100 637
100 1044
100 53
100 129
100 626
100 718
100 784
100 290
100 9
100 572
100 523
100 205
100 235
100 807
100 139
100 2134
100 1078
100 745
100 246
100 864
100 849
100 446
100 467
100 29
100 497
100 228
100 2112
100 121
100 993
100 553
100 241
100 407
100 696
100 140
100 520
100 511
100 93
100 82
100 399
100 547
100 1566
100 596
100 228
100 1402
100 1082
100 1930
100 1821
100 1355
100 427
100 39
100 666
100 331
100 113
100 1030
100 0
100 190
100 1146
100 6
100 270
100 204
100 70
100 84
100 632
100 254
100 57
100 443
100 696
100 158
100 591
100 308
100 765
100 696
100 1127
100 517
100 117
100 2
100 385
100 1060
100 1371
100 234
100 1142
100 17
100 915
100 15
100 688
100 703
100 84
100 626
100 174
