100 21
100 12
100 40
100 57
100 142
100 391
100 39
100 234
100 25
100 19
100 12
100 156
100 77
100 133
100 123
100 93
100 160
100 108
100 51
100 190
100 32
100 38
100 126
100 87
100 138
100 29
100 58
100 20
100 34
100 136
100 28
100 16
100 44
100 112
100 72
100 144
100 166
100 3
100 420
100 51
100 23
100 22
100 46
100 21
100 104
100 141
100 472
100 43
100 127
100 164
100 13
100 13
100 208
100 129
100 25
100 154
100 367
100 51
100 210
100 116
100 533
100 172
100 4
100 608
100 249
100 73
100 93
100 80
100 22
100 29
100 49
100 65
100 157
100 51
100 155
100 5
100 66
100 53
100 51
100 7
100 54
100 29
100 197
100 31
100 199
100 92
100 34
100 23
100 20
100 17
100 230
100 48
100 244
100 91
100 163
100 140
100 51
100 93
100 163
100 99
100 219
100 42
100 157
100 89
100 111
100 17
100 259
100 50
100 6
100 108
100 52
100 64
100 12
100 172
100 88
100 165
100 83
100 246
100 108
100 41
100 507
100 7
100 224
100 18
100 203
100 135
100 17
100 130
100 60
100 3
100 23
100 28
100 10
100 122
100 149
100 43
100 52
100 174
100 305
100 28
100 14
100 63
100 47
100 320
100 91
100 68
100 26
100 51
100 111
100 7
100 25
100 99
100 12
100 100
100 66
100 31
100 27
100 3
100 65
100 312
100 69
100 117
100 123
100 30
100 215
100 271
100 46
100 43
100 9
100 103
100 257
100 50
100 53
100 6
100 20
100 56
100 686
100 76
100 69
100 105
100 458
100 23
100 122
100 330
100 140
100 157
100 475
100 44
100 10
100 85
100 62
100 40
100 60
100 447
100 501
100 431
100 144
100 167
100 203
100 121
100 99
100 233
100 232
100 142
100 5
100 5
100 47
100 38
100 41
100 129
100 27
100 180
100 171
100 23
100 249
100 440
100 0
100 98
100 308
100 106
100 111
100 160
100 1
100 102
100 57
100 263
100 428
100 120
100 17
100 124
100 66
100 90
100 19
100 61
100 311
100 197
100 38
100 8
100 7
100 35
100 42
100 19
100 20
100 14
100 199
100 330
100 78
100 73
100 230
100 45
100 220
100 304
100 24
100 6
100 34
100 83
100 15
100 154
100 175
100 18
100 39
100 160
100 514
100 300
100 225
100 156
100 399
100 103
100 9
100 242
100 216
100 17
100 69
100 99
100 38
100 170
100 7
100 6
100 194
100 78
100 81
100 68
100 21
100 50
100 21
100 296
100 59
100 118
100 24
100 69
100 457
100 389
100 88
100 6
100 63
100 13
100 27
100 50
100 92
100 1
100 20
100 224
100 209
100 91
100 64
100 263
100 63
100 162
100 19
100 102
100 103
100 80
100 69
100 94
100 62
100 45
100 148
100 91
100 87
100 37
100 136
100 47
100 120
100 129
100 27
100 16
100 24
100 302
100 49
100 81
100 321
100 93
100 89
100 551
100 74
100 373
100 38
100 159
100 186
100 44
100 123
100 69
100 252
100 119
100 227
100 214
100 42
100 1
100 202
100 282
100 17
100 79
100 56
100 293
100 30
100 52
100 2
100 172
100 20
100 18
100 6
100 110
100 76
100 377
100 132
100 72
100 127
100 157
100 16
100 286
100 16
100 11
100 49
100 10
100 56
100 382
100 37
100 79
100 20
100 79
100 15
100 171
100 7
100 67
100 77
100 11
100 28
100 113
100 111
100 20
100 168
100 155
100 4
100 48
100 36
100 85
100 54
100 33
100 127
100 150
100 88
100 72
100 8
100 17
100 1
100 33
100 6
100 0
100 49
100 427
100 9
100 228
100 160
100 20
100 17
100 135
100 102
100 60
100 5
100 54
100 99
100 66
100 29
100 218
100 71
100 451
100 86
100 29
100 55
100 2
100 10
100 20
100 115
100 106
100 118
100 297
100 88
100 359
100 232
100 53
100 528
100 312
100 631
100 95
100 29
100 186
100 289
100 3
100 49
100 112
100 30
100 225
100 131
100 83
100 30
100 537
100 161
100 118
100 176
100 8
100 107
100 189
100 43
100 40
100 2
100 143
100 37
100 132
100 127
100 33
100 82
100 16
100 203
100 250
100 188
100 17
100 146
100 26
100 108
100 133
100 42
100 102
100 185
100 67
100 494
100 34
100 45
100 77
100 73
100 172
100 183
100 10
100 74
100 147
100 38
100 46
100 90
100 213
100 71
100 306
100 170
100 27
100 30
100 62
100 94
100 289
100 5
100 49
100 22
100 19
100 15
100 23
100 4
100 43
100 157
100 37
100 150
100 128
100 15
100 84
100 104
100 90
100 107
100 149
100 66
100 11
100 143
100 144
100 38
100 15
100 49
100 68
100 185
100 406
100 352
100 187
100 78
100 98
100 178
100 61
100 7
100 136
100 98
100 112
100 212
100 379
100 40
100 439
100 197
100 72
100 19
100 191
100 182
100 20
100 42
100 189
100 458
100 50
100 205
100 55
100 16
100 13
100 21
100 145
100 7
100 64
100 269
100 55
100 67
100 37
100 9
100 273
100 101
100 374
100 54
100 9
100 17
100 235
100 111
100 223
100 21
100 98
100 119
100 173
100 215
100 107
100 484
100 233
100 128
100 80
100 100
100 256
100 242
100 3
100 266
100 33
100 6
100 111
100 25
100 226
100 77
100 1
100 289
100 33
100 63
100 0
100 45
100 54
100 160
100 253
100 80
100 83
100 363
100 160
100 28
100 51
100 75
100 84
100 27
100 25
100 383
100 13
100 482
100 448
100 39
100 61
100 90
100 73
100 97
100 119
100 71
100 280
100 142
100 1
100 97
100 138
100 122
100 50
100 64
100 82
100 38
100 102
100 3
100 61
100 21
100 69
100 24
100 25
100 173
100 333
100 42
100 169
100 26
100 429
100 93
100 49
100 74
100 13
100 46
100 47
100 20
100 193
100 146
100 132
100 2
100 25
100 525
100 76
100 16
100 279
100 165
100 106
100 23
100 23
100 148
100 207
100 413
100 32
100 19
100 188
100 25
100 89
100 161
100 55
100 239
100 104
100 88
100 124
100 172
100 94
100 149
100 18
100 5
100 19
100 32
100 156
100 97
100 38
100 6
100 11
100 47
100 6
100 29
100 93
100 7
100 20
100 5
100 45
100 21
100 164
100 36
100 46
100 10
100 2
100 99
100 146
100 50
100 83
100 76
100 108
100 411
100 31
100 109
100 40
100 73
100 193
100 54
100 155
100 27
100 52
100 63
100 27
100 13
100 75
100 36
100 54
100 120
100 96
100 38
100 78
100 64
100 18
100 206
100 51
100 19
100 139
100 7
100 178
100 104
100 15
100 322
100 39
100 78
100 52
100 13
100 21
100 223
100 23
100 32
100 50
100 15
100 158
100 262
100 26
100 20
100 114
100 58
100 257
100 114
100 182
100 148
100 41
100 0
100 63
100 61
100 16
100 59
100 78
100 279
100 156
100 135
100 30
100 187
100 146
100 8
100 325
100 102
100 83
100 1
100 245
100 20
100 149
100 262
100 38
100 189
100 156
100 6
100 223
100 52
100 105
100 74
100 105
100 25
100 13
100 61
100 169
100 192
100 83
100 59
100 410
100 74
100 42
100 86
100 143
100 80
100 191
100 340
100 12
100 152
100 422
100 63
100 280
100 109
100 112
100 16
100 3
100 360
100 332
100 193
100 217
100 16
100 19
100 25
100 88
100 113
100 64
100 492
100 1
100 66
100 108
100 76
100 6
100 165
100 233
100 2
100 239
100 254
100 20
100 68
100 34
100 122
100 74
100 23
100 191
100 40
100 290
100 148
100 135
100 18
100 83
100 28
100 102
100 288
100 23
100 24
100 12
100 148
100 144
100 122
100 75
100 86
100 323
100 27
100 268
100 7
100 154
100 15
100 63
100 84
100 8
100 35
100 105
100 140
100 61
100 42
100 68
100 21
100 51
100 40
100 171
100 532
100 5
100 66
100 308
100 72
100 96
100 137
100 45
100 58
100 18
100 254
100 56
100 0
100 115
100 233
100 84
100 48
100 181
100 6
100 283
100 11
100 16
100 79
100 35
100 29
100 193
100 182
100 191
100 57
100 94
100 69
100 26
100 90
100 351
100 43
100 141
100 152
100 31
100 2
100 209
100 0
100 319
100 69
100 51
100 167
100 168
100 84
100 44
100 12
100 13
100 79
100 182
100 159
100 75
100 10
100 0
100 87
100 45
100 22
100 72
100 147
100 138
100 85
100 25
100 17
100 67
100 7
100 15
100 9
100 114
100 40
100 118
100 255
100 133
100 116
100 74
100 166
100 161
100 469
100 67
100 94
100 58
100 68
100 157
100 232
100 5
100 124
100 4
100 144
100 143
100 58
100 72
100 82
100 148
100 159
100 4
100 112
100 121
100 45
100 12
100 95
100 25
100 53
100 290
100 335
100 252
100 146
100 56
100 57
100 79
100 59
100 41
100 23
100 251
100 66
100 97
100 43
100 95
100 86
100 32
100 68
100 78
100 64
100 533
100 92
100 38
100 18
100 21
100 4
100 271
100 8
100 283
100 207
100 11
100 55
100 110
100 107
100 307
100 16
100 9
100 30
100 14
100 60
100 115
100 29
100 52
100 63
100 3
100 11
100 93
100 192
100 63
100 141
100 181
100 2
100 289
100 16
100 274
100 3
100 126
100 31
100 152
100 290
100 8
100 110
100 77
100 274
100 99
100 35
100 134
100 14
100 78
100 10
100 67
100 148
100 96
100 155
100 61
100 51
100 118
100 2
100 19
100 669
100 181
100 5
100 129
100 55
100 32
100 38
100 55
100 71
100 55
100 119
100 44
100 162
100 36
100 53
100 56
100 119
100 4
100 297
100 14
100 131
100 63
100 50
100 8
100 74
100 45
100 58
100 65
100 19
100 287
100 164
100 58
100 105
100 55
100 102
100 3
100 82
100 21
100 412
100 305
100 18
100 56
100 12
100 39
100 70
100 27
100 296
100 4
100 52
100 57
100 88
100 27
100 64
100 152
100 127
100 27
100 1
100 13
100 116
100 196
100 479
100 14
100 67
100 5
100 11
100 53
100 85
100 19
100 174
100 66
100 108
100 102
100 102
100 78
100 211
100 80
100 15
100 217
100 70
100 74
100 11
100 88
100 8
100 366
100 90
100 74
100 28
100 704
100 60
100 63
100 148
100 37
100 27
100 211
100 110
100 84
100 36
100 174
100 62
100 63
100 144
100 7
100 36
100 1
100 162
100 45
100 216
100 100
100 396
100 0
100 101
100 16
100 24
100 35
100 354
100 10
100 120
100 43
100 136
100 3
100 152
100 193
100 116
100 74
100 110
100 7
100 66
100 85
100 105
100 84
100 540
100 138
100 147
100 47
100 320
100 15
100 43
100 167
100 69
100 55
100 16
100 12
100 426
100 65
100 299
100 76
100 96
100 43
100 145
100 146
100 166
100 196
100 50
100 256
100 74
100 243
100 32
100 143
100 80
100 3
100 95
100 21
100 46
100 15
100 128
100 37
100 16
100 10
100 135
100 329
100 2
100 223
100 134
100 23
100 104
100 251
100 71
100 417
100 25
100 57
100 88
100 436
100 31
100 119
100 38
100 38
100 188
100 142
100 105
100 204
100 5
100 35
100 3
100 83
100 11
100 63
100 35
100 63
100 5
100 12
100 191
100 4
100 105
100 16
100 261
100 55
100 142
100 231
100 75
100 437
100 28
100 22
100 0
100 220
100 153
100 12
100 169
100 211
100 349
100 189
100 24
100 198
100 274
100 158
100 202
100 490
100 174
100 42
100 76
100 52
100 171
100 307
100 10
100 146
100 30
100 142
100 67
100 4
100 277
100 20
100 76
100 272
100 147
100 134
100 253
100 24
100 278
100 125
100 78
100 155
100 51
100 128
100 27
100 20
100 86
100 88
100 1
100 296
100 47
100 313
100 153
100 78
100 194
100 308
100 427
100 3
100 108
100 31
100 116
100 181
100 6
100 17
100 1
100 3
100 14
100 239
100 62
100 77
100 80
100 619
100 29
100 68
100 261
100 20
100 38
100 306
100 31
100 134
100 47
100 7
100 243
100 7
100 11
100 173
100 12
100 108
100 53
100 7
100 0
100 97
100 206
100 40
100 332
100 13
100 26
100 143
100 100
100 64
100 14
100 25
100 19
100 108
100 56
100 78
100 179
100 43
100 58
100 25
100 24
100 44
100 10
100 131
100 10
100 129
100 174
100 4
100 145
100 77
100 80
100 150
100 2
100 73
100 52
100 135
100 12
100 211
100 219
100 34
100 44
100 159
100 20
100 138
100 33
100 4
100 75
100 76
100 100
100 170
100 71
100 30
100 23
100 200
100 283
100 114
100 57
100 75
100 15
100 82
100 118
100 5
100 54
100 178
100 19
100 195
100 113
100 53
100 252
100 92
100 59
100 162
100 13
100 10
100 586
100 165
100 232
100 129
100 107
100 146
100 78
100 293
100 60
100 82
100 73
100 251
100 33
100 44
100 188
100 144
100 9
100 7
100 0
100 178
100 26
100 80
100 34
100 172
100 44
100 2
100 78
100 1
100 17
100 43
100 39
100 29
100 193
100 183
100 29
100 17
100 176
100 14
100 35
100 65
100 34
100 198
100 201
100 271
100 29
100 37
100 111
100 189
100 190
100 11
100 643
100 89
100 28
100 29
100 53
100 250
100 60
100 74
100 146
100 9
100 49
100 229
100 59
100 175
100 43
100 177
100 32
100 119
100 257
100 3
100 33
100 144
100 475
100 273
100 39
100 110
100 24
100 214
100 50
100 149
100 339
100 93
100 76
100 183
100 156
100 9
100 99
100 26
100 58
100 174
100 40
100 58
100 27
100 81
100 13
100 102
100 208
100 151
100 86
100 316
100 64
100 192
100 199
100 1
100 172
100 76
100 299
100 8
100 3
100 164
100 15
100 38
100 43
100 10
100 157
100 182
100 98
100 64
100 477
100 47
100 39
100 32
100 103
100 125
100 2
100 28
100 8
100 0
100 57
100 4
100 387
100 110
100 189
100 32
100 65
100 20
100 377
100 512
100 83
100 81
100 107
100 39
100 26
100 33
100 382
100 49
100 16
100 298
100 16
100 264
100 134
100 99
100 69
100 241
100 57
100 87
100 18
100 73
100 152
100 59
100 86
100 595
100 284
100 99
100 36
100 207
100 89
100 19
100 36
100 8
100 14
100 89
100 148
100 147
100 20
100 116
100 41
100 59
100 167
100 7
100 3
100 134
100 6
100 157
100 183
100 279
100 148
100 28
100 14
100 218
100 226
100 39
100 111
100 210
100 280
100 23
100 99
100 39
100 27
100 43
100 62
100 17
100 2
100 33
100 157
100 168
100 89
100 157
100 101
100 13
100 180
100 9
100 151
100 99
100 94
100 85
100 66
100 60
100 258
100 364
100 60
100 108
100 67
100 60
100 76
100 61
100 61
100 91
100 242
100 143
100 62
100 79
100 290
100 237
100 170
100 143
100 249
100 395
100 44
100 0
100 11
100 239
100 5
100 197
100 26
100 42
100 164
100 93
100 253
100 35
100 89
100 249
100 278
100 301
100 23
100 124
100 79
100 121
100 161
100 191
100 5
100 93
100 12
100 188
100 191
100 54
100 17
100 113
100 203
100 191
100 110
100 318
100 8
100 67
100 174
100 207
100 293
100 10
100 94
100 1
100 150
100 220
100 25
100 57
100 21
100 209
100 20
100 69
100 82
100 128
100 360
100 124
100 24
100 24
100 50
100 2
100 5
100 209
100 35
100 202
100 364
100 141
100 42
100 25
100 203
100 122
100 47
100 55
100 77
100 106
100 111
100 12
100 296
100 45
100 50
100 114
100 42
100 81
100 78
100 299
100 98
100 13
100 77
100 118
100 51
100 64
100 58
100 99
100 200
100 86
100 10
100 175
100 154
100 0
100 59
100 39
100 164
100 39
100 168
100 68
100 151
100 31
100 348
100 21
100 10
100 137
100 0
100 35
100 100
100 14
100 94
100 67
100 8
100 20
100 301
100 44
100 46
100 105
100 286
100 18
100 86
100 74
100 128
100 313
100 63
100 278
100 1
100 19
100 72
100 124
100 52
100 107
100 132
100 272
100 54
100 46
100 48
100 130
100 37
100 199
100 359
100 83
100 362
100 75
100 20
100 76
100 25
100 252
100 213
100 121
100 12
100 271
100 17
100 16
100 249
100 169
100 94
100 15
100 60
100 274
100 8
100 307
100 128
100 188
100 69
100 124
100 10
100 197
100 11
100 7
100 96
100 109
100 27
100 81
100 64
100 221
100 18
100 92
100 14
100 30
100 29
100 89
100 29
100 68
100 91
100 0
100 58
100 7
100 131
100 75
100 226
100 51
100 74
100 68
100 56
100 242
100 38
100 56
100 4
100 42
100 146
100 177
100 43
100 150
100 34
100 16
100 26
100 204
100 50
100 68
100 291
100 111
100 16
100 224
100 30
100 410
100 28
100 37
100 100
100 99
100 40
100 73
100 93
100 25
100 51
100 77
100 54
100 73
100 191
100 56
100 463
100 185
100 50
100 71
100 2
100 33
100 227
100 4
100 75
100 13
100 51
100 12
100 160
100 236
100 198
100 56
100 34
100 179
100 29
100 82
100 150
100 78
100 83
100 45
100 46
100 147
100 4
100 19
100 91
100 203
100 67
100 60
100 19
100 105
100 193
100 5
100 169
100 149
100 5
100 55
100 245
100 120
100 4
100 14
100 99
100 120
100 85
100 33
100 115
100 112
100 42
100 294
100 18
100 7
100 65
100 252
100 166
100 84
100 0
100 47
100 76
100 211
100 618
100 1
100 9
100 39
100 28
100 85
100 131
100 67
100 116
100 97
100 199
100 30
100 247
100 33
100 189
100 1
100 3
100 0
100 13
100 45
100 78
100 25
100 19
100 126
100 40
100 108
100 63
100 6
100 2
100 53
100 348
100 132
100 219
100 32
100 186
100 9
100 434
100 61
100 181
100 76
100 120
100 136
100 49
100 331
100 88
100 27
100 3
100 19
100 76
100 49
100 36
100 26
100 400
100 1
100 28
100 82
100 71
100 14
100 47
100 11
100 117
100 20
100 126
100 101
100 67
100 48
100 489
100 187
100 124
100 51
100 95
100 167
100 266
100 203
100 47
100 60
100 39
100 169
100 95
100 210
100 217
100 395
100 179
100 260
100 133
100 19
100 144
100 29
100 410
100 293
100 252
100 25
100 108
100 34
100 90
100 40
100 202
100 137
100 40
100 147
100 23
100 524
100 87
100 242
100 7
100 39
100 31
100 186
100 59
100 258
100 22
100 47
100 295
100 186
100 5
100 1
100 233
100 10
100 125
100 206
100 38
100 34
100 10
100 70
100 82
100 131
100 198
100 54
100 66
100 68
100 97
100 30
100 42
100 127
100 11
100 156
100 210
100 71
100 23
100 56
100 10
100 265
100 78
100 181
100 88
100 262
100 92
100 115
100 17
100 4
100 292
100 166
100 101
100 60
100 26
100 38
100 46
100 61
100 36
100 144
100 141
100 76
100 112
100 148
100 26
100 123
100 316
100 301
100 175
100 46
100 97
100 197
100 38
100 231
100 3
100 59
100 62
100 88
100 60
100 131
100 89
100 73
100 296
100 116
100 10
100 14
100 191
100 43
100 71
100 75
100 479
100 49
100 38
100 100
100 142
100 2
100 383
100 17
100 90
100 68
100 73
100 62
100 155
100 43
100 15
100 114
100 86
100 57
100 14
100 10
100 99
100 11
100 114
100 6
100 21
100 62
100 293
100 110
100 388
100 51
100 123
100 33
100 210
100 8
100 30
100 180
100 3
100 104
100 81
100 122
100 121
100 70
100 8
100 175
100 23
100 75
100 43
100 70
100 229
100 39
100 185
100 27
100 186
100 113
100 75
100 252
100 17
100 38
100 276
100 92
100 13
100 9
100 159
100 356
100 27
100 246
100 10
100 44
100 89
100 23
100 59
100 199
100 8
100 68
100 47
100 118
100 128
100 42
100 30
100 380
100 152
100 3
100 13
100 130
100 0
100 378
100 191
100 95
100 36
100 124
100 137
100 10
100 335
100 213
100 64
100 54
100 24
100 74
100 67
100 47
100 228
100 42
100 307
100 120
100 19
100 242
100 354
100 14
100 29
100 8
100 51
100 97
100 58
100 45
100 7
100 38
100 27
100 198
100 0
100 15
100 159
100 11
100 1
100 222
100 0
100 117
100 74
100 237
100 77
100 145
100 187
100 90
100 63
100 7
100 60
100 2
100 35
100 105
100 98
100 97
100 27
100 19
100 331
100 84
100 30
100 69
100 71
100 168
100 72
100 63
100 6
100 127
100 8
100 54
100 109
100 1
100 72
100 192
100 283
100 209
100 1
100 67
100 142
100 10
100 172
100 44
100 29
100 178
100 50
100 216
100 23
100 20
100 601
100 44
100 42
100 10
100 265
100 78
100 184
100 458
100 56
100 73
100 57
100 33
100 319
100 236
100 156
100 50
100 309
100 206
100 1
100 69
100 203
100 165
100 325
100 141
100 62
100 163
100 16
100 276
100 18
100 39
100 29
100 508
100 152
100 44
100 179
100 21
100 22
100 13
100 97
100 34
100 119
100 76
100 16
100 30
100 52
100 56
100 38
100 83
100 130
100 29
100 8
100 255
100 10
100 149
100 140
100 20
100 206
100 146
100 5
100 89
100 266
100 39
100 23
100 84
100 467
100 143
100 67
100 9
100 182
100 33
100 181
100 3
100 7
100 86
100 139
100 330
100 62
100 162
100 20
100 72
100 20
100 166
100 332
100 44
100 35
100 35
100 24
100 189
100 100
100 26
100 111
100 13
100 29
100 98
100 37
100 40
100 63
100 93
100 71
100 10
100 148
100 262
100 17
100 47
100 36
100 263
100 111
100 22
100 26
100 11
100 119
100 100
100 33
100 204
100 201
100 22
100 153
100 303
100 258
100 72
100 104
100 108
100 15
100 407
100 11
100 163
100 80
100 253
100 9
100 31
100 53
100 60
100 222
100 22
100 377
100 250
100 46
100 150
100 279
100 40
100 56
100 115
100 347
100 220
100 111
100 256
100 279
100 59
100 75
100 169
100 249
100 146
100 111
100 99
100 151
100 78
100 69
100 246
100 2
100 0
100 358
100 217
100 30
100 49
100 239
100 59
100 208
100 23
100 139
100 7
100 83
100 33
100 45
100 21
100 100
100 61
100 105
100 56
100 215
100 9
100 53
100 45
100 43
100 13
100 43
100 104
100 159
100 323
100 68
100 1
100 10
100 100
100 55
100 22
100 11
100 149
100 473
100 27
100 110
100 9
100 206
100 115
100 154
100 158
100 209
100 36
100 143
100 400
100 7
100 36
100 220
100 52
100 56
100 82
100 161
100 140
100 277
100 144
100 147
100 12
100 382
100 17
100 178
100 86
100 12
100 16
100 51
100 17
100 40
100 155
100 100
100 481
100 68
100 69
100 12
100 29
100 338
100 50
100 43
100 125
100 20
100 99
100 104
100 7
100 5
100 155
100 53
100 143
100 120
100 21
100 89
100 3
100 79
100 253
100 168
100 56
100 109
100 149
100 9
100 198
100 42
100 87
100 112
100 77
100 107
100 84
100 17
100 97
100 173
100 157
100 5
100 20
100 202
100 106
100 89
100 21
100 465
100 18
100 18
100 314
100 83
100 50
100 51
100 2
100 163
100 115
100 85
100 46
100 259
100 9
100 1
100 41
100 33
100 67
100 135
100 155
100 39
100 111
100 113
100 25
100 507
100 6
100 107
100 118
100 36
100 27
100 64
100 25
100 136
100 18
100 10
100 18
100 13
100 223
100 19
100 91
100 316
100 195
100 129
100 111
100 10
100 79
100 157
100 5
100 87
100 4
100 146
100 4
100 31
100 162
100 121
100 35
100 74
100 162
100 41
100 228
100 229
100 184
100 96
100 263
100 22
100 2
100 13
100 265
100 22
100 11
100 92
100 26
100 241
100 213
100 249
100 71
100 91
100 199
100 101
100 118
100 183
100 72
100 49
100 23
100 26
100 357
100 4
100 83
100 59
100 64
100 64
100 8
100 174
100 128
100 397
100 26
100 29
100 23
100 13
100 41
100 70
100 6
100 294
100 43
100 0
100 271
100 42
100 16
100 29
100 264
100 267
100 187
100 4
100 46
100 60
100 45
100 82
100 23
100 471
100 56
100 96
100 93
100 61
100 25
100 127
100 246
100 39
100 193
100 0
100 27
100 68
100 309
100 225
100 15
100 13
100 21
100 142
100 61
100 47
100 11
100 40
100 53
100 37
100 84
100 29
100 9
100 74
100 157
100 57
100 35
100 3
100 95
100 30
100 110
100 5
100 12
100 20
100 69
100 113
100 79
100 108
100 25
100 44
100 94
100 342
100 40
100 235
100 2
100 345
100 12
100 100
100 7
100 48
100 438
100 60
100 3
100 299
100 210
100 6
100 36
100 60
100 136
100 6
100 183
100 8
100 9
100 308
100 36
100 17
100 579
100 9
100 7
100 130
100 44
100 59
100 189
100 52
100 508
100 287
100 27
100 122
100 65
100 47
100 49
100 229
100 96
100 54
100 100
100 382
100 92
100 12
100 154
100 9
100 119
100 0
100 274
100 18
100 61
100 117
100 57
100 22
100 92
100 34
100 42
100 6
100 27
100 72
100 33
100 9
100 46
100 15
100 92
100 87
100 56
100 61
100 420
100 1
100 130
100 162
100 29
100 308
100 5
100 25
100 155
100 19
100 173
100 21
100 145
100 102
100 110
100 28
100 66
100 4
100 2
100 207
100 189
100 147
100 105
100 26
100 204
100 87
100 41
100 89
100 87
100 37
100 33
100 19
100 14
100 28
100 266
100 199
100 259
100 257
100 24
100 121
100 120
100 79
100 13
100 68
100 128
100 40
100 23
100 239
100 100
100 224
100 268
100 10
100 10
100 64
100 50
100 199
100 242
100 9
100 23
100 185
100 83
100 52
100 5
100 100
100 159
100 148
100 130
100 200
100 184
100 35
100 158
100 87
100 143
100 77
100 86
100 54
100 439
100 70
100 46
100 133
100 4
100 20
100 23
100 303
100 11
100 91
100 93
100 83
100 16
100 48
100 54
100 86
100 24
100 7
100 30
100 125
100 186
100 171
100 153
100 59
100 34
100 138
100 57
100 89
100 30
100 88
100 84
100 176
100 75
100 44
100 62
100 9
100 38
100 103
100 1
100 5
100 7
100 169
100 121
100 0
100 274
100 41
100 40
100 185
100 150
100 15
100 19
100 83
100 16
100 10
100 193
100 138
100 0
100 12
100 10
100 65
100 130
100 205
100 31
100 17
100 42
100 5
100 1
100 6
100 86
100 140
100 62
100 40
100 342
100 27
100 72
100 13
100 201
100 176
100 139
100 85
100 144
100 97
100 22
100 49
100 243
100 76
100 4
100 69
100 39
100 23
100 3
100 228
100 229
100 40
100 64
100 167
100 6
100 20
100 93
100 113
100 27
100 21
100 42
100 15
100 10
100 113
100 14
100 297
100 32
100 105
100 134
100 118
100 149
100 51
100 123
100 129
100 70
100 19
100 286
100 191
100 152
100 46
100 1
100 81
100 168
100 59
100 2
100 9
100 40
100 34
100 4
100 157
100 215
100 126
100 130
100 5
100 112
100 109
100 50
100 133
100 154
100 124
100 8
100 57
100 196
100 46
100 1
100 4
100 84
100 175
100 73
100 179
100 240
100 70
100 165
100 133
100 180
100 32
100 0
100 86
100 95
100 73
100 128
100 10
100 241
100 175
100 222
100 12
100 160
100 106
100 188
100 65
100 542
100 12
100 83
100 82
100 155
100 76
100 211
100 15
100 47
100 53
100 205
100 167
100 18
100 32
100 73
100 28
100 32
100 70
100 50
100 5
100 12
100 80
100 105
100 39
100 251
100 357
100 67
100 42
100 95
100 21
100 61
100 29
100 63
100 142
100 238
100 199
100 66
100 214
100 10
100 94
100 105
100 155
100 229
100 23
100 17
100 71
100 1
100 49
100 182
100 196
100 6
100 15
100 184
100 76
100 118
100 154
100 2
100 194
100 68
100 191
100 16
100 37
100 150
100 99
100 13
100 221
100 13
100 111
100 406
100 35
100 43
100 534
100 23
100 65
100 30
100 4
100 36
100 57
100 120
100 47
100 59
100 0
100 32
100 0
100 322
100 124
100 59
100 119
100 10
100 936
100 7
100 143
100 155
100 245
100 60
100 122
100 35
100 44
100 171
100 123
100 127
100 28
100 119
100 19
100 47
100 170
100 77
100 74
100 95
100 10
100 155
100 276
100 54
100 14
100 14
100 26
100 2
100 102
100 55
100 103
100 38
100 88
100 65
100 6
100 45
100 96
100 76
100 12
100 118
100 56
100 86
100 0
100 105
100 45
100 143
100 71
100 33
100 72
100 62
100 21
100 13
100 36
100 163
100 34
100 26
100 1
100 548
100 193
100 152
100 37
100 292
100 276
100 524
100 119
100 60
100 4
100 69
100 22
100 210
100 66
100 43
100 119
100 104
100 187
100 110
100 11
100 84
100 127
100 82
100 205
100 29
100 209
100 3
100 52
100 19
100 34
100 278
100 9
100 2
100 38
100 24
100 36
100 172
100 95
100 210
100 0
100 77
100 58
100 122
100 105
100 15
100 29
100 156
100 32
100 82
100 136
100 24
100 105
100 181
100 191
100 94
100 82
100 45
100 115
100 4
100 46
100 195
100 15
100 271
100 26
100 281
100 86
100 163
100 31
100 131
100 20
100 130
100 190
100 184
100 238
100 5
100 61
100 81
100 35
100 5
100 235
100 16
100 144
100 27
100 34
100 71
100 74
100 109
100 85
100 16
100 2
100 358
100 42
100 54
100 55
100 0
100 23
100 132
100 31
100 41
100 247
100 255
100 20
100 131
100 109
100 71
100 109
100 67
100 69
100 14
100 155
100 119
100 24
100 107
100 67
100 24
100 87
100 12
100 48
100 76
100 12
100 529
100 5
100 45
100 23
100 187
100 156
100 271
100 183
100 59
100 11
100 300
100 210
100 208
100 65
100 39
100 101
100 372
100 145
100 84
100 113
100 110
100 26
100 22
100 9
100 243
100 128
100 115
100 122
100 46
100 52
100 169
100 177
100 146
100 182
100 368
100 4
100 138
100 205
100 16
100 115
100 28
100 231
100 130
100 85
100 18
100 49
100 135
100 12
100 75
100 9
100 5
100 39
100 25
100 138
100 5
100 110
100 41
100 91
100 50
100 71
100 288
100 19
100 167
100 78
100 197
100 40
100 68
100 10
100 5
100 97
100 194
100 38
100 29
100 208
100 71
100 200
100 29
100 171
100 22
100 103
100 103
100 69
100 251
100 39
100 6
100 4
100 69
100 22
100 5
100 283
100 33
100 415
100 29
100 128
100 96
100 17
100 98
100 49
100 30
100 90
100 27
100 280
100 109
100 28
100 65
100 73
100 107
100 19
100 71
100 35
100 64
100 150
100 34
100 56
100 78
100 277
100 94
100 21
100 219
100 10
100 77
100 555
100 63
100 80
100 16
100 103
100 60
100 220
100 103
100 30
100 269
100 65
100 282
100 156
100 16
100 227
100 41
100 89
100 93
100 166
100 143
100 116
100 82
100 17
100 514
100 323
100 132
100 229
100 32
100 200
100 7
100 36
100 101
100 10
100 15
100 152
100 1
100 47
100 156
100 230
100 29
100 175
100 160
100 186
100 180
100 111
100 237
100 120
100 140
100 98
100 112
100 187
100 168
100 35
100 124
100 311
100 334
100 94
100 112
100 204
100 241
100 41
100 307
100 268
100 9
100 128
100 260
100 87
100 19
100 52
100 128
100 98
100 173
100 5
100 76
100 317
100 183
100 11
100 13
100 351
100 244
100 105
100 243
100 165
100 21
100 42
100 10
100 123
100 33
100 220
100 2
100 366
100 406
100 308
100 2
100 75
100 135
100 28
100 126
100 59
100 121
100 427
100 222
100 184
100 19
100 317
100 72
100 177
100 0
100 11
100 121
100 9
100 326
100 85
100 76
100 598
100 58
100 30
100 53
100 159
100 483
100 52
100 168
100 75
100 5
100 293
100 106
100 71
100 27
100 14
100 10
100 13
100 72
100 151
100 174
100 3
100 95
100 107
100 283
100 374
100 24
100 3
100 109
100 131
100 77
100 619
100 18
100 86
100 133
100 133
100 88
100 188
100 97
100 28
100 11
100 15
100 69
100 177
100 127
100 44
100 35
100 188
100 140
100 52
100 25
100 241
100 7
100 15
100 264
100 66
100 103
100 161
100 244
100 52
100 150
100 27
100 204
100 294
100 265
100 321
100 84
100 23
100 62
100 59
100 131
100 132
100 136
100 151
100 130
100 153
100 1
100 80
100 4
100 22
100 30
100 154
100 72
100 92
100 167
100 73
100 17
100 4
100 235
100 100
100 19
100 15
100 56
100 21
100 7
100 44
100 13
100 44
100 121
100 245
100 109
100 22
100 116
100 42
100 218
100 14
100 68
100 102
100 6
100 179
100 33
100 258
100 159
100 124
100 481
100 99
100 125
100 16
100 6
100 31
100 62
100 274
100 5
100 204
100 75
100 39
100 260
100 34
100 20
100 118
100 13
100 260
100 0
100 145
100 84
100 48
100 63
100 70
100 158
100 347
100 154
100 173
100 150
100 42
100 230
100 41
100 107
100 251
100 122
100 58
100 73
100 76
100 51
100 7
100 19
100 150
100 10
100 183
100 294
100 32
100 336
100 229
100 411
100 89
100 163
100 61
100 126
100 20
100 11
100 109
100 33
100 136
100 62
100 8
100 23
100 31
100 21
100 128
100 0
100 27
100 121
100 331
100 55
100 26
100 30
100 172
100 101
100 1
100 297
100 66
100 206
100 0
100 37
100 2
100 1
100 252
100 127
100 5
100 42
100 324
100 48
100 126
100 22
100 52
100 110
100 47
100 43
100 4
100 261
100 287
100 92
100 103
100 52
100 186
100 30
100 349
100 152
100 115
100 53
100 13
100 80
100 257
100 292
100 70
100 100
100 57
100 70
100 126
100 62
100 12
100 146
100 13
100 440
100 56
100 148
100 322
100 176
100 235
100 8
100 96
100 16
100 136
100 3
100 54
100 42
100 43
100 323
100 29
100 86
100 95
100 0
100 237
100 20
100 5
100 56
100 3
100 101
100 118
100 18
100 16
100 37
100 89
100 157
100 88
100 144
100 15
100 167
100 26
100 88
100 77
100 169
100 20
100 354
100 107
100 340
100 211
100 41
100 15
100 358
100 67
100 53
100 22
100 66
100 17
100 96
100 53
100 7
100 181
100 275
100 16
100 281
100 167
100 225
100 164
100 134
100 440
100 59
100 192
100 262
100 276
100 66
100 403
100 25
100 40
100 138
100 161
100 79
100 163
100 354
100 38
100 51
100 138
100 131
100 25
100 19
100 31
100 0
100 1
100 6
100 353
100 141
100 123
100 10
100 159
100 126
100 35
100 31
100 428
100 8
100 16
100 106
100 83
100 32
100 62
100 73
100 14
100 156
100 152
100 35
100 169
100 136
100 9
100 17
100 169
100 10
100 2
100 317
100 27
100 38
100 238
100 171
100 65
100 72
100 32
100 75
100 20
100 58
100 245
100 7
100 286
100 129
100 276
100 145
100 33
100 264
100 10
100 17
100 234
100 27
100 99
100 19
100 143
100 34
100 31
100 44
100 121
100 355
100 98
100 68
100 439
100 4
100 149
100 267
100 258
100 85
100 3
100 186
100 75
100 88
100 295
100 228
100 170
100 42
100 136
100 120
100 6
100 280
100 153
100 19
100 137
100 170
100 0
100 84
100 55
100 26
100 310
100 129
100 122
100 50
100 13
100 78
100 415
100 95
100 35
100 182
100 46
100 118
100 49
100 5
100 237
100 9
100 38
100 284
100 37
100 57
100 48
100 106
100 117
100 107
100 11
100 101
100 122
100 101
100 128
100 74
100 90
100 1
100 79
100 38
100 96
100 139
100 24
100 76
100 46
100 33
100 199
100 168
100 58
100 672
100 67
100 51
100 8
100 78
100 13
100 199
100 192
100 69
100 1
100 166
100 129
100 241
100 100
100 71
100 38
100 39
100 24
100 24
100 192
100 327
100 18
100 155
100 39
100 51
100 51
100 50
100 6
100 12
100 55
100 118
100 13
100 151
100 59
100 10
100 297
100 178
100 43
100 210
100 251
100 22
100 72
100 66
100 98
100 103
100 79
100 381
100 128
100 180
100 149
100 228
100 1
100 124
100 39
100 324
100 232
100 15
100 136
100 98
100 109
100 152
100 24
100 61
100 1
100 23
100 162
100 135
100 42
100 26
100 35
100 113
100 41
100 99
100 20
100 45
100 316
100 4
100 184
100 106
100 70
100 8
100 56
100 15
100 87
100 229
100 49
100 14
100 10
100 41
100 68
100 118
100 62
100 21
100 16
100 70
100 78
100 48
100 82
100 85
100 124
100 175
100 15
100 320
100 54
100 7
100 31
100 24
100 93
100 9
100 84
100 46
100 10
100 29
100 70
100 146
100 46
100 11
100 42
100 81
100 191
100 104
100 6
100 9
100 176
100 14
100 206
100 40
100 25
100 41
100 13
100 28
100 261
100 1
100 185
100 52
100 158
100 353
100 24
100 31
100 184
100 107
100 15
100 67
100 24
100 48
100 121
100 45
100 272
100 14
100 774
100 47
100 17
100 22
100 156
100 64
100 108
100 215
100 155
100 33
100 11
100 1
100 250
100 80
100 99
100 159
100 110
100 84
100 105
100 68
100 21
100 40
100 264
100 109
100 172
100 68
100 1
100 127
100 358
100 41
100 41
100 4
100 42
100 186
100 14
100 59
100 42
100 54
100 39
100 290
100 143
100 7
100 71
100 6
100 382
100 11
100 13
100 13
100 46
100 139
100 19
100 10
100 10
100 54
100 126
100 40
100 139
100 126
100 262
100 197
100 61
100 216
100 44
100 194
100 78
100 44
100 61
100 149
100 18
100 62
100 118
100 11
100 423
100 54
100 7
100 161
100 35
100 209
100 165
100 31
100 59
100 59
100 1
100 100
100 159
100 0
100 6
100 136
100 60
100 194
100 160
100 149
100 251
100 136
100 72
100 15
100 6
100 47
100 46
100 61
100 21
100 9
100 59
100 10
100 243
100 228
100 220
100 220
100 30
100 84
100 87
100 83
100 81
100 47
100 101
100 84
100 33
100 38
100 0
100 102
100 8
100 145
100 124
100 3
100 131
100 140
100 109
100 64
100 141
100 42
100 351
100 106
100 235
100 348
100 7
100 64
100 70
100 35
100 35
100 145
100 37
100 38
100 133
100 158
100 81
100 147
100 244
100 27
100 73
100 31
100 86
100 57
100 120
100 6
100 129
100 145
100 7
100 160
100 149
100 73
100 78
100 99
100 151
100 3
100 10
100 35
100 7
100 7
100 144
100 23
100 204
100 82
100 24
100 114
100 24
100 89
100 11
100 109
100 112
100 206
100 54
100 8
100 103
100 39
100 172
100 62
100 6
100 103
100 51
100 173
100 381
100 140
100 186
100 133
100 49
100 36
100 334
100 83
100 152
100 97
100 100
100 39
100 177
100 5
100 22
100 62
100 64
100 113
100 182
100 16
100 71
100 63
100 41
100 40
100 209
100 17
100 106
100 151
100 252
100 31
100 138
100 18
100 14
100 150
100 17
100 88
100 107
100 18
100 78
100 8
100 225
100 406
100 132
100 24
100 66
100 241
100 16
100 62
100 9
100 13
100 48
100 210
100 442
100 60
100 145
100 177
100 35
100 42
100 46
100 73
100 138
100 151
100 29
100 77
100 118
100 21
100 119
100 21
100 14
100 8
100 98
100 58
100 165
100 76
100 13
100 98
100 372
100 230
100 9
100 13
100 103
100 91
100 142
100 62
100 227
100 130
100 172
100 35
100 60
100 28
100 299
100 175
100 83
100 134
100 2
100 64
100 0
100 38
100 36
100 55
100 164
100 80
100 11
100 121
100 30
100 21
100 121
100 234
100 11
100 1
100 43
100 103
100 63
100 103
100 390
100 4
100 164
100 234
100 217
100 27
100 277
100 180
100 98
100 131
100 145
100 204
100 1
100 49
100 20
100 77
100 122
100 3
100 77
100 312
100 6
100 12
100 1
100 35
100 10
100 78
100 244
100 538
100 65
100 97
100 61
100 148
100 263
100 90
100 62
100 3
100 352
100 304
100 80
100 49
100 105
100 88
100 36
100 242
100 125
100 19
100 78
100 76
100 76
100 398
100 227
100 0
100 4
100 197
100 7
100 48
100 197
100 8
100 174
100 11
100 23
100 4
100 137
100 20
100 207
100 51
100 38
100 99
100 196
100 46
100 205
100 197
100 8
100 406
100 88
100 43
100 63
100 7
100 31
100 199
100 243
100 103
100 36
100 105
100 130
100 68
100 42
100 337
100 38
100 82
100 7
100 94
100 14
100 109
100 67
100 78
100 36
100 24
100 210
100 3
100 70
100 55
100 25
100 22
100 145
100 32
100 198
100 61
100 24
100 67
100 14
100 302
100 47
100 15
100 458
100 1
100 162
100 29
100 125
100 164
100 146
100 63
100 49
100 102
100 184
100 80
100 254
100 35
100 2
100 360
100 130
100 186
100 51
100 76
100 218
100 170
100 141
100 153
100 51
100 94
100 204
100 140
100 59
100 197
100 191
100 98
100 99
100 148
100 35
100 605
100 177
100 0
100 8
100 30
100 6
100 2
100 110
100 45
100 14
100 55
100 143
100 92
100 238
100 80
100 26
100 11
100 69
100 98
100 75
100 32
100 2
100 192
100 40
100 198
100 152
100 110
100 11
100 93
100 57
100 154
100 65
100 156
100 107
100 11
100 209
100 262
100 130
100 191
100 82
100 7
100 215
100 91
100 73
100 215
100 219
100 53
100 122
100 226
100 104
100 20
100 29
100 123
100 86
100 33
100 219
100 27
100 133
100 34
100 58
100 72
100 38
100 15
100 27
100 264
100 2
100 87
100 240
100 129
100 0
100 18
100 63
100 80
100 128
100 8
100 106
100 210
100 4
100 3
100 194
100 104
100 35
100 65
100 22
100 20
100 155
100 45
100 175
100 52
100 47
100 18
100 33
100 6
100 46
100 0
100 227
100 114
100 57
100 58
100 150
100 217
100 128
100 49
100 118
100 161
100 42
100 49
100 39
100 21
100 29
100 185
100 227
100 80
100 472
100 108
100 126
100 114
100 175
100 128
100 20
100 20
100 104
100 61
100 12
100 31
100 10
100 273
100 303
100 110
100 7
100 297
100 243
100 86
100 8
100 123
100 98
100 164
100 150
100 43
100 140
100 185
100 54
100 78
100 57
100 72
100 14
100 71
100 238
100 30
100 56
100 233
100 58
100 93
100 159
100 116
100 36
100 82
100 155
100 101
100 4
100 401
100 9
100 9
100 101
100 72
100 122
100 98
100 67
100 57
100 60
100 98
100 153
100 106
100 218
100 53
100 43
100 159
100 36
100 196
100 19
100 65
100 209
100 39
100 22
100 54
100 61
100 78
100 212
100 26
100 60
100 98
100 6
100 180
100 219
100 55
100 3
100 64
100 261
100 16
100 133
100 119
100 40
100 174
100 13
100 9
100 106
100 24
100 65
100 148
100 30
100 163
100 426
100 270
100 147
100 110
100 191
100 263
100 154
100 37
100 72
100 62
100 119
100 67
100 74
100 15
100 191
100 81
100 23
100 25
100 120
100 113
100 259
100 226
100 66
100 154
100 153
100 32
100 9
100 4
100 73
100 112
100 174
100 12
100 4
100 53
100 31
100 73
100 212
100 369
100 212
100 91
100 101
100 33
100 469
100 13
100 242
100 112
100 121
100 65
100 83
100 40
100 75
100 239
100 270
100 98
100 432
100 139
100 203
100 142
100 160
100 65
100 96
100 149
100 12
100 41
100 150
100 40
100 52
100 5
100 10
100 142
100 43
100 52
100 41
100 53
100 43
100 58
100 37
100 69
100 202
100 115
100 130
100 30
100 37
100 16
100 63
100 37
100 35
100 114
100 31
100 199
100 30
100 151
100 138
100 208
100 265
100 79
100 270
100 165
100 67
100 97
100 150
100 81
100 186
100 212
100 21
100 2
100 170
100 28
100 51
100 100
100 12
100 160
100 30
100 51
100 228
100 62
100 129
100 123
100 112
100 89
100 30
100 30
100 81
100 45
100 1
100 181
100 74
100 61
100 3
100 57
100 15
100 89
100 195
100 2
100 15
100 229
100 122
100 353
100 101
100 97
100 54
100 24
100 22
100 291
100 7
100 0
100 175
100 122
100 65
100 0
100 333
100 53
100 171
100 37
100 62
100 74
100 168
100 72
100 242
100 173
100 33
100 367
100 51
100 52
100 1
100 52
100 127
100 43
100 6
100 338
100 135
100 196
100 67
100 105
100 467
100 117
100 234
100 67
100 7
100 8
100 217
100 99
100 233
100 33
100 358
100 52
100 163
100 198
100 60
100 179
100 134
100 314
100 167
100 251
100 41
100 106
100 26
100 56
100 115
100 1
100 93
100 25
100 39
100 48
100 64
100 174
100 40
100 43
100 189
100 94
100 37
100 387
100 5
100 155
100 83
100 104
100 64
100 2
100 28
100 220
100 220
100 140
100 469
100 426
100 17
100 82
100 68
100 95
100 59
100 25
100 60
100 83
100 50
100 33
100 2
100 139
100 53
100 52
100 97
100 109
100 329
100 27
100 214
100 162
100 205
100 87
100 33
100 55
100 16
100 373
100 49
100 16
100 34
100 170
100 100
100 346
100 174
100 155
100 6
100 271
100 483
100 27
100 159
100 62
100 21
100 59
100 547
100 78
100 153
100 117
100 63
100 77
100 120
100 4
100 156
100 139
100 32
100 196
100 0
100 218
100 119
100 64
100 229
100 131
100 393
100 26
100 45
100 9
100 359
100 47
100 54
100 94
100 216
100 59
100 181
100 3
100 132
100 10
100 2
100 68
100 59
100 601
100 128
100 38
100 24
100 37
100 164
100 50
100 84
100 403
100 3
100 90
100 140
100 145
100 31
100 210
100 23
100 35
100 7
100 115
100 7
100 94
100 233
100 115
100 25
100 113
100 328
100 78
100 388
100 7
100 239
100 31
100 271
100 360
100 29
100 117
100 62
100 39
100 70
100 251
100 54
100 59
100 70
100 1
100 243
100 24
100 32
100 213
100 59
100 106
100 72
100 30
100 32
100 86
100 90
100 61
100 161
100 64
100 248
100 14
100 31
100 7
100 77
100 81
100 46
100 122
100 49
100 51
100 80
100 84
100 214
100 22
100 49
100 141
100 95
100 39
100 61
100 497
100 45
100 250
100 13
100 54
100 254
100 44
100 69
100 56
100 61
100 18
100 112
100 46
100 180
100 24
100 102
100 72
100 252
100 51
100 47
100 54
100 174
100 172
100 46
100 37
100 269
100 45
100 42
100 121
100 12
100 154
100 116
100 533
100 127
100 78
100 54
100 14
100 261
100 65
100 109
100 140
100 3
100 505
100 113
100 96
100 83
100 43
100 29
100 27
100 330
100 337
100 20
100 113
100 11
100 11
100 109
100 96
100 88
100 115
100 67
100 83
100 31
100 283
100 94
100 112
100 302
100 45
100 10
100 70
100 170
100 146
100 66
100 69
100 81
100 130
100 5
100 53
100 31
100 164
100 96
100 37
100 11
100 248
100 84
100 53
100 87
100 47
100 18
100 13
100 67
100 107
100 77
100 2
100 108
100 116
100 176
100 58
100 128
100 92
100 246
100 45
100 147
100 91
100 188
100 89
100 74
100 393
100 363
100 94
100 8
100 69
100 164
100 137
100 182
100 4
100 0
100 1
100 104
100 155
100 47
100 147
100 74
100 4
100 12
100 1
100 11
100 171
100 14
100 267
100 20
100 48
100 16
100 58
100 195
100 4
100 6
100 24
100 85
100 27
100 44
100 152
100 183
100 51
100 46
100 32
100 88
100 0
100 58
100 35
100 66
100 3
100 76
100 96
100 72
100 106
100 0
100 87
100 66
100 27
100 89
100 66
100 48
100 38
100 22
100 7
100 92
100 109
100 101
100 16
100 119
100 33
100 45
100 91
100 71
100 95
100 210
100 99
100 223
100 18
100 43
100 145
100 298
100 11
100 78
100 3
100 7
100 7
100 43
100 17
100 69
100 74
100 27
100 38
100 162
100 16
100 150
100 16
100 129
100 15
100 238
100 152
100 378
100 104
100 224
100 86
100 508
100 64
100 57
100 233
100 75
100 24
100 47
100 9
100 185
100 132
100 167
100 81
100 0
100 206
100 86
100 37
100 8
100 363
100 34
100 6
100 46
100 541
100 87
100 243
100 146
100 70
100 39
100 47
100 82
100 125
100 53
100 94
100 13
100 22
100 73
100 97
100 89
100 145
100 194
100 7
100 69
100 27
100 97
100 159
100 329
100 351
100 159
100 7
100 125
100 210
100 16
100 161
100 28
100 265
100 167
100 58
100 27
100 59
100 18
100 132
100 60
100 71
100 94
100 106
100 11
100 180
100 18
100 50
100 81
100 115
100 46
100 62
100 174
100 11
100 51
100 176
100 47
100 12
100 129
100 157
100 180
100 74
100 27
100 39
100 111
100 47
100 157
100 57
100 153
100 46
100 172
100 33
100 431
100 55
100 25
100 141
100 65
100 118
100 66
100 340
100 27
100 131
100 23
100 203
100 22
100 18
100 17
100 305
100 76
100 172
100 81
100 49
100 24
100 85
100 62
100 54
100 232
100 47
100 406
100 155
100 49
100 347
100 4
100 89
100 32
100 11
100 71
100 54
100 27
100 42
100 234
100 60
100 267
100 132
100 100
100 110
100 93
100 45
100 54
100 44
100 33
100 9
100 27
100 199
100 471
100 165
100 53
100 40
100 78
100 122
100 754
100 65
100 31
100 55
100 72
100 395
100 232
100 8
100 7
100 26
100 14
100 10
100 475
100 67
100 16
100 0
100 70
100 89
100 160
100 75
100 33
100 45
100 351
100 24
100 45
100 153
100 231
100 93
100 297
100 146
100 223
100 50
100 47
100 76
100 87
100 19
100 101
100 61
100 68
100 68
100 113
100 8
100 192
100 16
100 117
100 47
100 16
100 213
100 8
100 45
100 230
100 21
100 49
100 32
100 5
100 4
100 135
100 15
100 11
100 14
100 183
100 1
100 293
100 51
100 86
100 286
100 80
100 188
100 170
100 50
100 14
100 20
100 78
100 62
100 52
100 276
100 619
100 49
100 256
100 35
100 56
100 1
100 160
100 107
100 362
100 15
100 215
100 24
100 43
100 100
100 375
100 86
100 72
100 157
100 192
100 96
100 32
100 9
100 8
100 15
100 9
100 106
100 86
100 22
100 15
100 106
100 15
100 191
100 58
100 282
100 116
100 156
100 14
100 355
100 177
100 124
100 22
100 128
100 37
100 440
100 164
100 49
100 166
100 113
100 24
100 10
100 146
100 56
100 17
100 127
100 159
100 491
100 183
100 20
100 101
100 48
100 43
100 60
100 10
100 20
100 20
100 10
100 232
100 221
100 38
100 81
100 75
100 179
100 41
100 273
100 143
100 42
100 36
100 20
100 12
100 75
100 94
100 156
100 140
100 47
100 97
100 55
100 0
100 62
100 105
100 2
100 31
100 125
100 43
100 5
100 88
100 18
100 19
100 181
100 378
100 86
100 47
100 19
100 106
100 80
100 82
100 79
100 36
100 67
100 83
100 180
100 147
100 63
100 196
100 1
100 46
100 136
100 24
100 43
100 0
100 120
100 253
100 26
100 71
100 146
100 202
100 356
100 138
100 488
100 54
100 224
100 74
100 12
100 106
100 39
100 242
100 71
100 196
100 371
100 39
100 60
100 59
100 267
100 45
100 21
100 932
100 17
100 155
100 31
100 36
100 15
100 130
100 167
100 45
100 166
100 4
100 262
100 122
100 155
100 293
100 69
100 394
100 8
100 182
100 66
100 251
100 115
100 15
100 345
100 26
100 8
100 7
100 47
100 34
100 12
100 147
100 14
100 97
100 22
100 20
100 32
100 33
100 171
100 145
100 174
100 215
100 238
100 2
100 87
100 45
100 38
100 268
100 286
100 12
100 62
100 54
100 120
100 26
100 272
100 10
100 8
100 104
100 143
100 49
100 17
100 70
100 116
100 128
100 108
100 3
100 203
100 150
100 44
100 330
100 106
100 127
100 160
100 149
100 131
100 2
100 31
100 19
100 81
100 107
100 280
100 218
100 34
100 54
100 142
100 27
100 413
100 39
100 56
100 22
100 16
100 280
100 70
100 214
100 41
100 85
100 91
100 6
100 14
100 360
100 93
100 432
100 123
100 153
100 75
100 37
100 201
100 194
100 126
100 0
100 618
100 41
100 138
100 100
100 351
100 386
100 93
100 113
100 90
100 9
100 173
100 109
100 61
100 68
100 14
100 62
100 29
100 163
100 130
100 63
100 65
100 20
100 78
100 16
100 3
100 129
100 194
100 144
100 22
100 91
100 486
100 3
100 50
100 59
100 40
100 21
100 108
100 62
100 8
100 46
100 1
100 25
100 99
100 363
100 19
100 129
100 14
100 28
100 306
100 18
100 98
100 8
100 224
100 25
100 2
100 17
100 212
100 277
100 286
100 6
100 84
100 46
100 8
100 5
100 82
100 102
100 55
100 329
100 116
100 38
100 199
100 118
100 278
100 162
100 98
100 136
100 279
100 54
100 39
100 60
100 27
100 134
100 43
100 19
100 3
100 233
100 180
100 206
100 44
100 25
100 200
100 49
100 102
100 213
100 22
100 5
100 134
100 50
100 396
100 80
100 194
100 25
100 73
100 86
100 191
100 181
100 311
100 6
100 7
100 106
100 432
100 39
100 13
100 33
100 432
100 85
100 15
100 110
100 151
100 199
100 16
100 173
100 64
100 6
100 17
100 188
100 80
100 136
100 4
100 118
100 4
100 88
100 104
100 86
100 16
100 17
100 140
100 93
100 192
100 71
100 64
100 125
100 248
100 0
100 268
100 69
100 157
100 188
100 45
100 23
100 129
100 17
100 27
100 3
100 30
100 230
100 7
100 21
100 331
100 70
100 30
100 83
100 106
100 51
100 37
100 139
100 97
100 264
100 65
100 124
100 76
100 141
100 176
100 138
100 58
100 310
100 15
100 95
100 12
100 193
100 18
100 40
100 120
100 25
100 21
100 195
100 118
100 18
100 50
100 171
100 150
100 46
100 63
100 119
100 153
100 135
100 223
100 87
100 29
100 358
100 4
100 218
100 31
100 163
100 154
100 92
100 29
100 66
100 151
100 22
100 188
100 49
100 71
100 16
100 19
100 74
100 41
100 206
100 48
100 34
100 121
100 83
100 37
100 160
100 246
100 71
100 293
100 2
100 85
100 429
100 40
100 27
100 53
100 29
100 143
100 229
100 386
100 21
100 48
100 321
100 77
100 82
100 34
100 278
100 45
100 74
100 163
100 24
100 138
100 16
100 108
100 54
100 108
100 85
100 22
100 20
100 148
100 60
100 5
100 126
100 314
100 12
100 39
100 46
100 35
100 1
100 171
100 62
100 507
100 157
100 38
100 123
100 3
100 84
100 111
100 76
100 31
100 86
100 119
100 205
100 105
100 232
100 30
100 285
100 131
100 55
100 21
100 14
100 139
100 228
100 92
100 198
100 53
100 4
100 55
100 93
100 47
100 163
100 269
100 265
100 55
100 21
100 139
100 116
100 12
100 125
100 36
100 38
100 16
100 15
100 11
100 166
100 69
100 18
100 37
100 3
100 106
100 107
100 14
100 45
100 92
100 172
100 61
100 47
100 372
100 34
100 4
100 57
100 22
100 23
100 157
100 147
100 24
100 29
100 194
100 10
100 0
100 17
100 225
100 110
100 227
100 73
100 105
100 390
100 74
100 269
100 47
100 157
100 34
100 40
100 151
100 125
100 82
100 110
100 147
100 2
100 88
100 258
100 62
100 57
100 358
100 310
100 195
100 430
100 207
100 161
100 2
100 92
100 20
100 82
100 0
100 175
100 288
100 115
100 274
100 16
100 48
100 20
100 207
100 122
100 670
100 254
100 219
100 101
100 51
100 139
100 72
100 91
100 61
100 71
100 10
100 0
100 75
100 1
100 12
100 10
100 208
100 76
100 200
100 3
100 185
100 348
100 31
100 3
100 204
100 6
100 71
100 122
100 109
100 216
100 182
100 55
100 283
100 9
100 181
100 58
100 137
100 12
100 337
100 61
100 7
100 169
100 20
100 2
100 93
100 335
100 107
100 28
100 270
100 31
100 61
100 154
100 53
100 65
100 140
100 343
100 33
100 9
100 93
100 2
100 181
100 77
100 34
100 51
100 310
100 103
100 101
100 0
100 36
100 126
100 34
100 336
100 108
100 41
100 273
100 38
100 20
100 17
100 87
100 295
100 43
100 2
100 11
100 21
100 469
100 31
100 167
100 474
100 39
100 148
100 198
100 36
100 7
100 6
100 8
100 21
100 228
100 170
100 61
100 29
100 167
100 177
100 228
100 11
100 117
100 387
100 18
100 302
100 24
100 59
100 14
100 124
100 5
100 143
100 15
100 54
100 69
100 92
100 60
100 149
100 26
100 222
100 347
100 116
100 10
100 106
100 71
100 429
100 146
100 45
100 28
100 71
100 102
100 155
100 230
100 126
100 9
100 268
100 93
100 106
100 8
100 39
100 33
100 97
100 44
100 94
100 22
100 198
100 31
100 67
100 57
100 59
100 0
100 57
100 23
100 199
100 36
100 175
100 187
100 11
100 41
100 2
100 103
100 65
100 11
100 43
100 118
100 97
100 41
100 26
100 78
100 91
100 0
100 194
100 120
100 152
100 290
100 167
100 91
100 21
100 250
100 18
100 3
100 41
100 148
100 41
100 53
100 430
100 31
100 81
100 57
100 9
100 55
100 175
100 15
100 15
100 184
100 6
100 20
100 19
100 26
100 28
100 161
100 25
100 110
100 71
100 194
100 134
100 384
100 182
100 0
100 46
100 29
100 17
100 1
100 119
100 61
100 4
100 187
100 75
100 64
100 543
100 17
100 29
100 167
100 47
100 4
100 120
100 7
100 82
100 90
100 7
100 94
100 12
100 60
100 138
100 62
100 23
100 64
100 110
100 253
100 74
100 23
100 45
100 115
100 49
100 154
100 7
100 13
100 42
100 72
100 108
100 70
100 153
100 64
100 410
100 116
100 160
100 127
100 239
100 230
100 89
100 98
100 77
100 55
100 20
100 38
100 277
100 23
100 79
100 42
100 41
100 164
100 183
100 301
100 46
100 51
100 27
100 131
100 33
100 2
100 114
100 154
100 16
100 159
100 8
100 73
100 92
100 132
100 73
100 50
100 128
100 212
100 126
100 25
100 48
100 175
100 38
100 89
100 35
100 11
100 66
100 107
100 172
100 86
100 5
100 150
100 64
100 7
100 111
100 88
100 126
100 58
100 28
100 35
100 63
100 0
100 176
100 67
100 42
100 22
100 301
100 115
100 168
100 121
100 24
100 11
100 24
100 116
100 109
100 96
100 10
100 98
100 257
100 43
100 37
100 10
100 10
100 15
100 79
100 56
100 75
100 58
100 23
100 128
100 2
100 7
100 190
100 29
100 53
100 23
100 128
100 57
100 29
100 114
100 16
100 241
100 36
100 4
100 317
100 80
100 12
100 95
100 62
100 23
100 62
100 12
100 39
100 71
100 50
100 161
100 31
100 1
100 299
100 40
100 84
100 49
100 262
100 55
100 272
100 26
100 32
100 8
100 168
100 15
100 14
100 36
100 10
100 62
100 210
100 100
100 83
100 71
100 116
100 67
100 11
100 51
100 165
100 73
100 151
100 243
100 20
100 55
100 173
100 33
100 6
100 56
100 143
100 129
100 60
100 96
100 9
100 201
100 1
100 247
100 18
100 47
100 223
100 189
100 153
100 25
100 40
100 231
100 11
100 139
100 77
100 75
100 6
100 158
100 103
100 73
100 3
100 154
100 40
100 164
100 37
100 3
100 327
100 1
100 1
100 77
100 57
100 23
100 204
100 97
100 21
100 28
100 84
100 8
100 36
100 72
100 23
100 44
100 16
100 151
100 102
100 17
100 239
100 19
100 258
100 134
100 130
100 70
100 120
100 61
100 385
100 4
100 128
100 80
100 55
100 16
100 236
100 75
100 62
100 34
100 133
100 159
100 87
100 47
100 280
100 23
100 58
100 178
100 36
100 125
100 49
100 119
100 49
100 216
100 572
100 39
100 157
100 115
100 24
100 6
100 8
100 89
100 25
100 194
100 41
100 181
100 33
100 200
100 21
100 17
100 102
100 13
100 43
100 0
100 87
100 5
100 55
100 60
100 38
100 256
100 8
100 6
100 13
100 185
100 197
100 91
100 39
100 102
100 182
100 225
100 78
100 64
100 126
100 32
100 62
100 194
100 25
100 168
100 28
100 34
100 94
100 63
100 44
100 79
100 95
100 73
100 115
100 74
100 99
100 132
100 21
100 159
100 25
100 156
100 156
100 148
100 45
100 48
100 9
100 2
100 220
100 42
100 149
100 18
100 42
100 123
100 146
100 150
100 33
100 12
100 86
100 270
100 173
100 102
100 103
100 17
100 193
100 63
100 112
100 28
100 19
100 55
100 75
100 6
100 55
100 32
100 226
100 92
100 34
100 418
100 22
100 32
100 63
100 47
100 52
100 21
100 57
100 348
100 103
100 46
100 59
100 16
100 20
100 27
100 137
100 173
100 199
100 106
100 311
100 1
100 11
100 16
100 401
100 122
100 24
100 122
100 39
100 53
100 97
100 87
100 38
100 199
100 116
100 43
100 152
100 44
100 72
100 159
100 259
100 53
100 69
100 409
100 11
100 72
100 96
100 146
100 135
100 11
100 71
100 175
100 391
100 32
100 3
100 33
100 139
100 54
100 233
100 97
100 288
100 93
100 143
100 54
100 235
100 49
100 25
100 60
100 135
100 67
100 13
100 156
100 115
100 43
100 91
100 53
100 8
100 78
100 111
100 82
100 12
100 19
100 498
100 30
100 79
100 84
100 60
100 413
100 59
100 116
100 6
100 98
100 13
100 57
100 72
100 22
100 121
100 50
100 59
100 13
100 6
100 51
100 66
100 134
100 48
100 262
100 13
100 39
100 60
100 167
100 18
100 44
100 93
100 235
100 68
100 29
100 159
100 269
100 4
100 166
100 39
100 9
100 118
100 11
100 239
100 375
100 36
100 186
100 164
100 140
100 13
100 65
100 129
100 162
100 51
100 96
100 42
100 37
100 335
100 171
100 75
100 36
100 87
100 296
100 158
100 61
100 54
100 41
100 14
100 222
100 22
100 238
100 164
100 84
100 176
100 288
100 17
100 526
100 18
100 352
100 162
100 97
100 171
100 15
100 28
100 26
100 19
100 67
100 318
100 223
100 5
100 9
100 73
100 46
100 215
100 80
100 366
100 122
100 121
100 103
100 97
100 43
100 76
100 12
100 88
100 22
100 197
100 171
100 188
100 12
100 49
100 28
100 54
100 85
100 155
100 255
100 59
100 25
100 222
100 8
100 324
100 11
100 83
100 25
100 198
100 64
100 55
100 41
100 21
100 93
100 250
100 597
100 102
100 337
100 196
100 245
100 48
100 127
100 51
100 47
100 20
100 187
100 189
100 216
100 137
100 318
100 26
100 1
100 162
100 94
100 299
100 98
100 39
100 10
100 70
100 21
100 181
100 63
100 51
100 51
100 193
100 148
100 50
100 198
100 20
100 79
100 625
100 45
100 208
100 152
100 195
100 6
100 88
100 115
100 127
100 59
100 127
100 233
100 255
100 168
100 48
100 3
100 275
100 58
100 115
100 25
100 231
100 111
100 22
100 235
100 15
100 33
100 42
100 3
100 22
100 197
100 0
100 116
100 102
100 244
100 44
100 56
100 294
100 29
100 138
100 54
100 40
100 53
100 77
100 17
100 48
100 199
100 96
100 4
100 127
100 62
100 242
100 9
100 5
100 158
100 2
100 89
100 147
100 350
100 454
100 219
100 487
100 21
100 100
100 29
100 98
100 17
100 27
100 43
100 74
100 25
100 0
100 43
100 21
100 70
100 37
100 124
100 369
100 204
100 21
100 320
100 11
100 35
100 123
100 693
100 35
100 46
100 0
100 3
100 18
100 106
100 185
100 67
100 39
100 71
100 122
100 268
100 251
100 102
100 3
100 111
100 72
100 97
100 18
100 156
100 362
100 209
100 357
100 3
100 7
100 13
100 116
100 43
100 100
100 197
100 90
100 36
100 30
100 101
100 94
100 29
100 50
100 137
100 35
100 86
100 63
100 235
100 56
100 10
100 158
100 122
100 284
100 25
100 1
100 145
100 67
100 195
100 14
100 170
100 106
100 61
100 98
100 14
100 91
100 100
100 390
100 59
100 35
100 44
100 526
100 55
100 66
100 164
100 53
100 161
100 39
100 17
100 180
100 11
100 281
100 11
100 228
100 70
100 125
100 23
100 128
100 93
100 12
100 114
100 116
100 73
100 95
100 7
100 151
100 72
100 377
100 308
100 75
100 392
100 179
100 315
100 30
100 64
100 27
100 303
100 78
100 165
100 103
100 43
100 59
100 84
100 2
100 4
100 62
100 126
100 136
100 193
100 33
100 357
100 5
100 70
100 66
100 117
100 105
100 10
100 98
100 226
100 48
100 350
100 64
100 323
100 75
100 182
100 17
100 119
100 153
100 156
100 31
100 68
100 51
100 128
100 49
100 11
100 51
100 28
100 37
100 6
100 49
100 126
100 100
100 242
100 192
100 23
100 71
100 64
100 13
100 6
100 32
100 326
100 116
100 0
100 0
100 46
100 14
100 25
100 36
100 178
100 123
100 136
100 254
100 53
100 4
100 44
100 94
100 201
100 70
100 532
100 276
100 132
100 148
100 85
100 384
100 126
100 50
100 25
100 447
100 17
100 42
100 56
100 189
100 55
100 105
100 110
100 8
100 125
100 35
100 193
100 214
100 131
100 51
100 41
100 248
100 193
100 34
100 20
100 107
100 108
100 283
100 1
100 63
100 90
100 75
100 99
100 55
100 33
100 66
100 68
100 242
100 173
100 91
100 19
100 162
100 64
100 208
100 99
100 160
100 153
100 76
100 177
100 38
100 257
100 35
100 91
100 6
100 44
100 139
100 415
100 7
100 55
100 305
100 12
100 5
100 156
100 287
100 37
100 27
100 383
100 70
100 204
100 8
100 108
100 113
100 19
100 92
100 88
100 224
100 58
100 74
100 109
100 29
100 245
100 45
100 207
100 74
100 27
100 38
100 21
100 189
100 41
100 5
100 30
100 31
100 260
100 362
100 90
100 70
100 35
100 66
100 94
100 8
100 258
100 341
100 24
100 194
100 1
100 302
100 66
100 116
100 64
100 58
100 126
100 106
100 12
100 26
100 78
100 56
100 53
100 50
100 44
100 14
100 30
100 145
100 135
100 150
100 184
100 26
100 22
100 165
100 257
100 27
100 10
100 34
100 142
100 284
100 127
100 336
100 202
100 82
100 14
100 80
100 0
100 124
100 243
100 166
100 13
100 170
100 24
100 63
100 111
100 159
100 456
100 166
100 9
100 557
100 17
100 7
100 113
100 173
100 481
100 201
100 59
100 73
100 111
100 163
100 150
100 104
100 79
100 23
100 169
100 45
100 63
100 37
100 58
100 69
100 232
100 139
100 201
100 160
100 48
100 207
100 125
100 23
100 32
100 87
100 192
100 15
100 114
100 205
100 82
100 42
100 47
100 74
100 95
100 101
100 120
100 49
100 35
100 37
100 79
100 23
100 26
100 5
100 80
100 472
100 134
100 238
100 179
100 109
100 41
100 139
100 215
100 4
100 110
100 398
100 157
100 83
100 20
100 2
100 97
100 129
100 79
100 302
100 157
100 103
100 4
100 3
100 103
100 74
100 58
100 7
100 24
100 359
100 24
100 99
100 66
100 101
100 37
100 42
100 157
100 173
100 38
100 36
100 202
100 72
100 22
100 19
100 145
100 69
100 7
100 174
100 207
100 110
100 30
100 55
100 38
100 62
100 55
100 27
100 145
100 25
100 4
100 17
100 28
100 82
100 216
100 25
100 39
100 27
100 11
100 68
100 7
100 235
100 122
100 54
100 27
100 207
100 184
100 207
100 162
100 45
100 186
100 56
100 119
100 178
100 85
100 7
100 1
100 49
100 24
100 23
100 118
100 26
100 8
100 61
100 118
100 5
100 30
100 250
100 124
100 18
100 55
100 86
100 254
100 51
100 63
100 14
100 337
100 27
100 20
100 143
100 208
100 43
100 21
100 275
100 33
100 52
100 254
100 140
100 17
100 94
100 48
100 248
100 95
100 16
100 90
100 258
100 23
100 314
100 86
100 0
100 103
100 27
100 88
100 34
100 42
100 158
100 272
100 33
100 11
100 91
100 2
100 21
100 11
100 207
100 46
100 207
100 408
100 26
100 153
100 26
100 22
100 146
100 29
100 4
100 199
100 124
100 119
100 14
100 52
100 137
100 78
100 22
100 453
100 367
100 65
100 82
100 395
100 22
100 77
100 149
100 195
100 4
100 15
100 223
100 53
100 34
100 42
100 48
100 21
100 52
100 35
100 96
100 24
100 9
100 25
100 38
100 123
100 183
100 144
100 20
100 95
100 256
100 168
100 205
100 26
100 26
100 449
100 59
100 84
100 36
100 122
100 23
100 59
100 26
100 110
100 172
100 384
100 38
100 20
100 93
100 176
100 24
100 380
100 563
100 229
100 71
100 43
100 260
100 259
100 84
100 2
100 257
100 101
100 19
100 191
100 232
100 198
100 131
100 237
100 37
100 143
100 91
100 28
100 9
100 13
100 51
100 48
100 154
100 162
100 235
100 4
100 161
100 286
100 637
100 27
100 101
100 184
100 21
100 100
100 221
100 81
100 306
100 48
100 17
100 8
100 80
100 83
100 14
100 0
100 55
100 37
100 68
100 8
100 101
100 178
100 74
100 32
100 118
100 49
100 74
100 80
100 15
100 0
100 22
100 70
100 7
100 131
100 76
100 6
100 92
100 157
100 105
100 76
100 31
100 23
100 1
100 61
100 53
100 81
100 8
100 49
100 72
100 147
100 107
100 41
100 89
100 110
100 17
100 164
100 30
100 58
100 1
100 471
100 90
100 22
100 146
100 102
100 46
100 70
100 17
100 117
100 138
100 23
100 1
100 31
100 201
100 324
100 56
100 76
100 10
100 115
100 3
100 36
100 6
100 2
100 33
100 313
100 73
100 41
100 172
100 277
100 105
100 2
100 141
100 267
100 2
100 226
100 40
100 133
100 400
100 37
100 73
100 215
100 23
100 62
100 11
100 25
100 841
100 141
100 75
100 163
100 28
100 18
100 334
100 37
100 41
100 81
100 104
100 239
100 70
100 130
100 70
100 106
100 242
100 1
100 371
100 174
100 39
100 229
100 99
100 184
100 185
100 251
100 109
100 0
100 398
100 22
100 27
100 1
100 125
100 56
100 45
100 67
100 20
100 9
100 12
100 171
100 114
100 20
100 198
100 256
100 34
100 8
100 222
100 121
100 134
100 30
100 109
100 105
100 33
100 10
100 240
100 23
100 53
100 82
100 313
100 27
100 64
100 150
100 103
100 161
100 364
100 141
100 204
100 19
100 71
100 357
100 61
100 19
100 18
100 75
100 15
100 77
100 22
100 65
100 126
100 45
100 248
100 11
100 176
100 36
100 23
100 13
100 116
100 262
100 77
100 27
100 118
100 5
100 181
100 284
100 134
100 26
100 50
100 141
100 236
100 62
100 118
100 53
100 19
100 98
100 222
100 280
100 29
100 138
100 104
100 65
100 190
100 10
100 44
100 1
100 45
100 85
100 58
100 498
100 97
100 127
100 38
100 324
100 95
100 98
100 59
100 40
100 20
100 121
100 24
100 177
100 88
100 498
100 88
100 262
100 32
100 165
100 90
100 94
100 37
100 18
100 1
100 118
100 26
100 147
100 22
100 289
100 247
100 131
100 85
100 53
100 70
100 44
100 385
100 4
100 66
100 20
100 14
100 31
100 106
100 28
100 133
100 70
100 125
100 58
100 260
100 0
100 2
100 475
100 82
100 122
100 109
100 294
100 33
100 63
100 115
100 28
100 311
100 363
100 74
100 12
100 82
100 196
100 132
100 11
100 354
100 301
100 114
100 104
100 144
100 5
100 148
100 208
100 104
100 78
100 446
100 9
100 51
100 87
100 80
100 190
100 104
100 235
100 51
100 14
100 106
100 29
100 3
100 30
100 25
100 21
100 39
100 4
100 217
100 13
100 11
100 351
100 94
100 59
100 2
100 210
100 153
100 181
100 205
100 31
100 16
100 76
100 256
100 60
100 306
100 295
100 14
100 42
100 4
100 68
100 86
100 5
100 184
100 346
100 87
100 65
100 96
100 69
100 26
100 23
100 54
100 44
100 41
100 4
100 22
100 58
100 291
100 11
100 27
100 67
100 73
100 206
100 347
100 86
100 38
100 69
100 172
100 99
100 20
100 29
100 70
100 155
100 42
100 22
100 191
100 399
100 171
100 62
100 75
100 10
100 91
100 174
100 22
100 80
100 40
100 210
100 187
100 32
100 125
100 66
100 30
100 196
100 16
100 31
100 9
100 23
100 5
100 204
100 320
100 204
100 36
100 713
100 363
100 67
100 56
100 259
100 195
100 91
100 193
100 304
100 74
100 68
100 301
100 70
100 40
100 194
100 76
100 12
100 33
100 89
100 7
100 414
100 60
100 54
100 16
100 180
100 30
100 105
100 55
100 276
100 48
100 150
100 6
100 12
100 94
100 38
100 223
100 78
100 27
100 281
100 207
100 55
100 13
100 86
100 56
100 36
100 31
100 207
100 74
100 59
100 63
100 1
100 43
100 82
100 538
100 5
100 5
100 139
100 37
100 41
100 201
100 16
100 14
100 296
100 354
100 209
100 73
100 15
100 24
100 74
100 75
100 34
100 45
100 22
100 11
100 43
100 12
100 17
100 21
100 8
100 63
100 145
100 56
100 174
100 53
100 277
100 303
100 289
100 18
100 521
100 6
100 234
100 157
100 114
100 18
100 240
100 54
100 17
100 15
100 32
100 47
100 183
100 52
100 94
100 121
100 75
100 132
100 227
100 53
100 151
100 237
100 317
100 47
100 231
100 24
100 59
100 148
100 504
100 96
100 35
100 22
100 88
100 12
100 4
100 89
100 53
100 221
100 140
100 16
100 1
100 145
100 76
100 127
100 15
100 11
100 24
100 17
100 70
100 219
100 19
100 455
100 20
100 11
100 174
100 20
100 86
100 189
100 18
100 31
100 61
100 43
100 31
100 58
100 73
100 107
100 83
100 55
100 55
100 37
100 30
100 19
100 56
100 19
100 22
100 19
100 46
100 37
100 43
100 51
100 111
100 323
100 32
100 97
100 20
100 292
100 100
100 79
100 58
100 55
100 67
100 253
100 194
100 38
100 9
100 103
100 155
100 10
100 28
100 9
100 12
100 96
100 78
100 634
100 16
100 62
100 1
100 67
100 509
100 125
100 191
100 2
100 235
100 38
100 55
100 198
100 27
100 15
100 113
100 83
100 137
100 50
100 81
100 153
100 47
100 194
100 15
100 118
100 202
100 255
100 116
100 175
100 21
100 158
100 24
100 103
100 97
100 22
100 46
100 72
100 223
100 81
100 37
100 211
100 116
100 21
100 116
100 54
100 119
100 63
100 115
100 17
100 106
100 74
100 38
100 365
100 33
100 67
100 12
100 8
100 161
100 123
100 22
100 36
100 34
100 86
100 20
100 26
100 119
100 169
100 11
100 24
100 76
100 224
100 112
100 204
100 33
100 55
100 83
100 35
100 90
100 363
100 319
100 20
100 112
100 213
100 257
100 64
100 34
100 1
100 178
100 31
100 229
100 72
100 170
100 63
100 91
100 52
100 146
100 326
100 31
100 149
100 111
100 120
100 407
100 247
100 41
100 87
100 185
100 50
100 132
100 38
100 364
100 38
100 57
100 25
100 92
100 293
100 39
100 41
100 70
100 279
100 78
100 36
100 17
100 59
100 412
100 80
100 4
100 15
100 166
100 16
100 157
100 8
100 35
100 77
100 187
100 50
100 147
100 10
100 73
100 469
100 38
100 10
100 0
100 138
100 8
100 114
100 43
100 47
100 165
100 58
100 184
100 29
100 358
100 151
100 192
100 20
100 410
100 7
100 85
100 308
100 294
100 21
100 146
100 12
100 140
100 84
100 163
100 38
100 23
100 38
100 17
100 110
100 18
100 5
100 25
100 800
100 28
100 83
100 240
100 156
100 229
100 113
100 38
100 67
100 211
100 11
100 2
100 18
100 42
100 99
100 43
100 19
100 59
100 166
100 24
100 390
100 379
100 123
100 56
100 15
100 6
100 163
100 22
100 88
100 66
100 179
100 378
100 187
100 71
100 50
100 31
100 163
100 120
100 247
100 53
100 246
100 239
100 20
100 36
100 60
100 201
100 2
100 20
100 102
100 300
100 73
100 9
100 148
100 117
100 42
100 206
100 12
100 45
100 115
100 194
100 104
100 46
100 78
100 68
100 230
100 22
100 48
100 457
100 35
100 53
100 163
100 15
100 20
100 115
100 25
100 26
100 95
100 123
100 290
100 114
100 12
100 80
100 86
100 140
100 29
100 93
100 91
100 118
100 147
100 128
100 74
100 89
100 78
100 16
100 158
100 98
100 60
100 29
100 61
100 107
100 94
100 122
100 70
100 621
100 75
100 1
100 102
100 23
100 242
100 460
100 322
100 15
100 102
100 44
100 28
100 147
100 253
100 1
100 91
100 62
100 139
100 37
100 33
100 1
100 180
100 115
100 4
100 43
100 343
100 75
100 263
100 147
100 12
100 109
100 78
100 226
100 244
100 144
100 61
100 241
100 123
100 34
100 109
100 219
100 531
100 71
100 65
100 7
100 91
100 25
100 36
100 133
100 77
100 13
100 134
100 43
100 2
100 57
100 271
100 116
100 19
100 130
100 23
100 22
100 460
100 132
100 122
100 112
100 69
100 20
100 115
100 26
100 29
100 0
100 13
100 367
100 99
100 125
100 42
100 132
100 24
100 52
100 172
100 55
100 64
100 134
100 109
100 121
100 152
100 126
100 89
100 242
100 166
100 189
100 254
100 254
100 219
100 79
100 94
100 134
100 20
100 22
100 56
100 33
100 236
100 376
100 92
100 114
100 0
100 43
100 72
100 82
100 2
100 203
100 119
100 115
100 122
100 167
100 82
100 30
100 146
100 91
100 157
100 226
100 203
100 167
100 6
100 76
100 161
100 124
100 314
100 8
100 12
100 158
100 257
100 35
100 207
100 37
100 12
100 228
100 6
100 36
100 11
100 164
100 76
100 198
100 124
100 52
100 345
100 0
100 136
100 47
100 39
100 113
100 27
100 37
100 51
100 62
100 56
100 259
100 10
100 166
100 62
100 64
100 43
100 123
100 207
100 120
100 2
100 53
100 55
100 56
100 79
100 72
100 11
100 80
100 138
100 57
100 66
100 408
100 292
100 41
100 36
100 195
100 7
100 145
100 237
100 56
100 102
100 16
100 36
100 102
100 273
100 217
100 70
100 136
100 54
100 141
100 13
100 50
100 93
100 2
100 37
100 83
100 296
100 129
100 173
100 27
100 7
100 35
100 265
100 23
100 43
100 156
100 6
100 28
100 171
100 383
100 103
100 252
100 309
100 11
100 8
100 5
100 266
100 131
100 16
100 43
100 134
100 46
100 9
100 28
100 506
100 48
100 48
100 47
100 33
100 19
100 49
100 27
100 10
100 184
100 217
100 80
100 381
100 77
100 29
100 108
100 111
100 299
100 120
100 32
100 121
100 52
100 17
100 81
100 4
100 46
100 4
100 114
100 32
100 222
100 43
100 44
100 43
100 413
100 266
100 153
100 10
100 409
100 29
100 97
100 42
100 73
100 34
100 249
100 12
100 16
100 85
100 143
100 24
100 165
100 40
100 2
100 18
100 28
100 17
100 185
100 66
100 31
100 119
100 12
100 61
100 50
100 19
100 7
100 15
100 49
100 386
100 365
100 36
100 83
100 567
100 334
100 6
100 137
100 48
100 70
100 75
100 18
100 26
100 17
100 230
100 189
100 46
100 37
100 43
100 343
100 59
100 15
100 47
100 100
100 43
100 69
100 36
100 53
100 76
100 111
100 106
100 302
100 503
100 162
100 222
100 61
100 40
100 390
100 99
100 293
100 17
100 201
100 124
100 240
100 83
100 25
100 182
100 284
100 146
100 37
100 18
100 8
100 42
100 51
100 15
100 11
100 176
100 341
100 101
100 82
100 3
100 258
100 361
100 51
100 55
100 330
100 0
100 47
100 12
100 0
100 441
100 345
100 2
100 0
100 74
100 41
100 72
100 43
100 9
100 96
100 274
100 267
100 28
100 108
100 250
100 196
100 460
100 43
100 93
100 86
100 15
100 31
100 309
100 8
100 22
100 97
100 92
100 7
100 95
100 28
100 90
100 5
100 128
100 24
100 84
100 152
100 63
100 117
100 14
100 221
100 171
100 76
100 19
100 353
100 316
100 158
100 152
100 26
100 219
100 43
100 267
100 46
100 231
100 1
100 3
100 99
100 37
100 185
100 30
100 65
100 65
100 154
100 127
100 27
100 103
100 133
100 163
100 80
100 26
100 142
100 166
100 21
100 10
100 38
100 72
100 19
100 15
100 3
100 121
100 34
100 80
100 70
100 62
100 214
100 64
100 119
100 20
100 24
100 89
100 7
100 398
100 115
100 42
100 58
100 255
100 308
100 27
100 13
100 297
100 33
100 96
100 117
100 219
100 18
100 27
100 31
100 100
100 49
100 127
100 16
100 291
100 57
100 1
100 10
100 123
100 4
100 27
100 1
100 185
100 204
100 49
100 8
100 131
100 70
100 15
100 258
100 4
100 296
100 49
100 38
100 267
100 129
100 3
100 175
100 28
100 5
100 17
100 73
100 83
100 56
100 261
100 72
100 419
100 109
100 173
100 56
100 98
100 9
100 74
100 25
100 114
100 456
100 30
100 158
100 114
100 35
100 110
100 170
100 168
100 133
100 8
100 2
100 120
100 205
100 16
100 411
100 110
100 24
100 84
100 172
100 411
100 78
100 89
100 154
100 33
100 29
100 207
100 327
100 247
100 20
100 14
100 99
100 0
100 131
100 25
100 315
100 6
100 261
100 33
100 31
100 226
100 13
100 74
100 186
100 26
100 55
100 6
100 9
100 8
100 19
100 55
100 178
100 115
100 18
100 16
100 61
100 64
100 223
100 96
100 59
100 41
100 53
100 72
100 14
100 15
100 8
100 74
100 66
100 164
100 215
100 86
100 103
100 392
100 19
100 101
100 10
100 75
100 2
100 119
100 35
100 24
100 324
100 396
100 84
100 195
100 126
100 33
100 216
100 22
100 11
100 442
100 143
100 43
100 277
100 200
100 179
100 450
100 460
100 68
100 80
100 15
100 7
100 187
100 68
100 112
100 35
100 27
100 204
100 343
100 526
100 222
100 64
100 49
100 55
100 550
100 49
100 253
100 166
100 105
100 95
100 40
100 79
100 6
100 229
100 75
100 83
100 15
100 42
100 125
100 54
100 71
100 7
100 104
100 60
100 19
100 76
100 166
100 158
100 215
100 149
100 381
100 34
100 110
100 131
100 114
100 18
100 193
100 2
100 41
100 56
100 172
100 61
100 56
100 206
100 23
100 2
100 45
100 199
100 25
100 239
100 113
100 21
100 238
100 70
100 77
100 18
100 21
100 116
100 107
100 55
100 4
100 54
100 51
100 47
100 108
100 25
100 169
100 75
100 269
100 34
100 156
100 152
100 600
100 96
100 331
100 95
100 601
100 170
100 111
100 83
100 767
100 13
100 135
100 33
100 265
100 305
100 63
100 202
100 265
100 216
100 541
100 49
100 5
100 23
100 69
100 88
100 54
100 44
100 245
100 28
100 41
100 229
100 194
100 32
100 53
100 204
100 288
100 233
100 206
100 75
100 24
100 33
100 5
100 75
100 41
100 17
100 30
100 75
100 42
100 8
100 65
100 73
100 216
100 203
100 18
100 240
100 66
100 150
100 45
100 25
100 72
100 55
100 9
100 227
100 42
100 154
100 92
100 155
100 95
100 3
100 49
100 237
100 51
100 170
100 160
100 125
100 50
100 121
100 73
100 78
100 89
100 55
100 68
100 0
100 39
100 125
100 14
100 129
100 44
100 73
100 38
100 21
100 54
100 136
100 21
100 11
100 2
100 59
100 98
100 102
100 76
100 11
100 48
100 90
100 254
100 112
100 8
100 310
100 74
100 19
100 56
100 67
100 100
100 67
100 50
100 112
100 13
100 147
100 29
100 197
100 78
100 272
100 119
100 214
100 43
100 79
100 7
100 205
100 171
100 258
100 28
100 26
100 25
100 80
100 52
100 112
100 5
100 620
100 177
100 354
100 157
100 195
100 9
100 97
100 81
100 103
100 38
100 44
100 38
100 68
100 84
100 37
100 35
100 164
100 17
100 289
100 65
100 42
100 318
100 88
100 120
100 352
100 278
100 676
100 197
100 213
100 242
100 72
100 27
100 99
100 135
100 70
100 108
100 103
100 60
100 20
100 85
100 160
100 9
100 65
100 19
100 67
100 142
100 17
100 108
100 80
100 14
100 107
100 200
100 28
100 37
100 166
100 162
100 49
100 216
100 46
100 15
100 40
100 191
100 170
100 39
100 84
100 58
100 282
100 93
100 24
100 97
100 118
100 85
100 155
100 48
100 41
100 141
100 240
100 140
100 46
100 32
100 131
100 137
100 179
100 52
100 66
100 6
100 220
100 376
100 12
100 62
100 73
100 65
100 124
100 47
100 16
100 103
100 257
100 88
100 62
100 269
100 327
100 58
100 60
100 50
100 36
100 84
100 30
100 297
100 275
100 7
100 19
100 88
100 427
100 98
100 69
100 65
100 213
100 48
100 146
100 131
100 58
100 190
100 341
100 1
100 274
100 40
100 12
100 28
100 2
100 363
100 23
100 14
100 56
100 24
100 578
100 369
100 128
100 203
100 226
100 109
100 59
100 88
100 44
100 155
100 3
100 194
100 40
100 57
100 56
100 5
100 233
100 36
100 207
100 205
100 277
100 77
100 41
100 38
100 426
100 133
100 0
100 44
100 82
100 144
100 0
100 0
100 79
100 0
100 6
100 30
100 28
100 54
100 42
100 14
100 44
100 9
100 129
100 119
100 103
100 0
100 122
100 31
100 141
100 137
100 88
100 10
100 74
100 77
100 23
100 166
100 101
100 82
100 334
100 142
100 3
100 213
100 166
100 64
100 28
100 146
100 192
100 55
100 70
100 8
100 207
100 104
100 51
100 284
100 19
100 316
100 42
100 49
100 195
100 51
100 226
100 213
100 121
100 10
100 36
100 97
100 152
100 136
100 168
100 247
100 39
100 120
100 120
100 70
100 58
100 22
100 85
100 1
100 21
100 25
100 68
100 203
100 86
100 26
100 45
100 20
100 99
100 133
100 204
100 14
100 53
100 40
100 0
100 78
100 63
100 8
100 0
100 55
100 56
100 10
100 106
100 24
100 44
100 47
100 1
100 93
100 37
100 115
100 115
100 28
100 292
100 128
100 154
100 44
100 115
100 230
100 11
100 36
100 133
100 382
100 10
100 138
100 120
100 53
100 419
100 12
100 186
100 111
100 217
100 61
100 81
100 0
100 236
100 160
100 78
100 154
100 95
100 157
100 188
100 13
100 83
100 57
100 68
100 180
100 86
100 110
100 126
100 57
100 177
100 64
100 51
100 158
100 29
100 175
100 99
100 50
100 235
100 4
100 240
100 41
100 74
100 60
100 665
100 344
100 174
100 15
100 51
100 127
100 201
100 52
100 105
100 62
100 84
100 75
100 296
100 10
100 73
100 140
100 33
100 387
100 107
100 0
100 140
100 29
100 15
100 128
100 51
100 341
100 214
100 77
100 68
100 108
100 30
100 194
100 6
100 242
100 32
100 427
100 13
100 30
100 256
100 5
100 83
100 125
100 8
100 5
100 152
100 42
100 6
100 52
100 69
100 117
100 114
100 305
100 70
100 143
100 134
100 46
100 17
100 93
100 7
100 7
100 379
100 21
100 107
100 170
100 56
100 29
100 68
100 131
100 14
100 154
100 155
100 18
100 90
100 37
100 25
100 73
100 84
100 148
100 211
100 236
100 144
100 99
100 112
100 25
100 115
100 116
100 139
100 57
100 36
100 32
100 14
100 31
100 196
100 160
100 108
100 160
100 21
100 19
100 205
100 33
100 44
100 108
100 165
100 38
100 111
100 24
100 123
100 248
100 379
100 34
100 53
100 91
100 45
100 103
100 14
100 148
100 419
100 112
100 258
100 79
100 12
100 12
100 4
100 227
100 21
100 13
100 100
100 30
100 228
100 103
100 78
100 43
100 277
100 89
100 324
100 284
100 241
100 110
100 5
100 107
100 428
100 278
100 53
100 369
100 56
100 35
100 3
100 292
100 83
100 36
100 76
100 50
100 8
100 299
100 72
