100 1115
100 6166
100 14
100 997
100 663
100 1637
100 4090
100 177
100 702
100 1144
100 1413
100 918
100 3482
100 2199
100 3955
100 3551
100 304
100 749
100 1538
100 1001
100 918
100 1311
100 2685
100 522
100 450
100 70
100 1128
100 551
100 3870
100 1201
100 9540
100 5001
100 747
100 794
100 1869
100 2552
100 131
100 25
100 302
100 61
100 3065
100 367
100 2485
100 4077
100 1460
100 632
100 6657
100 1183
100 1749
100 1574
100 1421
100 8016
100 61
100 422
100 1208
100 1590
100 5459
100 56
100 1120
100 2762
100 1471
100 937
100 907
100 209
100 1708
100 4019
100 1071
100 3158
100 1033
100 5539
100 3751
100 2496
100 962
100 4825
100 11
100 2588
100 2436
100 301
100 467
100 2107
100 524
100 2001
100 962
100 709
100 2131
100 883
100 720
100 74
100 1108
100 1539
100 900
100 718
100 416
100 2552
100 218
100 2176
100 3051
100 7179
100 668
100 2475
100 84
100 487
100 922
100 8964
100 2369
100 651
100 1113
100 1947
100 1185
100 2474
100 3759
100 1273
100 311
100 435
100 1930
100 3528
100 142
100 2304
100 12394
100 2680
100 2386
100 589
100 395
100 1487
100 664
100 733
100 3534
100 71
100 2071
100 2314
100 1447
100 922
100 921
100 3621
100 525
100 2223
100 2358
100 400
100 114
100 5086
100 1828
100 1232
100 844
100 66
100 4193
100 1686
100 5136
100 1686
100 2346
100 2207
100 2528
100 1326
100 2103
100 254
100 3399
100 4530
100 2780
100 1444
100 2023
100 3625
100 3683
100 1651
100 2678
100 3092
100 893
100 4338
100 2371
100 1351
100 1149
100 515
100 2220
100 497
100 1605
100 2881
100 1711
100 2277
100 1705
100 184
100 1763
100 1879
100 916
100 3313
100 4202
100 2262
100 3339
100 903
100 749
100 762
100 1272
100 3774
100 1283
100 4997
100 1867
100 3626
100 1189
100 2568
100 340
100 2259
100 2929
100 2821
100 227
100 3561
100 647
100 161
100 179
100 4383
100 2878
100 4122
100 280
100 71
100 3338
100 828
100 1678
100 26
100 2439
100 785
100 1213
100 609
100 1339
100 1015
100 2467
100 3335
100 631
100 1154
100 1805
100 236
100 1263
100 3332
100 5111
100 6451
100 523
100 2936
100 588
100 6383
100 1896
100 1175
100 3190
100 2074
100 1308
100 3241
100 401
100 205
100 2823
100 1577
100 133
100 850
100 4307
100 5855
100 6823
100 1270
100 801
100 3663
100 772
100 348
100 684
100 468
100 142
100 363
100 1426
100 895
100 4267
100 395
100 1715
100 528
100 688
100 5302
100 4227
100 1344
100 425
100 4169
100 1411
100 2085
100 1683
100 593
100 3452
100 1247
100 1306
100 846
100 3678
100 50
100 380
100 11505
100 17
100 445
100 2658
100 1316
100 3459
100 5175
100 2113
100 962
100 5715
100 2911
100 300
100 586
100 180
100 6404
100 1131
100 255
100 2233
100 1209
100 1186
100 4295
100 323
100 6717
100 1458
100 1871
100 956
100 4933
100 2401
100 260
100 711
100 6002
100 5972
100 1828
100 2711
100 1666
100 2994
100 554
100 629
100 12581
100 905
100 229
100 3044
100 650
100 244
100 4439
100 48
100 40
100 199
100 503
100 2086
100 2470
100 145
100 306
100 3998
100 2268
100 421
100 2480
100 4157
100 770
100 1140
100 453
100 1343
100 4084
100 2350
100 72
100 2328
100 3570
100 1618
100 9791
100 1438
100 1620
100 384
100 2704
100 11
100 1127
100 367
100 1415
100 5539
100 1834
100 45
100 214
100 451
100 7531
100 702
100 4009
100 720
100 6160
100 201
100 1479
100 868
100 207
100 3882
100 527
100 661
100 1993
100 3227
100 1103
100 4315
100 94
100 675
100 2050
100 4952
100 607
100 3294
100 1280
100 1324
100 2793
100 2071
100 14745
100 479
100 211
100 5141
100 2067
100 1668
100 293
100 667
100 2953
100 990
100 6436
100 1718
100 4242
100 598
100 247
100 2960
100 2018
100 2699
100 1384
100 950
100 1650
100 4982
100 1359
100 93
100 1187
100 1641
100 10
100 947
100 6657
100 740
100 1342
100 869
100 3436
100 3982
100 266
100 4330
100 320
100 145
100 1076
100 652
100 1519
100 302
100 2653
100 225
100 2551
100 4056
100 1957
100 829
100 247
100 6145
100 2068
100 1151
100 4546
100 4482
100 464
100 1230
100 444
100 1055
100 395
100 198
100 551
100 573
100 9349
100 3545
100 312
100 740
100 1535
100 1109
100 3155
100 174
100 58
100 354
100 635
100 1199
100 4768
100 5632
100 2066
100 2219
100 1426
100 5446
100 2103
100 390
100 2944
100 639
100 2153
100 94
100 906
100 1114
100 2479
100 2313
100 842
100 2898
100 2589
100 924
100 400
100 916
100 1069
100 2493
100 4896
100 220
100 245
100 793
100 1647
100 1872
100 204
100 1759
100 4786
100 445
100 2120
100 1116
100 3309
100 1034
100 3080
100 4340
100 942
100 1985
100 949
100 906
100 269
100 2267
100 88
100 1068
100 4256
100 5677
100 3206
100 195
100 935
100 755
100 1232
100 1965
100 9000
100 1705
100 647
100 899
100 594
100 6
100 1244
100 5210
100 5996
100 2343
100 213
100 3321
100 10
100 13
100 2770
100 1345
100 144
100 629
100 428
100 1516
100 2282
100 3075
100 130
100 512
100 5833
100 2358
100 3777
100 6558
100 816
100 4596
100 637
100 960
100 691
100 5825
100 791
100 1262
100 225
100 1443
100 3036
100 1254
100 806
100 11449
100 3508
100 1010
100 1180
100 3291
100 527
100 408
100 1649
100 64
100 1816
100 529
100 326
100 1864
100 3823
100 2719
100 1958
100 13244
100 861
100 1739
100 3209
100 5834
100 1087
100 511
100 132
100 141
100 1053
100 872
100 4024
100 2586
100 731
100 645
100 680
100 2213
100 1905
100 147
100 189
100 1361
100 1300
100 896
100 434
100 406
100 1830
100 758
100 1847
100 283
100 231
100 1809
100 1622
100 3558
100 696
100 322
100 1026
100 1611
100 3483
100 468
100 218
100 981
100 1403
100 3246
100 1425
100 1837
100 6177
100 140
100 3479
100 3299
100 1444
100 2362
100 2281
100 3597
100 481
100 734
100 6097
100 738
100 994
100 5206
100 3731
100 608
100 2007
100 1760
100 2092
100 4313
100 2244
100 2894
100 1915
100 584
100 2373
100 1718
100 775
100 3621
100 161
100 766
100 451
100 393
100 644
100 1483
100 6041
100 305
100 357
100 5388
100 5222
100 363
100 1797
100 1780
100 3030
100 2128
100 3332
100 2088
100 982
100 283
100 778
100 1929
100 347
100 2737
100 2903
100 3635
100 1536
100 975
100 4399
100 2204
100 1816
100 185
100 816
100 655
100 6
100 1897
100 914
100 1361
100 471
100 827
100 5897
100 598
100 1872
100 422
100 4082
100 419
100 466
100 786
100 1389
100 2255
100 322
100 1357
100 1884
100 4919
100 859
100 14
100 41
100 3687
100 2117
100 2955
100 7755
100 1742
100 1944
100 10598
100 529
100 3195
100 850
100 6665
100 455
100 7271
100 61
100 2527
100 11
100 99
100 1529
100 5380
100 1921
100 618
100 4812
100 4884
100 978
100 181
100 401
100 972
100 1738
100 652
100 2914
100 795
100 898
100 3617
100 5371
100 648
100 926
100 236
100 178
100 3880
100 5198
100 2758
100 854
100 800
100 2960
100 251
100 1247
100 1358
100 2704
100 1989
100 2244
100 4247
100 1003
100 2323
100 46
100 2293
100 1217
100 67
100 428
100 1979
100 44
100 3969
100 16
100 1411
100 3846
100 3124
100 1710
100 6459
100 98
100 1901
100 6913
100 505
100 1707
100 621
100 704
100 754
100 3009
100 1521
100 2875
100 503
100 4616
100 3993
100 1797
100 2010
100 1310
100 584
100 483
100 1680
100 1339
100 1755
100 324
100 296
100 8962
100 5783
100 4348
100 106
100 2192
100 1935
100 1216
100 2477
100 1544
100 15
100 136
100 2620
100 3546
100 1324
100 1373
100 1821
100 2150
100 581
100 655
100 1355
100 4629
100 1669
100 3627
100 4377
100 3469
100 4465
100 1454
100 5834
100 283
100 1861
100 194
100 985
100 932
100 3357
100 1024
100 699
100 242
100 5208
100 1070
100 1284
100 764
100 2142
100 1587
100 1061
100 55
100 608
100 515
100 17
100 1325
100 592
100 134
100 1051
100 105
100 189
100 1956
100 550
100 146
100 2183
100 1898
100 2448
100 3640
100 43
100 1331
100 552
100 3157
100 2206
100 221
100 2002
100 1085
100 2054
100 3449
100 1481
100 734
100 2139
100 3171
100 1623
100 799
100 4504
100 4578
100 1438
100 834
100 2739
100 1478
100 938
100 1022
100 1176
100 1266
100 1162
100 66
100 268
100 1793
100 363
100 7303
100 201
100 312
100 107
100 2292
100 1069
100 2114
100 3776
100 4490
100 943
100 383
100 956
100 2220
100 1965
100 1518
100 363
100 718
100 2594
100 1707
100 427
100 2598
100 1193
100 1242
100 84
100 5597
100 753
100 494
100 549
100 597
100 705
100 5151
100 1182
100 2790
100 370
100 16
100 4832
100 1654
100 1235
100 1578
100 2787
100 2525
100 1261
100 1465
100 1453
100 3059
100 5804
100 634
100 1409
100 3342
100 904
100 4178
100 1454
100 209
100 551
100 7904
100 4662
100 5600
100 671
100 1914
100 2167
100 553
100 750
100 429
100 2565
100 5704
100 1406
100 6035
100 1305
100 2705
100 1199
100 571
100 2396
100 1507
100 5368
100 1145
100 1152
100 1180
100 6217
100 236
100 1887
100 1048
100 365
100 270
100 4100
100 2852
100 2401
100 4999
100 808
100 1446
100 548
100 432
100 1621
100 1652
100 654
100 555
100 192
100 1295
100 3846
100 3429
100 1306
100 6660
100 1550
100 112
100 509
100 598
100 1245
100 1704
100 1652
100 1856
100 2468
100 1097
100 2125
100 385
100 3639
100 1782
100 5674
100 956
100 846
100 329
100 731
100 82
100 6474
100 313
100 4308
100 1801
100 1076
100 1297
100 2151
100 1658
100 620
100 2375
100 3436
100 1223
100 4881
100 167
100 684
100 5273
100 1037
100 187
100 578
100 784
100 1162
100 1852
100 10
100 3094
100 2197
100 955
100 210
100 2166
100 206
100 3172
100 1449
100 2801
100 256
100 1097
100 8878
100 266
100 2632
100 174
100 2971
100 1646
100 594
100 567
100 7217
100 3907
100 2036
100 392
100 1875
100 495
100 2274
100 698
100 162
100 4529
100 648
100 967
100 243
100 8830
100 858
100 1449
100 1262
100 1117
100 145
100 420
100 3363
100 2785
100 2557
100 1102
100 885
100 1716
100 417
100 185
100 329
100 21
100 1123
100 1011
100 473
100 3346
100 1203
100 4266
100 466
100 755
100 3209
100 907
100 3112
100 4074
100 1856
100 5949
100 524
100 1007
100 1309
100 3399
100 459
100 5171
100 6725
100 672
100 279
100 4348
100 401
100 4016
100 688
100 1490
100 1483
100 242
100 8627
100 453
100 372
100 1919
100 3165
100 2700
100 57
100 991
100 1465
100 95
100 288
100 1507
100 1823
100 179
100 615
100 759
100 4309
100 168
100 546
100 2576
100 704
100 25
100 1095
100 486
100 2605
100 2164
100 3090
100 1446
100 163
100 8947
100 548
100 963
100 1356
100 633
100 5631
100 5087
100 725
100 4382
100 1640
100 2053
100 183
100 682
100 1852
100 462
100 3253
100 1284
100 384
100 777
100 1222
100 760
100 5266
100 2940
100 1481
100 586
100 3247
100 1695
100 493
100 1468
100 6042
100 7847
100 1276
100 1285
100 592
100 3402
100 3082
100 1565
100 201
100 1453
100 7875
100 7178
100 921
100 271
100 2953
100 553
100 1696
100 5993
100 896
100 1283
100 421
100 1453
100 1213
100 2356
100 87
100 1171
100 2136
100 3909
100 181
100 738
100 2436
100 7675
100 1299
100 1172
100 1999
100 5724
100 523
100 1346
100 2690
100 1523
100 737
100 3653
100 5499
100 1464
100 2114
100 1767
100 6615
100 630
100 768
100 341
100 350
100 553
100 2258
100 1238
100 1349
100 1309
100 237
100 3081
100 1566
100 3382
100 629
100 9508
100 10086
100 3326
100 1899
100 5606
100 481
100 921
100 661
100 1592
100 401
100 4470
100 1087
100 812
100 54
100 34
100 1896
100 576
100 3132
100 624
100 280
100 5825
100 149
100 2469
100 512
100 318
100 241
100 905
100 1461
100 148
100 1366
100 65
100 4232
100 1122
100 1623
100 3567
100 863
100 3420
100 52
100 143
100 249
100 1685
100 1229
100 1283
100 297
100 1692
100 126
100 2069
100 4507
100 3905
100 2608
100 5617
100 2688
100 4725
100 940
100 3452
100 9730
100 582
100 647
100 3631
100 1421
100 781
100 2335
100 132
100 2382
100 1647
100 692
100 1128
100 2907
100 1656
100 136
100 741
100 417
100 1744
100 2166
100 149
100 1001
100 422
100 388
100 717
100 3542
100 1031
100 8169
100 4491
100 1008
100 1519
100 1343
100 262
100 1330
100 2273
100 2336
100 2381
100 504
100 2982
100 483
100 26
100 3043
100 1659
100 1622
100 352
100 705
100 1611
100 306
100 1904
100 842
100 4957
100 3299
100 5345
100 646
100 653
100 631
100 2439
100 113
100 3711
100 156
100 1818
100 5048
100 1379
100 2134
100 1238
100 6994
100 5310
100 1492
100 2394
100 1056
100 1515
100 236
100 2041
100 1654
100 134
100 11
100 565
100 278
100 1153
100 88
100 410
100 1777
100 6599
100 2544
100 2872
100 799
100 1826
100 1361
100 1203
100 2058
100 5468
100 4530
100 2263
100 2012
100 1199
100 603
100 2170
100 91
100 689
100 1385
100 1414
100 6655
100 199
100 923
100 1427
100 3038
100 1012
100 1302
100 1354
100 1838
100 1412
100 910
100 180
100 331
100 2753
100 83
100 369
100 4502
100 1718
100 4184
100 2646
100 2593
100 813
100 984
100 1922
100 886
100 1330
100 536
100 5242
100 328
100 5714
100 2766
100 1443
100 244
100 3173
100 2171
100 3883
100 180
100 1191
100 2
100 1041
100 2456
100 2977
100 2664
100 770
100 3613
100 3088
100 1542
100 108
100 13288
100 1474
100 105
100 3579
100 2486
100 298
100 1763
100 3032
100 2319
100 157
100 380
100 7993
100 351
100 388
100 181
100 792
100 713
100 2514
100 3277
100 1027
100 4701
100 1496
100 3533
100 2205
100 1533
100 696
100 2082
100 838
100 489
100 760
100 4159
100 6063
100 1900
100 2368
100 1412
100 4159
100 215
100 883
100 2143
100 1571
100 606
100 4882
100 329
100 37
100 3548
100 899
100 2320
100 3498
100 8495
100 1761
100 4882
100 1381
100 3168
100 291
100 246
100 1803
100 4235
100 167
100 5429
100 1306
100 670
100 2461
100 685
100 680
100 1067
100 3998
100 530
100 2228
100 1114
100 515
100 1338
100 1696
100 4835
100 524
100 492
100 440
100 1399
100 788
100 1219
100 2356
100 2282
100 8
100 45
100 2052
100 1143
100 1352
100 3396
100 1077
100 1099
100 2456
100 817
100 352
100 829
100 1603
100 1628
100 1653
100 3632
100 6905
100 2368
100 32
100 3151
100 1240
100 2997
100 544
100 791
100 1267
100 357
100 3
100 2757
100 5584
100 443
100 1686
100 2510
100 4905
100 2138
100 685
100 470
100 1276
100 1183
100 1261
100 5500
100 1572
100 3882
100 2714
100 2992
100 2417
100 2419
100 2319
100 1066
100 2985
100 2296
100 3556
100 5370
100 1489
100 2414
100 1056
100 3789
100 309
100 3041
100 1099
100 8939
100 990
100 1979
100 3763
100 1474
100 6624
100 1534
100 18
100 1501
100 5301
100 1200
100 56
100 6899
100 681
100 891
100 443
100 2644
100 1406
100 1360
100 956
100 219
100 1948
100 1660
100 3204
100 3033
100 844
100 396
100 5375
100 604
100 4697
100 1320
100 351
100 429
100 1931
100 539
100 186
100 1589
100 2353
100 1699
100 1199
100 5427
100 896
100 980
100 385
100 713
100 2090
100 3
100 1558
100 2835
100 243
100 3614
100 1227
100 1013
100 477
100 1519
100 2253
100 3183
100 1149
100 2308
100 3309
100 389
100 1728
100 5920
100 229
100 246
100 1204
100 3777
100 574
100 443
100 2046
100 2616
100 1348
100 473
100 4737
100 3382
100 1966
100 3251
100 297
100 481
100 1331
100 531
100 2945
100 425
100 654
100 1820
100 2964
100 422
100 1041
100 8579
100 2167
100 1881
100 1624
100 4648
100 1679
100 567
100 1505
100 1715
100 3125
100 323
100 2752
100 1326
100 1962
100 2890
100 2334
100 5036
100 555
100 1122
100 569
100 2353
100 1137
100 1934
100 750
100 531
100 737
100 366
100 2712
100 3190
100 1678
100 1307
100 5020
100 1376
100 4322
100 854
100 1579
100 2282
100 1444
100 1575
100 1401
100 5766
100 2913
100 825
100 302
100 1431
100 6223
100 2676
100 64
100 992
100 1605
100 2676
100 373
100 1348
100 3545
100 209
100 1849
100 461
100 2062
100 2124
100 3135
100 3671
100 224
100 159
100 1536
100 880
100 1784
100 150
100 430
100 988
100 5128
100 5028
100 3600
100 1769
100 70
100 2174
100 15
100 2715
100 214
100 3116
100 3468
100 3357
100 1190
100 3098
100 1510
100 816
100 1476
100 3027
100 1335
100 3779
100 277
100 165
100 2393
100 2624
100 6786
100 3746
100 2209
100 2303
100 3034
100 1825
100 2502
100 1037
100 320
100 3409
100 3501
100 10936
100 2549
100 1011
100 1808
100 1644
100 1559
100 1106
100 3988
100 1039
100 144
100 85
100 161
100 210
100 1066
100 1473
100 310
100 2966
100 879
100 2352
100 777
100 1384
100 4082
100 5788
100 2398
100 3521
100 3857
100 2329
100 3412
100 110
100 4504
100 1263
100 3229
100 5193
100 1148
100 951
100 2009
100 399
100 3353
100 4082
100 243
100 888
100 2311
100 7389
100 1380
100 766
100 322
100 220
100 353
100 1343
100 3398
100 2055
100 2331
100 107
100 4677
100 219
100 790
100 2942
100 465
100 658
100 2688
100 2277
100 1226
100 186
100 532
100 2727
100 1758
100 4379
100 1088
100 1935
100 980
100 898
100 860
100 221
100 794
100 2035
100 64
100 326
100 1190
100 662
100 898
100 1330
100 3247
100 2956
100 682
100 1656
100 4193
100 70
100 987
100 826
100 1353
100 1204
100 254
100 24
100 658
100 163
100 199
100 2759
100 1461
100 676
100 1093
100 5078
100 2832
100 660
100 3317
100 8124
100 1180
100 2310
100 653
100 156
100 1306
100 4281
100 5297
100 1282
100 4732
100 3310
100 8155
100 1862
100 1030
100 228
100 395
100 1995
100 4205
100 794
100 528
100 4231
100 74
100 1458
100 1626
100 106
100 3834
100 459
100 2510
100 1729
100 1323
100 3774
100 2612
100 977
100 2941
100 2517
100 1331
100 352
100 1624
100 1313
100 2575
100 5168
100 512
100 3179
100 2978
100 1346
100 5731
100 4520
100 6
100 1919
100 1960
100 1791
100 225
100 1385
100 430
100 3847
100 1142
100 480
100 1890
100 5598
100 5741
100 1894
100 388
100 1699
100 376
100 2416
100 690
100 1501
100 88
100 167
100 975
100 1090
100 1968
100 3799
100 612
100 3590
100 978
100 2547
100 3433
100 3975
100 1152
100 4499
100 4282
100 1683
100 472
100 696
100 4421
100 101
100 5601
100 115
100 667
100 237
100 2731
100 7077
100 2776
100 4377
100 250
100 2541
100 2703
100 358
100 1184
100 1797
100 598
100 967
100 1450
100 1866
100 2345
100 4911
100 1481
100 5719
100 2344
100 4163
100 3575
100 273
100 749
100 2407
100 220
100 5397
100 460
100 2642
100 970
100 731
100 3374
100 1630
100 2026
100 1138
100 100
100 278
100 5384
100 858
100 334
100 797
100 2767
100 8304
100 7590
100 1920
100 1801
100 146
100 1716
100 2162
100 136
100 1765
100 353
100 464
100 3859
100 1276
100 1036
100 3875
100 1013
100 3547
100 293
100 661
100 317
100 2391
100 273
100 801
100 2516
100 2046
100 765
100 1361
100 3348
100 269
100 2062
100 991
100 3440
100 933
100 79
100 4113
100 1864
100 3474
100 65
100 100
100 49
100 470
100 1883
100 3879
100 5103
100 1196
100 346
100 1466
100 1163
100 3249
100 952
100 5476
100 2702
100 1177
100 2853
100 7110
100 2044
100 1020
100 2580
100 2348
100 53
100 2012
100 362
100 3825
100 207
100 517
100 4662
100 270
100 1231
100 306
100 1676
100 1800
100 3523
100 2362
100 2560
100 1030
100 2539
100 297
100 566
100 889
100 719
100 1196
100 83
100 948
100 4041
100 147
100 379
100 7149
100 363
100 979
100 94
100 1508
100 1198
100 550
100 4080
100 229
100 3666
100 208
100 68
100 194
100 600
100 290
100 5842
100 2250
100 119
100 3901
100 2655
100 856
100 654
100 1264
100 3088
100 258
100 2237
100 917
100 675
100 1623
100 11
100 193
100 9836
100 438
100 1055
100 2001
100 2449
100 1277
100 2601
100 2918
100 337
100 3411
100 2339
100 54
100 199
100 1775
100 201
100 6136
100 478
100 2164
100 415
100 1806
100 1942
100 1173
100 3583
100 860
100 118
100 3034
100 666
100 5023
100 1995
100 396
100 5178
100 3152
100 1093
100 5493
100 1297
100 170
100 2953
100 1434
100 7281
100 1738
100 4361
100 394
100 5025
100 3299
100 3426
100 1130
100 265
100 449
100 999
100 1452
100 352
100 1256
100 1793
100 528
100 171
100 5444
100 2103
100 5795
100 494
100 707
100 2742
100 2581
100 1008
100 553
100 3761
100 740
100 6542
100 33
100 2338
100 460
100 792
100 814
100 1660
100 3400
100 464
100 2849
100 6798
100 2890
100 2417
100 3097
100 224
100 1121
100 4212
100 2164
100 3586
100 1515
100 2191
100 4285
100 1490
100 125
100 289
100 1010
100 80
100 366
100 441
100 266
100 1358
100 2644
100 278
100 1608
100 5422
100 976
100 8123
100 1239
100 4581
100 568
100 512
100 1623
100 1547
100 3897
100 656
100 275
100 1345
100 469
100 2646
100 1070
100 1909
100 1660
100 93
100 4887
100 429
100 3341
100 1041
100 2458
100 366
100 3932
100 534
100 2865
100 2401
100 2472
100 328
100 110
100 2030
100 460
100 3943
100 912
100 3806
100 9282
100 1469
100 7693
100 3552
100 1684
100 803
100 1952
100 704
100 1403
100 586
100 925
100 1640
100 1603
100 743
100 284
100 2395
100 564
100 2164
100 2614
100 1612
100 1054
100 816
100 802
100 2597
100 184
100 1286
100 464
100 1530
100 707
100 7244
100 116
100 2914
100 5296
100 150
100 1202
100 1110
100 873
100 651
100 562
100 3959
100 639
100 2613
100 260
100 3313
100 3735
100 4668
100 500
100 1429
100 854
100 2748
100 1310
100 1961
100 3623
100 393
100 5114
100 1339
100 4057
100 2218
100 2415
100 1603
100 2576
100 1241
100 120
100 709
100 5028
100 1032
100 884
100 1910
100 2671
100 2454
100 264
100 1015
100 478
100 707
100 1166
100 1556
100 2473
100 4890
100 1727
100 844
100 1137
100 219
100 144
100 407
100 1192
100 74
100 3602
100 6798
100 491
100 2233
100 9222
100 519
100 121
100 992
100 244
100 68
100 976
100 1411
100 1754
100 4815
100 4440
100 249
100 4032
100 4369
100 1317
100 755
100 2825
100 1822
100 23
100 38
100 1678
100 1927
100 1052
100 38
100 3472
100 608
100 301
100 1873
100 2043
100 169
100 1049
100 2987
100 1561
100 314
100 3640
100 177
100 3801
100 2492
100 1273
100 2043
100 3523
100 3940
100 121
100 3193
100 80
100 2992
100 7874
100 3747
100 2102
100 1339
100 3739
100 3513
100 1049
100 11306
100 3146
100 1615
100 3480
100 342
100 1321
100 1956
100 567
100 2070
100 1425
100 297
100 2231
100 4105
100 267
100 2805
100 1132
100 3424
100 897
100 991
100 224
100 999
100 1447
100 2071
100 3809
100 1351
100 1546
100 6647
100 70
100 493
100 591
100 610
100 1725
100 1324
100 1138
100 1269
100 112
100 3321
100 5804
100 2329
100 195
100 267
100 605
100 895
100 533
100 1877
100 1123
100 1192
100 2459
100 1333
100 6337
100 2191
100 2654
100 1095
100 3726
100 3309
100 1433
100 1384
100 2530
100 2022
100 6
100 2204
100 0
100 108
100 2170
100 1342
100 1878
100 2386
100 3528
100 6366
100 472
100 1885
100 1922
100 543
100 1790
100 1988
100 1417
100 5898
100 2585
100 1999
100 1527
100 2107
100 232
100 817
100 703
100 2439
100 1007
100 815
100 4776
100 1021
100 2373
100 1463
100 2204
100 3698
100 4623
100 2484
100 1201
100 1280
100 1203
100 469
100 1137
100 156
100 820
100 2287
100 5599
100 1341
100 535
100 636
100 4952
100 1341
100 3984
100 633
100 1591
100 2006
100 118
100 7529
100 5448
100 790
100 5314
100 3193
100 2941
100 187
100 656
100 369
100 278
100 2823
100 982
100 4294
100 788
100 4706
100 1066
100 374
100 674
100 5033
100 926
100 1796
100 82
100 180
100 7903
100 4211
100 948
100 811
100 925
100 585
100 3296
100 3520
100 838
100 460
100 52
100 647
100 1282
100 1960
100 84
100 285
100 92
100 752
100 605
100 4012
100 209
100 1782
100 7106
100 2738
100 978
100 2146
100 3936
100 3391
100 363
100 2473
100 758
100 37
100 575
100 657
100 234
100 2215
100 336
100 2564
100 451
100 2236
100 65
100 2159
100 96
100 1055
100 2816
100 153
100 1263
100 1356
100 308
100 137
100 1127
100 2771
100 2928
100 4802
100 9010
100 1112
100 3323
100 1006
100 3296
100 1968
100 2042
100 1541
100 174
100 3877
100 2605
100 1536
100 302
100 204
100 2398
100 777
100 700
100 930
100 218
100 4318
100 1017
100 4463
100 1766
100 286
100 2394
100 1783
100 171
100 212
100 7845
100 723
100 2734
100 261
100 1705
100 533
100 213
100 2168
100 2495
100 591
100 4554
100 543
100 263
100 571
100 1260
100 2098
100 1717
100 212
100 1051
100 2027
100 891
100 408
100 344
100 584
100 1880
100 934
100 693
100 174
100 326
100 1211
100 3675
100 4451
100 698
100 1575
100 3
100 184
100 5916
100 974
100 1163
100 724
100 1043
100 7269
100 1683
100 964
100 698
100 3707
100 700
100 674
100 137
100 2051
100 926
100 5206
100 6317
100 512
100 1615
100 7455
100 392
100 63
100 3145
100 814
100 12155
100 788
100 2949
100 7322
100 445
100 3164
100 4159
100 1291
100 197
100 7114
100 3548
100 2184
100 14890
100 2803
100 3590
100 3603
100 570
100 2394
100 34
100 1998
100 15
100 5797
100 5862
100 497
100 1275
100 383
100 380
100 283
100 1127
100 76
100 200
100 281
100 978
100 1838
100 792
100 3408
100 7814
100 1129
100 858
100 143
100 2014
100 1017
100 1126
100 2433
100 2720
100 1301
100 1750
100 115
100 192
100 11773
100 1104
100 3683
100 1889
100 248
100 1047
100 417
100 4637
100 974
100 258
100 1471
100 3250
100 43
100 519
100 4002
100 1821
100 6149
100 1551
100 141
100 361
100 242
100 2025
100 394
100 7001
100 381
100 507
100 1558
100 1172
100 2773
100 133
100 265
100 649
100 529
100 2053
100 1452
100 3541
100 683
100 738
100 3003
100 1825
100 704
100 1368
100 2947
100 5547
100 85
100 438
100 518
100 954
100 1173
100 121
100 4084
100 2654
100 524
100 1332
100 215
100 1652
100 2283
100 11151
100 1085
100 1095
100 509
100 711
100 1505
100 370
100 1149
100 402
100 344
100 1548
100 2655
100 4081
100 184
100 870
100 1209
100 461
100 24
100 778
100 263
100 1737
100 184
100 343
100 894
100 665
100 2503
100 486
100 15
100 8207
100 921
100 395
100 1246
100 172
100 1985
100 222
100 453
100 2442
100 5872
100 2442
100 747
100 2471
100 2468
100 1248
100 519
100 621
100 1373
100 2622
100 4206
100 1087
100 1166
100 4549
100 550
100 4957
100 19
100 785
100 3603
100 2389
100 1684
100 1014
100 1510
100 860
100 2240
100 4367
100 2814
100 82
100 1738
100 2124
100 2593
100 1092
100 385
100 13
100 286
100 1411
100 453
100 1310
100 630
100 616
100 2943
100 1710
100 1639
100 2535
100 3110
100 834
100 84
100 1733
100 1874
100 1947
100 2683
100 4432
100 3256
100 293
100 376
100 329
100 1223
100 4637
100 119
100 3596
100 2058
100 645
100 1269
100 3055
100 1408
100 1839
100 962
100 397
100 1471
100 448
100 3017
100 1748
100 107
100 4839
100 486
100 2882
100 134
100 2136
100 190
100 3918
100 740
100 341
100 669
100 67
100 4227
100 2967
100 2474
100 1580
100 108
100 49
100 458
100 2514
100 319
100 954
100 1284
100 221
100 3575
100 2371
100 643
100 2335
100 3955
100 492
100 2155
100 133
100 12795
100 667
100 1592
100 1165
100 2045
100 1157
100 387
100 893
100 625
100 4060
100 1753
100 956
100 1811
100 3655
100 4509
100 300
100 8573
100 404
100 16
100 1814
100 705
100 51
100 239
100 170
100 1754
100 1946
100 4801
100 1535
100 1739
100 524
100 202
100 413
100 2650
100 2347
100 122
100 423
100 3087
100 1375
100 7708
100 1164
100 8030
100 740
100 3666
100 1919
100 992
100 5801
100 7007
100 391
100 4158
100 91
100 2504
100 1150
100 817
100 1576
100 77
100 946
100 712
100 4389
100 1258
100 235
100 625
100 575
100 225
100 469
100 2058
100 630
100 900
100 203
100 3732
100 6066
100 129
100 11934
100 1154
100 1322
100 721
100 947
100 2184
100 250
100 691
100 1952
100 108
100 3066
100 1967
100 71
100 3132
100 75
100 366
100 2152
100 24
100 3669
100 2014
100 650
100 4257
100 2044
100 1005
100 1097
100 1219
100 171
100 768
100 1041
100 1597
100 204
100 148
100 264
100 817
100 4679
100 934
100 526
100 3754
100 37
100 3976
100 338
100 1914
100 5336
100 8803
100 1609
100 2180
100 1561
100 402
100 579
100 87
100 4071
100 1118
100 796
100 2838
100 1681
100 3012
100 5520
100 1618
100 323
100 508
100 175
100 3019
100 2650
100 5004
100 1401
100 850
100 1157
100 3344
100 1488
100 2355
100 1335
100 351
100 148
100 1167
100 822
100 312
100 5
100 641
100 1655
100 5090
100 818
100 1722
100 1065
100 167
100 1238
100 7496
100 1750
100 582
100 2791
100 1826
100 2962
100 2532
100 2589
100 6020
100 677
100 3355
100 399
100 618
100 747
100 2921
100 302
100 572
100 9403
100 1286
100 6
100 719
100 357
100 204
100 624
100 1790
100 2471
100 753
100 2931
100 2896
100 1545
100 2446
100 241
100 3
100 695
100 3474
100 5213
100 3217
100 974
100 3464
100 3048
100 1774
100 1121
100 966
100 788
100 2334
100 451
100 8467
100 2808
100 2121
100 516
100 6180
100 554
100 517
100 648
100 577
100 1784
100 1543
100 17
100 3312
100 857
100 789
100 415
100 591
100 882
100 4958
100 2353
100 3310
100 50
100 3064
100 2535
100 809
100 2866
100 2959
100 1108
100 2627
100 2551
100 1386
100 496
100 2163
100 4145
100 966
100 5447
100 4556
100 2209
100 512
100 3924
100 59
100 2835
100 379
100 516
100 1124
100 1665
100 389
100 565
100 2917
100 471
100 7703
100 1375
100 1486
100 4549
100 237
100 1034
100 540
100 210
100 251
100 1609
100 21
100 207
100 3348
100 1026
100 1263
100 4612
100 3072
100 3669
100 5531
100 1076
100 124
100 1161
100 7476
100 1450
100 1654
100 1475
100 387
100 215
100 1911
100 1789
100 2615
100 2370
100 110
100 830
100 222
100 368
100 963
100 692
100 172
100 857
100 1003
100 566
100 2157
100 771
100 5421
100 944
100 1205
100 523
100 47
100 3969
100 282
100 1284
100 583
100 2077
100 1763
100 1671
100 1053
100 1273
100 630
100 372
100 2485
100 3903
100 448
100 701
100 793
100 1487
100 614
100 1670
100 133
100 421
100 11
100 2725
100 5369
100 1184
100 2614
100 279
100 6496
100 1639
100 264
100 1083
100 835
100 530
100 1014
100 2628
100 6143
100 454
100 1460
100 690
100 1609
100 646
100 3812
100 3526
100 2636
100 288
100 6724
100 304
100 3048
100 1501
100 2653
100 506
100 93
100 945
100 2825
100 286
100 1605
100 760
100 966
100 1552
100 589
100 1443
100 551
100 541
100 5619
100 546
100 236
100 143
100 540
100 2430
100 1273
100 861
100 290
100 2713
100 856
100 263
100 1193
100 696
100 256
100 46
100 482
100 2126
100 859
100 446
100 247
100 304
100 803
100 699
100 3860
100 83
100 1163
100 1024
100 824
100 321
100 789
100 2498
100 1349
100 618
100 1059
100 2303
100 2822
100 2604
100 281
100 4103
100 322
100 1140
100 413
100 2467
100 410
100 1463
100 557
100 2031
100 436
100 1609
100 99
100 1551
100 4092
100 2224
100 691
100 2048
100 2949
100 217
100 13689
100 3306
100 236
100 2785
100 8237
100 1245
100 1274
100 221
100 188
100 234
100 3084
100 1281
100 495
100 40
100 4292
100 3066
100 2016
100 2522
100 165
100 1268
100 310
100 433
100 1421
100 3992
100 328
100 1416
100 732
100 1977
100 1018
100 152
100 634
100 1859
100 630
100 270
100 4507
100 245
100 712
100 1753
100 8432
100 733
100 3755
100 920
100 5735
100 3017
100 1192
100 5231
100 5082
100 4698
100 5861
100 396
100 849
100 2891
100 1481
100 10561
100 825
100 1727
100 429
100 589
100 25
100 946
100 346
100 606
100 3776
100 255
100 8004
100 2199
100 1686
100 2350
100 2089
100 30
100 1252
100 244
100 1658
100 754
100 2471
100 923
100 1321
100 3671
100 296
100 5257
100 1452
100 2710
100 694
100 92
100 1039
100 2242
100 1807
100 868
100 10976
100 2495
100 2391
100 3619
100 1009
100 3168
100 2174
100 291
100 1712
100 1213
100 5699
100 1954
100 4997
100 15
100 13
100 2227
100 2114
100 612
100 175
100 2139
100 1973
100 513
100 1476
100 1038
100 4493
100 1254
100 1127
100 964
100 274
100 375
100 279
100 312
100 1840
100 652
100 1507
100 2305
100 2495
100 1460
100 2244
100 1921
100 5075
100 703
100 4148
100 449
100 2230
100 12936
100 96
100 493
100 3358
100 689
100 335
100 1056
100 1214
100 444
100 4858
100 2441
100 2925
100 1201
100 276
100 1640
100 1853
100 3183
100 0
100 129
100 1226
100 2234
100 892
100 134
100 4138
100 1908
100 7419
100 974
100 1503
100 1235
100 1054
100 575
100 1227
100 5492
100 2356
100 7557
100 231
100 689
100 1085
100 426
100 213
100 325
100 293
100 4884
100 2795
100 1281
100 1788
100 1
100 2449
100 388
100 1608
100 657
100 1897
100 234
100 4823
100 1342
100 4334
100 3025
100 5488
100 1698
100 9031
100 2507
100 1544
100 340
100 1217
100 821
100 9115
100 1723
100 88
100 1120
100 627
100 2447
100 2638
100 2812
100 399
100 1805
100 2161
100 1091
100 2322
100 296
100 269
100 397
100 202
100 2203
100 65
100 119
100 211
100 4003
100 1800
100 3305
100 456
100 1352
100 1424
100 2201
100 2374
100 1830
100 7692
100 2200
100 1721
100 2823
100 406
100 6393
100 1107
100 139
100 1928
100 2364
100 293
100 834
100 6733
100 2376
100 1194
100 3883
100 4539
100 489
100 397
100 208
100 761
100 301
100 3754
100 101
100 1376
100 895
100 504
100 439
100 215
100 36
100 285
100 7817
100 3168
100 830
100 2702
100 212
100 2237
100 1248
100 915
100 5490
100 78
100 669
100 2759
100 890
100 8923
100 425
100 2645
100 2377
100 3393
100 9055
100 478
100 4050
100 520
100 338
100 947
100 4507
100 78
100 2122
100 73
100 708
100 556
100 1462
100 1037
100 426
100 2370
100 774
100 2553
100 461
100 181
100 316
100 680
100 453
100 1593
100 1088
100 381
100 5999
100 484
100 4437
100 194
100 31
100 4406
100 9923
100 489
100 768
100 916
100 4053
100 4263
100 167
100 514
100 862
100 1512
100 256
100 973
100 1845
100 412
100 1816
100 5188
100 1819
100 263
100 2544
100 2229
100 23
100 130
100 2563
100 5904
100 134
100 1989
100 4675
100 2382
100 1057
100 2935
100 182
100 1053
100 56
100 1521
100 1229
100 83
100 5417
100 2183
100 347
100 45
100 608
100 2921
100 2091
100 2030
100 4561
100 1
100 3817
100 3152
100 1300
100 308
100 957
100 5288
100 1525
100 4296
100 4568
100 828
100 854
100 755
100 80
100 1258
100 1299
100 300
100 1843
100 2604
100 6571
100 5518
100 78
100 331
100 3537
100 835
100 2614
100 227
100 8111
100 3332
100 1093
100 1140
100 361
100 5814
100 233
100 1530
100 2558
100 447
100 1164
100 888
100 3276
100 3460
100 7016
100 572
100 48
100 3424
100 1828
100 1050
100 6135
100 272
100 296
100 6260
100 867
100 6978
100 242
100 1354
100 138
100 125
100 5811
100 67
100 2115
100 2551
100 526
100 3529
100 3247
100 1141
100 673
100 427
100 2552
100 8
100 2258
100 8317
100 2149
100 6978
100 1232
100 3858
100 527
100 2894
100 278
100 5393
100 1516
100 905
100 2024
100 4969
100 2610
100 12533
100 2281
100 3432
100 3574
100 446
100 3759
100 4796
100 2621
100 562
100 715
100 758
100 875
100 31
100 389
100 215
100 1961
100 3055
100 1104
100 1692
100 99
100 1852
100 12403
100 1553
100 35
100 728
100 6818
100 8922
100 935
100 1364
100 1384
100 1455
100 788
100 3555
100 786
100 2539
100 55
100 3218
100 2819
100 3027
100 2443
100 636
100 1694
100 1544
100 1966
100 355
100 2517
100 283
100 590
100 639
100 1182
100 4989
100 1872
100 4240
100 2571
100 2751
100 826
100 3087
100 1360
100 638
100 2881
100 11
100 4938
100 1836
100 1349
100 891
100 1505
100 2257
100 2168
100 1439
100 271
100 3840
100 617
100 245
100 465
100 1867
100 433
100 1427
100 5234
100 1016
100 765
100 3005
100 1787
100 1180
100 1002
100 2710
100 351
100 1591
100 237
100 700
100 6794
100 1484
100 1069
100 1256
100 1658
100 2996
100 2740
100 1818
100 1575
100 2799
100 739
100 1788
100 231
100 2011
100 1634
100 4755
100 408
100 365
100 3338
100 4856
100 1784
100 2114
100 1114
100 647
100 401
100 1039
100 1129
100 102
100 1136
100 2947
100 2258
100 1181
100 42
100 4008
100 86
100 3123
100 1835
100 834
100 7428
100 2026
100 263
100 2600
100 215
100 423
100 287
100 786
100 1598
100 4143
100 446
100 272
100 2980
100 3463
100 191
100 895
100 1284
100 3231
100 904
100 62
100 3526
100 1041
100 1757
100 42
100 3156
100 1796
100 841
100 2040
100 439
100 1354
100 3066
100 456
100 2623
100 1416
100 298
100 1236
100 6080
100 5234
100 2083
100 784
100 429
100 968
100 1401
100 226
100 1913
100 247
100 1439
100 2396
100 1343
100 919
100 451
100 1219
100 1892
100 3343
100 2137
100 688
100 2935
100 1999
100 1334
100 2389
100 535
100 2838
100 138
100 2715
100 2413
100 4553
100 101
100 3781
100 198
100 1004
100 838
100 3196
100 815
100 189
100 4707
100 1035
100 163
100 174
100 3878
100 121
100 1705
100 303
100 484
100 732
100 3980
100 4894
100 2575
100 1444
100 3021
100 2040
100 236
100 513
100 830
100 440
100 1582
100 3107
100 2353
100 211
100 1739
100 186
100 1973
100 177
100 3560
100 1756
100 404
100 2431
100 225
100 1216
100 1713
100 431
100 507
100 646
100 2781
100 23
100 1622
100 38
100 1149
100 3566
100 2107
100 738
100 650
100 3314
100 4299
100 900
100 3785
100 116
100 1799
100 577
100 391
100 2453
100 2324
100 1057
100 426
100 2736
100 1138
100 3371
100 3274
100 3905
100 757
100 328
100 1135
100 2895
100 929
100 117
100 1325
100 116
100 1611
100 6465
100 1023
100 1658
100 3803
100 6197
100 41
100 1191
100 7680
100 2257
100 160
100 1089
100 1727
100 1056
100 80
100 233
100 224
100 189
100 2451
100 2931
100 2632
100 3399
100 1074
100 221
100 1839
100 6550
100 607
100 1740
100 3248
100 1183
100 478
100 1831
100 1510
100 1172
100 3539
100 48
100 2629
100 995
100 1233
100 4210
100 1802
100 5326
100 1167
100 137
100 353
100 4051
100 506
100 4862
100 411
100 1218
100 999
100 6781
100 1486
100 2051
100 1080
100 1363
100 1090
100 1475
100 1881
100 3618
100 451
100 1180
100 6874
100 1615
100 1007
100 211
100 1658
100 1303
100 51
100 982
100 445
100 71
100 3320
100 4087
100 1197
100 982
100 7208
100 1622
100 248
100 1621
100 534
100 599
100 837
100 800
100 3905
100 1250
100 1123
100 1368
100 4732
100 620
100 1149
100 478
100 4028
100 2377
100 406
100 2857
100 645
100 79
100 900
100 2370
100 1030
100 1012
100 81
100 134
100 644
100 1100
100 2892
100 957
100 4377
100 1920
100 1201
100 1078
100 866
100 7009
100 553
100 141
100 1091
100 4316
100 4484
100 1757
100 429
100 1557
100 519
100 874
100 734
100 264
100 379
100 1013
100 2196
100 577
100 2498
100 729
100 6082
100 3977
100 288
100 478
100 4876
100 126
100 1203
100 5042
100 3178
100 435
100 1385
100 1677
100 3184
100 1581
100 1022
100 1693
100 617
100 8325
100 2134
100 1245
100 237
100 604
100 329
100 528
100 993
100 49
100 2803
100 607
100 1025
100 3058
100 6141
100 2325
100 2366
100 1474
100 1290
100 1672
100 1154
100 550
100 1919
100 987
100 1318
100 2279
100 3339
100 3051
100 1438
100 138
100 106
100 5065
100 643
100 3954
100 3728
100 1012
100 807
100 389
100 598
100 5272
100 338
100 1067
100 2337
100 17
100 1554
100 3365
100 1758
100 541
100 1741
100 898
100 2664
100 1215
100 2623
100 325
100 459
100 5026
100 1848
100 477
100 605
100 4743
100 2231
100 3145
100 3044
100 5399
100 558
100 1594
100 4347
100 588
100 1170
100 5771
100 1136
100 1567
100 691
100 5058
100 635
100 1343
100 865
100 4639
100 4218
100 1083
100 1548
100 1121
100 3895
100 4978
100 235
100 1052
100 66
100 655
100 3074
100 689
100 387
100 3177
100 562
100 1178
100 1617
100 630
100 2293
100 164
100 15
100 1344
100 705
100 3911
100 1342
100 1658
100 1166
100 689
100 1234
100 352
100 447
100 6298
100 5541
100 621
100 289
100 4499
100 1236
100 1974
100 376
100 641
100 37
100 6191
100 696
100 852
100 189
100 226
100 1070
100 2689
100 1597
100 1810
100 588
100 822
100 990
100 3699
100 3499
100 327
100 144
100 4628
100 1042
100 1813
100 1159
100 974
100 6794
100 415
100 446
100 1885
100 2586
100 3410
100 1269
100 1435
100 1589
100 5599
100 1240
100 896
100 871
100 1241
100 50
100 8310
100 3443
100 625
100 1374
100 745
100 243
100 2579
100 9623
100 635
100 4625
100 523
100 1884
100 76
100 330
100 5716
100 873
100 587
100 2310
100 3778
100 407
100 990
100 20
100 18
100 892
100 5683
100 1841
100 471
100 3421
100 2454
100 1951
100 158
100 1253
100 1025
100 1113
100 125
100 1073
100 3589
100 7
100 7626
100 860
100 1690
100 522
100 1116
100 1825
100 626
100 634
100 116
100 2437
100 3989
100 819
100 719
100 971
100 959
100 3947
100 3134
100 833
100 8570
100 11
100 3000
100 605
100 1502
100 1752
100 3350
100 1581
100 1173
100 1129
100 546
100 356
100 3680
100 1914
100 4359
100 549
100 4142
100 2121
100 1163
100 1448
100 2630
100 614
100 1047
100 84
100 139
100 2677
100 4142
100 805
100 1320
100 923
100 5100
100 208
100 1247
100 2570
100 1970
100 11365
100 130
100 1481
100 676
100 243
100 1099
100 1443
100 275
100 6994
100 1039
100 863
100 366
100 70
100 2045
100 5878
100 427
100 403
100 722
100 6237
100 6080
100 353
100 2325
100 57
100 826
100 1697
100 2702
100 197
100 3055
100 8063
100 28
100 4566
100 106
100 5237
100 744
100 1040
100 1910
100 1092
100 1103
100 705
100 766
100 1883
100 178
100 3885
100 39
100 1106
100 821
100 2504
100 341
100 2527
100 5801
100 338
100 382
100 568
100 2548
100 3618
100 13644
100 516
100 907
100 354
100 407
100 58
100 3343
100 1109
100 2489
100 4390
100 1893
100 7624
100 241
100 957
100 390
100 1278
100 1047
100 1643
100 161
100 40
100 1211
100 2288
100 789
100 406
100 1319
100 1639
100 603
100 2036
100 4363
100 1018
100 2701
100 4422
100 2055
100 1063
100 5789
100 1046
100 119
100 2558
100 878
100 4248
100 2602
100 128
100 887
100 2689
100 198
100 4347
100 4889
100 4017
100 1787
100 114
100 6281
100 295
100 2583
100 2743
100 199
100 2837
100 2210
100 1963
100 397
100 745
100 7498
100 1270
100 785
100 1103
100 90
100 2864
100 2129
100 453
100 494
100 1592
100 684
100 491
100 3146
100 6404
100 732
100 1219
100 4568
100 1001
100 1267
100 317
100 1132
100 1630
100 477
100 621
100 2420
100 1575
100 686
100 378
100 2035
100 2423
100 965
100 3122
100 65
100 1228
100 1247
100 4334
100 1169
100 1122
100 2934
100 1691
100 1109
100 545
100 673
100 6751
100 5425
100 14
100 2762
100 367
100 267
100 3149
100 424
100 1997
100 3959
100 10761
100 2587
100 2729
100 5148
100 1848
100 594
100 728
100 1071
100 446
100 1245
100 2601
100 1392
100 320
100 2073
100 3749
100 1782
100 842
100 942
100 504
100 1051
100 1082
100 4541
100 932
100 5275
100 1162
100 2102
100 807
100 226
100 1156
100 2633
100 1234
100 5328
100 457
100 311
100 2397
100 263
100 2973
100 405
100 2797
100 2574
100 2020
100 1800
100 8524
100 2104
100 3373
100 3892
100 3243
100 87
100 1425
100 1203
100 78
100 298
100 1650
100 1536
100 4004
100 130
100 379
100 634
100 4133
100 1098
100 647
100 366
100 1384
100 337
100 550
100 481
100 5771
100 1411
100 224
100 480
100 5227
100 996
100 457
100 793
100 314
100 950
100 387
100 121
100 4289
100 890
100 1970
100 2488
100 36
100 200
100 1926
100 485
100 837
100 574
100 6529
100 910
100 2545
100 2689
100 31
100 1204
100 1911
100 694
100 2286
100 4607
100 57
100 834
100 0
100 294
100 681
100 3369
100 1336
100 5152
100 4694
100 243
100 794
100 1269
100 697
100 1480
100 2651
100 3039
100 1184
100 4153
100 2653
100 3046
100 3176
100 2971
100 2506
100 1623
100 1236
100 1633
100 4762
100 740
100 708
100 10595
100 259
100 6767
100 4051
100 681
100 3336
100 3261
100 7341
100 70
100 50
100 592
100 5980
100 3558
100 3800
100 1593
100 1499
100 3100
100 665
100 111
100 1455
100 427
100 771
100 1055
100 1586
100 2462
100 1262
100 41
100 543
100 2711
100 3972
100 481
100 3487
100 224
100 1587
100 5944
100 150
100 1046
100 1009
100 412
100 3684
100 1488
100 390
100 833
100 317
100 1496
100 1235
100 3012
100 3503
100 2899
100 1184
100 298
100 1071
100 212
100 956
100 690
100 6604
100 2537
100 585
100 1827
100 201
100 1531
100 1145
100 4097
100 1273
100 2270
100 1403
100 6530
100 201
100 1545
100 3730
100 676
100 4263
100 3564
100 446
100 154
100 1008
100 1222
100 1264
100 1049
100 55
100 3310
100 808
100 2562
100 1865
100 377
100 865
100 3503
100 1094
100 5012
100 1671
100 1032
100 458
100 1048
100 839
100 1074
100 5157
100 160
100 568
100 2141
100 1002
100 4810
100 5640
100 2163
100 5521
100 6376
100 4426
100 3251
100 562
100 2868
100 1750
100 121
100 2296
100 3595
100 2274
100 5416
100 470
100 4898
100 2311
100 637
100 396
100 2114
100 1055
100 1131
100 2378
100 1137
100 1325
100 29
100 4378
100 383
100 25
100 1453
100 783
100 717
100 2125
100 1427
100 264
100 900
100 4147
100 3578
100 775
100 738
100 1765
100 4391
100 3994
100 107
100 4958
100 1056
100 1945
100 584
100 495
100 14
100 437
100 1078
100 2725
100 901
100 402
100 533
100 697
100 548
100 2307
100 495
100 7367
100 2167
100 814
100 2655
100 10319
100 1436
100 736
100 1513
100 483
100 429
100 759
100 900
100 4097
100 750
100 1087
100 1520
100 2086
100 7667
100 4858
100 4868
100 208
100 53
100 2015
100 209
100 6880
100 11790
100 1473
100 323
100 408
100 3047
100 164
100 436
100 843
100 1083
100 657
100 532
100 2223
100 3073
100 1442
100 4067
100 1730
100 825
100 2504
100 1360
100 51
100 368
100 3538
100 137
100 1505
100 1761
100 457
100 29
100 1036
100 10706
100 530
100 358
100 374
100 2625
100 425
100 2408
100 168
100 909
100 195
100 1232
100 772
100 4051
100 1221
100 625
100 367
100 465
100 3214
100 2348
100 1195
100 543
100 488
100 61
100 2734
100 1420
100 855
100 14
100 1807
100 1984
100 2686
100 2330
100 1321
100 696
100 2643
100 1568
100 5175
100 1067
100 734
100 3732
100 1531
100 1114
100 1564
100 239
100 146
100 698
100 2124
100 1008
100 105
100 1714
100 220
100 1533
100 1487
100 7541
100 1023
100 2108
100 411
100 2096
100 660
100 3617
100 397
100 1984
100 415
100 1164
100 4920
100 2580
100 333
100 165
100 17
100 1425
100 4457
100 890
100 119
100 3083
100 1530
100 1990
100 248
100 110
100 737
100 1160
100 35
100 729
100 920
100 1374
100 438
100 97
100 85
100 811
100 5102
100 4840
100 1357
100 58
100 1009
100 4347
100 570
100 1354
100 3578
100 1172
100 942
100 1677
100 2815
100 983
100 86
100 1698
100 4021
100 1945
100 1527
100 473
100 852
100 4012
100 1642
100 2918
100 885
100 437
100 841
100 1431
100 548
100 1163
100 129
100 2410
100 951
100 1492
100 6274
100 789
100 300
100 2286
100 4422
100 1454
100 8135
100 295
100 482
100 319
100 1761
100 414
100 2800
100 275
100 2212
100 2320
100 1827
100 1461
100 5802
100 1121
100 308
100 3241
100 61
100 1295
100 3280
100 174
100 1201
100 833
100 1254
100 1943
100 2962
100 6082
100 2291
100 3395
100 967
100 1393
100 2111
100 604
100 97
100 9399
100 4353
100 2408
100 1590
100 1132
100 639
100 1624
100 2724
100 2344
100 1419
100 1061
100 1749
100 634
100 789
100 869
100 975
100 788
100 775
100 3765
100 27
100 4325
100 41
100 6417
100 555
100 1112
100 1970
100 3574
100 2570
100 2106
100 1577
100 203
100 2002
100 5526
100 1172
100 4290
100 1948
100 529
100 46
100 845
100 100
100 2028
100 1257
100 446
100 5317
100 2303
100 945
100 1958
100 2559
100 350
100 2103
100 4824
100 78
100 251
100 3008
100 2560
100 6840
100 71
100 6091
100 22
100 185
100 239
100 253
100 4005
100 1405
100 827
100 158
100 1738
100 4496
100 2069
100 1877
100 2353
100 11
100 2917
100 2314
100 4523
100 996
100 958
100 6829
100 763
100 1142
100 655
100 774
100 3119
100 5924
100 410
100 192
100 3411
100 289
100 93
100 1527
100 2711
100 1440
100 1437
100 2411
100 614
100 123
100 8
100 132
100 1548
100 2651
100 1666
100 88
100 328
100 3222
100 3726
100 644
100 4100
100 3125
100 3661
100 4904
100 2988
100 796
100 10
100 2128
100 2181
100 1500
100 1233
100 91
100 182
100 648
100 2192
100 1161
100 103
100 303
100 673
100 3938
100 498
100 3134
100 417
100 1613
100 13
100 68
100 708
100 258
100 455
100 455
100 181
100 653
100 1477
100 5447
100 815
100 2721
100 2854
100 59
100 1074
100 1847
100 4490
100 220
100 380
100 6525
100 166
100 7427
100 1715
100 278
100 1208
100 2399
100 860
100 2410
100 2220
100 9405
100 1419
100 414
100 842
100 225
100 2714
100 220
100 3696
100 4498
100 1030
100 1243
100 159
100 306
100 711
100 4141
100 2794
100 1376
100 632
100 218
100 1062
100 763
100 811
100 1173
100 155
100 3534
100 6043
100 3882
100 1100
100 165
100 2010
100 2839
100 941
100 2032
100 511
100 571
100 1520
100 2044
100 346
100 4101
100 2971
100 3369
100 395
100 1638
100 1358
100 1216
100 1137
100 1248
100 1770
100 1195
100 2291
100 1894
100 402
100 26
100 1658
100 2063
100 841
100 147
100 1295
100 4291
100 2638
100 1901
100 997
100 1950
100 2540
100 657
100 66
100 3758
100 421
100 9911
100 265
100 2481
100 4416
100 588
100 747
100 1733
100 745
100 507
100 2292
100 1990
100 911
100 935
100 2027
100 939
100 527
100 4610
100 374
100 957
100 1877
100 3420
100 841
100 1584
100 575
100 247
100 4016
100 650
100 408
100 536
100 2481
100 2390
100 324
100 153
100 1607
100 2935
100 45
100 3865
100 2392
100 6796
100 24
100 2025
100 3469
100 1110
100 70
100 1505
100 209
100 545
100 3906
100 153
100 170
100 362
100 4169
100 635
100 6095
100 3679
100 181
100 75
100 1852
100 884
100 475
100 4929
100 5347
100 296
100 658
100 4134
100 395
100 6739
100 1183
100 3088
100 256
100 695
100 1201
100 8920
100 125
100 1165
100 9
100 8681
100 1278
100 952
100 595
100 583
100 1273
100 725
100 1358
100 738
100 3704
100 8580
100 695
100 1077
100 4155
100 1656
100 840
100 103
100 185
100 1569
100 2110
100 1955
100 3498
100 4586
100 2329
100 1486
100 703
100 1106
100 6560
100 2418
100 558
100 63
100 2661
100 2330
100 2520
100 2483
100 777
100 4427
100 323
100 174
100 8032
100 542
100 2288
100 3425
100 466
100 730
100 4132
100 1062
100 4739
100 2545
100 789
100 695
100 1004
100 2042
100 2689
100 1088
100 4249
100 2605
100 1401
100 3993
100 2920
100 31
100 34
100 565
100 1114
100 99
100 503
100 1634
100 2065
100 1768
100 1082
100 752
100 1061
100 2726
100 329
100 162
100 2532
100 1635
100 409
100 1473
100 1924
100 610
100 2867
100 2563
100 780
100 2406
100 524
100 375
100 176
100 1946
100 1450
100 794
100 2722
100 1234
100 569
100 1477
100 1795
100 1050
100 1349
100 6597
100 194
100 144
100 1137
100 5883
100 591
100 378
100 96
100 702
100 3054
100 361
100 6290
100 1990
100 5125
100 2814
100 4425
100 5043
100 7324
100 254
100 4578
100 282
100 3676
100 1273
100 51
100 1429
100 634
100 1046
100 579
100 208
100 3594
100 3388
100 684
100 555
100 1606
100 244
100 65
100 780
100 937
100 214
100 235
100 298
100 7623
100 203
100 7407
100 8259
100 2112
100 5183
100 2219
100 5818
100 6735
100 394
100 54
100 3421
100 1657
100 419
100 3483
100 5157
100 787
100 1956
100 4633
100 2211
100 263
100 3322
100 2226
100 826
100 347
100 1543
100 891
100 18
100 1022
100 196
100 3856
100 854
100 941
100 306
100 2947
100 1846
100 4579
100 1622
100 450
100 481
100 2
100 676
100 1871
100 6557
100 458
100 432
100 692
100 3717
100 817
100 3586
100 541
100 1873
100 3518
100 5446
100 787
100 164
100 616
100 3511
100 972
100 101
100 2482
100 33
100 592
100 4510
100 4309
100 9418
100 1178
100 522
100 472
100 1484
100 175
100 821
100 2424
100 1284
100 404
100 3100
100 1076
100 2239
100 1408
100 3446
100 2587
100 2013
100 36
100 3861
100 1200
100 1295
100 183
100 954
100 229
100 1679
100 3869
100 7125
100 1273
100 248
100 2129
100 3121
100 2275
100 2705
100 1549
100 800
100 86
100 883
100 605
100 1905
100 1956
100 1992
100 947
100 2366
100 1793
100 5183
100 7831
100 356
100 1355
100 3427
100 1069
100 1806
100 2841
100 1578
100 1843
100 1782
100 1372
100 2241
100 254
100 2209
100 713
100 1167
100 77
100 2055
100 2413
100 4
100 1047
100 1323
100 57
100 1297
100 3066
100 2346
100 1398
100 1488
100 862
100 196
100 6478
100 173
100 4968
100 1462
100 844
100 877
100 286
100 339
100 617
100 1550
100 161
100 4237
100 520
100 2442
100 562
100 740
100 2446
100 4929
100 227
100 1139
100 3448
100 2014
100 1092
100 3042
100 10534
100 5090
100 109
100 3811
100 8320
100 758
100 1576
100 307
100 689
100 1428
100 511
100 6737
100 696
100 741
100 135
100 3035
100 4266
100 2280
100 452
100 883
100 2548
100 5904
100 437
100 2279
100 131
100 214
100 874
100 1855
100 234
100 1182
100 3010
100 23
100 705
100 1874
100 2332
100 1498
100 186
100 35
100 1806
100 1489
100 4900
100 4320
100 792
100 4983
100 2390
100 272
100 85
100 621
100 2738
100 843
100 3544
100 933
100 3111
100 376
100 2140
100 3043
100 750
100 4436
100 1152
100 1243
100 1481
100 7298
100 1435
100 2758
100 2248
100 1152
100 1043
100 548
100 4677
100 861
100 1874
100 3503
100 710
100 803
100 128
100 1367
100 1415
100 5675
100 3830
100 297
100 2239
100 3445
100 3496
100 4
100 1968
100 89
100 1917
100 5320
100 2905
100 603
100 706
100 6285
100 246
100 501
100 4368
100 3349
100 751
100 213
100 200
100 3061
100 862
100 1902
100 1761
100 1431
100 13
100 111
100 7
100 4012
100 1790
100 1539
100 414
100 1240
100 2456
100 2573
100 1844
100 249
100 289
100 70
100 825
100 736
100 7772
100 1865
100 352
100 641
100 969
100 291
100 1526
100 197
100 3105
100 450
100 393
100 651
100 462
100 1107
100 958
100 1854
100 849
100 577
100 422
100 4843
100 1211
100 802
100 2099
100 5756
100 963
100 3598
100 1066
100 1208
100 3561
100 4160
100 811
100 358
100 2879
100 4747
100 2837
100 225
100 1971
100 2157
100 726
100 6626
100 96
100 583
100 1428
100 90
100 448
100 811
100 1474
100 480
100 2513
100 1001
100 7376
100 449
100 851
100 844
100 1865
100 1142
100 2339
100 5084
100 327
100 1599
100 4957
100 2011
100 1939
100 1045
100 3027
100 391
100 170
100 3211
100 2155
100 950
100 672
100 4050
100 1299
100 402
100 675
100 4347
100 286
100 1748
100 3214
100 883
100 2807
100 334
100 1666
100 814
100 5022
100 977
100 1911
100 1617
100 1218
100 810
100 2391
100 1104
100 6481
100 9261
100 895
100 2602
100 1881
100 258
100 1689
100 1626
100 1685
100 21
100 2713
100 644
100 4303
100 32
100 416
100 3728
100 1586
100 2961
100 570
100 246
100 3691
100 1164
100 752
100 2643
100 523
100 1044
100 117
100 1803
100 2325
100 520
100 1754
100 6485
100 1101
100 679
100 114
100 117
100 1542
100 1797
100 350
100 1377
100 1261
100 1129
100 313
100 346
100 3541
100 2192
100 4723
100 1544
100 1322
100 545
100 1314
100 298
100 706
100 5
100 256
100 3849
100 10440
100 590
100 820
100 501
100 1599
100 4076
100 1195
100 2523
100 539
100 567
100 606
100 1125
100 2462
100 1243
100 559
100 2563
100 1633
100 1303
100 3213
100 1803
100 802
100 820
100 175
100 240
100 185
100 1079
100 223
100 3283
100 237
100 2619
100 2628
100 2215
100 2166
100 1339
100 275
100 3102
100 280
100 608
100 877
100 533
100 546
100 347
100 2940
100 2048
100 363
100 1097
100 2113
100 1488
100 445
100 1303
100 3899
100 2961
100 1090
100 738
100 1326
100 6211
100 33
100 1848
100 1329
100 612
100 64
100 1594
100 850
100 925
100 2630
100 2154
100 200
100 241
100 9474
100 484
100 716
100 204
100 2980
100 38
100 509
100 5454
100 3490
100 338
100 1361
100 145
100 2809
100 434
100 1211
100 137
100 1068
100 4540
100 521
100 1347
100 133
100 3325
100 937
100 2241
100 2673
100 1986
100 805
100 2912
100 3474
100 4541
100 206
100 661
100 2263
100 19
100 1876
100 7178
100 703
100 229
100 2463
100 1244
100 2044
100 1081
100 462
100 1679
100 6416
100 257
100 65
100 1250
100 3694
100 119
100 815
100 3246
100 4227
100 6186
100 3192
100 2662
100 316
100 681
100 438
100 3135
100 2108
100 2438
100 2010
100 2478
100 154
100 448
100 560
100 321
100 182
100 408
100 2167
100 272
100 1933
100 641
100 4606
100 1660
100 194
100 2269
100 10
100 2750
100 3345
100 12
100 6230
100 632
100 1436
100 1315
100 823
100 1510
100 1286
100 166
100 11634
100 97
100 98
100 1737
100 459
100 65
100 2443
100 455
100 1059
100 2716
100 5980
100 440
100 1524
100 1999
100 821
100 1976
100 753
100 2200
100 946
100 1682
100 786
100 4187
100 2104
100 591
100 6
100 2368
100 4632
100 1847
100 421
100 3299
100 3725
100 4571
100 425
100 4426
100 2020
100 645
100 686
100 1328
100 564
100 3396
100 138
100 689
100 2389
100 448
100 1266
100 2677
100 7177
100 1053
100 56
100 43
100 2618
100 2104
100 1033
100 3075
100 137
100 214
100 422
100 366
100 2025
100 4380
100 541
100 1952
100 54
100 1364
100 2029
100 445
100 2583
100 2798
100 7666
100 2083
100 3630
100 2582
100 3208
100 2046
100 6261
100 2322
100 1554
100 976
100 1028
100 2203
100 1635
100 2615
100 1010
100 1798
100 3540
100 99
100 395
100 666
100 2017
100 7
100 528
100 1338
100 2248
100 2306
100 1989
100 958
100 516
100 109
100 999
100 1176
100 1096
100 835
100 681
100 478
100 2030
100 726
100 148
100 1904
100 843
100 974
100 2974
100 18
100 3857
100 3672
100 960
100 170
100 6449
100 467
100 1317
100 469
100 981
100 3378
100 1387
100 1007
100 2019
100 921
100 6529
100 3952
100 83
100 7773
100 300
100 120
100 3694
100 5978
100 2434
100 548
100 5403
100 1800
100 2910
100 1106
100 818
100 939
100 1261
100 3924
100 543
100 5291
100 4338
100 1867
100 2244
100 978
100 3967
100 2126
100 577
100 2456
100 1115
100 2901
100 255
100 212
100 2902
100 3957
100 772
100 1198
100 159
100 138
100 815
100 5344
100 956
100 698
100 1731
100 2547
100 1651
100 2153
100 1171
100 583
100 695
100 276
100 1533
100 1330
100 1914
100 2427
100 781
100 696
100 380
100 14193
100 790
100 2173
100 1360
100 826
100 5488
100 439
100 3465
100 1369
100 2355
100 1896
100 1070
100 354
100 1309
100 995
100 437
100 456
100 294
100 738
100 920
100 1989
100 3815
100 838
100 809
100 1083
100 2258
100 626
100 1838
100 1024
100 2013
100 2120
100 1134
100 262
100 2096
100 743
100 3751
100 423
100 2377
100 3206
100 790
100 1183
100 206
100 695
100 984
100 1734
100 1717
100 388
100 3395
100 2057
100 2179
100 508
100 904
100 908
100 482
100 2467
100 2276
100 1896
100 561
100 928
100 116
100 7258
100 2003
100 368
100 5411
100 497
100 2274
100 1670
100 1508
100 1673
100 257
100 441
100 1901
100 7323
100 83
100 1904
100 3419
100 1614
100 766
100 401
100 3939
100 1935
100 3191
100 150
100 1497
100 2434
100 2632
100 798
100 1534
100 8643
100 1483
100 1514
100 4217
100 1003
100 56
100 1548
100 1280
100 669
100 1652
100 442
100 321
100 4296
100 3590
100 2494
100 4177
100 222
100 1293
100 1146
100 702
100 261
100 334
100 391
100 3351
100 2556
100 3924
100 3202
100 2604
100 901
100 438
100 1799
100 2454
100 655
100 912
100 7644
100 4124
100 2707
100 1905
100 3398
100 5030
100 387
100 2871
100 2449
100 2803
100 396
100 1044
100 2597
100 2423
100 663
100 177
100 1304
100 3258
100 72
100 1020
100 82
100 977
100 6040
100 149
100 2272
100 308
100 3371
100 4178
100 3354
100 2907
100 844
100 1696
100 228
100 2118
100 3623
100 312
100 2414
100 2581
100 4425
100 410
100 907
100 3983
100 3772
100 5
100 1001
100 2198
100 1409
100 660
100 1701
100 2806
100 1014
100 846
100 709
100 341
100 2922
100 449
100 1725
100 1105
100 1313
100 1338
100 1113
100 163
100 503
100 1406
100 512
100 997
100 759
100 1978
100 4018
100 177
100 598
100 1573
100 1260
100 5778
100 137
100 942
100 2367
100 6699
100 5173
100 3055
100 128
100 1360
100 1907
100 141
100 482
100 2284
100 2805
100 5182
100 3127
100 1137
100 18
100 2040
100 4190
100 2184
100 2878
100 1550
100 3987
100 4457
100 556
100 604
100 1895
100 3128
100 5397
100 4372
100 1046
100 2713
100 3405
100 2640
100 1267
100 1490
100 635
100 8988
100 1244
100 1871
100 929
100 761
100 260
100 1059
100 3037
100 5043
100 966
100 687
100 1207
100 369
100 1378
100 1936
100 460
100 1743
100 1875
100 750
100 850
100 2612
100 718
100 2399
100 3227
100 6168
100 1872
100 1576
100 674
100 1472
100 512
100 4962
100 3313
100 13858
100 2838
100 480
100 1358
100 522
100 815
100 6013
100 8348
100 574
100 1236
100 3506
100 484
100 1465
100 155
100 1609
100 430
100 8934
100 1608
100 2250
100 1144
100 2837
100 9
100 4838
100 739
100 186
100 8842
100 127
100 214
100 743
100 1011
100 201
100 795
100 497
100 250
100 541
100 439
100 503
100 39
100 16
100 288
100 2118
100 367
100 384
100 7556
100 2803
100 419
100 867
100 3350
100 2649
100 1144
100 1905
100 666
100 1036
100 1058
100 4578
100 190
100 1318
100 980
100 2093
100 229
100 421
100 1695
100 1501
100 1049
100 1262
100 1631
100 2902
100 597
100 806
100 299
100 427
100 2011
100 1121
100 1472
100 3310
100 2533
100 981
100 2032
100 346
100 216
100 6
100 1507
100 4833
100 878
100 814
100 678
100 1021
100 6775
100 2112
100 1792
100 6515
100 65
100 750
100 2786
100 842
100 256
100 886
100 17
100 552
100 839
100 4168
100 1341
100 8875
100 1208
100 605
100 2059
100 445
100 1160
100 319
100 4529
100 4607
100 244
100 859
100 412
100 910
100 3027
100 2231
100 5545
100 200
100 699
100 7087
100 1164
100 776
100 3127
100 2559
100 1827
100 32
100 2835
100 103
100 4450
100 2864
100 288
100 2525
100 3995
100 190
100 913
100 557
100 1245
100 4952
100 1080
100 4130
100 1083
100 3327
100 2633
100 823
100 2393
100 33
100 1800
100 666
100 547
100 2382
100 3856
100 1612
100 481
100 4101
100 4408
100 5261
100 35
100 1880
100 1109
100 329
100 670
100 3442
100 181
100 2050
100 48
100 156
100 4119
100 1627
100 567
100 1701
100 1936
100 2716
100 6823
100 1245
100 1991
100 1436
100 852
100 732
100 869
100 299
100 2628
100 1250
100 887
100 1714
100 3073
100 313
100 86
100 1514
100 307
100 1089
100 1641
100 3751
100 1192
100 616
100 77
100 6396
100 1480
100 1642
100 30
100 751
100 1974
100 567
100 586
100 1536
100 532
100 2267
100 879
100 8877
100 381
100 5416
100 5800
100 1746
100 46
100 311
100 1178
100 336
100 184
100 4571
100 1667
100 1085
100 284
100 57
100 0
100 2265
100 2236
100 1261
100 3229
100 613
100 2538
100 497
100 665
100 1073
100 328
100 2254
100 146
100 475
100 781
100 5153
100 1032
100 502
100 2075
100 1916
100 1179
100 632
100 476
100 692
100 5424
100 1039
100 1584
100 218
100 28
100 1709
100 964
100 11
100 4922
100 2620
100 1224
100 425
100 522
100 2082
100 2411
100 3773
100 3546
100 80
100 781
100 1322
100 396
100 385
100 1425
100 1854
100 1193
100 4248
100 4540
100 4283
100 1595
100 2434
100 939
100 654
100 1414
100 464
100 998
100 3773
100 3406
100 3956
100 4423
100 1219
100 107
100 338
100 175
100 834
100 667
100 1730
100 869
100 1750
100 247
100 205
100 2492
100 1655
100 850
100 508
100 948
100 1283
100 5445
100 3337
100 534
100 3652
100 12
100 630
100 249
100 2205
100 521
100 1183
100 472
100 775
100 2278
100 1476
100 1319
100 651
100 4458
100 558
100 1486
100 2911
100 866
100 924
100 4384
100 4193
100 1297
100 1493
100 108
100 2264
100 447
100 620
100 1266
100 2151
100 2883
100 272
100 920
100 263
100 1547
100 1006
100 829
100 1669
100 1740
100 461
100 485
100 5436
100 284
100 123
100 1340
100 2606
100 354
100 894
100 5591
100 950
100 18
100 910
100 3797
100 17
100 747
100 1624
100 3873
100 1187
100 1682
100 324
100 929
100 131
100 994
100 1132
100 649
100 1022
100 1447
100 1269
100 418
100 2375
100 127
100 373
100 1280
100 1970
100 955
100 705
100 653
100 2246
100 3039
100 4631
100 2914
100 1910
100 1357
100 74
100 1553
100 112
100 178
100 124
100 1750
100 1366
100 4505
100 3235
100 139
100 461
100 7736
100 1955
100 3220
100 4257
100 461
100 87
100 426
100 2879
100 3129
100 1196
100 37
100 2748
100 814
100 927
100 659
100 880
100 5476
100 10990
100 4772
100 1147
100 111
100 1879
100 4983
100 1
100 2735
100 2075
100 1649
100 4037
100 263
100 649
100 1497
100 408
100 2308
100 1990
100 1341
100 220
100 2066
100 16
100 9237
100 1088
100 195
100 6448
100 3465
100 4141
100 2234
100 1629
100 1425
100 2483
100 2799
100 1060
100 2201
100 2470
100 1881
100 2562
100 1041
100 3901
100 1212
100 1062
100 342
100 1769
100 788
100 1794
100 165
100 1261
100 825
100 1918
100 688
100 4611
100 131
100 207
100 1125
100 74
100 8
100 1891
100 1030
100 4030
100 145
100 5885
100 1624
100 1420
100 3029
100 1333
100 228
100 5653
100 334
100 4874
100 300
100 6775
100 2270
100 685
100 518
100 4340
100 863
100 3738
100 532
100 3345
100 320
100 142
100 7387
100 1139
100 1730
100 707
100 1861
100 866
100 163
100 175
100 4014
100 3737
100 1014
100 68
100 218
100 518
100 2608
100 721
100 611
100 3035
100 8771
100 1616
100 3388
100 695
100 2387
100 589
100 2123
100 602
100 1333
100 135
100 2468
100 2360
100 903
100 36
100 769
100 6406
100 2456
100 1409
100 498
100 1153
100 191
100 1215
100 3097
100 4457
100 27
100 3527
100 1989
100 2543
100 543
100 13439
100 828
100 284
100 6130
100 1199
100 2794
100 8556
100 865
100 2084
100 516
100 1173
100 206
100 4583
100 171
100 6
100 1742
100 850
100 86
100 1723
100 264
100 3768
100 2102
100 638
100 245
100 221
100 4003
100 2538
100 1921
100 3404
100 9714
100 1894
100 146
100 108
100 1033
100 827
100 4934
100 5227
100 1129
100 5005
100 4128
100 400
100 1385
100 3008
100 4990
100 3841
100 1585
100 3578
100 4596
100 4235
100 4578
100 1566
100 1720
100 2659
100 2203
100 875
100 365
100 3482
100 1965
100 238
100 1323
100 422
100 3197
100 3880
100 3344
100 560
100 290
100 1696
100 1995
100 476
100 638
100 1001
100 309
100 1573
100 54
100 1375
100 888
100 1846
100 4418
100 10215
100 235
100 1475
100 357
100 2776
100 1431
100 837
100 897
100 2434
100 2549
100 125
100 2758
100 557
100 620
100 66
100 1009
100 350
100 1960
100 496
100 202
100 828
100 1242
100 857
100 311
100 5036
100 928
100 782
100 1842
100 2697
100 156
100 849
100 63
100 2306
100 4248
100 1511
100 448
100 328
100 825
100 513
100 4337
100 250
100 4506
100 900
100 3407
100 4879
100 889
100 5548
100 1564
100 3320
100 572
100 2141
100 6302
100 1728
100 48
100 1283
100 1799
100 32
100 2615
100 2844
100 11423
100 702
100 801
100 427
100 545
100 8590
100 2578
100 1208
100 50
100 6415
100 381
100 677
100 253
100 630
100 1593
100 1222
100 1880
100 4046
100 1609
100 3107
100 1307
100 2386
100 5480
100 730
100 3873
100 472
100 911
100 275
100 1336
100 2309
100 5996
100 5421
100 1060
100 250
100 1504
100 2644
100 1438
100 1193
100 1871
100 4816
100 620
100 2658
100 1367
100 3128
100 1619
100 3778
100 1991
100 249
100 5769
100 1859
100 798
100 105
100 489
100 2212
100 396
100 427
100 4860
100 1444
100 5845
100 697
100 4397
100 1789
100 971
100 1518
100 2230
100 658
100 5229
100 1498
100 63
100 2843
100 2390
100 357
100 218
100 2430
100 1397
100 3403
100 1658
100 1221
100 305
100 3386
100 3447
100 458
100 2537
100 5747
100 1527
100 1110
100 481
100 183
100 1143
100 116
100 1800
100 4662
100 2453
100 2643
100 1449
100 274
100 500
100 1551
100 3948
100 7471
100 5490
100 3869
100 594
100 3900
100 949
100 986
100 7333
100 3049
100 437
100 5104
100 2068
100 1373
100 1286
100 4800
100 2476
100 2191
100 727
100 2711
100 1690
100 1251
100 2048
100 3148
100 184
100 2604
100 10905
100 3620
100 2624
100 1807
100 3882
100 147
100 11056
100 401
100 3937
100 28
100 886
100 1569
100 2141
100 2213
100 1020
100 1389
100 104
100 2058
100 809
100 1121
100 5587
100 595
100 4771
100 255
100 2033
100 906
100 1152
100 1102
100 2490
100 313
100 1128
100 8848
100 908
100 2135
100 8665
100 1522
100 692
100 2661
100 755
100 5495
100 4678
100 6870
100 1881
100 176
100 213
100 1337
100 481
100 385
100 984
100 262
100 420
100 7233
100 554
100 1773
100 1927
100 4830
100 211
100 1848
100 2389
100 1397
100 858
100 1052
100 493
100 617
100 757
100 56
100 572
100 9262
100 299
100 2748
100 66
100 1108
100 1040
100 5474
100 5797
100 1238
100 613
100 5969
100 482
100 898
100 946
100 164
100 58
100 181
100 976
100 2090
100 798
100 6479
100 488
100 6776
100 5881
100 1467
100 892
100 3226
100 1429
100 3169
100 1253
100 3089
100 3625
100 705
100 2185
100 602
100 137
100 2558
100 1532
100 3019
100 289
100 8731
100 10939
100 3704
100 991
100 1601
100 225
100 3843
100 1704
100 17
100 2749
100 1961
100 2788
100 4286
100 718
100 7893
100 3282
100 1910
100 1360
100 829
100 2067
100 2748
100 397
100 55
100 2920
100 137
100 2430
100 156
100 261
100 218
100 1031
100 2071
100 3
100 1909
100 845
100 5077
100 1907
100 8705
100 891
100 805
100 784
100 1441
100 993
100 165
100 3309
100 161
100 743
100 2738
100 2838
100 333
100 571
100 2886
100 1164
100 1493
100 2651
100 561
100 310
100 23
100 1887
100 9718
100 3400
100 1380
100 307
100 1372
100 14
100 3374
100 2322
100 7399
100 1261
100 892
100 3829
100 844
100 1186
100 2883
100 3678
100 358
100 76
100 43
100 1230
100 157
100 4140
100 5
100 687
100 718
100 462
100 301
100 275
100 2189
100 3872
100 2208
100 4225
100 3478
100 49
100 2283
100 1427
100 64
100 342
100 959
100 3075
100 403
100 137
100 132
100 1628
100 70
100 939
100 1025
100 1638
100 3273
100 3500
100 8
100 3320
100 621
100 2302
100 4742
100 1607
100 2745
100 655
100 1128
100 4356
100 246
100 110
100 3302
100 3189
100 627
100 2867
100 2933
100 931
100 175
100 4148
100 1306
100 1122
100 6894
100 134
100 2697
100 2133
100 660
100 115
100 4007
100 2095
100 2543
100 63
100 953
100 1885
100 705
100 930
100 713
100 827
100 365
100 1542
100 1139
100 2686
100 36
100 3020
100 3191
100 2052
100 1382
100 2479
100 324
100 1268
100 6200
100 3775
100 400
100 4498
100 639
100 3697
100 697
100 99
100 3926
100 2334
100 890
100 1888
100 2298
100 6480
100 316
100 44
100 338
100 1774
100 273
100 8
100 3334
100 3233
100 5448
100 505
100 4181
100 2251
100 238
100 1845
100 3184
100 1362
100 1828
100 2027
100 565
100 228
100 794
100 165
100 2468
100 175
100 2341
100 1790
100 2652
100 2283
100 1274
100 402
100 540
100 47
100 3846
100 1169
100 1141
100 1813
100 1563
100 6292
100 8086
100 3716
100 427
100 382
100 2107
100 3429
100 366
100 2652
100 747
100 1380
100 2042
100 1691
100 357
100 439
100 1216
100 1986
100 2470
100 1149
100 4769
100 1782
100 2340
100 52
100 2752
100 576
100 1383
100 750
100 0
100 2209
100 7842
100 1366
100 465
100 1425
100 2843
100 2559
100 316
100 6399
100 1112
100 4075
100 3706
100 755
100 12110
100 1046
100 2552
100 402
100 1299
100 125
100 4440
100 76
100 2378
100 1615
100 171
100 1041
100 578
100 975
100 700
100 426
100 251
100 2921
100 1143
100 2947
100 3120
100 714
100 373
100 3317
100 1648
100 857
100 900
100 2306
100 672
100 1240
100 664
100 380
100 114
100 1041
100 31
100 1558
100 690
100 1765
100 5055
100 1093
100 344
100 56
100 1653
100 254
100 5427
100 850
100 7445
100 122
100 576
100 3007
100 6830
100 184
100 2609
100 2031
100 7672
100 64
100 891
100 786
100 4523
100 1396
100 286
100 1359
100 2180
100 1163
100 1323
100 218
100 1881
100 3303
100 1218
100 295
100 171
100 973
100 1098
100 135
100 222
100 4974
100 1487
100 1649
100 465
100 10254
100 1016
100 4315
100 254
100 912
100 5947
100 1221
100 3582
100 346
100 1733
100 1055
100 3024
100 6745
100 5293
100 3238
100 2194
100 998
100 1002
100 1681
100 1167
100 346
100 18
100 2594
100 6784
100 472
100 215
100 525
100 754
100 1732
100 334
100 549
100 1355
100 2912
100 2154
100 630
100 3439
100 5277
100 1031
100 1190
100 1254
100 1689
100 4879
100 2003
100 880
100 3985
100 2077
100 7657
100 305
100 5848
100 9644
100 1275
100 365
100 1619
100 1379
100 6057
100 3010
100 7487
100 3993
100 1114
100 1585
100 3071
100 1171
100 2234
100 1365
100 111
100 2038
100 934
100 4606
100 3581
100 1042
100 1278
100 4821
100 221
100 806
100 699
100 35
100 3796
100 544
100 176
100 2339
100 2079
100 3644
100 1176
100 8104
100 2404
100 5792
100 1692
100 289
100 1356
100 268
100 2500
100 726
100 722
100 4170
100 380
100 754
100 1696
100 2649
100 448
100 1488
100 4101
100 499
100 3676
100 986
100 4374
100 5472
100 1011
100 949
100 2821
100 1100
100 8157
100 113
100 1697
100 2249
100 2664
100 3096
100 540
100 536
100 3866
100 1690
100 493
100 2947
100 1291
100 2299
100 1302
100 2023
100 1081
100 3109
100 1655
100 175
100 1765
100 3234
100 465
100 1272
100 3998
100 2018
100 4192
100 1022
100 149
100 9622
100 1618
100 4616
100 6
100 2206
100 537
100 2288
100 498
100 2186
100 1498
100 2846
100 1128
100 203
100 712
100 313
100 1196
100 1673
100 4586
100 124
100 9808
100 145
100 4946
100 865
100 98
100 69
100 594
100 176
100 2844
100 719
100 752
100 1659
100 3388
100 2202
100 87
100 5398
100 472
100 2675
100 1701
100 452
100 1207
100 848
100 182
100 439
100 393
100 57
100 1568
100 89
100 1844
100 1059
100 282
100 4141
100 184
100 57
100 7785
100 2149
100 1015
100 513
100 5174
100 862
100 57
100 42
100 2621
100 4684
100 652
100 5940
100 7104
100 1044
100 953
100 329
100 868
100 516
100 3494
100 5004
100 867
100 1143
100 1856
100 498
100 2535
100 2226
100 1740
100 3166
100 9
100 2798
100 810
100 2514
100 2049
100 2237
100 746
100 3016
100 1094
100 3732
100 515
100 897
100 4565
100 789
100 1851
100 1438
100 768
100 632
100 1731
100 382
100 4909
100 2444
100 19
100 1699
100 1723
100 786
100 50
100 1685
100 2600
100 5759
100 2444
100 1287
100 690
100 546
100 35
100 522
100 1581
100 2257
100 349
100 1640
100 361
100 1228
100 1764
100 3970
100 625
100 248
100 488
100 1388
100 85
100 493
100 5709
100 5707
100 4184
100 575
100 455
100 58
100 2968
100 1116
100 1086
100 3198
100 566
100 923
100 3591
100 61
100 1101
100 915
100 221
100 7275
100 407
100 265
100 5804
100 584
100 98
100 155
100 433
100 1252
100 278
100 259
100 5071
100 12
100 1143
100 774
100 420
100 4675
100 3380
100 3375
100 454
100 1080
100 4828
100 235
100 3686
100 153
100 1377
100 462
100 5024
100 389
100 512
100 2052
100 404
100 71
100 207
100 1146
100 12536
100 1192
100 231
100 2131
100 3391
100 794
100 1070
100 456
100 1085
100 436
100 2188
100 6710
100 857
100 2454
100 218
100 800
100 476
100 568
100 476
100 527
100 1837
100 2161
100 193
100 1960
100 498
100 3880
100 1942
100 262
100 2537
100 4545
100 798
100 2197
100 95
100 1809
100 1919
100 924
100 281
100 1805
100 58
100 5754
100 3713
100 2235
100 1702
100 781
100 963
100 3685
100 294
100 1629
100 1563
100 2379
100 1304
100 744
100 5712
100 82
100 436
100 1450
100 1164
100 3910
100 1174
100 126
100 1635
100 182
100 33
100 2382
100 278
100 837
100 1968
100 1923
100 910
100 1090
100 331
100 1599
100 1643
100 2290
100 48
100 933
100 809
100 1557
100 242
100 2160
100 590
100 986
100 953
100 3202
100 177
100 692
100 551
100 1948
100 960
100 176
100 4722
100 2464
100 2253
100 4998
100 342
100 1557
100 504
100 3881
100 392
100 945
100 846
100 1239
100 500
100 32
100 787
100 5450
100 69
100 3181
100 441
100 7417
100 1024
100 196
100 8900
100 214
100 118
100 1728
100 3068
100 2649
100 1872
100 1052
100 795
100 2995
100 3924
100 709
100 4176
100 1399
100 446
100 544
100 838
100 9031
100 2106
100 323
100 393
100 1069
100 283
100 40
100 1
100 4366
100 635
100 1165
100 1734
100 184
100 712
100 1331
100 8756
100 338
100 3195
100 678
100 1505
100 1144
100 3384
100 4796
100 1009
100 6953
100 2711
100 923
100 2193
100 2006
100 572
100 58
100 1158
100 3079
100 3239
100 3755
100 4539
100 1418
100 421
100 543
100 1230
100 2887
100 1566
100 3811
100 2460
100 1009
100 371
100 1647
100 5364
100 490
100 2927
100 1655
100 655
100 5604
100 343
100 1084
100 347
100 2037
100 423
100 265
100 1384
100 2097
100 1166
100 3776
100 3415
100 90
100 1242
100 1391
100 235
100 1909
100 1653
100 368
100 3590
100 1149
100 467
100 179
100 1285
100 209
100 3697
100 1178
100 402
100 219
100 1928
100 3228
100 3191
100 656
100 1096
100 749
100 8
100 394
100 1112
100 19
100 284
100 481
100 1088
100 824
100 915
100 857
100 4557
100 1359
100 734
100 424
100 5908
100 120
100 63
100 2276
100 129
100 1659
100 1469
100 2118
100 3570
100 1348
100 2713
100 317
100 1351
100 322
100 10758
100 6976
100 796
100 504
100 125
100 2688
100 1192
100 95
100 910
100 408
100 122
100 340
100 808
100 4153
100 3531
100 1205
100 1972
100 593
100 410
100 912
100 2650
100 2452
100 1068
100 2925
100 4888
100 326
100 4110
100 2766
100 616
100 5281
100 4127
100 663
100 875
100 471
100 3883
100 2775
100 335
100 2213
100 1261
100 718
100 687
100 3109
100 2287
100 228
100 838
100 1903
100 31
100 9050
100 2932
100 2032
100 1044
100 511
100 1453
100 1040
100 1228
100 1219
100 1414
100 1934
100 7393
100 1064
100 3874
100 467
100 71
100 221
100 1767
100 949
100 3772
100 4293
100 1870
100 233
100 287
100 804
100 1817
100 1459
100 120
100 484
100 4318
100 425
100 4415
100 4227
100 609
100 211
100 3831
100 3059
100 2957
100 873
100 936
100 1323
100 1365
100 382
100 593
100 70
100 688
100 2537
100 2282
100 557
100 3301
100 2511
100 2375
100 2347
100 4839
100 103
100 77
100 39
100 535
100 961
100 1474
100 656
100 517
100 3165
100 2822
100 2667
100 501
100 2660
100 1910
100 1234
100 93
100 1544
100 167
100 31
100 4808
100 875
100 2068
100 1072
100 1083
100 1498
100 34
100 2505
100 2200
100 3549
100 1404
100 241
100 2170
100 3941
100 6579
100 288
100 3348
100 2167
100 264
100 838
100 115
100 1123
100 2113
100 1584
100 670
100 1824
100 1330
100 1407
100 2959
100 315
100 557
100 2304
100 147
100 1044
100 3101
100 2970
100 825
100 845
100 149
100 649
100 3224
100 1222
100 1681
100 2405
100 2863
100 2732
100 1585
100 1399
100 2383
100 2412
100 1282
100 4193
100 748
100 305
100 1203
100 982
100 1719
100 4051
100 2414
100 5505
100 1141
100 448
100 913
100 574
100 795
100 1457
100 109
100 3363
100 5494
100 253
100 896
100 1934
100 873
100 2610
100 4747
100 803
100 99
100 1170
100 104
100 47
100 1746
100 2710
100 1082
100 1194
100 2834
100 298
100 859
100 6920
100 645
100 1206
100 39
100 2861
100 3098
100 354
100 2482
100 863
100 2562
100 801
100 809
100 2568
100 3343
100 3057
100 2167
100 3556
100 1290
100 2227
100 2464
100 324
100 70
100 559
100 1524
100 5551
100 168
100 3841
100 1690
100 10071
100 1716
100 1984
100 285
100 2620
100 1856
100 1424
100 1803
100 3736
100 1159
100 2759
100 1138
100 1038
100 495
100 2278
100 306
100 500
100 2548
100 2995
100 2728
100 442
100 1867
100 1281
100 1054
100 55
100 646
100 3577
100 300
100 4790
100 2580
100 3777
100 1249
100 280
100 1051
100 437
100 259
100 4785
100 2342
100 440
100 1861
100 3295
100 3490
100 2855
100 721
100 1529
100 258
100 3160
100 7243
100 553
100 5029
100 1196
100 956
100 1561
100 416
100 2184
100 877
100 267
100 628
100 607
100 914
100 924
100 326
100 3
100 625
100 383
100 2748
100 2219
100 3382
100 74
100 2083
100 372
100 908
100 3033
100 6203
100 719
100 665
100 47
100 1001
100 604
100 158
100 534
100 3136
100 99
100 2825
100 5633
100 169
100 1261
100 3283
100 409
100 446
100 2162
100 377
100 4549
100 940
100 81
100 1480
100 878
100 713
100 330
100 640
100 4322
100 4005
100 7820
100 2997
100 9969
100 2088
100 9300
100 464
100 541
100 358
100 76
100 2070
100 66
100 2136
100 262
100 2484
100 1523
100 3511
100 1401
100 388
100 2673
100 1394
100 151
100 48
100 4147
100 56
100 833
100 732
100 287
100 1303
100 1170
100 1274
100 782
100 4041
100 1268
100 1372
100 2759
100 493
100 1654
100 2271
100 2025
100 2237
100 624
100 1234
100 2543
100 667
100 4668
100 2765
100 4128
100 1355
100 3972
100 1894
100 803
100 653
100 662
100 2063
100 1530
100 1203
100 2783
100 2823
100 871
100 4489
100 107
100 5247
100 1612
100 554
100 1065
100 6
100 2451
100 1324
100 6292
100 334
100 3150
100 5107
100 309
100 71
100 1457
100 2721
100 1211
100 3757
100 389
100 598
100 2934
100 777
100 11
100 2402
100 1147
100 150
100 1770
100 2546
100 695
100 3381
100 9818
100 830
100 2067
100 381
100 1803
100 58
100 833
100 1830
100 1803
100 1666
100 481
100 1851
100 485
100 317
100 1956
100 5931
100 866
100 1147
100 3848
100 3136
100 3679
100 1597
100 1111
100 646
100 5706
100 2250
100 2943
100 1890
100 734
100 1921
100 170
100 420
100 1763
100 744
100 3983
100 405
100 429
100 418
100 2324
100 2332
100 1976
100 2165
100 852
100 99
100 1064
100 3329
100 2913
100 4883
100 503
100 22
100 2139
100 4553
100 415
100 240
100 82
100 1846
100 128
100 27
100 2449
100 132
100 2690
100 2255
100 3367
100 5893
100 1045
100 1311
100 354
100 1195
100 1675
100 927
100 2073
100 225
100 9716
100 5260
100 116
100 1114
100 772
100 1378
100 116
100 2428
100 1841
100 1054
100 630
100 3285
100 7869
100 3777
100 218
100 114
100 2014
100 639
100 48
100 3413
100 3600
100 1035
100 2057
100 563
100 3931
100 432
100 4098
100 1653
100 2946
100 894
100 909
100 2247
100 2634
100 3647
100 1164
100 929
100 4651
100 203
100 263
100 987
100 3713
100 1746
100 939
100 358
100 955
100 406
100 42
100 503
100 1020
100 742
100 1118
100 265
100 397
100 1811
100 1402
100 755
100 4658
100 2709
100 815
100 125
100 2539
100 3431
100 3154
100 4811
100 977
100 1047
100 509
100 2283
100 2217
100 2543
100 2505
100 818
100 2112
100 3604
100 5706
100 753
100 388
100 2245
100 8036
100 162
100 1811
100 2898
100 307
100 1442
100 1547
100 34
100 5000
100 2217
100 2223
100 411
100 108
100 623
100 930
100 1465
100 3551
100 312
100 922
100 3865
100 1198
100 718
100 573
100 761
100 1405
100 915
100 1918
100 134
100 3081
100 2138
100 1271
100 632
100 668
100 6484
100 1429
100 4155
100 2263
100 3144
100 3405
100 443
100 1223
100 302
100 2099
100 986
100 1861
100 1153
100 5641
100 6627
100 894
100 426
100 1141
100 2606
100 2783
100 3249
100 6842
100 1
100 1154
100 234
100 2156
100 3698
100 1995
100 3310
100 400
100 1414
100 1190
100 829
100 1849
100 5833
100 87
100 1200
100 503
100 393
100 1650
100 2986
100 746
100 328
100 2574
100 974
100 44
100 121
100 4856
100 990
100 1448
100 4108
100 3295
100 8543
100 703
100 393
100 1911
100 218
100 1549
100 890
100 2043
100 5870
100 2134
100 2251
100 4693
100 2498
100 1743
100 413
100 1409
100 4600
100 1458
100 90
100 6640
100 27
100 3875
100 1099
100 975
100 9276
100 532
100 1090
100 350
100 1007
100 3238
100 1202
100 21
100 5764
100 2592
100 152
100 994
100 3798
100 3631
100 268
100 4133
100 6124
100 1905
100 401
100 1657
100 594
100 3152
100 3933
100 1433
100 464
100 3333
100 1686
100 637
100 244
100 2034
100 1776
100 909
100 79
100 1603
100 812
100 3171
100 2306
100 1879
100 491
100 2491
100 1997
100 5855
100 7073
100 44
100 837
100 8903
100 339
100 423
100 4380
100 643
100 1892
100 114
100 613
100 3306
100 2931
100 838
100 364
100 1562
100 351
100 65
100 8447
100 756
100 50
100 252
100 162
100 2160
100 1733
100 1479
100 185
100 392
100 5516
100 26
100 6380
100 4701
100 693
100 93
100 2340
100 13
100 759
100 1126
100 2138
100 5063
100 54
100 772
100 728
100 305
100 981
100 123
100 4355
100 280
100 808
100 437
100 1558
100 405
100 8372
100 32
100 967
100 472
100 312
100 2642
100 274
100 1089
100 960
100 1092
100 1513
100 3574
100 1322
100 1350
100 3888
100 1684
100 1345
100 1854
100 2521
100 259
100 4202
100 6528
100 4270
100 111
100 1360
100 3657
100 4319
100 307
100 1139
100 5227
100 2554
100 404
100 60
100 8783
100 3323
100 1469
100 264
100 3211
100 2731
100 1296
100 329
100 2145
100 2624
100 2743
100 4405
100 5645
100 2292
100 318
100 4299
100 7914
100 237
100 1697
100 656
100 6563
100 1347
100 255
100 4584
100 2400
100 119
100 1399
100 1552
100 227
100 2096
100 806
100 3700
100 211
100 3475
100 505
100 1592
100 720
100 375
100 2877
100 775
100 1864
100 12
100 2058
100 1844
100 420
100 1016
100 32
100 3624
100 9607
100 1099
100 522
100 172
100 1823
100 616
100 1419
100 768
100 3290
100 835
100 3537
100 5114
100 1159
100 1591
100 272
100 2304
100 2264
100 1336
100 117
100 639
100 2305
100 514
100 2210
100 124
100 298
100 392
100 1498
100 1692
100 2060
100 1009
100 262
100 1041
100 3991
100 29
100 70
100 2191
100 473
100 158
100 4825
100 2374
100 2509
100 933
100 718
100 331
100 102
100 381
100 1194
100 1593
100 187
100 356
100 2462
100 289
100 3313
100 2320
100 347
100 3967
100 2184
100 2273
100 2553
100 234
100 5193
100 5062
100 1420
100 460
100 467
100 363
100 1247
100 1320
100 3545
100 37
100 9
100 269
100 633
100 408
100 3489
100 1616
100 470
100 3332
100 512
100 1747
100 4297
100 1964
100 2649
100 1699
100 1945
100 498
100 22385
100 55
100 1422
100 2686
100 684
100 784
100 2584
100 4990
100 4553
100 2977
100 593
100 366
100 1734
100 2385
100 646
100 4103
100 1947
100 867
100 244
100 3141
100 863
100 2634
100 1171
100 2670
100 5120
100 1026
100 784
100 294
100 278
100 2276
100 185
100 657
100 339
100 1428
100 656
100 2700
100 3163
100 225
100 669
100 323
100 1901
100 530
100 759
100 2079
100 317
100 980
100 6024
100 1216
100 7131
100 1516
100 563
100 2233
100 2406
100 3129
100 2889
100 1019
100 746
100 5712
100 203
100 1481
100 693
100 39
100 648
100 126
100 3815
100 5924
100 92
100 1585
100 2272
100 413
100 66
100 545
100 1718
100 1357
100 365
100 2471
100 3919
100 1588
100 449
100 3454
100 174
100 246
100 1645
100 1878
100 2060
100 1482
100 911
100 16124
100 3011
100 1119
100 4521
100 133
100 5795
100 108
100 2540
100 1619
100 1474
100 50
100 791
100 2309
100 129
100 696
100 2572
100 1536
100 723
100 690
100 531
100 243
100 3639
100 1824
100 2726
100 2948
100 40
100 3355
100 711
100 2200
100 410
100 2396
100 967
100 3024
100 3733
100 2486
100 6532
100 1258
100 2956
100 1477
100 2821
100 642
100 889
100 2087
100 395
100 2987
100 198
100 5029
100 1455
100 1912
100 3439
100 5015
100 488
100 1432
100 2158
100 4235
100 6666
100 136
100 3568
100 2542
100 109
100 3549
100 894
100 1550
100 83
100 1355
100 675
100 4727
100 188
100 796
100 662
100 1806
100 399
100 313
100 766
100 616
100 3034
100 805
100 956
100 612
100 1958
100 1072
100 697
100 1343
100 643
100 681
100 586
100 108
100 443
100 1375
100 433
100 244
100 1424
100 2272
100 1087
100 5786
100 258
100 2605
100 5665
100 1884
100 5490
100 3949
100 1610
100 2046
100 10742
100 3324
100 1211
100 809
100 999
100 830
100 745
100 389
100 3063
100 1261
100 66
100 479
100 2079
100 6452
100 1184
100 1456
100 1819
100 2954
100 1286
100 185
100 703
100 5612
100 108
100 821
100 1544
100 2662
100 2311
100 1794
100 1593
100 1437
100 897
100 270
100 2188
100 4774
100 1111
100 937
100 724
100 257
100 130
100 101
100 489
100 2729
100 412
100 447
100 834
100 328
100 170
100 477
100 1146
100 1553
100 1231
100 4724
100 242
100 785
100 4627
100 1653
100 812
100 806
100 2004
100 1957
100 3070
100 1839
100 1019
100 2714
100 2692
100 837
100 47
100 1238
100 303
100 2450
100 697
100 2417
100 3905
100 2041
100 138
100 1836
100 356
100 3852
100 64
100 2334
100 2035
100 807
100 1384
100 4251
100 25
100 1196
100 254
100 4836
100 860
100 880
100 4290
100 355
100 150
100 1553
100 859
100 534
100 601
100 2994
100 1397
100 317
100 1254
100 5828
100 1094
100 4064
100 176
100 0
100 573
100 635
100 1367
100 4054
100 561
100 4361
100 269
100 142
100 3754
100 1268
100 3701
100 2436
100 473
100 2360
100 478
100 2343
100 2382
100 1027
100 634
100 802
100 2418
100 402
100 1348
100 1356
100 1885
100 1129
100 1321
100 99
100 780
100 2332
100 2138
100 1765
100 289
100 48
100 2602
100 3911
100 257
100 2159
100 2674
100 3365
100 958
100 6614
100 1565
100 769
100 1636
100 663
100 1960
100 524
100 82
100 2936
100 1680
100 8545
100 223
100 2157
100 8001
100 509
100 8893
100 179
100 1297
100 2457
100 3718
100 1200
100 381
100 2266
100 2539
100 1
100 2746
100 4615
100 6334
100 797
100 2204
100 1411
100 6863
100 3766
100 1385
100 679
100 2858
100 1451
100 208
100 4044
100 2030
100 40
100 2102
100 789
100 3383
100 707
100 1974
100 8115
100 935
100 393
100 1244
100 2050
100 325
100 2619
100 326
100 977
100 3008
100 1946
100 3704
100 105
100 1328
100 1536
100 1619
100 2266
100 882
100 2020
100 2827
100 2255
100 109
100 820
100 1641
100 225
100 6244
100 1
100 2672
100 902
100 1355
100 471
100 1396
100 433
100 1710
100 1365
100 2714
100 1548
100 2185
100 1077
100 3686
100 1057
100 1731
100 1071
100 1206
100 119
100 590
100 1870
100 2326
100 1286
100 2563
100 2375
100 3890
100 732
100 611
100 3078
100 248
100 455
100 1497
100 1515
100 546
100 656
100 5522
100 746
100 4827
100 12773
100 314
100 474
100 1329
100 2445
100 3286
100 511
100 462
100 523
100 721
100 2092
100 106
100 274
100 3234
100 1463
100 3470
100 726
100 464
100 506
100 3771
100 3221
100 2355
100 61
100 3526
100 2147
100 4885
100 4007
100 423
100 2605
100 2330
100 1623
100 5234
100 584
100 3261
100 887
100 2125
100 465
100 1898
100 2665
100 6277
100 368
100 3466
100 1
100 1932
100 917
100 495
100 2114
100 773
100 1873
100 59
100 5652
100 1911
100 1854
100 982
100 2308
100 1286
100 1099
100 7556
100 1432
100 3578
100 4229
100 710
100 4300
100 1176
100 1674
100 2564
100 1680
100 1502
100 1296
100 1828
100 2405
100 1904
100 1906
100 5371
100 4312
100 3170
100 1567
100 559
100 1813
100 153
100 1192
100 5624
100 503
100 1109
100 2256
100 85
100 561
100 2736
100 637
100 328
100 1668
100 2250
100 1877
100 364
100 141
100 1931
100 5494
100 225
100 2298
100 896
100 208
100 1547
100 20
100 849
100 1212
100 3088
100 2428
100 601
100 6622
100 802
100 411
100 171
100 2785
100 1188
100 4923
100 4534
100 3077
100 1644
100 2932
100 4798
100 904
100 5600
100 1885
100 1344
100 1068
100 13
100 133
100 971
100 2826
100 402
100 2935
100 166
100 1652
100 14970
100 2598
100 492
100 2728
100 1568
100 1500
100 34
100 1999
100 4195
100 4280
100 1278
100 1603
100 90
100 28
100 703
100 1917
100 76
100 2242
100 402
100 2276
100 1886
100 2837
100 806
100 1429
100 3403
100 6470
100 1155
100 1182
100 3804
100 3044
100 445
100 746
100 487
100 338
100 1368
100 245
100 2732
100 5469
100 5538
100 912
100 903
100 408
100 2835
100 209
100 1261
100 443
100 4474
100 768
100 3711
100 1370
100 7865
100 1786
100 1405
100 390
100 2477
100 199
100 10585
100 16
100 1309
100 7092
100 1758
100 687
100 2163
100 298
100 3538
