100 21
100 36
100 93
100 294
100 293
100 88
100 718
100 173
100 97
100 112
100 45
100 15
100 202
100 42
100 0
100 53
100 112
100 384
100 252
100 2
100 12
100 228
100 44
100 319
100 38
100 451
100 48
100 52
100 73
100 164
100 254
100 8
100 98
100 46
100 118
100 44
100 34
100 258
100 241
100 328
100 13
100 0
100 188
100 97
100 171
100 276
100 320
100 26
100 73
100 353
100 33
100 149
100 20
100 133
100 346
100 211
100 7
100 182
100 117
100 143
100 19
100 182
100 2
100 176
100 256
100 472
100 213
100 353
100 51
100 19
100 150
100 51
100 11
100 398
100 90
100 77
100 17
100 160
100 17
100 278
100 137
100 16
100 122
100 95
100 57
100 1
100 60
100 160
100 127
100 36
100 71
100 18
100 266
100 157
100 130
100 64
100 30
100 265
100 11
100 209
100 5
100 135
100 374
100 164
100 129
100 136
100 219
100 177
100 103
100 119
100 193
100 39
100 398
100 28
100 212
100 67
100 64
100 53
100 223
100 419
100 94
100 161
100 54
100 11
100 72
100 260
100 80
100 55
100 91
100 25
100 96
100 2
100 146
100 81
100 46
100 104
100 149
100 124
100 223
100 51
100 32
100 290
100 38
100 393
100 75
100 90
100 128
100 112
100 54
100 324
100 280
100 316
100 83
100 12
100 117
100 55
100 328
100 34
100 56
100 51
100 265
100 107
100 56
100 255
100 311
100 24
100 66
100 211
100 43
100 235
100 87
100 169
100 12
100 72
100 150
100 12
100 250
100 38
100 56
100 370
100 177
100 229
100 2
100 121
100 94
100 25
100 33
100 65
100 66
100 19
100 11
100 26
100 330
100 517
100 154
100 157
100 20
100 56
100 3
100 250
100 113
100 74
100 143
100 214
100 73
100 15
100 154
100 197
100 279
100 54
100 137
100 206
100 516
100 101
100 159
100 373
100 31
100 139
100 140
100 29
100 22
100 500
100 104
100 198
100 230
100 75
100 358
100 146
100 28
100 8
100 229
100 123
100 32
100 266
100 37
100 58
100 37
100 172
100 64
100 434
100 60
100 152
100 156
100 113
100 166
100 106
100 6
100 59
100 263
100 75
100 4
100 114
100 25
100 7
100 80
100 77
100 28
100 225
100 41
100 53
100 94
100 189
100 39
100 65
100 23
100 35
100 251
100 28
100 176
100 66
100 213
100 221
100 231
100 567
100 13
100 152
100 133
100 223
100 47
100 53
100 51
100 105
100 26
100 161
100 90
100 586
100 83
100 20
100 1
100 4
100 351
100 105
100 228
100 9
100 17
100 167
100 9
100 5
100 37
100 91
100 104
100 345
100 528
100 25
100 144
100 6
100 10
100 523
100 141
100 369
100 34
100 78
100 367
100 23
100 2
100 51
100 332
100 350
100 147
100 300
100 44
100 9
100 165
100 117
100 220
100 34
100 219
100 101
100 161
100 480
100 70
100 101
100 76
100 41
100 56
100 119
100 36
100 4
100 45
100 13
100 5
100 482
100 7
100 166
100 57
100 447
100 47
100 234
100 180
100 59
100 280
100 31
100 158
100 154
100 18
100 14
100 61
100 43
100 46
100 7
100 109
100 9
100 217
100 60
100 19
100 45
100 29
100 100
100 9
100 580
100 366
100 108
100 20
100 210
100 51
100 153
100 212
100 227
100 17
100 145
100 688
100 2
100 57
100 505
100 692
100 35
100 100
100 40
100 222
100 122
100 331
100 152
100 16
100 109
100 187
100 88
100 163
100 145
100 149
100 31
100 84
100 65
100 5
100 34
100 13
100 62
100 381
100 249
100 155
100 92
100 367
100 63
100 147
100 22
100 110
100 127
100 49
100 92
100 139
100 55
100 56
100 164
100 7
100 187
100 15
100 110
100 11
100 10
100 526
100 211
100 21
100 133
100 102
100 38
100 45
100 42
100 95
100 189
100 0
100 256
100 123
100 69
100 101
100 2
100 179
100 36
100 218
100 146
100 186
100 62
100 198
100 111
100 2
100 62
100 68
100 50
100 16
100 28
100 24
100 17
100 165
100 49
100 112
100 152
100 124
100 58
100 494
100 6
100 163
100 116
100 47
100 0
100 104
100 102
100 25
100 181
100 114
100 40
100 412
100 280
100 100
100 77
100 16
100 73
100 282
100 27
100 28
100 121
100 12
100 11
100 96
100 173
100 96
100 193
100 30
100 144
100 1
100 161
100 42
100 328
100 424
100 226
100 388
100 1
100 16
100 219
100 107
100 354
100 25
100 322
100 43
100 25
100 31
100 80
100 131
100 1
100 35
100 209
100 199
100 118
100 45
100 69
100 39
100 214
100 234
100 490
100 375
100 314
100 27
100 121
100 78
100 136
100 119
100 282
100 29
100 333
100 157
100 99
100 116
100 552
100 440
100 52
100 74
100 314
100 241
100 30
100 54
100 111
100 97
100 239
100 11
100 43
100 15
100 59
100 52
100 683
100 71
100 74
100 6
100 67
100 235
100 655
100 167
100 547
100 268
100 19
100 21
100 70
100 392
100 114
100 49
100 159
100 328
100 297
100 384
100 24
100 95
100 61
100 207
100 233
100 261
100 8
100 357
100 100
100 30
100 38
100 113
100 13
100 172
100 165
100 74
100 129
100 22
100 110
100 36
100 61
100 126
100 13
100 89
100 98
100 17
100 59
100 137
100 270
100 342
100 85
100 185
100 209
100 131
100 140
100 52
100 545
100 224
100 255
100 89
100 23
100 46
100 240
100 163
100 88
100 39
100 256
100 194
100 10
100 23
100 117
100 161
100 120
100 11
100 267
100 304
100 166
100 381
100 326
100 22
100 108
100 334
100 623
100 471
100 37
100 252
100 520
100 339
100 71
100 210
100 190
100 62
100 125
100 134
100 8
100 2
100 12
100 131
100 308
100 55
100 144
100 89
100 114
100 354
100 7
100 296
100 218
100 125
100 80
100 4
100 54
100 147
100 175
100 93
100 269
100 24
100 339
100 51
100 113
100 51
100 110
100 10
100 438
100 98
100 142
100 28
100 43
100 384
100 26
100 171
100 340
100 163
100 123
100 64
100 107
100 107
100 226
100 252
100 57
100 93
100 40
100 597
100 28
100 58
100 403
100 12
100 178
100 184
100 55
100 47
100 4
100 1
100 142
100 1
100 40
100 26
100 155
100 26
100 10
100 52
100 49
100 210
100 538
100 113
100 15
100 249
100 17
100 296
100 38
100 81
100 294
100 32
100 41
100 130
100 194
100 172
100 36
100 137
100 56
100 138
100 228
100 477
100 0
100 36
100 217
100 8
100 212
100 4
100 121
100 5
100 316
100 124
100 131
100 124
100 256
100 199
100 47
100 494
100 19
100 334
100 0
100 209
100 134
100 359
100 13
100 296
100 190
100 40
100 276
100 509
100 77
100 8
100 306
100 774
100 1
100 5
100 122
100 33
100 23
100 37
100 373
100 81
100 169
100 205
100 292
100 362
100 160
100 195
100 268
100 184
100 272
100 57
100 141
100 12
100 611
100 219
100 694
100 447
100 110
100 57
100 30
100 99
100 38
100 53
100 56
100 32
100 44
100 99
100 52
100 133
100 444
100 58
100 112
100 196
100 6
100 365
100 24
100 188
100 108
100 7
100 124
100 147
100 45
100 986
100 333
100 48
100 102
100 12
100 18
100 36
100 41
100 332
100 58
100 248
100 87
100 13
100 39
100 134
100 160
100 57
100 74
100 23
100 168
100 173
100 133
100 205
100 0
100 56
100 638
100 523
100 19
100 242
100 43
100 323
100 74
100 55
100 464
100 131
100 211
100 63
100 54
100 317
100 20
100 191
100 98
100 147
100 162
100 312
100 235
100 0
100 149
100 285
100 13
100 453
100 77
100 129
100 18
100 13
100 332
100 29
100 46
100 14
100 34
100 70
100 124
100 171
100 320
100 54
100 293
100 273
100 75
100 23
100 6
100 65
100 49
100 7
100 772
100 174
100 99
100 9
100 55
100 120
100 620
100 24
100 216
100 102
100 58
100 233
100 113
100 257
100 248
100 24
100 107
100 128
100 42
100 74
100 136
100 99
100 504
100 315
100 10
100 407
100 200
100 295
100 6
100 423
100 29
100 91
100 5
100 21
100 317
100 12
100 87
100 12
100 19
100 46
100 128
100 216
100 115
100 234
100 1
100 26
100 47
100 122
100 265
100 181
100 333
100 1
100 92
100 342
100 67
100 51
100 0
100 30
100 26
100 0
100 35
100 540
100 309
100 553
100 189
100 102
100 62
100 29
100 244
100 31
100 607
100 300
100 104
100 407
100 261
100 213
100 55
100 52
100 133
100 91
100 29
100 218
100 0
100 108
100 146
100 121
100 24
100 32
100 118
100 183
100 29
100 27
100 140
100 575
100 196
100 123
100 218
100 98
100 422
100 78
100 24
100 929
100 395
100 12
100 4
100 133
100 18
100 52
100 1
100 50
100 209
100 10
100 57
100 14
100 264
100 31
100 315
100 158
100 89
100 144
100 67
100 531
100 19
100 6
100 98
100 7
100 11
100 13
100 53
100 15
100 436
100 452
100 21
100 465
100 81
100 176
100 135
100 43
100 6
100 238
100 113
100 50
100 83
100 22
100 169
100 158
100 83
100 210
100 159
100 52
100 48
100 167
100 30
100 20
100 209
100 412
100 25
100 10
100 197
100 119
100 226
100 293
100 137
100 29
100 145
100 85
100 46
100 347
100 223
100 266
100 50
100 36
100 71
100 121
100 37
100 13
100 64
100 58
100 162
100 108
100 128
100 292
100 53
100 278
100 247
100 158
100 152
100 185
100 138
100 18
100 43
100 411
100 231
100 69
100 152
100 50
100 282
100 102
100 125
100 24
100 69
100 19
100 327
100 25
100 212
100 208
100 76
100 2
100 74
100 207
100 18
100 279
100 128
100 148
100 231
100 161
100 127
100 111
100 414
100 210
100 61
100 373
100 31
100 79
100 16
100 2
100 106
100 106
100 84
100 378
100 66
100 247
100 32
100 137
100 106
100 24
100 328
100 135
100 329
100 161
100 35
100 44
100 182
100 347
100 294
100 64
100 15
100 130
100 143
100 577
100 96
100 170
100 79
100 193
100 115
100 286
100 95
100 69
100 45
100 195
100 228
100 26
100 180
100 3
100 78
100 105
100 20
100 423
100 164
100 227
100 165
100 86
100 81
100 568
100 72
100 732
100 127
100 146
100 81
100 219
100 253
100 21
100 354
100 8
100 224
100 148
100 38
100 180
100 40
100 143
100 182
100 66
100 317
100 67
100 80
100 25
100 318
100 86
100 1156
100 0
100 134
100 30
100 14
100 441
100 277
100 169
100 193
100 346
100 221
100 136
100 84
100 20
100 130
100 315
100 148
100 45
100 489
100 1097
100 167
100 556
100 285
100 24
100 725
100 364
100 220
100 19
100 10
100 50
100 53
100 53
100 251
100 23
100 234
100 211
100 50
100 86
100 2
100 316
100 326
100 496
100 66
100 26
100 79
100 134
100 164
100 398
100 202
100 123
100 144
100 66
100 9
100 759
100 49
100 16
100 169
100 143
100 69
100 88
100 38
100 83
100 78
100 328
100 149
100 300
100 42
100 43
100 83
100 44
100 169
100 16
100 164
100 409
100 243
100 79
100 154
100 159
100 5
100 222
100 239
100 173
100 34
100 77
100 112
100 287
100 46
100 57
100 46
100 204
100 148
100 20
100 48
100 213
100 1
100 73
100 81
100 238
100 131
100 47
100 66
100 52
100 96
100 212
100 6
100 95
100 162
100 5
100 116
100 112
100 60
100 118
100 108
100 132
100 21
100 252
100 410
100 14
100 51
100 115
100 408
100 8
100 103
100 10
100 142
100 384
100 47
100 101
100 199
100 97
100 221
100 54
100 216
100 85
100 115
100 377
100 9
100 220
100 449
100 230
100 45
100 170
100 499
100 69
100 231
100 13
100 9
100 126
100 616
100 30
100 62
100 65
100 77
100 121
100 131
100 6
100 68
100 60
100 9
100 211
100 128
100 29
100 38
100 1
100 220
100 51
100 10
100 94
100 12
100 202
100 7
100 599
100 63
100 24
100 318
100 216
100 273
100 50
100 56
100 39
100 231
100 221
100 51
100 361
100 131
100 102
100 218
100 89
100 920
100 111
100 49
100 97
100 103
100 309
100 21
100 246
100 16
100 49
100 51
100 350
100 2
100 66
100 465
100 38
100 242
100 622
100 132
100 5
100 25
100 526
100 271
100 138
100 176
100 95
100 109
100 151
100 40
100 15
100 124
100 72
100 427
100 78
100 176
100 277
100 263
100 122
100 185
100 59
100 131
100 328
100 106
100 27
100 81
100 233
100 66
100 168
100 228
100 342
100 100
100 13
100 180
100 466
100 172
100 545
100 52
100 80
100 28
100 19
100 541
100 79
100 76
100 38
100 97
100 23
100 29
100 472
100 54
100 94
100 98
100 417
100 98
100 69
100 70
100 243
100 210
100 31
100 431
100 146
100 270
100 45
100 152
100 530
100 7
100 530
100 86
100 92
100 49
100 630
100 21
100 84
100 598
100 161
100 8
100 430
100 73
100 201
100 95
100 177
100 106
100 18
100 59
100 46
100 6
100 79
100 110
100 127
100 166
100 158
100 64
100 61
100 113
100 440
100 101
100 361
100 20
100 120
100 22
100 310
100 404
100 59
100 358
100 12
100 1
100 4
100 438
100 23
100 84
100 85
100 28
100 432
100 14
100 102
100 36
100 64
100 145
100 207
100 6
100 88
100 111
100 323
100 174
100 33
100 85
100 131
100 155
100 157
100 241
100 282
100 220
100 65
100 124
100 377
100 121
100 321
100 392
100 87
100 52
100 588
100 119
100 110
100 52
100 50
100 126
100 5
100 235
100 160
100 407
100 160
100 75
100 282
100 227
100 19
100 406
100 1
100 287
100 18
100 6
100 169
100 179
100 90
100 202
100 127
100 287
100 8
100 150
100 150
100 229
100 199
100 119
100 108
100 123
100 564
100 289
100 166
100 135
100 5
100 172
100 364
100 130
100 149
100 132
100 313
100 103
100 52
100 488
100 74
100 42
100 83
100 174
100 446
100 46
100 51
100 114
100 263
100 268
100 51
100 147
100 155
100 266
100 2
100 38
100 37
100 107
100 111
100 384
100 606
100 30
100 219
100 90
100 105
100 30
100 51
100 51
100 7
100 161
100 196
100 144
100 338
100 41
100 16
100 201
100 102
100 125
100 242
100 485
100 10
100 22
100 577
100 218
100 79
100 417
100 21
100 0
100 587
100 89
100 408
100 21
100 262
100 9
100 177
100 155
100 123
100 0
100 76
100 37
100 156
100 3
100 119
100 118
100 188
100 104
100 388
100 149
100 17
100 165
100 321
100 81
100 145
100 49
100 8
100 224
100 92
100 9
100 67
100 11
100 188
100 86
100 85
100 188
100 55
100 330
100 11
100 35
100 23
100 64
100 118
100 63
100 118
100 72
100 3
100 20
100 81
100 135
100 226
100 244
100 4
100 215
100 12
100 146
100 21
100 52
100 54
100 91
100 137
100 130
100 307
100 225
100 251
100 22
100 39
100 104
100 187
100 55
100 208
100 73
100 48
100 71
100 533
100 64
100 194
100 8
100 427
100 15
100 239
100 201
100 48
100 23
100 99
100 103
100 177
100 63
100 178
100 134
100 73
100 30
100 70
100 99
100 52
100 91
100 59
100 89
100 168
100 28
100 527
100 94
100 253
100 23
100 18
100 89
100 34
100 167
100 166
100 175
100 427
100 32
100 144
100 94
100 70
100 337
100 705
100 23
100 87
100 134
100 20
100 157
100 105
100 98
100 305
100 68
100 85
100 775
100 30
100 90
100 84
100 2
100 131
100 439
100 69
100 122
100 28
100 348
100 443
100 2
100 43
100 141
100 175
100 487
100 125
100 66
100 27
100 185
100 111
100 88
100 56
100 345
100 35
100 686
100 157
100 20
100 23
100 84
100 171
100 140
100 161
100 117
100 25
100 194
100 67
100 236
100 98
100 38
100 206
100 121
100 6
100 136
100 208
100 79
100 228
100 75
100 209
100 582
100 133
100 35
100 72
100 136
100 6
100 117
100 361
100 155
100 630
100 26
100 37
100 28
100 19
100 242
100 85
100 36
100 41
100 108
100 256
100 151
100 127
100 9
100 155
100 8
100 52
100 58
100 46
100 57
100 220
100 38
100 22
100 185
100 186
100 118
100 70
100 164
100 120
100 28
100 531
100 173
100 186
100 332
100 740
100 43
100 82
100 43
100 84
100 26
100 52
100 4
100 203
100 16
100 786
100 191
100 78
100 22
100 127
100 31
100 61
100 39
100 201
100 91
100 224
100 322
100 8
100 95
100 181
100 41
100 84
100 277
100 50
100 107
100 79
100 357
100 53
100 119
100 72
100 306
100 85
100 78
100 99
100 186
100 454
100 89
100 0
100 75
100 139
100 285
100 469
100 92
100 128
100 283
100 162
100 431
100 127
100 155
100 70
100 450
100 129
100 46
100 215
100 0
100 143
100 73
100 40
100 13
100 33
100 143
100 522
100 118
100 131
100 95
100 31
100 89
100 26
100 97
100 45
100 89
100 23
100 107
100 72
100 173
100 22
100 107
100 166
100 133
100 111
100 715
100 378
100 207
100 50
100 221
100 113
100 62
100 117
100 57
100 152
100 61
100 6
100 29
100 56
100 221
100 107
100 124
100 104
100 31
100 12
100 56
100 234
100 71
100 53
100 275
100 411
100 40
100 252
100 7
100 180
100 55
100 41
100 166
100 31
100 201
100 176
100 7
100 29
100 307
100 396
100 45
100 19
100 290
100 324
100 43
100 54
100 122
100 7
100 202
100 211
100 131
100 368
100 73
100 130
100 626
100 186
100 277
100 3
100 7
100 284
100 185
100 20
100 54
100 10
100 59
100 157
100 4
100 41
100 31
100 372
100 23
100 92
100 165
100 0
100 138
100 43
100 81
100 190
100 100
100 393
100 190
100 440
100 31
100 53
100 60
100 111
100 185
100 10
100 201
100 92
100 232
100 47
100 132
100 157
100 165
100 393
100 562
100 63
100 123
100 162
100 82
100 49
100 212
100 88
100 6
100 173
100 156
100 324
100 67
100 273
100 95
100 14
100 133
100 482
100 24
100 271
100 35
100 119
100 58
100 347
100 185
100 495
100 92
100 38
100 217
100 30
100 131
100 34
100 54
100 324
100 178
100 214
100 489
100 145
100 85
100 138
100 126
100 142
100 411
100 435
100 12
100 359
100 130
100 341
100 270
100 18
100 122
100 23
100 48
100 141
100 12
100 226
100 275
100 166
100 1246
100 59
100 202
100 61
100 65
100 152
100 85
100 228
100 169
100 23
100 277
100 132
100 118
100 38
100 133
100 11
100 13
100 169
100 211
100 20
100 387
100 28
100 366
100 17
100 13
100 54
100 263
100 81
100 116
100 83
100 20
100 36
100 172
100 506
100 99
100 122
100 31
100 150
100 65
100 221
100 1
100 173
100 21
100 93
100 37
100 110
100 139
100 13
100 81
100 80
100 573
100 71
100 293
100 14
100 39
100 50
100 43
100 11
100 92
100 36
100 8
100 39
100 248
100 6
100 28
100 147
100 30
100 149
100 86
100 289
100 21
100 105
100 201
100 9
100 84
100 201
100 30
100 121
100 162
100 22
100 22
100 80
100 28
100 67
100 29
100 96
100 109
100 66
100 38
100 99
100 8
100 270
100 117
100 59
100 20
100 19
100 111
100 115
100 34
100 120
100 19
100 148
100 447
100 147
100 83
100 38
100 391
100 39
100 82
100 270
100 118
100 13
100 551
100 125
100 209
100 669
100 412
100 337
100 9
100 131
100 138
100 270
100 103
100 230
100 243
100 249
100 28
100 56
100 138
100 148
100 74
100 82
100 60
100 67
100 30
100 204
100 207
100 38
100 69
100 22
100 180
100 23
100 115
100 69
100 16
100 34
100 263
100 8
100 89
100 242
100 101
100 120
100 77
100 17
100 186
100 310
100 85
100 393
100 45
100 68
100 35
100 11
100 40
100 46
100 20
100 52
100 278
100 7
100 7
100 242
100 449
100 218
100 171
100 427
100 495
100 488
100 185
100 265
100 12
100 126
100 183
100 244
100 25
100 361
100 146
100 137
100 117
100 11
100 426
100 17
100 28
100 200
100 901
100 56
100 59
100 70
100 74
100 23
100 116
100 170
100 577
100 83
100 73
100 140
100 46
100 101
100 68
100 47
100 233
100 63
100 53
100 38
100 108
100 218
100 34
100 154
100 133
100 63
100 88
100 52
100 253
100 41
100 60
100 44
100 53
100 175
100 74
100 289
100 149
100 111
100 103
100 34
100 48
100 49
100 314
100 55
100 61
100 307
100 51
100 145
100 84
100 248
100 182
100 117
100 108
100 310
100 117
100 79
100 73
100 64
100 162
100 55
100 167
100 102
100 38
100 199
100 215
100 543
100 52
100 4
100 32
100 56
100 384
100 179
100 145
100 245
100 7
100 116
100 431
100 217
100 373
100 77
100 450
100 87
100 35
100 358
100 21
100 304
100 420
100 93
100 226
100 216
100 407
100 527
100 168
100 243
100 97
100 35
100 51
100 0
100 97
100 339
100 30
100 152
100 76
100 108
100 38
100 60
100 1
100 75
100 46
100 22
100 15
100 208
100 72
100 258
100 2
100 66
100 130
100 723
100 179
100 114
100 73
100 225
100 234
100 69
100 70
100 26
100 303
100 358
100 70
100 8
100 42
100 89
100 25
100 151
100 313
100 234
100 150
100 98
100 18
100 34
100 295
100 199
100 42
100 24
100 199
100 15
100 77
100 39
100 64
100 78
100 16
100 109
100 6
100 77
100 332
100 31
100 183
100 108
100 681
100 201
100 99
100 13
100 10
100 796
100 37
100 442
100 142
100 358
100 39
100 103
100 24
100 290
100 102
100 24
100 17
100 90
100 104
100 140
100 124
100 78
100 42
100 14
100 171
100 24
100 58
100 67
100 130
100 62
100 34
100 34
100 5
100 22
100 337
100 164
100 21
100 169
100 119
100 236
100 105
100 872
100 30
100 577
100 560
100 167
100 37
100 110
100 209
100 85
100 36
100 234
100 109
100 292
100 123
100 26
100 20
100 28
100 195
100 32
100 225
100 61
100 907
100 37
100 408
100 102
100 130
100 175
100 55
100 8
100 1
100 179
100 24
100 8
100 200
100 626
100 165
100 2
100 9
100 201
100 991
100 45
100 111
100 134
100 161
100 160
100 11
100 16
100 53
100 142
100 45
100 200
100 114
100 82
100 523
100 42
100 46
100 0
100 563
100 186
100 136
100 17
100 34
100 255
100 158
100 122
100 298
100 35
100 18
100 9
100 86
100 180
100 65
100 55
100 15
100 98
100 150
100 261
100 27
100 363
100 108
100 50
100 86
100 108
100 131
100 99
100 17
100 8
100 76
100 57
100 325
100 23
100 42
100 126
100 142
100 91
100 165
100 70
100 351
100 50
100 106
100 137
100 59
100 28
100 35
100 513
100 67
100 42
100 252
100 31
100 82
100 272
100 69
100 727
100 206
100 14
100 15
100 104
100 16
100 274
100 88
100 450
100 150
100 149
100 106
100 266
100 28
100 448
100 90
100 238
100 68
100 111
100 482
100 378
100 429
100 50
100 41
100 83
100 224
100 310
100 151
100 48
100 64
100 89
100 18
100 13
100 189
100 29
100 33
100 85
100 40
100 104
100 394
100 65
100 25
100 194
100 199
100 42
100 10
100 12
100 9
100 85
100 45
100 464
100 15
100 41
100 96
100 26
100 168
100 137
100 8
100 23
100 141
100 895
100 160
100 350
100 126
100 76
100 132
100 153
100 121
100 135
100 141
100 267
100 393
100 60
100 74
100 304
100 856
100 73
100 248
100 280
100 238
100 220
100 85
100 179
100 342
100 13
100 218
100 39
100 426
100 149
100 117
100 133
100 106
100 81
100 15
100 141
100 55
100 1
100 338
100 21
100 39
100 146
100 65
100 210
100 135
100 1
100 541
100 161
100 134
100 12
100 69
100 27
100 28
100 191
100 13
100 28
100 2
100 131
100 113
100 8
100 234
100 37
100 109
100 29
100 96
100 150
100 161
100 76
100 92
100 198
100 358
100 0
100 430
100 28
100 52
100 47
100 30
100 0
100 181
100 132
100 152
100 67
100 268
100 106
100 233
100 273
100 59
100 17
100 350
100 0
100 465
100 6
100 188
100 5
100 69
100 346
100 78
100 341
100 36
100 93
100 421
100 81
100 69
100 22
100 213
100 83
100 56
100 148
100 15
100 86
100 92
100 221
100 232
100 113
100 129
100 249
100 5
100 43
100 17
100 204
100 421
100 212
100 219
100 20
100 9
100 4
100 17
100 116
100 2
100 186
100 71
100 23
100 196
100 298
100 49
100 142
100 6
100 354
100 212
100 58
100 23
100 196
100 177
100 201
100 120
100 436
100 153
100 109
100 79
100 175
100 208
100 18
100 83
100 58
100 29
100 135
100 247
100 183
100 125
100 26
100 131
100 25
100 202
100 146
100 13
100 40
100 31
100 35
100 32
100 248
100 164
100 89
100 38
100 35
100 143
100 41
100 217
100 123
100 204
100 13
100 107
100 6
100 21
100 61
100 14
100 8
100 369
100 159
100 33
100 64
100 79
100 53
100 28
100 123
100 737
100 60
100 114
100 265
100 38
100 319
100 587
100 85
100 23
100 218
100 639
100 195
100 65
100 74
100 82
100 608
100 21
100 545
100 150
100 216
100 353
100 55
100 33
100 10
100 10
100 222
100 6
100 128
100 189
100 166
100 109
100 78
100 38
100 60
100 131
100 11
100 95
100 28
100 100
100 224
100 48
100 38
100 2
100 287
100 302
100 56
100 16
100 240
100 312
100 265
100 125
100 124
100 303
100 35
100 29
100 405
100 586
100 166
100 43
100 1
100 19
100 119
100 14
100 170
100 9
100 239
100 51
100 217
100 22
100 87
100 94
100 49
100 256
100 28
100 278
100 8
100 32
100 286
100 17
100 212
100 353
100 417
100 54
100 243
100 210
100 141
100 10
100 435
100 39
100 18
100 129
100 155
100 57
100 38
100 121
100 27
100 57
100 78
100 162
100 21
100 22
100 141
100 49
100 210
100 62
100 143
100 29
100 59
100 6
100 26
100 8
100 121
100 175
100 25
100 59
100 40
100 269
100 121
100 6
100 6
100 18
100 227
100 444
100 163
100 137
100 153
100 63
100 84
100 207
100 33
100 98
100 12
100 68
100 300
100 54
100 94
100 12
100 51
100 256
100 297
100 113
100 66
100 62
100 419
100 454
100 47
100 474
100 458
100 32
100 78
100 46
100 137
100 39
100 310
100 600
100 6
100 107
100 4
100 213
100 162
100 232
100 105
100 358
100 23
100 12
100 0
100 21
100 2
100 77
100 9
100 211
100 276
100 55
100 76
100 240
100 294
100 1
100 16
100 162
100 20
100 210
100 3
100 472
100 108
100 12
100 24
100 554
100 135
100 2
100 348
100 22
100 309
100 249
100 75
100 227
100 103
100 249
100 16
100 58
100 160
100 19
100 140
100 426
100 90
100 133
100 22
100 371
100 53
100 207
100 64
100 259
100 105
100 2
100 35
100 1
100 120
100 204
100 163
100 154
100 144
100 53
100 38
100 287
100 60
100 112
100 20
100 23
100 140
100 27
100 18
100 14
100 269
100 158
100 151
100 316
100 126
100 389
100 114
100 6
100 154
100 751
100 24
100 379
100 191
100 20
100 76
100 49
100 233
100 39
100 527
100 6
100 128
100 312
100 8
100 36
100 796
100 79
100 111
100 28
100 41
100 187
100 37
100 214
100 482
100 18
100 437
100 2
100 123
100 78
100 442
100 77
100 229
100 23
100 376
100 52
100 62
100 219
100 114
100 167
100 313
100 275
100 128
100 385
100 150
100 156
100 350
100 15
100 74
100 71
100 408
100 68
100 51
100 134
100 8
100 324
100 98
100 269
100 99
100 252
100 84
100 33
100 16
100 31
100 356
100 121
100 230
100 203
100 45
100 124
100 220
100 224
100 247
100 172
100 462
100 2
100 73
100 21
100 0
100 136
100 306
100 213
100 243
100 30
100 186
100 449
100 108
100 308
100 127
100 578
100 90
100 304
100 149
100 30
100 51
100 80
100 5
100 28
100 31
100 210
100 27
100 64
100 332
100 31
100 47
100 533
100 12
100 35
100 253
100 180
100 533
100 23
100 8
100 68
100 541
100 48
100 23
100 164
100 134
100 110
100 70
100 331
100 52
100 201
100 332
100 353
100 59
100 67
100 626
100 74
100 190
100 49
100 37
100 5
100 448
100 227
100 2
100 259
100 143
100 7
100 182
100 440
100 8
100 20
100 142
100 20
100 121
100 59
100 290
100 95
100 4
100 7
100 202
100 175
100 96
100 505
100 114
100 35
100 155
100 28
100 229
100 12
100 70
100 94
100 289
100 108
100 290
100 382
100 109
100 238
100 98
100 0
100 245
100 9
100 114
100 7
100 143
100 18
100 264
100 29
100 139
100 106
100 261
100 197
100 129
100 418
100 61
100 201
100 26
100 46
100 105
100 163
100 36
100 457
100 244
100 6
100 41
100 117
100 227
100 92
100 50
100 85
100 69
100 439
100 33
100 58
100 86
100 96
100 67
100 110
100 41
100 112
100 116
100 73
100 246
100 140
100 218
100 204
100 658
100 61
100 29
100 463
100 177
100 86
100 225
100 190
100 174
100 186
100 29
100 20
100 47
100 25
100 55
100 77
100 38
100 126
100 9
100 128
100 283
100 311
100 123
100 82
100 83
100 150
100 201
100 56
100 439
100 81
100 111
100 603
100 54
100 39
100 37
100 17
100 419
100 158
100 26
100 669
100 56
100 169
100 80
100 354
100 2
100 83
100 41
100 46
100 134
100 261
100 98
100 20
100 208
100 118
100 70
100 334
100 130
100 116
100 14
100 15
100 35
100 13
100 1008
100 256
100 46
100 69
100 3
100 451
100 58
100 112
100 89
100 252
100 588
100 252
100 156
100 15
100 356
100 9
100 323
100 17
100 314
100 104
100 67
100 88
100 109
100 19
100 96
100 164
100 4
100 0
100 155
100 84
100 71
100 52
100 94
100 36
100 416
100 17
100 19
100 78
100 65
100 40
100 636
100 111
100 5
100 50
100 35
100 411
100 98
100 8
100 75
100 339
100 484
100 11
100 161
100 86
100 222
100 39
100 142
100 241
100 156
100 42
100 1
100 414
100 88
100 22
100 4
100 121
100 34
100 27
100 156
100 204
100 13
100 357
100 14
100 167
100 98
100 5
100 61
100 97
100 395
100 23
100 170
100 6
100 188
100 215
100 125
100 74
100 50
100 435
100 10
100 324
100 173
100 534
100 27
100 241
100 322
100 36
100 88
100 17
100 18
100 121
100 40
100 166
100 331
100 71
100 11
100 185
100 6
100 84
100 476
100 166
100 48
100 56
100 58
100 165
100 29
100 104
100 383
100 23
100 229
100 198
100 23
100 343
100 130
100 32
100 31
100 38
100 386
100 81
100 118
100 207
100 131
100 78
100 53
100 154
100 70
100 55
100 41
100 16
100 184
100 125
100 101
100 606
100 9
100 341
100 29
100 154
100 164
100 154
100 412
100 87
100 4
100 0
100 184
100 352
100 101
100 32
100 7
100 43
100 223
100 58
100 193
100 60
100 1
100 249
100 208
100 144
100 50
100 112
100 51
100 310
100 169
100 121
100 182
100 94
100 11
100 8
100 2
100 23
100 23
100 0
100 74
100 51
100 47
100 167
100 53
100 38
100 15
100 13
100 36
100 132
100 89
100 110
100 20
100 145
100 128
100 554
100 151
100 229
100 116
100 79
100 200
100 208
100 129
100 79
100 631
100 38
100 47
100 48
100 157
100 234
100 1
100 65
100 138
100 88
100 12
100 126
100 186
100 213
100 242
100 273
100 463
100 101
100 139
100 70
100 120
100 106
100 32
100 8
100 79
100 141
100 348
100 305
100 69
100 145
100 760
100 162
100 165
100 132
100 243
100 70
100 126
100 220
100 365
100 287
100 106
100 1
100 187
100 111
100 230
100 10
100 35
100 129
100 62
100 10
100 300
100 87
100 57
100 3
100 41
100 4
100 168
100 48
100 94
100 119
100 136
100 38
100 242
100 212
100 59
100 42
100 81
100 220
100 465
100 141
100 104
100 55
100 7
100 456
100 13
100 88
100 256
100 74
100 58
100 114
100 123
100 138
100 157
100 23
100 80
100 43
100 288
100 130
100 91
100 65
100 101
100 3
100 4
100 647
100 136
100 69
100 274
100 83
100 33
100 241
100 311
100 365
100 77
100 371
100 317
100 228
100 144
100 167
100 259
100 5
100 310
100 230
100 20
100 63
100 66
100 43
100 136
100 157
100 449
100 177
100 264
100 19
100 75
100 34
100 135
100 206
100 63
100 73
100 262
100 93
100 21
100 221
100 162
100 318
100 245
100 151
100 352
100 159
100 403
100 280
100 78
100 55
100 160
100 192
100 67
100 93
100 450
100 41
100 81
100 2
100 142
100 305
100 29
100 204
100 310
100 123
100 147
100 164
100 31
100 108
100 303
100 1
100 58
100 41
100 159
100 258
100 14
100 224
100 287
100 48
100 46
100 92
100 6
100 32
100 161
100 361
100 540
100 385
100 51
100 166
100 10
100 95
100 16
100 55
100 226
100 223
100 4
100 120
100 114
100 84
100 70
100 53
100 373
100 52
100 66
100 272
100 188
100 121
100 164
100 14
100 11
100 238
100 177
100 169
100 117
100 21
100 34
100 25
100 178
100 46
100 121
100 153
100 76
100 256
100 674
100 406
100 292
100 89
100 99
100 116
100 133
100 90
100 44
100 92
100 30
100 168
100 115
100 118
100 91
100 149
100 84
100 15
100 125
100 492
100 78
100 126
100 265
100 714
100 312
100 58
100 33
100 157
100 18
100 34
100 212
100 535
100 250
100 349
100 111
100 64
100 396
100 117
100 186
100 200
100 8
100 310
100 4
100 46
100 34
100 154
100 57
100 112
100 284
100 203
100 4
100 46
100 13
100 149
100 363
100 117
100 289
100 28
100 0
100 90
100 70
100 248
100 149
100 3
100 214
100 46
100 51
100 44
100 34
100 175
100 58
100 73
100 426
100 208
100 6
100 105
100 260
100 244
100 24
100 221
100 133
100 314
100 0
100 401
100 87
100 206
100 101
100 98
100 43
100 17
100 369
100 401
100 421
100 214
100 146
100 69
100 318
100 10
100 51
100 83
100 10
100 46
100 194
100 86
100 121
100 249
100 31
100 27
100 438
100 113
100 18
100 161
100 893
100 190
100 22
100 117
100 49
100 12
100 377
100 7
100 105
100 84
100 42
100 141
100 125
100 216
100 221
100 17
100 195
100 156
100 22
100 62
100 179
100 173
100 28
100 25
100 509
100 645
100 121
100 10
100 33
100 21
100 552
100 116
100 99
100 513
100 125
100 217
100 7
100 282
100 200
100 354
100 21
100 71
100 171
100 26
100 433
100 517
100 145
100 641
100 321
100 9
100 27
100 68
100 35
100 151
100 175
100 193
100 249
100 370
100 19
100 345
100 1030
100 96
100 101
100 124
100 39
100 345
100 50
100 758
100 562
100 117
100 103
100 47
100 377
100 243
100 162
100 270
100 74
100 2
100 10
100 6
100 70
100 115
100 157
100 95
100 28
100 1142
100 41
100 441
100 320
100 228
100 2
100 229
100 18
100 555
100 165
100 60
100 2
100 269
100 239
100 360
100 0
100 47
100 8
100 50
100 231
100 15
100 21
100 154
100 82
100 222
100 100
100 539
100 43
100 103
100 75
100 317
100 38
100 223
100 241
100 393
100 26
100 34
100 72
100 185
100 7
100 150
100 567
100 46
100 178
100 382
100 122
100 62
100 64
100 61
100 272
100 176
100 59
100 472
100 26
100 165
100 142
100 30
100 49
100 71
100 239
100 240
100 145
100 171
100 71
100 212
100 264
100 16
100 160
100 80
100 192
100 79
100 108
100 51
100 182
100 122
100 193
100 90
100 227
100 17
100 37
100 61
100 2
100 275
100 212
100 52
100 78
100 1
100 10
100 131
100 84
100 180
100 40
100 94
100 129
100 309
100 163
100 88
100 59
100 9
100 291
100 181
100 415
100 123
100 4
100 70
100 477
100 476
100 235
100 93
100 221
100 482
100 416
100 88
100 23
100 54
100 212
100 123
100 14
100 413
100 59
100 196
100 83
100 134
100 183
100 53
100 108
100 78
100 107
100 7
100 62
100 5
100 23
100 270
100 26
100 4
100 31
100 52
100 29
100 44
100 239
100 286
100 49
100 3
100 198
100 204
100 54
100 18
100 205
100 220
100 103
100 21
100 44
100 63
100 215
100 7
100 58
100 49
100 259
100 12
100 33
100 370
100 224
100 68
100 168
100 12
100 263
100 403
100 4
100 79
100 57
100 30
100 204
100 363
100 33
100 53
100 9
100 229
100 776
100 637
100 173
100 45
100 116
100 259
100 141
100 161
100 200
100 27
100 36
100 643
100 147
100 141
100 106
100 181
100 210
100 107
100 214
100 108
100 198
100 2
100 189
100 13
100 260
100 46
100 86
100 13
100 25
100 252
100 75
100 837
100 28
100 133
100 38
100 78
100 68
100 2
100 234
100 55
100 61
100 573
100 308
100 100
100 121
100 8
100 179
100 181
100 0
100 176
100 137
100 107
100 294
100 187
100 138
100 77
100 201
100 368
100 163
100 219
100 216
100 107
100 257
100 58
100 34
100 48
100 21
100 427
100 271
100 146
100 108
100 160
100 26
100 48
100 6
100 141
100 31
100 32
100 240
100 177
100 32
100 48
100 33
100 36
100 95
100 410
100 24
100 34
100 98
100 37
100 24
100 287
100 35
100 25
100 153
100 43
100 36
100 27
100 110
100 14
100 215
100 99
100 185
100 58
100 125
100 278
100 87
100 409
100 32
100 113
100 327
100 114
100 40
100 516
100 141
100 98
100 130
100 145
100 10
100 57
100 104
100 121
100 114
100 39
100 142
100 267
100 766
100 2
100 144
100 93
100 259
100 75
100 235
100 23
100 20
100 101
100 54
100 72
100 30
100 26
100 117
100 144
100 339
100 73
100 381
100 235
100 168
100 33
100 221
100 18
100 122
100 99
100 79
100 60
100 227
100 179
100 77
100 60
100 69
100 206
100 60
100 371
100 84
100 93
100 272
100 162
100 65
100 138
100 191
100 156
100 13
100 30
100 298
100 312
100 337
100 3
100 657
100 189
100 5
100 56
100 28
100 15
100 64
100 88
100 12
100 210
100 25
100 30
100 126
100 175
100 210
100 75
100 30
100 11
100 84
100 79
100 91
100 112
100 84
100 120
100 367
100 136
100 194
100 118
100 45
100 391
100 9
100 178
100 127
100 52
100 239
100 36
100 220
100 43
100 31
100 48
100 192
100 79
100 22
100 305
100 144
100 14
100 3
100 14
100 121
100 208
100 82
100 26
100 109
100 78
100 112
100 87
100 17
100 42
100 45
100 167
100 273
100 347
100 327
100 59
100 177
100 280
100 56
100 14
100 143
100 0
100 22
100 105
100 41
100 60
100 65
100 158
100 43
100 38
100 251
100 63
100 65
100 78
100 6
100 366
100 35
100 139
100 158
100 49
100 563
100 124
100 205
100 505
100 372
100 37
100 246
100 23
100 579
100 101
100 108
100 108
100 286
100 20
100 138
100 165
100 341
100 169
100 54
100 38
100 211
100 167
100 49
100 256
100 527
100 396
100 60
100 32
100 174
100 364
100 339
100 163
100 217
100 12
100 233
100 204
100 20
100 386
100 112
100 281
100 107
100 349
100 89
100 165
100 347
100 102
100 61
100 116
100 111
100 28
100 103
100 38
100 51
100 191
100 15
100 57
100 341
100 23
100 55
100 292
100 109
100 11
100 13
100 91
100 38
100 8
100 163
100 416
100 36
100 49
100 365
100 111
100 336
100 6
100 30
100 116
100 124
100 42
100 373
100 252
100 246
100 32
100 306
100 30
100 182
100 220
100 60
100 40
100 528
100 464
100 94
100 162
100 249
100 34
100 236
100 163
100 54
100 134
100 157
100 2
100 642
100 89
100 27
100 23
100 37
100 41
100 52
100 69
100 37
100 2
100 56
100 15
100 72
100 58
100 9
100 48
100 116
100 47
100 51
100 59
100 10
100 205
100 174
100 194
100 397
100 45
100 186
100 174
100 54
100 184
100 273
100 151
100 3
100 109
100 44
100 78
100 216
100 55
100 422
100 177
100 161
100 427
100 18
100 25
100 77
100 547
100 109
100 185
100 277
100 28
100 118
100 97
100 344
100 28
100 342
100 82
100 73
100 93
100 260
100 53
100 96
100 150
100 112
100 152
100 393
100 123
100 106
100 20
100 284
100 253
100 57
100 36
100 114
100 493
100 172
100 168
100 0
100 328
100 7
100 13
100 39
100 2
100 118
100 24
100 86
100 267
100 21
100 153
100 69
100 232
100 37
100 119
100 145
100 32
100 220
100 197
100 245
100 41
100 118
100 263
100 43
100 97
100 93
100 108
100 81
100 178
100 74
100 412
100 177
100 281
100 181
100 28
100 176
100 224
100 57
100 203
100 13
100 104
100 468
100 288
100 32
100 276
100 166
100 66
100 60
100 131
100 163
100 101
100 356
100 65
100 52
100 148
100 11
100 100
100 254
100 151
100 90
100 60
100 116
100 105
100 53
100 94
100 76
100 19
100 126
100 736
100 28
100 118
100 64
100 227
100 196
100 36
100 156
100 0
100 207
100 189
100 76
100 303
100 131
100 63
100 28
100 3
100 5
100 183
100 85
100 64
100 61
100 124
100 241
100 0
100 267
100 503
100 34
100 129
100 3
100 339
100 18
100 87
100 80
100 105
100 43
100 110
100 17
100 24
100 4
100 47
100 67
100 506
100 314
100 128
100 30
100 99
100 79
100 23
100 34
100 292
100 228
100 31
100 20
100 262
100 621
100 17
100 24
100 52
100 644
100 70
100 64
100 186
100 6
100 123
100 108
100 95
100 432
100 68
100 247
100 209
100 83
100 29
100 93
100 102
100 191
100 78
100 183
100 261
100 106
100 18
100 15
100 14
100 14
100 631
100 2
100 60
100 281
100 89
100 45
100 76
100 122
100 248
100 60
100 295
100 100
100 67
100 167
100 96
100 969
100 173
100 161
100 421
100 120
100 23
100 153
100 295
100 216
100 57
100 109
100 147
100 72
100 111
100 112
100 2
100 76
100 258
100 31
100 16
100 107
100 104
100 40
100 80
100 43
100 72
100 312
100 506
100 27
100 25
100 128
100 576
100 199
100 57
100 24
100 92
100 459
100 386
100 55
100 136
100 51
100 146
100 303
100 93
100 40
100 55
100 10
100 33
100 44
100 264
100 305
100 247
100 41
100 12
100 99
100 212
100 146
100 29
100 10
100 137
100 205
100 192
100 16
100 177
100 53
100 227
100 278
100 16
100 134
100 30
100 166
100 127
100 411
100 26
100 134
100 63
100 154
100 89
100 85
100 258
100 56
100 279
100 46
100 34
100 307
100 154
100 56
100 192
100 70
100 6
100 270
100 332
100 60
100 2
100 402
100 150
100 17
100 118
100 236
100 271
100 136
100 110
100 426
100 418
100 230
100 184
100 233
100 153
100 208
100 81
100 198
100 1
100 118
100 138
100 44
100 27
100 24
100 3
100 88
100 6
100 323
100 163
100 196
100 37
100 84
100 201
100 170
100 385
100 54
100 167
100 534
100 948
100 62
100 436
100 577
100 179
100 62
100 111
100 99
100 44
100 27
100 133
100 53
100 117
100 593
100 62
100 60
100 13
100 162
100 128
100 78
100 155
100 282
100 12
100 9
100 318
100 429
100 127
100 21
100 211
100 31
100 235
100 15
100 10
100 128
100 15
100 222
100 119
100 99
100 533
100 154
100 66
100 383
100 337
100 21
100 222
100 11
100 1091
100 11
100 81
100 23
100 76
100 109
100 95
100 62
100 176
100 15
100 348
100 141
100 61
100 188
100 101
100 34
100 179
100 415
100 7
100 191
100 221
100 187
100 73
100 260
100 104
100 119
100 241
100 315
100 30
100 173
100 50
100 145
100 339
100 147
100 94
100 413
100 55
100 519
100 221
100 301
100 49
100 161
100 109
100 52
100 133
100 7
100 3
100 20
100 331
100 178
100 111
100 267
100 23
100 73
100 26
100 123
100 47
100 169
100 11
100 70
100 324
100 178
100 59
100 313
100 163
100 58
100 87
100 335
100 210
100 21
100 78
100 56
100 302
100 260
100 35
100 278
100 75
100 54
100 82
100 551
100 114
100 170
100 191
100 11
100 261
100 75
100 81
100 86
100 229
100 58
100 179
100 64
100 143
100 74
100 453
100 297
100 307
100 557
100 59
100 75
100 41
100 402
100 23
100 39
100 388
100 39
100 45
100 57
100 17
100 76
100 122
100 337
100 394
100 132
100 52
100 30
100 65
100 560
100 0
100 293
100 29
100 193
100 48
100 47
100 386
100 167
100 109
100 415
100 30
100 562
100 56
100 68
100 3
100 137
100 141
100 34
100 132
100 226
100 520
100 9
100 62
100 93
100 412
100 91
100 139
100 23
100 47
100 127
100 3
100 57
100 5
100 108
100 285
100 118
100 27
100 134
100 10
100 26
100 474
100 93
100 120
100 3
100 60
100 168
100 27
100 24
100 518
100 134
100 326
100 45
100 367
100 266
100 21
100 54
100 24
100 163
100 93
100 68
100 146
100 25
100 96
100 55
100 238
100 113
100 11
100 174
100 0
100 79
100 745
100 55
100 193
100 38
100 11
100 174
100 263
100 183
100 10
100 375
100 2
100 210
100 1
100 64
100 415
100 252
100 118
100 240
100 177
100 36
100 247
100 131
100 139
100 12
100 168
100 4
100 40
100 124
100 17
100 606
100 160
100 395
100 8
100 27
100 68
100 16
100 683
100 178
100 46
100 76
100 8
100 471
100 187
100 8
100 149
100 28
100 214
100 112
100 7
100 181
100 10
100 263
100 120
100 8
100 37
100 34
100 175
100 131
100 262
100 243
100 283
100 129
100 98
100 259
100 182
100 76
100 74
100 350
100 153
100 15
100 64
100 361
100 371
100 27
100 162
100 44
100 38
100 66
100 19
100 10
100 188
100 115
100 487
100 19
100 167
100 85
100 90
100 34
100 249
100 0
100 58
100 45
100 188
100 259
100 569
100 56
100 12
100 2
100 36
100 285
100 6
100 241
100 118
100 4
100 29
100 200
100 2
100 135
100 74
100 114
100 92
100 83
100 257
100 218
100 396
100 50
100 568
100 649
100 40
100 112
100 484
100 249
100 82
100 219
100 74
100 63
100 99
100 83
100 70
100 36
100 400
100 20
100 235
100 82
100 133
100 180
100 106
100 107
100 297
100 245
100 26
100 312
100 315
100 145
100 10
100 233
100 308
100 51
100 145
100 67
100 301
100 16
100 123
100 160
100 241
100 200
100 108
100 43
100 117
100 178
100 237
100 434
100 28
100 218
100 332
100 27
100 348
100 237
100 172
100 289
100 7
100 40
100 24
100 90
100 156
100 377
100 4
100 131
100 79
100 81
100 343
100 115
100 149
100 50
100 2
100 85
100 41
100 35
100 30
100 133
100 137
100 72
100 128
100 2
100 372
100 19
100 88
100 231
100 73
100 42
100 48
100 462
100 130
100 4
100 66
100 142
100 65
100 162
100 16
100 233
100 7
100 101
100 120
100 84
100 29
100 87
100 29
100 46
100 17
100 47
100 91
100 21
100 118
100 211
100 50
100 6
100 23
100 125
100 106
100 103
100 818
100 107
100 36
100 173
100 73
100 275
100 15
100 173
100 734
100 56
100 287
100 275
100 70
100 101
100 488
100 84
100 42
100 26
100 99
100 745
100 34
100 71
100 201
100 121
100 370
100 33
100 23
100 238
100 122
100 40
100 50
100 29
100 361
100 72
100 407
100 251
100 1
100 87
100 47
100 114
100 130
100 21
100 407
100 42
100 54
100 318
100 242
100 364
100 64
100 597
100 192
100 270
100 19
100 48
100 4
100 66
100 122
100 154
100 164
100 385
100 64
100 88
100 21
100 3
100 425
100 103
100 42
100 21
100 68
100 206
100 1
100 7
100 18
100 150
100 56
100 65
100 339
100 139
100 392
100 126
100 266
100 313
100 399
100 64
100 4
100 58
100 258
100 221
100 242
100 129
100 63
100 17
100 0
100 231
100 430
100 196
100 305
100 338
100 80
100 252
100 90
100 452
100 246
100 39
100 4
100 36
100 13
100 84
100 100
100 117
100 19
100 386
100 57
100 58
100 303
100 258
100 26
100 152
100 39
100 82
100 97
100 16
100 256
100 275
100 18
100 147
100 168
100 162
100 372
100 144
100 218
100 116
100 16
100 285
100 182
100 30
100 22
100 68
100 185
100 271
100 35
100 5
100 172
100 65
100 444
100 29
100 160
100 44
100 325
100 176
100 42
100 15
100 271
100 175
100 127
100 12
100 8
100 90
100 54
100 25
100 273
100 2
100 72
100 112
100 271
100 150
100 767
100 7
100 141
100 131
100 144
100 103
100 93
100 21
100 437
100 107
100 18
100 30
100 281
100 492
100 95
100 197
100 82
100 121
100 245
100 49
100 76
100 228
100 247
100 83
100 60
100 117
100 308
100 204
100 72
100 141
100 28
100 108
100 326
100 7
100 74
100 25
100 64
100 7
100 180
100 137
100 36
100 192
100 322
100 35
100 230
100 137
100 371
100 169
100 134
100 74
100 15
100 4
100 299
100 161
100 439
100 98
100 214
100 94
100 76
100 116
100 29
100 102
100 73
100 45
100 153
100 103
100 136
100 35
100 154
100 294
100 157
100 128
100 186
100 166
100 272
100 138
100 80
100 94
100 66
100 77
100 103
100 313
100 254
100 79
100 41
100 11
100 559
100 409
100 115
100 34
100 36
100 131
100 317
100 2
100 76
100 17
100 7
100 94
100 38
100 286
100 87
100 288
100 415
100 39
100 540
100 479
100 564
100 219
100 68
100 430
100 33
100 107
100 177
100 81
100 0
100 38
100 298
100 19
100 85
100 26
100 190
100 48
100 15
100 194
100 290
100 139
100 323
100 42
100 57
100 98
100 28
100 532
100 69
100 10
100 459
100 89
100 219
100 129
100 353
100 192
100 3
100 124
100 182
100 56
100 197
100 43
100 560
100 37
100 3
100 528
100 104
100 12
100 3
100 28
100 214
100 214
100 169
100 83
100 29
100 1
100 31
100 61
100 188
100 23
100 161
100 200
100 4
100 64
100 2
100 56
100 160
100 126
100 495
100 146
100 162
100 242
100 91
100 290
100 187
100 116
100 18
100 56
100 269
100 252
100 23
100 121
100 61
100 175
100 88
100 188
100 113
100 14
100 69
100 218
100 1
100 122
100 1
100 777
100 198
100 34
100 32
100 60
100 84
100 233
100 153
100 7
100 477
100 10
100 191
100 261
100 218
100 86
100 31
100 261
100 293
100 290
100 31
100 2
100 19
100 38
100 63
100 20
100 61
100 73
100 34
100 119
100 71
100 191
100 4
100 93
100 76
100 58
100 250
100 291
100 24
100 45
100 336
100 54
100 299
100 213
100 202
100 5
100 9
100 124
100 9
100 187
100 7
100 175
100 52
100 2
100 244
100 162
100 31
100 90
100 39
100 61
100 265
100 65
100 136
100 125
100 38
100 219
100 137
100 205
100 282
100 17
100 189
100 97
100 12
100 45
100 83
100 12
100 54
100 52
100 569
100 11
100 231
100 261
100 154
100 99
100 12
100 189
100 35
100 8
100 19
100 331
100 266
100 20
100 17
100 24
100 316
100 145
100 13
100 286
100 69
100 219
100 100
100 46
100 84
100 29
100 168
100 112
100 2
100 53
100 64
100 299
100 174
100 78
100 46
100 286
100 50
100 557
100 36
100 715
100 353
100 162
100 21
100 384
100 157
100 362
100 99
100 183
100 280
100 108
100 114
100 7
100 420
100 50
100 143
100 49
100 294
100 171
100 141
100 220
100 183
100 50
100 197
100 22
100 155
100 1116
100 70
100 70
100 23
100 39
100 18
100 446
100 60
100 166
100 59
100 30
100 368
100 33
100 23
100 2
100 247
100 290
100 223
100 44
100 24
100 126
100 253
100 81
100 116
100 99
100 144
100 238
100 242
100 190
100 37
100 37
100 176
100 62
100 131
100 172
100 157
100 117
100 287
100 41
100 65
100 225
100 169
100 268
100 2
100 227
100 461
100 66
100 218
100 14
100 504
100 151
100 518
100 7
100 34
100 40
100 122
100 53
100 56
100 14
100 1
100 107
100 109
100 380
100 265
100 264
100 270
100 65
100 17
100 170
100 23
100 16
100 80
100 21
100 63
100 44
100 159
100 3
100 4
100 394
100 171
100 6
100 111
100 94
100 321
100 76
100 275
100 22
100 170
100 53
100 117
100 70
100 18
100 103
100 181
100 12
100 261
100 10
100 102
100 87
100 4
100 16
100 164
100 85
100 212
100 20
100 33
100 3
100 303
100 58
100 249
100 24
100 301
100 39
100 399
100 21
100 226
100 27
100 315
100 48
100 341
100 36
100 72
100 67
100 8
100 165
100 101
100 123
100 41
100 163
100 121
100 443
100 194
100 356
100 26
100 81
100 266
100 69
100 158
100 18
100 264
100 180
100 333
100 136
100 8
100 62
100 304
100 73
100 794
100 49
100 44
100 246
100 61
100 57
100 24
100 257
100 117
100 183
100 384
100 37
100 45
100 377
100 28
100 326
100 202
100 65
100 162
100 740
100 215
100 341
100 11
100 72
100 23
100 91
100 42
100 40
100 8
100 60
100 47
100 124
100 130
100 14
100 37
100 33
100 19
100 1
100 15
100 51
100 151
100 51
100 88
100 643
100 422
100 8
100 78
100 144
100 29
100 0
100 314
100 37
100 109
100 19
100 109
100 84
100 385
100 17
100 10
100 62
100 150
100 452
100 88
100 1072
100 56
100 431
100 269
100 142
100 115
100 264
100 26
100 422
100 80
100 223
100 73
100 142
100 235
100 396
100 65
100 32
100 103
100 62
100 32
100 107
100 295
100 48
100 125
100 215
100 70
100 15
100 219
100 124
100 134
100 58
100 69
100 153
100 108
100 56
100 28
100 85
100 360
100 111
100 836
100 168
100 296
100 83
100 20
100 208
100 79
100 99
100 148
100 121
100 361
100 67
100 103
100 18
100 2
100 59
100 46
100 111
100 308
100 81
100 114
100 173
100 161
100 152
100 303
100 0
100 34
100 53
100 65
100 99
100 24
100 100
100 300
100 26
100 91
100 14
100 11
100 460
100 130
100 16
100 494
100 14
100 0
100 69
100 111
100 226
100 76
100 52
100 23
100 102
100 65
100 225
100 557
100 34
100 411
100 93
100 79
100 317
100 22
100 456
100 55
100 224
100 81
100 79
100 81
100 70
100 96
100 318
100 181
100 289
100 23
100 855
100 259
100 461
100 55
100 173
100 102
100 483
100 9
100 25
100 2
100 226
100 25
100 170
100 553
100 6
100 73
100 24
100 31
100 88
100 17
100 53
100 201
100 170
100 44
100 66
100 101
100 16
100 72
100 47
100 13
100 160
100 76
100 81
100 28
100 248
100 78
100 36
100 441
100 191
100 11
100 171
100 63
100 985
100 46
100 82
100 100
100 16
100 9
100 57
100 34
100 71
100 209
100 172
100 94
100 16
100 28
100 24
100 78
100 73
100 74
100 3
100 295
100 75
100 192
100 23
100 64
100 19
100 49
100 203
100 145
100 37
100 161
100 116
100 131
100 517
100 38
100 93
100 152
100 28
100 197
100 211
100 6
100 41
100 26
100 173
100 132
100 135
100 386
100 129
100 63
100 21
100 78
100 4
100 114
100 285
100 282
100 141
100 320
100 18
100 37
100 126
100 50
100 93
100 36
100 94
100 112
100 151
100 48
100 44
100 122
100 78
100 158
100 196
100 20
100 173
100 411
100 41
100 122
100 378
100 532
100 280
100 127
100 502
100 263
100 11
100 25
100 48
100 86
100 110
100 165
100 86
100 104
100 252
100 138
100 75
100 103
100 9
100 619
100 248
100 334
100 95
100 389
100 39
100 222
100 131
100 105
100 341
100 34
100 9
100 405
100 515
100 112
100 120
100 113
100 149
100 79
100 229
100 347
100 216
100 4
100 400
100 66
100 330
100 233
100 19
100 140
100 191
100 58
100 293
100 44
100 353
100 0
100 66
100 3
100 74
100 113
100 17
100 565
100 176
100 322
100 322
100 627
100 34
100 9
100 238
100 70
100 435
100 68
100 49
100 23
100 78
100 36
100 43
100 0
100 327
100 118
100 123
100 1
100 80
100 34
100 41
100 135
100 34
100 87
100 2
100 96
100 101
100 52
100 48
100 585
100 143
100 53
100 213
100 64
100 114
100 123
100 40
100 191
100 32
100 247
100 123
100 148
100 4
100 726
100 5
100 43
100 16
100 239
100 144
100 314
100 167
100 123
100 287
100 57
100 91
100 15
100 117
100 350
100 154
100 78
100 60
100 153
100 128
100 157
100 0
100 502
100 105
100 19
100 214
100 31
100 19
100 47
100 255
100 131
100 30
100 191
100 261
100 20
100 562
100 106
100 346
100 25
100 5
100 69
100 22
100 71
100 99
100 24
100 273
100 107
100 104
100 8
100 83
100 66
100 253
100 124
100 633
100 190
100 205
100 108
100 21
100 37
100 212
100 250
100 156
100 71
100 337
100 7
100 23
100 520
100 106
100 154
100 3
100 234
100 53
100 38
100 165
100 52
100 178
100 167
100 92
100 60
100 24
100 56
100 305
100 18
100 59
100 1
100 247
100 47
100 438
100 18
100 104
100 692
100 219
100 35
100 216
100 117
100 67
100 171
100 291
100 55
100 340
100 104
100 183
100 139
100 81
100 287
100 3
100 150
100 45
100 161
100 291
100 17
100 3
100 204
100 4
100 177
100 327
100 344
100 207
100 12
100 219
100 63
100 10
100 199
100 253
100 0
100 120
100 54
100 26
100 138
100 466
100 104
100 30
100 37
100 252
100 163
100 15
100 174
100 292
100 79
100 124
100 651
100 179
100 160
100 7
100 23
100 23
100 219
100 76
100 7
100 61
100 81
100 153
100 22
100 42
100 127
100 6
100 26
100 221
100 45
100 132
100 210
100 221
100 40
100 381
100 74
100 48
100 117
100 146
100 44
100 366
100 384
100 344
100 136
100 60
100 93
100 11
100 175
100 64
100 15
100 219
100 7
100 15
100 130
100 3
100 348
100 1054
100 181
100 447
100 17
100 68
100 80
100 51
100 13
100 205
100 176
100 323
100 313
100 127
100 78
100 61
100 103
100 127
100 227
100 294
100 55
100 42
100 306
100 336
100 93
100 154
100 44
100 115
100 385
100 126
100 420
100 56
100 20
100 119
100 29
100 441
100 24
100 156
100 74
100 25
100 71
100 14
100 101
100 11
100 21
100 219
100 222
100 170
100 28
100 123
100 198
100 216
100 56
100 55
100 212
100 24
100 73
100 55
100 304
100 161
100 140
100 50
100 7
100 78
100 90
100 430
100 253
100 172
100 380
100 13
100 84
100 375
100 94
100 63
100 237
100 22
100 187
100 18
100 84
100 142
100 38
100 215
100 161
100 18
100 89
100 69
100 12
100 143
100 3
100 223
100 94
100 58
100 130
100 298
100 37
100 944
100 104
100 10
100 62
100 239
100 255
100 21
100 453
100 84
100 4
100 108
100 265
100 8
100 31
100 13
100 36
100 156
100 450
100 8
100 154
100 300
100 128
100 86
100 164
100 300
100 28
100 79
100 94
100 73
100 230
100 237
100 630
100 41
100 457
100 132
100 116
100 2
100 23
100 190
100 61
100 6
100 44
100 429
100 141
100 136
100 107
100 9
100 10
100 113
100 166
100 21
100 18
100 23
100 17
100 58
100 129
100 27
100 32
100 315
100 56
100 90
100 156
100 519
100 42
100 275
100 271
100 158
100 136
100 291
100 225
100 209
100 64
100 204
100 131
100 111
100 98
100 156
100 114
100 115
100 239
100 149
100 99
100 71
100 53
100 27
100 142
100 148
100 108
100 39
100 182
100 159
100 40
100 30
100 99
100 532
100 135
100 59
100 147
100 30
100 34
100 283
100 7
100 45
100 272
100 84
100 93
100 338
100 214
100 444
100 185
100 267
100 119
100 106
100 115
100 16
100 287
100 24
100 79
100 174
100 36
100 78
100 48
100 271
100 71
100 8
100 383
100 226
100 33
100 60
100 145
100 22
100 107
100 288
100 57
100 175
100 15
100 264
100 344
100 446
100 65
100 99
100 39
100 28
100 161
100 15
100 103
100 12
100 287
100 44
100 194
100 39
100 23
100 20
100 30
100 188
100 27
100 166
100 189
100 39
100 310
100 155
100 122
100 127
100 121
100 219
100 228
100 1
100 322
100 149
100 33
100 21
100 125
100 56
100 51
100 322
100 214
100 16
100 64
100 79
100 119
100 438
100 30
100 291
100 101
100 53
100 65
100 31
100 93
100 5
100 86
100 118
100 298
100 20
100 262
100 87
100 86
100 167
100 28
100 178
100 109
100 657
100 49
100 961
100 388
100 76
100 23
100 312
100 22
100 105
100 105
100 121
100 159
100 18
100 203
100 62
100 280
100 356
100 416
100 207
100 76
100 318
100 50
100 555
100 61
100 239
100 360
100 295
100 109
100 168
100 39
100 29
100 118
100 58
100 66
100 87
100 184
100 246
100 78
100 70
100 226
100 129
100 9
100 141
100 15
100 95
100 313
100 8
100 551
100 245
100 4
100 63
100 1
100 29
100 430
100 126
100 106
100 119
100 197
100 149
100 18
100 122
100 69
100 152
100 31
100 69
100 343
100 275
100 299
100 554
100 254
100 18
100 603
100 156
100 254
100 62
100 323
100 27
100 49
100 26
100 431
100 5
100 495
100 89
100 246
100 158
100 350
100 26
100 6
100 406
100 2
100 58
100 0
100 107
100 287
100 11
100 2
100 235
100 358
100 131
100 314
100 301
100 27
100 2
100 93
100 173
100 208
100 7
100 105
100 288
100 59
100 13
100 337
100 67
100 19
100 84
100 199
100 227
100 32
100 13
100 317
100 95
100 181
100 26
100 384
100 101
100 47
100 5
100 37
100 15
100 15
100 228
100 30
100 31
100 277
100 76
100 116
100 76
100 85
100 249
100 118
100 48
100 1
100 13
100 45
100 28
100 13
100 170
100 415
100 53
100 66
100 40
100 0
100 129
100 179
100 66
100 14
100 143
100 17
100 59
100 165
100 2
100 73
100 134
100 265
100 77
100 183
100 218
100 2
100 112
100 55
100 354
100 361
100 55
100 18
100 22
100 364
100 30
100 409
100 56
100 162
100 156
100 60
100 249
100 156
100 30
100 97
100 83
100 34
100 202
100 39
100 175
100 139
100 38
100 84
100 380
100 77
100 72
100 16
100 235
100 60
100 90
100 55
100 477
100 5
100 42
100 222
100 92
100 17
100 235
100 105
100 329
100 162
100 43
100 92
100 134
100 165
100 104
100 139
100 56
100 41
100 738
100 67
100 561
100 50
100 303
100 13
100 4
100 122
100 151
100 111
100 337
100 370
100 121
100 9
100 13
100 2
100 230
100 19
100 353
100 169
100 68
100 200
100 305
100 33
100 90
100 6
100 133
100 72
100 133
100 347
100 5
100 25
100 2
100 166
100 621
100 25
100 153
100 258
100 101
100 9
100 257
100 103
100 79
100 156
100 146
100 198
100 60
100 300
100 360
100 492
100 33
100 27
100 24
100 148
100 8
100 170
100 17
100 89
100 285
100 233
100 49
100 109
100 44
100 263
100 162
100 258
100 175
100 130
100 85
100 31
100 547
100 80
100 83
100 5
100 51
100 23
100 53
100 240
100 305
100 35
100 101
100 98
100 54
100 55
100 316
100 401
100 15
100 253
100 84
100 292
100 8
100 41
100 28
100 341
100 536
100 120
100 286
100 294
100 321
100 65
100 142
100 116
100 163
100 63
100 196
100 50
100 343
100 86
100 569
100 111
100 0
100 23
100 105
100 102
100 2
100 202
100 159
100 39
100 75
100 562
100 52
100 224
100 42
100 361
100 142
100 18
100 224
100 106
100 182
100 326
100 253
100 115
100 166
100 248
100 68
100 70
100 28
100 253
100 131
100 118
100 100
100 16
100 171
100 160
100 38
100 207
100 113
100 35
100 34
100 42
100 108
100 254
100 68
100 17
100 46
100 27
100 106
100 48
100 73
100 50
100 139
100 47
100 154
100 639
100 306
100 189
100 96
100 468
100 412
100 116
100 33
100 287
100 153
100 8
100 78
100 608
100 65
100 282
100 37
100 123
100 87
100 2
100 23
100 95
100 171
100 49
100 53
100 148
100 61
100 96
100 254
100 182
100 26
100 304
100 147
100 20
100 2
100 80
100 28
100 135
100 39
100 28
100 112
100 488
100 67
100 52
100 340
100 217
100 135
100 20
100 41
100 58
100 304
100 793
100 111
100 119
100 75
100 45
100 59
100 18
100 74
100 15
100 76
100 144
100 72
100 377
100 137
100 102
100 51
100 35
100 224
100 117
100 44
100 376
100 13
100 49
100 465
100 325
100 72
100 119
100 106
100 43
100 20
100 66
100 59
100 63
100 484
100 290
100 191
100 249
100 41
100 60
100 207
100 228
100 102
100 58
100 23
100 7
100 148
100 64
100 572
100 49
100 48
100 5
100 38
100 0
100 306
100 3
100 352
100 55
100 114
100 152
100 242
100 43
100 16
100 310
100 138
100 43
100 138
100 2
100 47
100 8
100 337
100 76
100 160
100 358
100 725
100 50
100 154
100 8
100 274
100 4
100 50
100 157
100 457
100 21
100 109
100 66
100 107
100 8
100 102
100 70
100 208
100 190
100 3
100 619
100 161
100 290
100 119
100 268
100 20
100 420
100 65
100 39
100 267
100 93
100 197
100 69
100 317
100 137
100 644
100 516
100 286
100 31
100 70
100 736
100 97
100 339
100 114
100 391
100 264
100 165
100 41
100 283
100 433
100 4
100 316
100 113
100 60
100 68
100 85
100 138
100 259
100 42
100 3
100 180
100 290
100 130
100 99
100 215
100 254
100 145
100 56
100 74
100 253
100 205
100 109
100 124
100 43
100 231
100 4
100 70
100 65
100 249
100 39
100 367
100 56
100 123
100 5
100 28
100 85
100 259
100 193
100 48
100 74
100 248
100 53
100 106
100 165
100 25
100 287
100 72
100 2
100 23
100 11
100 259
100 97
100 7
100 319
100 8
100 196
100 105
100 8
100 5
100 78
100 0
100 42
100 46
100 43
100 367
100 484
100 337
100 311
100 88
100 133
100 61
100 45
100 138
100 27
100 143
100 168
100 252
100 142
100 305
100 22
100 338
100 93
100 77
100 27
100 310
100 39
100 56
100 73
100 46
100 236
100 14
100 294
100 83
100 196
100 89
100 273
100 157
100 16
100 0
100 35
100 9
100 109
100 123
100 185
100 49
100 47
100 105
100 64
100 87
100 180
100 50
100 93
100 311
100 91
100 916
100 39
100 411
100 36
100 93
100 117
100 78
100 6
100 93
100 195
100 58
100 75
100 98
100 326
100 234
100 139
100 132
100 33
100 93
100 18
100 165
100 133
100 61
100 4
100 330
100 70
100 87
100 137
100 68
100 216
100 39
100 371
100 26
100 135
100 216
100 29
100 32
100 105
100 438
100 103
100 549
100 294
100 105
100 44
100 856
100 1102
100 205
100 55
100 112
100 82
100 31
100 384
100 225
100 61
100 74
100 29
100 83
100 160
100 16
100 348
100 27
100 88
100 303
100 21
100 266
100 117
100 121
100 5
100 21
100 143
100 92
100 13
100 56
100 16
100 73
100 228
100 144
100 49
100 12
100 12
100 8
100 150
100 109
100 7
100 141
100 312
100 27
100 70
100 153
100 0
100 265
100 217
100 147
100 166
100 500
100 10
100 149
100 1468
100 25
100 51
100 166
100 221
100 97
100 190
100 165
100 226
100 196
100 70
100 22
100 115
100 514
100 95
100 297
100 176
100 85
100 77
100 142
100 6
100 38
100 37
100 28
100 724
100 58
100 177
100 21
100 193
100 140
100 574
100 48
100 150
100 78
100 35
100 56
100 283
100 19
100 121
100 245
100 35
100 15
100 204
100 29
100 13
100 66
100 191
100 561
100 559
100 12
100 345
100 26
100 512
100 372
100 72
100 142
100 30
100 98
100 295
100 27
100 72
100 29
100 96
100 117
100 107
100 58
100 222
100 26
100 147
100 144
100 411
100 9
100 215
100 397
100 132
100 140
100 129
100 65
100 5
100 10
100 477
100 115
100 63
100 110
100 39
100 281
100 30
100 388
100 532
100 3
100 170
100 365
100 140
100 213
100 40
100 137
100 49
100 197
100 208
100 43
100 3
100 67
100 1
100 62
100 247
100 40
100 12
100 12
100 119
100 274
100 516
100 158
100 106
100 476
100 323
100 167
100 21
100 107
100 59
100 334
100 324
100 195
100 2
100 10
100 39
100 131
100 15
100 130
100 133
100 18
100 305
100 301
100 69
100 113
100 65
100 4
100 55
100 74
100 179
100 85
100 70
100 138
100 34
100 43
100 111
100 83
100 128
100 54
100 88
100 98
100 148
100 49
100 331
100 9
100 116
100 152
100 214
100 94
100 189
100 355
100 117
100 5
100 453
100 59
100 59
100 179
100 81
100 71
100 12
100 2
100 19
100 65
100 28
100 115
100 950
100 43
100 202
100 40
100 119
100 164
100 360
100 161
100 79
100 18
100 36
100 47
100 659
100 204
100 2
100 11
100 174
100 319
100 98
100 471
100 17
100 29
100 0
100 25
100 105
100 298
100 162
100 34
100 399
100 543
100 284
100 354
100 103
100 283
100 259
100 7
100 126
100 137
100 86
100 46
100 557
100 101
100 236
100 240
100 120
100 81
100 166
100 155
100 4
100 88
100 560
100 313
100 92
100 121
100 6
100 76
100 684
100 214
100 33
100 218
100 28
100 517
100 96
100 99
100 21
100 792
100 0
100 6
100 164
100 123
100 337
100 397
100 150
100 151
100 158
100 273
100 252
100 109
100 9
100 49
100 106
100 120
100 121
100 159
100 151
100 641
100 184
100 293
100 35
100 19
100 274
100 151
100 175
100 25
100 123
100 264
100 303
100 50
100 356
100 183
100 452
100 179
100 5
100 251
100 39
100 110
100 166
100 66
100 87
100 20
100 9
100 222
100 236
100 18
100 200
100 174
100 120
100 3
100 60
100 41
100 40
100 64
100 216
100 72
100 166
100 129
100 567
100 189
100 143
100 135
100 380
100 422
100 118
100 267
100 257
100 67
100 17
100 429
100 134
100 503
100 237
100 41
100 102
100 178
100 126
100 196
100 145
100 140
100 63
100 22
100 50
100 89
100 336
100 121
100 106
100 7
100 2
100 66
100 123
100 110
100 61
100 1
100 236
100 310
100 108
100 520
100 22
100 99
100 82
100 53
100 34
100 84
100 64
100 520
100 274
100 173
100 12
100 39
100 59
100 231
100 4
100 19
100 275
100 42
100 205
100 30
100 33
100 15
100 50
100 110
100 121
100 72
100 303
100 564
100 27
100 220
100 50
100 136
100 210
100 305
100 95
100 36
100 48
100 73
100 56
100 576
100 98
100 109
100 42
100 6
100 318
100 117
100 53
100 8
100 36
100 200
100 389
100 119
100 58
100 61
100 473
100 68
100 88
100 190
100 47
100 244
100 52
100 301
100 27
100 63
100 314
100 39
100 210
100 140
100 148
100 114
100 168
100 183
100 176
100 36
100 49
100 81
100 342
100 43
100 113
100 125
100 183
100 39
100 104
100 149
100 216
100 165
100 348
100 102
100 24
100 282
100 100
100 539
100 143
100 182
100 26
100 80
100 57
100 252
100 10
100 124
100 153
100 53
100 124
100 57
100 83
100 45
100 10
100 79
100 242
100 92
100 398
100 108
100 9
100 268
100 42
100 62
100 17
100 230
100 175
100 203
100 223
100 92
100 24
100 112
100 359
100 196
100 72
100 115
100 330
100 225
100 239
100 256
100 126
100 66
100 30
100 13
100 173
100 183
100 118
100 11
100 216
100 99
100 350
100 247
100 117
100 153
100 39
100 592
100 6
100 89
100 643
100 84
100 194
100 55
100 147
100 163
100 55
100 393
100 83
100 50
100 97
100 92
100 178
100 72
100 128
100 35
100 180
100 29
100 45
100 203
100 72
100 131
100 23
100 183
100 28
100 298
100 290
100 25
100 53
100 142
100 617
100 187
100 150
100 114
100 105
100 703
100 310
100 3
100 4
100 79
100 192
100 194
100 48
100 16
100 174
100 241
100 124
100 144
100 66
100 191
100 62
100 43
100 126
100 47
100 60
100 340
100 205
100 279
100 1018
100 20
100 263
100 238
100 140
100 228
100 272
100 363
100 15
100 87
100 208
100 97
100 269
100 326
100 3
100 261
100 195
100 21
100 104
100 36
100 21
100 41
100 98
100 305
100 213
100 830
100 139
100 99
100 173
100 48
100 13
100 36
100 6
100 46
100 48
100 8
100 69
100 8
100 149
100 182
100 11
100 24
100 116
100 93
100 40
100 24
100 164
100 132
100 66
100 59
100 252
100 83
100 44
100 38
100 29
100 37
100 125
100 145
100 147
100 9
100 67
100 73
100 22
100 73
100 87
100 41
100 388
100 48
100 67
100 11
100 123
100 43
100 227
100 40
100 85
100 19
100 383
100 33
100 127
100 295
100 86
100 98
100 175
100 318
100 63
100 35
100 220
100 30
100 115
100 220
100 38
100 8
100 4
100 261
100 294
100 236
100 393
100 175
100 274
100 93
100 12
100 274
100 26
100 89
100 619
100 175
100 45
100 35
100 107
100 109
100 3
100 44
100 83
100 196
100 198
100 19
100 12
100 110
100 156
100 383
100 74
100 4
100 42
100 28
100 93
100 198
100 102
100 87
100 2
100 403
100 163
100 23
100 60
100 151
100 191
100 272
100 23
100 307
100 0
100 171
100 3
100 321
100 113
100 435
100 195
100 86
100 233
100 71
100 242
100 132
100 71
100 358
100 231
100 4
100 108
100 16
100 199
100 187
100 12
100 106
100 204
100 76
100 120
100 29
100 7
100 129
100 200
100 295
100 158
100 126
100 76
100 68
100 48
100 222
100 23
100 246
100 88
100 312
100 13
100 181
100 127
100 177
100 30
100 46
100 136
100 164
100 289
100 566
100 11
100 143
100 85
100 956
100 63
100 70
100 90
100 29
100 74
100 18
100 6
100 85
100 184
100 143
100 109
100 138
100 62
100 25
100 21
100 238
100 20
100 86
100 48
100 96
100 53
100 64
100 32
100 303
100 34
100 36
100 22
100 42
100 11
100 52
100 40
100 215
100 421
100 205
100 35
100 50
100 65
100 193
100 97
100 178
100 58
100 89
100 666
100 135
100 8
100 17
100 13
100 182
100 230
100 94
100 306
100 51
100 56
100 131
100 50
100 0
100 60
100 389
100 134
100 1
100 274
100 37
100 103
100 54
100 342
100 17
100 75
100 337
100 78
100 19
100 64
100 56
100 81
100 36
100 77
100 124
100 240
100 68
100 108
100 209
100 24
100 97
100 107
100 146
100 19
100 271
100 121
100 146
100 49
100 282
100 16
100 24
100 55
100 176
100 65
100 300
100 70
100 19
100 78
100 477
100 263
100 42
100 99
100 183
100 142
100 43
100 9
100 64
100 0
100 264
100 500
100 40
100 95
100 21
100 88
100 21
100 32
100 210
100 280
100 409
100 44
100 5
100 149
100 30
100 30
100 280
100 149
100 128
100 85
100 391
100 381
100 58
100 360
100 33
100 19
100 126
100 541
100 33
100 132
100 12
100 148
100 6
100 55
100 56
100 655
100 260
100 72
100 51
100 2
100 194
100 9
100 162
100 153
100 64
100 92
100 103
100 39
100 98
100 325
100 46
100 16
100 58
100 11
100 46
100 73
100 158
100 214
100 27
100 125
100 424
100 337
100 61
100 236
100 541
100 97
100 10
100 28
100 77
100 363
100 44
100 196
100 80
100 65
100 386
100 25
100 61
100 358
100 3
100 145
100 32
100 130
100 125
100 64
100 71
100 63
100 18
100 115
100 239
100 40
100 57
100 140
100 211
100 373
100 324
100 139
100 307
100 5
100 37
100 97
100 66
100 136
100 114
100 143
100 75
100 3
100 273
100 365
100 210
100 0
100 420
100 2
100 325
100 114
100 52
100 142
100 79
100 69
100 106
100 90
100 87
100 123
100 450
100 266
100 68
100 131
100 125
100 0
100 91
100 194
100 41
100 61
100 106
100 76
100 111
100 182
100 304
100 60
100 400
100 100
100 771
100 41
100 54
100 48
100 543
100 62
100 57
100 9
100 41
100 502
100 121
100 75
100 75
100 153
100 179
100 51
100 23
100 194
100 63
100 75
100 26
100 244
100 62
100 19
100 153
100 10
100 80
100 20
100 105
100 118
100 212
100 124
100 278
100 3
100 99
100 96
100 277
100 240
100 41
100 536
100 109
100 20
100 41
100 114
100 253
100 368
100 52
100 297
100 7
100 55
100 41
100 16
100 7
100 132
100 11
100 126
100 173
100 311
100 335
100 481
100 104
100 38
100 411
100 45
100 6
100 287
100 233
100 186
100 67
100 207
100 42
100 303
100 156
100 14
100 2
100 126
100 207
100 37
100 55
100 51
100 384
100 199
100 293
100 141
100 189
100 293
100 37
100 5
100 433
100 76
100 157
100 172
100 39
100 3
100 534
100 51
100 259
100 178
100 112
100 178
100 90
100 77
100 184
100 106
100 157
100 100
100 41
100 49
100 101
100 711
100 323
100 47
100 330
100 9
100 468
100 184
100 1
100 203
100 153
100 53
100 145
100 261
100 78
100 41
100 558
100 129
100 269
100 201
100 145
100 378
100 72
100 8
100 57
100 180
100 23
100 94
100 67
100 167
100 87
100 132
100 124
100 15
100 90
100 188
100 13
100 161
100 36
100 74
100 162
100 91
100 31
100 486
100 468
100 289
100 12
100 531
100 25
100 48
100 77
100 105
100 547
100 254
100 97
100 267
100 7
100 160
100 183
100 172
100 231
100 519
100 10
100 242
100 327
100 34
100 325
100 34
100 367
100 70
100 10
100 36
100 42
100 237
100 528
100 240
100 158
100 40
100 197
100 107
100 368
100 384
100 303
100 270
100 267
100 194
100 3
100 206
100 188
100 123
100 38
100 214
100 193
100 389
100 36
100 337
100 7
100 292
100 29
100 318
100 101
100 143
100 342
100 8
100 349
100 38
100 392
100 16
100 426
100 64
100 232
100 197
100 14
100 444
100 280
100 5
100 42
100 139
100 103
100 112
100 12
100 399
100 48
100 474
100 262
100 41
100 42
100 12
100 7
100 90
100 89
100 96
100 162
100 35
100 94
100 64
100 28
100 32
100 48
100 99
100 22
100 60
100 26
100 16
100 30
100 40
100 320
100 39
100 136
100 75
100 2
100 267
100 42
100 251
100 141
100 255
100 208
100 39
100 147
100 44
100 504
100 211
100 30
100 170
100 23
100 73
100 61
100 113
100 277
100 125
100 73
100 24
100 22
100 129
100 974
100 53
100 70
100 107
100 344
100 62
100 69
100 217
100 763
100 70
100 110
100 5
100 25
100 64
100 24
100 129
100 81
100 304
100 206
100 130
100 199
100 106
100 238
100 136
100 108
100 23
100 191
100 180
100 225
100 49
100 15
100 113
100 194
100 134
100 170
100 64
100 26
100 383
100 44
100 29
100 162
100 101
100 14
100 158
100 341
100 13
100 251
100 314
100 47
100 201
100 11
100 173
100 306
100 366
100 181
100 66
100 257
100 148
100 367
100 13
100 109
100 65
100 116
100 612
100 228
100 188
100 90
100 126
100 92
100 9
100 243
100 13
100 30
100 93
100 11
100 109
100 99
100 149
100 283
100 227
100 97
100 213
100 573
100 31
100 56
100 40
100 8
100 699
100 175
100 167
100 73
100 205
100 62
100 323
100 102
100 92
100 204
100 1
100 199
100 3
100 19
100 150
100 17
100 217
100 144
100 115
100 28
100 228
100 210
100 69
100 97
100 241
100 118
100 388
100 273
100 85
100 1
100 17
100 109
100 72
100 106
100 192
100 198
100 91
100 199
100 44
100 137
100 13
100 672
100 152
100 32
100 54
100 47
100 101
100 338
100 243
100 49
100 347
100 306
100 61
100 165
100 169
100 8
100 105
100 62
100 249
100 278
100 315
100 215
100 48
100 319
100 176
100 71
100 9
100 5
100 87
100 225
100 107
100 136
100 258
100 226
100 212
100 119
100 183
100 41
100 326
100 120
100 203
100 18
100 364
100 33
100 79
100 362
100 131
100 86
100 104
100 0
100 434
100 520
100 176
100 47
100 5
100 51
100 40
100 245
100 313
100 16
100 46
100 52
100 18
100 82
100 242
100 292
100 132
100 64
100 82
100 108
100 246
100 117
100 71
100 4
100 116
100 25
100 47
100 244
100 13
100 369
100 29
100 81
100 42
100 225
100 318
100 16
100 150
100 33
100 15
100 121
100 346
100 3
100 27
100 136
100 129
100 465
100 61
100 168
100 340
100 320
100 95
100 40
100 380
100 97
100 284
100 547
100 25
100 156
100 210
100 404
100 237
100 273
100 73
100 67
100 181
100 61
100 454
100 399
100 17
100 6
100 108
100 74
100 34
100 12
100 138
100 149
100 11
100 80
100 47
100 431
100 374
100 144
100 50
100 348
100 3
100 92
100 2
100 198
100 264
100 25
100 229
100 254
100 6
100 30
100 339
100 145
100 230
100 80
100 89
100 115
100 97
100 13
100 29
100 152
100 62
100 48
100 100
100 181
100 62
100 147
100 138
100 48
100 65
100 492
100 702
100 22
100 168
100 40
100 666
100 96
100 28
100 338
100 365
100 317
100 107
100 2
100 125
100 371
100 29
100 256
100 237
100 38
100 387
100 15
100 112
100 95
100 59
100 35
100 53
100 35
100 138
100 16
100 291
100 180
100 327
100 409
100 60
100 62
100 9
100 206
100 30
100 14
100 41
100 1
100 31
100 56
100 144
100 29
100 55
100 191
100 59
100 19
100 77
100 128
100 133
100 195
100 139
100 308
100 288
100 37
100 464
100 237
100 359
100 354
100 213
100 4
100 55
100 36
100 234
100 36
100 176
100 47
100 17
100 58
100 49
100 51
100 28
100 152
100 57
100 258
100 164
100 183
100 153
100 54
100 5
100 205
100 6
100 202
100 265
100 123
100 23
100 237
100 231
100 118
100 211
100 8
100 94
100 246
100 17
100 3
100 65
100 252
100 16
100 35
100 93
100 170
100 126
100 108
100 343
100 14
100 83
100 5
100 219
100 1
100 180
100 266
100 46
100 772
100 107
100 2
100 295
100 61
100 219
100 107
100 26
100 32
100 237
100 431
100 58
100 348
100 169
100 399
100 90
100 118
100 0
100 13
100 291
100 91
100 106
100 18
100 595
100 192
100 87
100 225
100 170
100 191
100 134
100 25
100 188
100 12
100 325
100 137
100 2
100 42
100 239
100 76
100 175
100 107
100 171
100 44
100 41
100 39
100 20
100 277
100 677
100 84
100 54
100 184
100 184
100 111
100 155
100 90
100 91
100 26
100 63
100 137
100 219
100 136
100 240
100 70
100 81
100 25
100 33
100 31
100 101
100 146
100 78
100 274
100 205
100 194
100 589
100 18
100 182
100 1009
100 240
100 162
100 259
100 325
100 209
100 52
100 39
100 121
100 77
100 25
100 107
100 202
100 106
100 6
100 391
100 512
100 646
100 63
100 163
100 76
100 43
100 55
100 73
100 64
100 18
100 13
100 456
100 135
100 192
100 266
100 109
100 53
100 102
100 38
100 185
100 145
100 13
100 22
100 252
100 37
100 177
100 72
100 113
100 111
100 246
100 85
100 169
100 53
100 3
100 17
100 88
100 10
100 424
100 53
100 191
100 75
100 184
100 37
100 33
100 266
100 97
100 83
100 276
100 180
100 252
100 11
100 164
100 82
100 112
100 356
100 20
100 226
100 9
100 562
100 26
100 34
100 12
100 172
100 88
100 460
100 59
100 50
100 96
100 86
100 16
100 187
100 238
100 952
100 251
100 50
100 206
100 188
100 308
100 2
100 201
100 31
100 101
100 151
100 160
100 36
100 59
100 124
100 104
100 109
100 123
100 355
100 333
100 124
100 44
100 180
100 34
100 71
100 102
100 60
100 47
100 182
100 103
100 212
100 9
100 392
100 10
100 209
100 346
100 72
100 9
100 259
100 7
100 52
100 96
100 92
100 396
100 37
100 399
100 479
100 149
100 193
100 155
100 499
100 27
100 258
100 99
100 136
100 231
100 233
100 31
100 175
100 200
100 243
100 129
100 9
100 5
100 49
100 64
100 538
100 114
100 21
100 400
100 289
100 68
100 320
100 107
100 224
100 92
100 148
100 41
100 387
100 178
100 33
100 163
100 199
100 316
100 18
100 88
100 178
100 29
100 31
100 73
100 148
100 31
100 23
100 183
100 78
100 68
100 218
100 28
100 76
100 213
100 315
100 70
100 143
100 677
100 89
100 12
100 228
100 419
100 152
100 397
100 16
100 98
100 52
100 50
100 675
100 142
100 95
100 101
100 140
100 33
100 548
100 59
100 450
100 91
100 26
100 78
100 98
100 45
100 46
100 382
100 84
100 156
100 269
100 113
100 131
100 959
100 61
100 81
100 411
100 253
100 30
100 61
100 45
100 17
100 150
100 14
100 9
100 110
100 19
100 514
100 247
100 65
100 219
100 132
100 32
100 153
100 201
100 438
100 88
100 152
100 178
100 252
100 136
100 208
100 106
100 156
100 386
100 222
100 93
100 522
100 197
100 276
100 43
100 62
100 231
100 41
100 23
100 332
100 48
100 13
100 39
100 166
100 21
100 141
100 57
100 129
100 8
100 125
100 18
100 195
100 757
100 19
100 8
100 38
100 91
100 184
100 221
100 163
100 58
100 29
100 251
100 230
100 151
100 791
100 65
100 339
100 96
100 180
100 300
100 333
100 140
100 78
100 132
100 75
100 1
100 34
100 96
100 0
100 172
100 227
100 327
100 92
100 104
100 55
100 92
100 86
100 299
100 28
100 202
100 95
100 214
100 126
100 131
100 243
100 318
100 525
100 24
100 348
100 604
100 60
100 131
100 213
100 278
100 190
100 106
100 192
100 166
100 132
100 74
100 188
100 74
100 62
100 224
100 16
100 194
100 19
100 61
100 166
100 356
100 104
100 451
100 231
100 71
100 25
100 17
100 22
100 76
100 13
100 28
100 45
100 214
100 70
100 200
100 90
100 285
100 203
100 99
100 138
100 32
100 205
100 48
100 1213
100 81
100 12
100 235
100 2
100 16
100 99
100 67
100 26
100 22
100 59
100 124
100 32
100 448
100 184
100 61
100 335
100 247
100 575
100 22
100 2
100 40
100 359
100 88
100 199
100 245
100 4
100 19
100 331
100 82
100 65
100 73
100 373
100 101
100 7
100 24
100 646
100 172
100 108
100 488
100 105
100 18
100 690
100 732
100 283
100 42
100 382
100 101
100 79
100 38
100 618
100 231
100 110
100 126
100 493
100 166
100 49
100 295
100 20
100 145
100 26
100 4
100 274
100 53
100 40
100 5
100 29
100 64
100 1
100 36
100 18
100 63
100 6
100 147
100 5
100 208
100 8
100 44
100 360
100 228
100 74
100 86
100 1206
100 33
100 190
100 208
100 305
100 192
100 255
100 5
100 284
100 231
100 28
100 22
100 91
100 176
100 33
100 51
100 34
100 164
100 19
100 52
100 187
100 381
100 278
100 7
100 225
100 68
100 282
100 90
100 96
100 132
100 56
100 49
100 219
100 102
100 8
100 51
100 135
100 78
100 92
100 50
100 103
100 70
100 151
100 66
100 5
100 57
100 435
100 30
100 84
100 33
100 327
100 49
100 18
100 295
100 113
100 119
100 63
100 8
100 372
100 213
100 85
100 34
100 195
100 111
100 413
100 9
100 13
100 111
100 188
100 109
100 84
100 166
100 214
100 120
100 97
100 45
100 12
100 301
100 4
100 62
100 709
100 89
100 105
100 131
100 100
100 40
100 619
100 82
100 13
100 16
100 111
100 339
100 137
100 234
100 160
100 327
100 262
100 279
100 218
100 67
100 4
100 44
100 59
100 47
100 496
100 35
100 59
100 44
100 103
100 238
100 123
100 176
100 16
100 22
100 57
100 131
100 87
100 190
100 13
100 320
100 452
100 6
100 240
100 191
100 109
100 149
100 84
100 78
100 61
100 92
100 111
100 133
100 452
100 133
100 46
100 331
100 153
100 11
100 470
100 20
100 180
100 36
100 108
100 173
