100 59
100 85
100 142
100 324
100 21
100 535
100 240
100 98
100 119
100 565
100 93
100 251
100 1643
100 54
100 171
100 339
100 158
100 472
100 148
100 118
100 19
100 64
100 64
100 105
100 67
100 416
100 82
100 140
100 258
100 64
100 301
100 53
100 37
100 117
100 28
100 204
100 153
100 233
100 523
100 164
100 393
100 38
100 1124
100 206
100 2
100 71
100 258
100 514
100 555
100 880
100 538
100 298
100 405
100 336
100 121
100 510
100 199
100 46
100 136
100 172
100 172
100 178
100 161
100 127
100 10
100 15
100 85
100 446
100 109
100 673
100 61
100 201
100 52
100 311
100 194
100 670
100 211
100 236
100 148
100 40
100 36
100 521
100 460
100 340
100 56
100 40
100 1
100 445
100 1144
100 104
100 205
100 168
100 47
100 280
100 110
100 40
100 215
100 9
100 342
100 312
100 266
100 39
100 110
100 599
100 148
100 94
100 446
100 138
100 128
100 452
100 82
100 271
100 499
100 122
100 162
100 272
100 249
100 16
100 154
100 392
100 255
100 111
100 30
100 69
100 951
100 530
100 62
100 790
100 331
100 133
100 147
100 28
100 51
100 373
100 127
100 279
100 83
100 112
100 180
100 1010
100 565
100 434
100 27
100 1
100 31
100 102
100 397
100 620
100 51
100 385
100 113
100 213
100 439
100 105
100 581
100 525
100 182
100 181
100 526
100 175
100 107
100 399
100 72
100 138
100 409
100 279
100 197
100 1091
100 148
100 184
100 494
100 107
100 69
100 527
100 197
100 346
100 671
100 617
100 74
100 221
100 348
100 121
100 304
100 63
100 24
100 134
100 263
100 169
100 67
100 156
100 801
100 94
100 146
100 146
100 330
100 373
100 31
100 171
100 350
100 360
100 187
100 142
100 436
100 417
100 338
100 3
100 365
100 9
100 120
100 339
100 224
100 2
100 75
100 7
100 395
100 50
100 871
100 70
100 321
100 244
100 160
100 795
100 270
100 38
100 49
100 474
100 213
100 146
100 219
100 103
100 923
100 26
100 194
100 340
100 50
100 82
100 605
100 105
100 127
100 283
100 87
100 155
100 409
100 110
100 327
100 126
100 197
100 99
100 141
100 106
100 360
100 21
100 171
100 123
100 272
100 707
100 164
100 198
100 196
100 11
100 33
100 426
100 96
100 47
100 774
100 79
100 454
100 488
100 131
100 1
100 171
100 296
100 146
100 107
100 185
100 76
100 63
100 522
100 184
100 17
100 82
100 16
100 894
100 337
100 502
100 180
100 401
100 267
100 283
100 228
100 48
100 146
100 30
100 67
100 387
100 305
100 225
100 772
100 297
100 98
100 570
100 40
100 119
100 567
100 207
100 433
100 338
100 153
100 181
100 224
100 98
100 92
100 87
100 52
100 118
100 98
100 393
100 122
100 365
100 113
100 78
100 113
100 125
100 429
100 94
100 769
100 610
100 76
100 308
100 37
100 296
100 241
100 59
100 118
100 127
100 750
100 141
100 20
100 118
100 47
100 723
100 584
100 384
100 27
100 71
100 560
100 764
100 222
100 179
100 463
100 18
100 286
100 29
100 5
100 398
100 468
100 245
100 112
100 138
100 845
100 149
100 197
100 116
100 117
100 139
100 47
100 82
100 98
100 85
100 24
100 4
100 220
100 204
100 135
100 855
100 221
100 61
100 24
100 183
100 54
100 175
100 104
100 29
100 122
100 339
100 613
100 83
100 46
100 9
100 72
100 225
100 308
100 441
100 18
100 538
100 73
100 49
100 9
100 352
100 310
100 144
100 589
100 34
100 279
100 11
100 316
100 1
100 112
100 526
100 64
100 356
100 120
100 126
100 234
100 266
100 359
100 101
100 540
100 218
100 140
100 225
100 4
100 351
100 58
100 64
100 199
100 151
100 1
100 228
100 13
100 237
100 106
100 324
100 33
100 193
100 283
100 303
100 60
100 258
100 141
100 1
100 83
100 161
100 49
100 87
100 522
100 375
100 165
100 778
100 210
100 53
100 84
100 443
100 42
100 39
100 10
100 131
100 324
100 34
100 190
100 13
100 125
100 86
100 72
100 359
100 36
100 199
100 239
100 128
100 427
100 5
100 6
100 14
100 767
100 398
100 131
100 16
100 422
100 351
100 139
100 3
100 52
100 12
100 82
100 92
100 13
100 10
100 14
100 1152
100 349
100 55
100 380
100 267
100 112
100 541
100 206
100 22
100 237
100 70
100 529
100 73
100 454
100 99
100 139
100 7
100 42
100 195
100 45
100 483
100 94
100 59
100 247
100 458
100 430
100 30
100 563
100 341
100 305
100 118
100 39
100 333
100 104
100 312
100 204
100 68
100 104
100 11
100 160
100 314
100 584
100 363
100 123
100 494
100 807
100 205
100 105
100 207
100 153
100 111
100 257
100 81
100 149
100 113
100 1308
100 187
100 445
100 76
100 50
100 165
100 148
100 324
100 67
100 569
100 168
100 921
100 1115
100 111
100 116
100 131
100 144
100 415
100 270
100 177
100 18
100 140
100 39
100 330
100 0
100 262
100 48
100 22
100 72
100 509
100 89
100 206
100 199
100 36
100 129
100 29
100 1
100 58
100 289
100 275
100 88
100 64
100 255
100 89
100 415
100 122
100 59
100 111
100 63
100 55
100 339
100 783
100 401
100 124
100 566
100 903
100 286
100 487
100 266
100 360
100 75
100 109
100 74
100 273
100 70
100 312
100 11
100 132
100 289
100 104
100 124
100 488
100 99
100 67
100 131
100 626
100 31
100 551
100 395
100 104
100 271
100 10
100 250
100 38
100 64
100 844
100 160
100 189
100 291
100 63
100 225
100 494
100 457
100 159
100 268
100 118
100 234
100 365
100 12
100 239
100 56
100 128
100 19
100 379
100 39
100 284
100 110
100 120
100 843
100 78
100 112
100 18
100 223
100 143
100 717
100 651
100 341
100 256
100 290
100 36
100 182
100 172
100 480
100 314
100 375
100 92
100 491
100 20
100 357
100 91
100 186
100 135
100 303
100 28
100 372
100 152
100 110
100 456
100 257
100 87
100 394
100 33
100 43
100 103
100 215
100 177
100 65
100 858
100 139
100 150
100 39
100 131
100 188
100 26
100 110
100 173
100 107
100 112
100 288
100 3
100 545
100 16
100 611
100 424
100 275
100 57
100 234
100 429
100 139
100 114
100 79
100 149
100 184
100 9
100 50
100 123
100 864
100 41
100 492
100 136
100 207
100 283
100 51
100 68
100 156
100 377
100 117
100 331
100 1320
100 246
100 71
100 114
100 98
100 152
100 93
100 2
100 389
100 158
100 178
100 169
100 507
100 247
100 87
100 145
100 264
100 868
100 658
100 223
100 425
100 59
100 295
100 414
100 715
100 263
100 242
100 38
100 290
100 179
100 125
100 170
100 74
100 350
100 49
100 101
100 78
100 709
100 184
100 88
100 282
100 640
100 316
100 156
100 36
100 362
100 129
100 234
100 3
100 888
100 487
100 7
100 23
100 221
100 12
100 513
100 478
100 283
100 199
100 21
100 165
100 54
100 43
100 172
100 707
100 15
100 18
100 59
100 52
100 188
100 115
100 0
100 5
100 591
100 27
100 299
100 598
100 13
100 203
100 163
100 23
100 295
100 251
100 1029
100 127
100 386
100 232
100 412
100 335
100 80
100 30
100 90
100 63
100 24
100 147
100 6
100 360
100 57
100 299
100 151
100 157
100 6
100 1
100 672
100 537
100 246
100 501
100 48
100 348
100 428
100 119
100 23
100 114
100 561
100 178
100 72
100 517
100 186
100 53
100 49
100 319
100 13
100 159
100 5
100 329
100 268
100 736
100 192
100 203
100 418
100 115
100 152
100 31
100 89
100 41
100 584
100 200
100 273
100 59
100 88
100 636
100 460
100 278
100 64
100 131
100 521
100 192
100 136
100 83
100 90
100 224
100 121
100 95
100 444
100 387
100 27
100 287
100 454
100 32
100 63
100 114
100 464
100 151
100 167
100 120
100 233
100 4
100 731
100 41
100 53
100 141
100 179
100 437
100 339
100 85
100 991
100 158
100 66
100 107
100 52
100 117
100 26
100 253
100 613
100 199
100 142
100 209
100 617
100 727
100 198
100 142
100 12
100 385
100 23
100 593
100 98
100 8
100 240
100 1191
100 289
100 239
100 667
100 274
100 41
100 265
100 93
100 315
100 257
100 36
100 158
100 42
100 140
100 447
100 10
100 62
100 194
100 295
100 308
100 62
100 65
100 277
100 124
100 596
100 255
100 166
100 165
100 556
100 178
100 100
100 254
100 481
100 682
100 28
100 244
100 531
100 366
100 670
100 63
100 290
100 268
100 258
100 126
100 251
100 88
100 137
100 111
100 126
100 271
100 395
100 206
100 154
100 144
100 185
100 54
100 69
100 84
100 23
100 693
100 118
100 86
100 17
100 626
100 21
100 273
100 656
100 251
100 273
100 580
100 128
100 97
100 503
100 513
100 47
100 290
100 654
100 309
100 641
100 4
100 52
100 121
100 268
100 64
100 7
100 464
100 63
100 63
100 31
100 257
100 77
100 44
100 49
100 9
100 164
100 186
100 539
100 302
100 577
100 177
100 137
100 163
100 178
100 300
100 529
100 140
100 790
100 233
100 27
100 539
100 517
100 80
100 271
100 325
100 46
100 573
100 462
100 85
100 82
100 203
100 215
100 18
100 17
100 65
100 146
100 216
100 63
100 646
100 41
100 83
100 832
100 426
100 328
100 311
100 13
100 466
100 102
100 410
100 240
100 83
100 84
100 156
100 556
100 79
100 177
100 88
100 562
100 104
100 487
100 367
100 267
100 141
100 756
100 73
100 58
100 105
100 205
100 6
100 59
100 821
100 595
100 147
100 273
100 13
100 546
100 201
100 169
100 218
100 316
100 51
100 978
100 193
100 210
100 765
100 22
100 40
100 327
100 118
100 265
100 108
100 564
100 19
100 410
100 175
100 100
100 22
100 16
100 4
100 43
100 681
100 118
100 184
100 126
100 109
100 6
100 669
100 5
100 219
100 30
100 294
100 66
100 493
100 253
100 169
100 221
100 4
100 12
100 123
100 213
100 263
100 334
100 422
100 475
100 75
100 361
100 173
100 118
100 36
100 393
100 207
100 33
100 45
100 5
100 460
100 604
100 85
100 612
100 43
100 15
100 72
100 538
100 19
100 560
100 399
100 384
100 97
100 174
100 3
100 485
100 244
100 44
100 179
100 56
100 501
100 304
100 91
100 39
100 258
100 384
100 61
100 200
100 107
100 253
100 51
100 127
100 546
100 227
100 241
100 110
100 122
100 106
100 3
100 330
100 1131
100 554
100 2
100 79
100 61
100 17
100 21
100 66
100 105
100 267
100 256
100 58
100 31
100 928
100 564
100 423
100 164
100 52
100 145
100 88
100 183
100 329
100 429
100 165
100 352
100 43
100 166
100 142
100 429
100 967
100 215
100 734
100 67
100 68
100 513
100 31
100 217
100 57
100 19
100 113
100 345
100 564
100 184
100 336
100 44
100 194
100 250
100 337
100 375
100 49
100 749
100 40
100 264
100 508
100 118
100 150
100 314
100 40
100 107
100 35
100 37
100 313
100 21
100 459
100 19
100 58
100 42
100 124
100 171
100 238
100 32
100 40
100 267
100 50
100 65
100 255
100 156
100 99
100 363
100 250
100 115
100 30
100 557
100 39
100 457
100 38
100 302
100 799
100 210
100 206
100 264
100 46
100 70
100 50
100 62
100 268
100 83
100 22
100 1
100 46
100 185
100 299
100 26
100 423
100 118
100 381
100 443
100 51
100 101
100 38
100 436
100 140
100 34
100 11
100 47
100 10
100 121
100 51
100 65
100 108
100 79
100 10
100 490
100 558
100 194
100 190
100 157
100 385
100 265
100 880
100 152
100 232
100 1397
100 533
100 275
100 186
100 160
100 403
100 109
100 164
100 121
100 59
100 297
100 11
100 382
100 226
100 73
100 7
100 241
100 277
100 1091
100 835
100 886
100 542
100 631
100 114
100 518
100 139
100 90
100 506
100 39
100 52
100 56
100 356
100 668
100 146
100 667
100 382
100 353
100 92
100 704
100 355
100 17
100 223
100 35
100 209
100 109
100 77
100 164
100 342
100 9
100 220
100 354
100 491
100 528
100 719
100 5
100 960
100 187
100 507
100 277
100 43
100 109
100 115
100 72
100 215
100 112
100 100
100 508
100 80
100 19
100 505
100 37
100 221
100 95
100 780
100 427
100 17
100 164
100 35
100 64
100 73
100 43
100 128
100 484
100 94
100 32
100 65
100 236
100 179
100 339
100 327
100 234
100 263
100 579
100 44
100 95
100 259
100 435
100 199
100 27
100 290
100 123
100 378
100 213
100 168
100 613
100 54
100 183
100 149
100 118
100 89
100 73
100 54
100 486
100 79
100 410
100 30
100 7
100 73
100 8
100 526
100 132
100 421
100 47
100 25
100 218
100 252
100 279
100 109
100 168
100 194
100 14
100 271
100 400
100 189
100 10
100 207
100 406
100 46
100 72
100 49
100 77
100 270
100 415
100 19
100 1242
100 323
100 258
100 541
100 286
100 138
100 120
100 343
100 213
100 69
100 72
100 133
100 112
100 29
100 0
100 52
100 46
100 22
100 68
100 828
100 128
100 117
100 243
100 137
100 243
100 118
100 94
100 24
100 145
100 461
100 204
100 126
100 91
100 60
100 12
100 205
100 256
100 175
100 390
100 48
100 605
100 42
100 141
100 80
100 37
100 36
100 310
100 288
100 36
100 325
100 335
100 199
100 282
100 14
100 602
100 20
100 110
100 107
100 251
100 162
100 80
100 311
100 2
100 1108
100 832
100 432
100 0
100 4
100 247
100 353
100 8
100 68
100 808
100 321
100 275
100 239
100 130
100 192
100 566
100 60
100 41
100 228
100 99
100 317
100 403
100 84
100 102
100 195
100 270
100 368
100 332
100 99
100 197
100 71
100 640
100 38
100 538
100 75
100 315
100 46
100 18
100 342
100 925
100 109
100 20
100 3
100 148
100 33
100 182
100 343
100 541
100 24
100 239
100 404
100 422
100 667
100 768
100 126
100 25
100 555
100 40
100 70
100 163
100 102
100 364
100 186
100 28
100 21
100 302
100 41
100 77
100 2
100 297
100 110
100 108
100 375
100 950
100 66
100 318
100 212
100 372
100 270
100 406
100 9
100 3
100 144
100 7
100 286
100 632
100 44
100 116
100 116
100 232
100 592
100 20
100 0
100 84
100 320
100 303
100 237
100 181
100 1
100 313
100 127
100 129
100 345
100 197
100 44
100 212
100 61
100 129
100 186
100 26
100 219
100 94
100 631
100 22
100 84
100 378
100 119
100 50
100 79
100 35
100 677
100 144
100 195
100 34
100 762
100 204
100 43
100 486
100 626
100 465
100 143
100 172
100 152
100 238
100 235
100 256
100 255
100 1101
100 37
100 54
100 123
100 607
100 572
100 223
100 294
100 136
100 55
100 447
100 346
100 345
100 71
100 1364
100 416
100 102
100 26
100 519
100 223
100 172
100 298
100 455
100 127
100 186
100 633
100 78
100 273
100 100
100 28
100 55
100 172
100 14
100 60
100 6
100 25
100 64
100 216
100 585
100 544
100 467
100 271
100 89
100 249
100 23
100 259
100 20
100 196
100 397
100 188
100 933
100 211
100 83
100 421
100 89
100 48
100 10
100 241
100 28
100 20
100 37
100 356
100 351
100 717
100 371
100 0
100 98
100 35
100 106
100 85
100 271
100 465
100 247
100 25
100 231
100 232
100 110
100 19
100 564
100 66
100 840
100 85
100 245
100 692
100 16
100 125
100 395
100 277
100 152
100 285
100 110
100 140
100 182
100 216
100 16
100 11
100 204
100 989
100 186
100 324
100 213
100 15
100 100
100 14
100 136
100 23
100 236
100 80
100 88
100 15
100 316
100 615
100 58
100 14
100 289
100 42
100 217
100 605
100 105
100 118
100 48
100 528
100 679
100 406
100 477
100 626
100 126
100 63
100 20
100 125
100 154
100 414
100 184
100 125
100 483
100 66
100 303
100 224
100 403
100 594
100 412
100 484
100 211
100 125
100 203
100 513
100 213
100 150
100 9
100 24
100 259
100 22
100 239
100 7
100 587
100 22
100 180
100 4
100 15
100 213
100 40
100 305
100 47
100 837
100 35
100 887
100 253
100 40
100 754
100 72
100 29
100 602
100 347
100 131
100 102
100 372
100 128
100 226
100 38
100 170
100 818
100 211
100 601
100 789
100 308
100 150
100 219
100 166
100 0
100 200
100 126
100 35
100 765
100 129
100 240
100 305
100 356
100 57
100 185
100 307
100 215
100 92
100 8
100 299
100 57
100 92
100 302
100 283
100 524
100 83
100 287
100 32
100 182
100 878
100 145
100 352
100 340
100 424
100 287
100 98
100 743
100 298
100 393
100 270
100 49
100 120
100 35
100 331
100 26
100 164
100 762
100 55
100 81
100 324
100 570
100 121
100 151
100 99
100 71
100 264
100 13
100 94
100 519
100 150
100 264
100 96
100 396
100 88
100 68
100 285
100 302
100 20
100 82
100 269
100 73
100 133
100 1242
100 258
100 154
100 497
100 109
100 74
100 52
100 18
100 183
100 10
100 2
100 137
100 84
100 607
100 238
100 258
100 519
100 1050
100 222
100 63
100 34
100 125
100 3
100 266
100 69
100 337
100 83
100 63
100 74
100 74
100 744
100 247
100 161
100 53
100 147
100 70
100 12
100 300
100 595
100 508
100 358
100 152
100 218
100 299
100 36
100 203
100 259
100 607
100 73
100 32
100 94
100 225
100 375
100 839
100 74
100 108
100 399
100 279
100 642
100 9
100 8
100 537
100 40
100 171
100 363
100 106
100 275
100 9
100 93
100 1168
100 259
100 272
100 51
100 134
100 17
100 299
100 288
100 376
100 94
100 19
100 180
100 203
100 131
100 168
100 43
100 237
100 66
100 112
100 548
100 690
100 702
100 504
100 63
100 168
100 383
100 466
100 13
100 240
100 444
100 98
100 84
100 40
100 232
100 38
100 341
100 128
100 161
100 54
100 14
100 126
100 518
100 59
100 285
100 128
100 287
100 220
100 150
100 21
100 501
100 37
100 49
100 509
100 39
100 158
100 168
100 727
100 116
100 73
100 229
100 46
100 267
100 438
100 3
100 276
100 388
100 119
100 53
100 24
100 328
100 294
100 161
100 280
100 204
100 293
100 52
100 312
100 238
100 93
100 159
100 559
100 332
100 68
100 14
100 82
100 493
100 61
100 93
100 171
100 47
100 801
100 326
100 62
100 452
100 6
100 50
100 101
100 45
100 29
100 256
100 450
100 184
100 132
100 77
100 259
100 491
100 461
100 177
100 267
100 460
100 388
100 32
100 561
100 591
100 74
100 468
100 189
100 462
100 203
100 25
100 283
100 182
100 25
100 493
100 495
100 316
100 21
100 555
100 80
100 508
100 24
100 337
100 709
100 269
100 593
100 249
100 351
100 30
100 6
100 207
100 101
100 788
100 225
100 204
100 9
100 85
100 20
100 137
100 94
100 79
100 36
100 310
100 51
100 233
100 177
100 223
100 85
100 443
100 11
100 642
100 54
100 243
100 855
100 19
100 147
100 538
100 752
100 413
100 196
100 345
100 0
100 7
100 48
100 267
100 77
100 188
100 246
100 26
100 565
100 132
100 42
100 249
100 100
100 135
100 494
100 4
100 395
100 13
100 291
100 265
100 139
100 380
100 10
100 201
100 312
100 774
100 291
100 656
100 15
100 38
100 269
100 1100
100 222
100 9
100 304
100 289
100 223
100 25
100 251
100 414
100 115
100 612
100 307
100 482
100 82
100 140
100 31
100 1049
100 731
100 244
100 60
100 99
100 743
100 35
100 101
100 112
100 22
100 59
100 177
100 225
100 18
100 94
100 323
100 25
100 118
100 378
100 7
100 175
100 309
100 110
100 189
100 126
100 192
100 191
100 199
100 214
100 167
100 80
100 1
100 411
100 111
100 33
100 49
100 12
100 34
100 106
100 130
100 195
100 95
100 110
100 446
100 381
100 257
100 57
100 106
100 255
100 343
100 79
100 203
100 818
100 43
100 148
100 68
100 28
100 385
100 257
100 232
100 752
100 317
100 352
100 348
100 15
100 378
100 233
100 327
100 77
100 120
100 214
100 131
100 143
100 411
100 63
100 40
100 134
100 3
100 8
100 638
100 46
100 325
100 241
100 179
100 132
100 288
100 131
100 61
100 93
100 291
100 27
100 41
100 960
100 291
100 93
100 460
100 55
100 88
100 85
100 145
100 330
100 825
100 318
100 16
100 139
100 166
100 276
100 192
100 498
100 41
100 250
100 223
100 294
100 263
100 93
100 340
100 62
100 726
100 102
100 125
100 216
100 286
100 148
100 421
100 414
100 386
100 59
100 132
100 205
100 750
100 507
100 208
100 12
100 1
100 12
100 22
100 775
100 319
100 87
100 130
100 20
100 104
100 35
100 533
100 148
100 77
100 297
100 399
100 45
100 46
100 52
100 160
100 291
100 635
100 162
100 430
100 40
100 81
100 203
100 8
100 87
100 75
100 354
100 25
100 166
100 447
100 13
100 260
100 11
100 121
100 323
100 405
100 124
100 13
100 1290
100 153
100 264
100 127
100 340
100 438
100 57
100 324
100 210
100 378
100 3
100 108
100 289
100 21
100 12
100 56
100 1104
100 487
100 432
100 132
100 355
100 94
100 28
100 1465
100 50
100 517
100 189
100 386
100 93
100 274
100 191
100 132
100 869
100 224
100 500
100 2
100 461
100 32
100 266
100 456
100 422
100 503
100 350
100 200
100 106
100 343
100 103
100 137
100 1188
100 304
100 1046
100 6
100 369
100 279
100 91
100 359
100 389
100 375
100 166
100 61
100 1130
100 459
100 266
100 687
100 388
100 145
100 213
100 373
100 135
100 172
100 334
100 293
100 136
100 14
100 34
100 85
100 222
100 87
100 306
100 317
100 150
100 184
100 240
100 74
100 325
100 1
100 434
100 18
100 13
100 167
100 199
100 817
100 31
100 241
100 41
100 364
100 90
100 305
100 167
100 5
100 48
100 21
100 278
100 7
100 304
100 59
100 626
100 450
100 121
100 40
100 146
100 53
100 41
100 102
100 253
100 145
100 83
100 143
100 278
100 202
100 768
100 80
100 60
100 924
100 19
100 252
100 327
100 510
100 1119
100 482
100 571
100 402
100 10
100 79
100 72
100 49
100 217
100 144
100 59
100 16
100 359
100 6
100 489
100 55
100 76
100 193
100 41
100 239
100 380
100 258
100 405
100 148
100 39
100 210
100 191
100 18
100 234
100 262
100 36
100 101
100 216
100 496
100 1
100 63
100 286
100 390
100 90
100 94
100 678
100 107
100 48
100 439
100 597
100 72
100 419
100 11
100 284
100 175
100 34
100 1182
100 614
100 295
100 311
100 423
100 268
100 168
100 151
100 349
100 120
100 1
100 33
100 230
100 507
100 345
100 487
100 679
100 22
100 479
100 279
100 10
100 345
100 61
100 949
100 88
100 29
100 287
100 234
100 136
100 92
100 333
100 33
100 15
100 35
100 34
100 71
100 139
100 195
100 642
100 425
100 298
100 441
100 113
100 188
100 465
100 10
100 5
100 68
100 301
100 179
100 10
100 145
100 56
100 387
100 29
100 234
100 72
100 233
100 55
100 27
100 101
100 121
100 169
100 100
100 24
100 208
100 91
100 196
100 118
100 187
100 2
100 2
100 250
100 9
100 69
100 495
100 316
100 261
100 396
100 167
100 136
100 10
100 331
100 736
100 0
100 91
100 573
100 322
100 56
100 193
100 114
100 343
100 181
100 215
100 298
100 105
100 269
100 170
100 265
100 411
100 76
100 182
100 404
100 485
100 415
100 453
100 80
100 271
100 162
100 229
100 676
100 82
100 590
100 113
100 19
100 391
100 58
100 34
100 67
100 431
100 328
100 133
100 757
100 203
100 29
100 256
100 126
100 334
100 35
100 31
100 84
100 76
100 140
100 118
100 119
100 305
100 14
100 234
100 53
100 429
100 90
100 310
100 168
100 239
100 31
100 133
100 212
100 1019
100 387
100 63
100 204
100 240
100 95
100 6
100 43
100 227
100 69
100 353
100 301
100 175
100 86
100 86
100 542
100 202
100 33
100 243
100 493
100 78
100 265
100 481
100 239
100 9
100 311
100 562
100 37
100 0
100 306
100 192
100 189
100 69
100 66
100 57
100 244
100 261
100 289
100 67
100 630
100 52
100 44
100 258
100 75
100 345
100 44
100 77
100 197
100 148
100 30
100 255
100 283
100 63
100 187
100 627
100 73
100 18
100 483
100 249
100 153
100 141
100 46
100 81
100 36
100 260
100 452
100 616
100 59
100 102
100 594
100 37
100 493
100 122
100 14
100 15
100 308
100 186
100 93
100 794
100 59
100 180
100 65
100 54
100 47
100 241
100 158
100 10
100 202
100 696
100 1
100 10
100 78
100 264
100 666
100 55
100 941
100 268
100 90
100 218
100 67
100 81
100 52
100 157
100 180
100 30
100 321
100 276
100 227
100 427
100 307
100 31
100 936
100 36
100 39
100 156
100 118
100 921
100 68
100 64
100 20
100 26
100 21
100 60
100 754
100 128
100 192
100 287
100 166
100 41
100 355
100 43
100 20
100 35
100 46
100 27
100 39
100 845
100 381
100 48
100 143
100 183
100 301
100 2
100 675
100 353
100 135
100 15
100 35
100 15
100 116
100 301
100 30
100 28
100 94
100 704
100 90
100 71
100 232
100 142
100 147
100 32
100 11
100 1
100 235
100 547
100 535
100 460
100 258
100 91
100 141
100 13
100 314
100 119
100 206
100 90
100 503
100 215
100 72
100 442
100 122
100 33
100 49
100 359
100 104
100 332
100 119
100 70
100 51
100 1116
100 85
100 56
100 310
100 547
100 233
100 82
100 11
100 262
100 63
100 11
100 182
100 140
100 485
100 116
100 78
100 48
100 319
100 9
100 76
100 196
100 400
100 415
100 580
100 153
100 7
100 182
100 278
100 148
100 588
100 388
100 484
100 19
100 362
100 83
100 34
100 60
100 231
100 20
100 2
100 24
100 98
100 341
100 172
100 60
100 93
100 521
100 35
100 117
100 267
100 188
100 31
100 330
100 307
100 138
100 68
100 175
100 102
100 167
100 374
100 7
100 63
100 427
100 214
100 215
100 113
100 69
100 106
100 32
100 86
100 9
100 154
100 101
100 43
100 321
100 92
100 490
100 8
100 931
100 274
100 52
100 6
100 137
100 646
100 324
100 4
100 171
100 184
100 18
100 280
100 57
100 2
100 198
100 166
100 8
100 241
100 120
100 70
100 468
100 237
100 84
100 205
100 105
100 136
100 624
100 50
100 60
100 36
100 287
100 90
100 194
100 106
100 172
100 397
100 160
100 345
100 263
100 234
100 37
100 453
100 418
100 224
100 614
100 359
100 420
100 32
100 198
100 150
100 184
100 196
100 54
100 5
100 349
100 122
100 71
100 785
100 98
100 923
100 23
100 888
100 96
100 104
100 43
100 270
100 21
100 326
100 347
100 57
100 415
100 1745
100 59
100 100
100 450
100 102
100 260
100 227
100 37
100 191
100 49
100 1267
100 218
100 94
100 294
100 472
100 34
100 243
100 824
100 136
100 42
100 141
100 917
100 38
100 444
100 47
100 258
100 134
100 176
100 118
100 279
100 425
100 159
100 104
100 18
100 127
100 422
100 86
100 8
100 195
100 136
100 104
100 157
100 357
100 479
100 13
100 136
100 800
100 404
100 95
100 126
100 132
100 562
100 490
100 416
100 910
100 53
100 658
100 824
100 69
100 79
100 141
100 227
100 135
100 386
100 237
100 102
100 165
100 421
100 45
100 84
100 18
100 106
100 26
100 532
100 295
100 870
100 10
100 136
100 248
100 416
100 179
100 238
100 115
100 463
100 661
100 19
100 101
100 36
100 885
100 82
100 440
100 291
100 47
100 405
100 71
100 54
100 6
100 72
100 379
100 33
100 127
100 42
100 142
100 338
100 247
100 67
100 84
100 857
100 28
100 1965
100 14
100 104
100 49
100 9
100 79
100 27
100 179
100 49
100 3
100 109
100 40
100 559
100 94
100 185
100 87
100 154
100 13
100 87
100 337
100 10
100 543
100 592
100 10
100 541
100 36
100 56
100 122
100 121
100 278
100 242
100 123
100 167
100 99
100 178
100 262
100 135
100 282
100 371
100 172
100 676
100 8
100 35
100 138
100 312
100 18
100 147
100 13
100 92
100 751
100 485
100 4
100 70
100 76
100 521
100 95
100 258
100 5
100 67
100 765
100 69
100 40
100 196
100 284
100 672
100 253
100 378
100 490
100 401
100 68
100 325
100 39
100 323
100 417
100 69
100 205
100 7
100 1
100 32
100 16
100 112
100 73
100 36
100 354
100 242
100 29
100 1334
100 261
100 344
100 48
100 261
100 50
100 86
100 336
100 100
100 472
100 97
100 110
100 599
100 16
100 188
100 209
100 20
100 115
100 44
100 710
100 109
100 103
100 41
100 230
100 42
100 169
100 1
100 129
100 150
100 55
100 139
100 456
100 27
100 119
100 631
100 322
100 148
100 73
100 311
100 433
100 128
100 104
100 174
100 47
100 111
100 37
100 53
100 363
100 22
100 217
100 196
100 352
100 81
100 49
100 454
100 18
100 179
100 319
100 4
100 737
100 29
100 109
100 420
100 147
100 215
100 263
100 54
100 572
100 54
100 33
100 1008
100 408
100 159
100 48
100 396
100 417
100 28
100 545
100 66
100 230
100 227
100 346
100 528
100 64
100 118
100 19
100 40
100 222
100 271
100 93
100 194
100 363
100 70
100 34
100 327
100 112
100 48
100 194
100 581
100 385
100 54
100 8
100 20
100 48
100 140
100 343
100 202
100 412
100 39
100 165
100 97
100 73
100 662
100 17
100 165
100 305
100 0
100 349
100 18
100 791
100 517
100 2
100 389
100 203
100 131
100 251
100 408
100 128
100 42
100 974
100 15
100 66
100 370
100 180
100 883
100 114
100 797
100 108
100 357
100 256
100 89
100 11
100 168
100 647
100 241
100 923
100 66
100 295
100 54
100 200
100 63
100 352
100 30
100 64
100 44
100 499
100 72
100 332
100 399
100 675
100 288
100 360
100 649
100 430
100 111
100 31
100 16
100 231
100 79
100 1
100 70
100 102
100 476
100 15
100 225
100 63
100 51
100 16
100 25
100 12
100 22
100 46
100 133
100 29
100 267
100 38
100 126
100 2
100 120
100 121
100 12
100 29
100 121
100 119
100 277
100 711
100 39
100 103
100 57
100 144
100 373
100 141
100 222
100 131
100 182
100 8
100 397
100 100
100 34
100 274
100 54
100 254
100 494
100 104
100 584
100 24
100 220
100 106
100 64
100 5
100 351
100 101
100 510
100 353
100 546
100 211
100 33
100 71
100 871
100 6
100 525
100 130
100 73
100 81
100 246
100 85
100 110
100 68
100 7
100 227
100 503
100 7
100 35
100 118
100 311
100 393
100 447
100 36
100 419
100 156
100 214
100 46
100 306
100 26
100 360
100 224
100 180
100 440
100 113
100 117
100 31
100 583
100 74
100 366
100 44
100 1080
100 722
100 147
100 418
100 0
100 1099
100 308
100 140
100 260
100 168
100 303
100 183
100 74
100 82
100 12
100 395
100 236
100 72
100 532
100 131
100 11
100 213
100 164
100 180
100 102
100 125
100 91
100 563
100 23
100 6
100 273
100 22
100 75
100 27
100 539
100 35
100 88
100 206
100 2
100 9
100 212
100 448
100 69
100 46
100 165
100 90
100 182
100 75
100 590
100 120
100 20
100 305
100 41
100 99
100 40
100 404
100 38
100 86
100 1
100 280
100 97
100 964
100 39
100 651
100 206
100 174
100 328
100 3
100 330
100 172
100 208
100 573
100 265
100 256
100 72
100 493
100 385
100 331
100 229
100 258
100 30
100 63
100 81
100 278
100 344
100 34
100 248
100 33
100 27
100 245
100 142
100 538
100 113
100 180
100 78
100 83
100 179
100 526
100 115
100 238
100 296
100 129
100 87
100 76
100 97
100 112
100 41
100 55
100 366
100 245
100 66
100 547
100 311
100 264
100 115
100 158
100 320
100 127
100 270
100 415
100 251
100 118
100 39
100 36
100 196
100 322
100 70
100 192
100 439
100 47
100 84
100 248
100 294
100 903
100 132
100 1
100 254
100 76
100 132
100 45
100 307
100 26
100 65
100 72
100 85
100 359
100 24
100 25
100 173
100 48
100 73
100 619
100 303
100 48
100 219
100 205
100 288
100 3
100 9
100 414
100 251
100 349
100 27
100 387
100 279
100 96
100 440
100 99
100 130
100 83
100 294
100 99
100 221
100 92
100 436
100 141
100 57
100 89
100 18
100 80
100 8
100 61
100 10
100 205
100 90
100 624
100 375
100 36
100 208
100 174
100 324
100 1
100 132
100 413
100 99
100 96
100 370
100 23
100 201
100 35
100 257
100 136
100 260
100 91
100 339
100 353
100 15
100 15
100 458
100 73
100 26
100 65
100 389
100 183
100 99
100 239
100 645
100 76
100 174
100 162
100 162
100 119
100 78
100 203
100 94
100 492
100 326
100 247
100 74
100 120
100 24
100 61
100 1315
100 202
100 95
100 23
100 199
100 102
100 82
100 135
100 481
100 139
100 87
100 128
100 70
100 129
100 210
100 23
100 181
100 688
100 148
100 167
100 23
100 212
100 30
100 541
100 18
100 0
100 294
100 62
100 308
100 140
100 0
100 1
100 111
100 200
100 12
100 303
100 302
100 75
100 422
100 287
100 177
100 722
100 79
100 49
100 80
100 65
100 554
100 99
100 38
100 230
100 1813
100 445
100 189
100 219
100 126
100 156
100 250
100 194
100 229
100 16
100 87
100 62
100 104
100 217
100 78
100 194
100 1
100 524
100 176
100 25
100 89
100 433
100 291
100 48
100 13
100 709
100 45
100 113
100 141
100 277
100 108
100 28
100 321
100 117
100 368
100 75
100 2
100 1235
100 354
100 30
100 45
100 112
100 30
100 425
100 538
100 160
100 453
100 214
100 16
100 50
100 68
100 21
100 1
100 28
100 301
100 558
100 40
100 72
100 283
100 111
100 79
100 32
100 607
100 33
100 173
100 185
100 405
100 276
100 714
100 593
100 533
100 69
100 118
100 64
100 647
100 438
100 131
100 109
100 322
100 759
100 0
100 11
100 473
100 385
100 2
100 14
100 611
100 12
100 352
100 561
100 444
100 106
100 45
100 138
100 274
100 8
100 339
100 201
100 161
100 171
100 654
100 422
100 67
100 32
100 243
100 48
100 131
100 269
100 97
100 49
100 103
100 13
100 542
100 51
100 198
100 46
100 465
100 215
100 223
100 589
100 39
100 681
100 111
100 230
100 281
100 152
100 31
100 179
100 112
100 252
100 33
100 108
100 457
100 76
100 823
100 68
100 217
100 477
100 675
100 321
100 128
100 111
100 223
100 66
100 230
100 304
100 366
100 433
100 465
100 138
100 249
100 521
100 106
100 170
100 579
100 16
100 74
100 92
100 51
100 275
100 204
100 3
100 6
100 260
100 129
100 75
100 129
100 33
100 71
100 127
100 363
100 1131
100 70
100 575
100 231
100 83
100 30
100 178
100 18
100 106
100 3
100 32
100 252
100 466
100 57
100 278
100 28
100 72
100 51
100 52
100 176
100 10
100 712
100 32
100 552
100 49
100 636
100 40
100 659
100 335
100 660
100 98
100 719
100 88
100 195
100 40
100 298
100 118
100 288
100 137
100 402
100 22
100 371
100 222
100 99
100 105
100 155
100 57
100 192
100 78
100 124
100 41
100 267
100 4
100 148
100 313
100 228
100 493
100 16
100 282
100 761
100 448
100 29
100 207
100 102
100 820
100 129
100 70
100 168
100 120
100 47
100 397
100 144
100 157
100 221
100 527
100 262
100 116
100 14
100 226
100 34
100 16
100 346
100 229
100 59
100 574
100 23
100 15
100 51
100 59
100 291
100 170
100 25
100 71
100 120
100 129
100 268
100 28
100 101
100 171
100 333
100 202
100 163
100 255
100 34
100 2
100 753
100 10
100 551
100 106
100 979
100 181
100 53
100 322
100 10
100 630
100 645
100 221
100 186
100 302
100 138
100 618
100 112
100 3
100 46
100 96
100 13
100 283
100 1127
100 19
100 241
100 30
100 268
100 370
100 168
100 216
100 13
100 32
100 13
100 156
100 58
100 348
100 319
100 196
100 361
100 53
100 29
100 163
100 37
100 19
100 99
100 110
100 8
100 212
100 26
100 35
100 375
100 144
100 69
100 629
100 232
100 208
100 137
100 559
100 58
100 148
100 226
100 926
100 536
100 206
100 57
100 148
100 41
100 299
100 1
100 439
100 231
100 273
100 79
100 234
100 208
100 60
100 404
100 149
100 105
100 215
100 46
100 51
100 60
100 285
100 87
100 334
100 193
100 119
100 120
100 396
100 10
100 53
100 67
100 87
100 116
100 81
100 131
100 100
100 439
100 271
100 84
100 490
100 103
100 159
100 15
100 364
100 153
100 175
100 363
100 780
100 179
100 7
100 197
100 203
100 7
100 196
100 216
100 36
100 424
100 243
100 204
100 509
100 16
100 80
100 75
100 316
100 154
100 582
100 0
100 133
100 34
100 53
100 200
100 479
100 373
100 216
100 367
100 78
100 32
100 119
100 436
100 337
100 173
100 507
100 572
100 74
100 41
100 224
100 119
100 302
100 1
100 48
100 54
100 255
100 122
100 423
100 200
100 192
100 749
100 408
100 21
100 659
100 389
100 120
100 491
100 206
100 368
100 89
100 64
100 176
100 219
100 138
100 319
100 51
100 304
100 294
100 548
100 0
100 460
100 83
100 384
100 94
100 66
100 223
100 144
100 451
100 151
100 838
100 204
100 60
100 182
100 118
100 26
100 168
100 360
100 31
100 55
100 508
100 259
100 333
100 195
100 71
100 15
100 24
100 96
100 1
100 425
100 624
100 49
100 684
100 1602
100 148
100 17
100 7
100 207
100 147
100 509
100 148
100 117
100 114
100 987
100 303
100 173
100 86
100 217
100 226
100 713
100 133
100 475
100 10
100 205
100 402
100 118
100 262
100 327
100 43
100 25
100 93
100 101
100 658
100 439
100 140
100 252
100 223
100 700
100 362
100 6
100 12
100 122
100 520
100 49
100 297
100 275
100 157
100 137
100 29
100 233
100 61
100 1002
100 442
100 682
100 172
100 458
100 126
100 63
100 113
100 6
100 431
100 82
100 163
100 503
100 145
100 250
100 160
100 24
100 58
100 29
100 306
100 188
100 893
100 33
100 59
100 121
100 368
100 163
100 476
100 779
100 62
100 221
100 879
100 35
100 718
100 435
100 68
100 227
100 561
100 133
100 354
100 215
100 17
100 374
100 536
100 38
100 304
100 89
100 662
100 5
100 920
100 155
100 1188
100 35
100 172
100 113
100 25
100 521
100 226
100 176
100 241
100 112
100 831
100 721
100 469
100 493
100 385
100 148
100 271
100 342
100 73
100 215
100 192
100 182
100 66
100 121
100 631
100 54
100 190
100 603
100 32
100 0
100 394
100 239
100 102
100 680
100 271
100 210
100 73
100 147
100 178
100 159
100 35
100 263
100 328
100 84
100 2
100 252
100 111
100 95
100 131
100 774
100 341
100 10
100 2
100 327
100 464
100 25
100 14
100 204
100 273
100 100
100 373
100 127
100 137
100 288
100 1084
100 451
100 467
100 170
100 121
100 848
100 20
100 221
100 806
100 20
100 380
100 445
100 1262
100 275
100 233
100 73
100 348
100 23
100 823
100 110
100 798
100 174
100 81
100 284
100 176
100 18
100 26
100 200
100 18
100 161
100 197
100 6
100 151
100 154
100 26
100 83
100 170
100 10
100 305
100 587
100 22
100 63
100 308
100 310
100 391
100 32
100 172
100 163
100 45
100 282
100 562
100 231
100 84
100 10
100 302
100 173
100 131
100 349
100 273
100 1124
100 319
100 215
100 356
100 85
100 2
100 81
100 53
100 648
100 512
100 142
100 110
100 132
100 84
100 43
100 45
100 608
100 25
100 191
100 117
100 243
100 334
100 107
100 2
100 123
100 60
100 36
100 16
100 124
100 25
100 90
100 137
100 481
100 179
100 69
100 495
100 517
100 263
100 162
100 777
100 61
100 21
100 89
100 329
100 486
100 485
100 6
100 475
100 114
100 213
100 24
100 9
100 21
100 164
100 1024
100 152
100 835
100 1172
100 891
100 85
100 266
100 4
100 104
100 145
100 59
100 99
100 126
100 368
100 628
100 128
100 200
100 63
100 215
100 29
100 601
100 427
100 321
100 177
100 269
100 39
100 316
100 347
100 145
100 768
100 497
100 102
100 62
100 47
100 105
100 66
100 53
100 87
100 80
100 114
100 478
100 380
100 67
100 38
100 308
100 423
100 142
100 128
100 182
100 476
100 922
100 73
100 415
100 254
100 74
100 138
100 475
100 181
100 424
100 199
100 62
100 265
100 49
100 175
100 157
100 351
100 139
100 281
100 588
100 483
100 723
100 503
100 176
100 125
100 18
100 195
100 544
100 217
100 150
100 438
100 320
100 14
100 90
100 219
100 391
100 230
100 259
100 346
100 347
100 215
100 121
100 9
100 42
100 870
100 51
100 474
100 25
100 160
100 86
100 183
100 371
100 35
100 119
100 338
100 216
100 335
100 1242
100 106
100 372
100 38
100 13
100 264
100 45
100 68
100 956
100 546
100 173
100 113
100 28
100 37
100 146
100 410
100 81
100 142
100 238
100 574
100 327
100 26
100 59
100 249
100 32
100 88
100 79
100 74
100 94
100 1407
100 234
100 111
100 242
100 25
100 49
100 213
100 860
100 86
100 64
100 168
100 123
100 214
100 682
100 64
100 618
100 109
100 46
100 314
100 607
100 583
100 180
100 0
100 63
100 2
100 236
100 1477
100 173
100 81
100 211
100 309
100 297
100 224
100 184
100 187
100 402
100 148
100 24
100 216
100 35
100 253
100 92
100 146
100 40
100 274
100 20
100 378
100 1240
100 692
100 78
100 51
100 139
100 214
100 16
100 336
100 59
100 40
100 59
100 151
100 5
100 159
100 52
100 4
100 178
100 106
100 389
100 123
100 455
100 12
100 87
100 309
100 10
100 112
100 50
100 445
100 49
100 385
100 337
100 102
100 186
100 83
100 25
100 30
100 10
100 120
100 156
100 353
100 217
100 40
100 445
100 535
100 84
100 125
100 25
100 45
100 998
100 172
100 210
100 290
100 261
100 222
100 69
100 94
100 454
100 77
100 202
100 330
100 107
100 84
100 20
100 130
100 267
100 622
100 86
100 216
100 217
100 32
100 120
100 273
100 34
100 4
100 64
100 78
100 151
100 108
100 134
100 209
100 780
100 59
100 165
100 215
100 90
100 958
100 75
100 114
100 147
100 995
100 385
100 164
100 173
100 646
100 67
100 380
100 823
100 110
100 285
100 376
100 78
100 490
100 336
100 235
100 565
100 8
100 0
100 73
100 316
100 22
100 85
100 164
100 289
100 47
100 751
100 300
100 350
100 148
100 0
100 122
100 25
100 51
100 383
100 70
100 66
100 1097
100 141
100 154
100 60
100 423
100 27
100 209
100 38
100 551
100 278
100 128
100 664
100 235
100 384
100 181
100 100
100 45
100 304
100 67
100 149
100 531
100 136
100 229
100 404
100 216
100 14
100 47
100 77
100 168
100 81
100 156
100 98
100 19
100 32
100 68
100 68
100 122
100 158
100 243
100 220
100 47
100 73
100 111
100 870
100 63
100 277
100 212
100 109
100 204
100 489
100 21
100 1259
100 228
100 219
100 26
100 65
100 560
100 37
100 23
100 287
100 39
100 361
100 58
100 898
100 15
100 93
100 188
100 32
100 107
100 133
100 317
100 18
100 104
100 500
100 40
100 313
100 254
100 58
100 37
100 31
100 365
100 13
100 372
100 108
100 405
100 152
100 288
100 11
100 193
100 202
100 111
100 258
100 276
100 256
100 38
100 368
100 3
100 24
100 1043
100 59
100 307
100 22
100 34
100 134
100 202
100 53
100 135
100 361
100 538
100 142
100 500
100 949
100 544
100 47
100 153
100 310
100 180
100 282
100 41
100 148
100 173
100 419
100 3
100 107
100 69
100 167
100 43
100 337
100 72
100 144
100 236
100 181
100 789
100 263
100 29
100 237
100 45
100 457
100 50
100 52
100 216
100 158
100 486
100 13
100 21
100 140
100 12
100 8
100 13
100 8
100 93
100 775
100 441
100 59
100 733
100 360
100 215
100 300
100 775
100 58
100 276
100 46
100 651
100 306
100 845
100 363
100 27
100 511
100 112
100 268
100 536
100 257
100 206
100 30
100 333
100 50
100 15
100 109
100 38
100 10
100 319
100 263
100 322
100 113
100 116
100 43
100 69
100 843
100 60
100 231
100 188
100 281
100 137
100 73
100 0
100 590
100 3
100 282
100 10
100 87
100 312
100 1671
100 81
100 166
100 418
100 445
100 95
100 159
100 130
100 0
100 244
100 382
100 2
100 22
100 22
100 313
100 195
100 53
100 153
100 205
100 195
100 377
100 670
100 306
100 442
100 415
100 21
100 202
100 461
100 313
100 18
100 533
100 156
100 1452
100 10
100 47
100 32
100 196
100 79
100 16
100 529
100 589
100 208
100 947
100 145
100 859
100 473
100 39
100 161
100 246
100 783
100 19
100 187
100 38
100 510
100 1
100 265
100 242
100 40
100 319
100 93
100 205
100 283
100 181
100 366
100 203
100 168
100 286
100 13
100 1
100 28
100 52
100 24
100 338
100 76
100 528
100 157
100 178
100 1040
100 6
100 230
100 241
100 62
100 125
100 166
100 139
100 133
100 134
100 281
100 111
100 559
100 297
100 556
100 68
100 153
100 88
100 336
100 222
100 20
100 0
100 1
100 298
100 172
100 53
100 233
100 120
100 74
100 315
100 12
100 161
100 294
100 440
100 169
100 417
100 247
100 153
100 77
100 38
100 31
100 174
100 127
100 111
100 17
100 229
100 51
100 79
100 137
100 55
100 367
100 824
100 186
100 113
100 381
100 37
100 331
100 221
100 25
100 56
100 75
100 266
100 271
100 456
100 289
100 184
100 88
100 259
100 27
100 167
100 212
100 12
100 322
100 276
100 551
100 222
100 161
100 81
100 268
100 868
100 54
100 472
100 723
100 549
100 265
100 47
100 267
100 852
100 594
100 2
100 81
100 1
100 572
100 56
100 379
100 81
100 61
100 1002
100 470
100 489
100 115
100 15
100 109
100 245
100 464
100 137
100 5
100 195
100 17
100 1028
100 47
100 469
100 200
100 338
100 147
100 67
100 194
100 6
100 53
100 221
100 429
100 704
100 339
100 396
100 343
100 901
100 6
100 181
100 524
100 105
100 138
100 160
100 148
100 9
100 32
100 192
100 80
100 53
100 131
100 139
100 258
100 10
100 302
100 241
100 46
100 1050
100 329
100 587
100 118
100 467
100 70
100 438
100 5
100 213
100 106
100 104
100 9
100 109
100 206
100 1213
100 131
100 739
100 71
100 241
100 413
100 68
100 172
100 192
100 267
100 26
100 67
100 760
100 38
100 252
100 153
100 15
100 183
100 2
100 163
100 31
100 27
100 347
100 408
100 8
100 181
100 93
100 137
100 0
100 390
100 106
100 149
100 359
100 300
100 524
100 238
100 87
100 324
100 881
100 41
100 361
100 487
100 782
100 167
100 20
100 196
100 296
100 158
100 433
100 442
100 499
100 75
100 83
100 52
100 195
100 126
100 122
100 528
100 373
100 54
100 211
100 54
100 179
100 381
100 1002
100 60
100 21
100 14
100 400
100 300
100 24
100 187
100 64
100 63
100 136
100 89
100 39
100 202
100 677
100 777
100 22
100 542
100 130
100 251
100 245
100 494
100 157
100 794
100 0
100 258
100 68
100 10
100 36
100 2
100 642
100 136
100 35
100 45
100 65
100 11
100 238
100 57
100 185
100 19
100 32
100 154
100 326
100 92
100 590
100 54
100 90
100 213
100 157
100 5
100 48
100 504
100 232
100 567
100 180
100 213
100 148
100 107
100 61
100 229
100 31
100 17
100 25
100 100
100 81
100 378
100 28
100 89
100 14
100 137
100 173
100 101
100 7
100 229
100 27
100 303
100 1090
100 69
100 209
100 709
100 548
100 93
100 488
100 18
100 30
100 174
100 330
100 4
100 175
100 18
100 279
100 211
100 371
100 12
100 73
100 466
100 11
100 44
100 489
100 325
100 207
100 59
100 65
100 8
100 53
100 62
100 14
100 232
100 235
100 249
100 144
100 149
100 354
100 902
100 15
100 441
100 1154
100 59
100 132
100 170
100 81
100 314
100 371
100 332
100 228
100 16
100 104
100 83
100 22
100 74
100 37
100 403
100 119
100 322
100 557
100 325
100 10
100 115
100 73
100 3
100 367
100 508
100 61
100 299
100 54
100 379
100 12
100 42
100 95
100 514
100 43
100 144
100 201
100 462
100 545
100 70
100 79
100 81
100 70
100 1004
100 331
100 2
100 85
100 131
100 126
100 207
100 334
100 102
100 57
100 311
100 453
100 3
100 154
100 304
100 103
100 66
100 164
100 157
100 28
100 381
100 128
100 28
100 451
100 239
100 332
100 128
100 39
100 524
100 855
100 157
100 91
100 94
100 907
100 263
100 856
100 98
100 895
100 409
100 170
100 47
100 452
100 177
100 63
100 106
100 512
100 658
100 85
100 295
100 296
100 38
100 131
100 449
100 113
100 130
100 151
100 494
100 128
100 635
100 76
100 5
100 148
100 598
100 17
100 211
100 104
100 225
100 95
100 44
100 248
100 35
100 759
100 416
100 89
100 99
100 21
100 409
100 395
100 188
100 5
100 102
100 243
100 236
100 272
100 34
100 144
100 418
100 53
100 278
100 331
100 128
100 136
100 146
100 780
100 90
100 177
100 381
100 3
100 287
100 7
100 24
100 58
100 276
100 370
100 76
100 63
100 399
100 765
100 124
100 22
100 102
100 575
100 14
100 564
100 164
100 187
100 31
100 343
100 149
100 713
100 9
100 138
100 334
100 222
100 139
100 23
100 130
100 14
100 135
100 27
100 15
100 417
100 669
100 342
100 148
100 117
100 67
100 231
100 496
100 207
100 19
100 159
100 248
100 265
100 136
100 152
100 246
100 145
100 431
100 23
100 86
100 72
100 287
100 35
100 9
100 346
100 129
100 71
100 266
100 59
100 109
100 33
100 85
100 243
100 713
100 129
100 8
100 133
100 171
100 620
100 3
100 427
100 453
100 370
100 453
100 167
100 131
100 481
100 19
100 867
100 42
100 839
100 259
100 370
100 52
100 60
100 339
100 116
100 328
100 346
100 109
100 139
100 36
100 92
100 34
100 23
100 268
100 182
100 442
100 51
100 128
100 67
100 644
100 519
100 91
100 754
100 552
100 54
100 113
100 630
100 53
100 731
100 144
100 2
100 121
100 111
100 95
100 501
100 107
100 25
100 49
100 158
100 181
100 84
100 160
100 117
100 126
100 31
100 82
100 250
100 369
100 506
100 67
100 143
100 290
100 144
100 162
100 446
100 18
100 141
100 44
100 160
100 191
100 45
100 552
100 83
100 624
100 150
100 845
100 499
100 238
100 81
100 295
100 147
100 169
100 807
100 172
100 53
100 545
100 67
100 628
100 504
100 57
100 178
100 43
100 66
100 43
100 44
100 119
100 462
100 101
100 61
100 915
100 284
100 52
100 496
100 21
100 643
100 222
100 131
100 72
100 1005
100 18
100 70
100 127
100 155
100 42
100 17
100 254
100 676
100 309
100 272
100 88
100 52
100 85
100 778
100 216
100 116
100 104
100 637
100 315
100 358
100 15
100 333
100 30
100 6
100 2
100 129
100 928
100 294
100 9
100 558
100 37
100 24
100 389
100 592
100 228
100 235
100 106
100 167
100 116
100 22
100 147
100 296
100 642
100 27
100 125
100 45
100 139
100 121
100 537
100 489
100 352
100 148
100 6
100 60
100 451
100 97
100 296
100 852
100 367
100 140
100 13
100 91
100 29
100 77
100 5
100 3
100 347
100 251
100 317
100 15
100 425
100 50
100 32
100 27
100 48
100 323
100 947
100 201
100 1775
100 161
100 158
100 28
100 745
100 550
100 88
100 638
100 151
100 149
100 186
100 111
100 38
100 189
100 387
100 341
100 115
100 348
100 142
100 337
100 92
100 319
100 29
100 304
100 639
100 378
100 72
100 299
100 536
100 107
100 104
100 547
100 93
100 791
100 17
100 145
100 7
100 278
100 78
100 434
100 24
100 204
100 497
100 160
100 163
100 131
100 66
100 33
100 128
100 74
100 426
100 51
100 197
100 180
100 470
100 223
100 0
100 17
100 60
100 284
100 404
100 502
100 366
100 1042
100 5
100 71
100 33
100 180
100 56
100 479
100 436
100 11
100 740
100 63
100 254
100 38
100 283
100 64
100 88
100 194
100 321
100 644
100 299
100 174
100 147
100 83
100 149
100 79
100 1
100 272
100 313
100 166
100 233
100 182
100 37
100 5
100 231
100 112
100 9
100 471
100 50
100 112
100 71
100 117
100 80
100 257
100 17
100 131
100 53
100 102
100 156
100 20
100 232
100 165
100 13
100 8
100 45
100 590
100 17
100 13
100 7
100 180
100 222
100 31
100 439
100 136
100 6
100 229
100 432
100 108
100 131
100 62
100 101
100 335
100 346
100 321
100 100
100 320
100 249
100 113
100 44
100 21
100 13
100 332
100 263
100 166
100 27
100 901
100 47
100 49
100 448
100 268
100 186
100 91
100 155
100 39
100 12
100 239
100 78
100 154
100 63
100 122
100 91
100 163
100 4
100 316
100 9
100 86
100 285
100 103
100 230
100 156
100 290
100 91
100 111
100 40
100 208
100 133
100 25
100 175
100 243
100 381
100 239
100 1296
100 47
100 125
100 166
100 290
100 153
100 21
100 633
100 1887
100 542
100 2
100 20
100 396
100 44
100 387
100 510
100 429
100 513
100 279
100 229
100 130
100 145
100 465
100 31
100 118
100 40
100 264
100 260
100 47
100 217
100 95
100 26
100 138
100 224
100 526
100 363
100 97
100 43
100 113
100 93
100 4
100 15
100 113
100 36
100 5
100 3
100 830
100 53
100 175
100 88
100 80
100 935
100 180
100 14
100 163
100 2
100 10
100 7
100 501
100 505
100 6
100 176
100 290
100 5
100 211
100 65
100 879
100 120
100 157
100 109
100 26
100 22
100 59
100 53
100 352
100 227
100 183
100 45
100 507
100 398
100 250
100 159
100 123
100 233
100 494
100 173
100 533
100 471
100 321
100 41
100 529
100 391
100 67
100 895
100 331
100 410
100 353
100 167
100 25
100 462
100 162
100 391
100 279
100 187
100 4
100 34
100 25
100 181
100 553
100 183
100 541
100 186
100 172
100 107
100 129
100 259
100 109
100 2
100 327
100 208
100 69
100 403
100 949
100 799
100 1
100 582
100 492
100 66
100 457
100 115
100 162
100 198
100 74
100 18
100 110
100 24
100 70
100 131
100 382
100 538
100 209
100 348
100 207
100 89
100 232
100 58
100 69
100 103
100 299
100 10
100 68
100 350
100 21
100 318
100 90
100 168
100 186
100 272
100 40
100 513
100 592
100 181
100 12
100 208
100 372
100 200
100 174
100 103
100 333
100 200
100 38
100 619
100 220
100 105
100 11
100 15
100 68
100 0
100 309
100 169
100 624
100 404
100 187
100 490
100 136
100 22
100 118
100 494
100 260
100 261
100 265
100 377
100 82
100 445
100 400
100 55
100 10
100 96
100 235
100 20
100 174
100 433
100 45
100 214
100 555
100 126
100 450
100 9
100 170
100 76
100 313
100 91
100 459
100 50
100 286
100 5
100 72
100 398
100 9
100 157
100 174
100 3
100 856
100 84
100 116
100 229
100 164
100 92
100 79
100 269
100 267
100 77
100 29
100 234
100 99
100 257
100 433
100 646
100 84
100 23
100 674
100 149
100 200
100 1218
100 271
100 312
100 244
100 65
100 209
100 760
100 171
100 335
100 35
100 376
100 36
100 489
100 103
100 157
100 463
100 144
100 16
100 3
100 149
100 219
100 136
100 35
100 38
100 253
100 19
100 166
100 173
100 217
100 7
100 44
100 531
100 77
100 20
100 220
100 66
100 387
100 505
100 335
100 170
100 411
100 335
100 52
100 39
100 16
100 466
100 616
100 119
100 10
100 256
100 99
100 1670
100 207
100 610
100 516
100 51
100 304
100 230
100 102
100 103
100 50
100 617
100 46
100 231
100 67
100 279
100 10
100 562
100 371
100 220
100 39
100 82
100 177
100 598
100 172
100 41
100 37
100 299
100 1000
100 141
100 7
100 169
100 82
100 59
100 16
100 53
100 0
100 330
100 349
100 85
100 173
100 718
100 183
100 12
100 249
100 76
100 14
100 158
100 182
100 8
100 103
100 138
100 34
100 552
100 93
100 2
100 182
100 196
100 254
100 212
100 98
100 62
100 194
100 358
100 1527
100 75
100 269
100 143
100 536
100 303
100 543
100 32
100 41
100 465
100 170
100 10
100 22
100 186
100 104
100 623
100 343
100 56
100 410
100 493
100 115
100 181
100 65
100 384
100 170
100 137
100 13
100 192
100 3
100 599
100 587
100 356
100 125
100 30
100 163
100 392
100 398
100 257
100 159
100 314
100 3
100 716
100 761
100 47
100 90
100 226
100 314
100 63
100 21
100 179
100 95
100 198
100 20
100 86
100 88
100 51
100 361
100 514
100 32
100 262
100 187
100 420
100 496
100 194
100 44
100 148
100 189
100 23
100 270
100 245
100 155
100 57
100 318
100 599
100 167
100 112
100 499
100 84
100 119
100 5
100 105
100 458
100 451
100 33
100 77
100 45
100 40
100 204
100 62
100 10
100 523
100 89
100 199
100 110
100 0
100 333
100 64
100 72
100 250
100 721
100 176
100 225
100 119
100 24
100 151
100 437
100 560
100 189
100 17
100 19
100 43
100 962
100 65
100 301
100 138
100 95
100 0
100 470
100 741
100 190
100 392
100 85
100 203
100 108
100 397
100 76
100 270
100 77
100 93
100 177
100 241
100 500
100 137
100 837
100 77
100 187
100 9
100 34
100 67
100 59
100 31
100 985
100 117
100 83
100 714
100 22
100 326
100 249
100 377
100 73
100 531
100 254
100 302
100 189
100 134
100 70
100 410
100 405
100 392
100 367
100 211
100 73
100 298
100 311
100 435
100 118
100 429
100 208
100 171
100 233
100 302
100 68
100 82
100 1051
100 479
100 192
100 154
100 18
100 554
100 236
100 339
100 127
100 14
100 287
100 424
100 274
100 605
100 901
100 43
100 456
100 104
100 27
100 232
100 41
100 161
100 119
100 35
100 137
100 45
100 10
100 222
100 26
100 230
100 284
100 272
100 7
100 59
100 517
100 8
100 20
100 72
100 220
100 35
100 4
100 764
100 694
100 15
100 79
100 316
100 1259
100 296
100 429
100 88
100 806
100 242
100 234
100 239
100 15
100 759
100 14
100 322
100 61
100 119
100 23
100 118
100 144
100 261
100 427
100 505
100 247
100 299
100 1189
100 32
100 195
100 29
100 247
100 282
100 107
100 306
100 315
100 49
100 218
100 488
100 50
100 365
100 234
100 116
100 189
100 249
100 873
100 324
100 2
100 30
100 235
100 185
100 230
100 81
100 8
100 45
100 636
100 42
100 81
100 20
100 452
100 314
100 64
100 184
100 35
100 84
100 136
100 677
100 339
100 108
100 34
100 115
100 94
100 243
100 158
100 374
100 500
100 632
100 468
100 151
100 190
100 460
100 191
100 200
100 249
100 583
100 223
100 15
100 703
100 658
100 153
100 7
100 6
100 566
100 265
100 746
100 403
100 125
100 169
100 389
100 163
100 844
100 55
100 398
100 49
100 113
100 149
100 162
100 872
100 93
100 45
100 34
100 22
100 630
100 19
100 237
100 512
100 27
100 229
100 258
100 486
100 127
100 0
100 32
100 353
100 8
100 23
100 362
100 297
100 358
100 1
100 303
100 1337
100 308
100 642
100 319
100 294
100 278
100 382
100 321
100 120
100 272
100 531
100 323
100 37
100 188
100 485
100 7
100 285
100 29
100 42
100 130
100 477
100 101
100 215
100 53
100 334
100 442
100 377
100 268
100 452
100 687
100 354
100 75
100 689
100 501
100 156
100 273
100 783
100 58
100 220
100 127
100 89
100 21
100 466
100 55
100 335
100 201
100 97
100 505
100 32
100 394
100 46
100 629
100 304
100 178
100 105
100 4
100 3
100 16
100 83
100 26
100 27
100 65
100 475
100 486
100 11
100 323
100 122
100 131
100 36
100 182
100 495
100 20
100 214
100 210
100 16
100 255
100 205
100 374
100 0
100 535
100 67
100 664
100 561
100 73
100 522
100 114
100 1187
100 58
100 252
100 169
100 217
100 140
100 959
100 89
100 117
100 73
100 291
100 364
100 22
100 43
100 215
100 121
100 54
100 37
100 114
100 94
100 10
100 106
100 58
100 61
100 5
100 432
100 46
100 984
100 105
100 159
100 190
100 200
100 116
100 257
100 84
100 120
100 102
100 540
100 109
100 201
100 164
100 177
100 231
100 76
100 76
100 1002
100 548
100 282
100 80
100 19
100 16
100 629
100 48
100 39
100 49
100 21
100 8
100 261
100 176
100 184
100 24
100 55
100 110
100 15
100 171
100 92
100 148
100 168
100 54
100 361
100 160
100 284
100 440
100 84
100 228
100 80
100 36
100 76
100 43
100 391
100 340
100 626
100 124
100 123
100 98
100 462
100 51
100 810
100 310
100 178
100 82
100 80
100 398
100 593
100 83
100 1015
100 399
100 16
100 102
100 434
100 308
100 127
100 512
100 293
100 507
100 42
100 146
100 399
100 82
100 256
100 391
100 45
100 404
100 242
100 802
100 202
100 673
100 49
100 441
100 39
100 1
100 817
100 99
100 186
100 10
100 435
100 211
100 80
100 2
100 22
100 869
100 168
100 210
100 116
100 942
100 510
100 1
100 352
100 49
100 247
100 68
100 178
100 80
100 473
100 47
100 292
100 174
100 404
100 127
100 139
100 27
100 77
100 154
100 6
100 35
100 454
100 12
100 724
100 125
100 28
100 139
100 110
100 231
100 147
100 10
100 669
100 30
100 684
100 332
100 708
100 26
100 67
100 312
100 145
100 305
100 281
100 748
100 119
100 379
100 117
100 234
100 42
100 13
100 176
100 155
100 24
100 132
100 41
100 503
100 259
100 34
100 533
100 294
100 772
100 437
100 186
100 61
100 226
100 146
100 603
100 311
100 159
100 94
100 198
100 32
100 246
100 75
100 3
100 153
100 53
100 180
100 200
100 222
100 274
100 164
100 212
100 16
100 54
100 724
100 190
100 15
100 132
100 117
100 122
100 282
100 259
100 392
100 1341
100 135
100 514
100 181
100 70
100 443
100 528
100 12
100 102
100 93
100 267
100 32
100 45
100 178
100 42
100 21
100 228
100 169
100 427
100 254
100 972
100 293
100 0
100 261
100 226
100 96
100 372
100 47
100 41
100 328
100 122
100 430
100 210
100 71
100 0
100 465
100 99
100 58
100 175
100 65
100 7
100 72
100 185
100 79
100 89
100 58
100 150
100 30
100 116
100 176
100 484
100 100
100 8
100 13
100 194
100 426
100 210
100 146
100 190
100 11
100 1
100 484
100 428
100 89
100 510
100 277
100 30
100 133
100 15
100 5
100 358
100 328
100 29
100 10
100 127
100 44
100 624
100 102
100 108
100 931
100 59
100 276
100 440
100 61
100 1186
100 275
100 621
100 233
100 201
100 37
100 87
100 17
100 79
100 367
100 371
100 5
100 392
100 29
100 207
100 90
100 375
100 6
100 65
100 242
100 3
100 68
100 318
100 133
100 13
100 350
100 149
100 511
100 260
100 316
100 206
100 1409
100 868
100 0
100 243
100 278
100 128
100 191
100 563
100 326
100 1425
100 317
100 255
100 257
100 13
100 199
100 1164
100 854
100 515
100 323
100 458
100 278
100 58
100 46
100 264
100 201
100 251
100 56
100 459
100 75
100 1238
100 7
100 585
100 396
100 283
100 296
100 544
100 203
100 469
100 1319
100 584
100 48
100 289
100 116
100 187
100 34
100 85
100 38
100 44
100 132
100 22
100 67
100 54
100 166
100 100
100 200
100 47
100 750
100 140
100 90
100 318
100 820
100 89
100 554
100 29
100 536
100 187
100 168
100 120
100 389
100 194
100 591
100 204
100 0
100 373
100 53
100 346
100 166
100 121
100 618
100 68
100 137
100 235
100 1
100 295
100 345
100 160
100 79
100 108
100 189
100 381
100 577
100 52
100 224
100 149
100 17
100 30
100 221
100 259
100 348
100 145
100 11
100 768
100 13
100 37
100 1530
100 109
100 155
100 225
100 73
100 333
100 976
100 102
100 183
100 207
100 301
100 388
100 199
100 9
100 313
100 244
100 35
100 40
100 335
100 3
100 688
100 290
100 38
100 155
100 545
100 109
100 81
100 368
100 196
100 630
100 61
100 340
100 7
100 23
100 245
100 41
100 23
100 203
100 149
100 246
100 121
100 201
100 91
100 205
100 78
100 607
100 109
100 36
100 399
100 272
100 251
100 162
100 210
100 198
100 291
100 3
100 338
100 86
100 204
100 560
100 137
100 113
100 523
100 454
100 59
100 234
100 64
100 18
100 6
100 429
100 214
100 112
100 72
100 107
100 65
100 100
100 93
100 175
100 243
100 144
100 276
100 40
100 177
100 180
100 50
100 49
100 161
100 376
100 485
100 88
100 259
100 146
100 142
100 494
100 241
100 129
100 28
100 516
100 232
100 33
100 127
100 242
100 17
100 53
100 77
100 9
100 36
100 10
100 47
100 205
100 109
100 298
100 291
100 10
100 88
100 6
100 99
100 107
100 330
100 10
100 83
100 257
100 29
100 263
100 537
100 132
100 86
100 45
100 343
100 485
100 542
100 56
100 357
100 208
100 19
100 36
100 520
100 393
100 1125
100 13
100 53
100 330
100 387
100 78
100 339
100 7
100 51
100 207
100 340
100 111
100 176
100 1042
100 1537
100 143
100 143
100 876
100 111
100 35
100 53
100 163
100 235
100 466
100 952
100 53
100 118
100 19
100 47
100 184
100 181
100 561
100 30
100 76
100 1
100 73
100 62
100 191
100 385
100 19
100 1422
100 365
100 67
100 55
100 544
100 200
100 12
100 203
100 923
100 240
100 352
100 924
100 46
100 12
100 758
100 30
100 82
100 11
100 392
100 124
100 76
100 173
100 425
100 22
100 81
100 219
100 43
100 23
100 26
100 32
100 17
100 310
100 93
100 287
100 37
100 23
100 182
100 416
100 212
100 61
100 234
100 686
100 152
100 132
100 21
100 2
100 146
100 838
100 268
100 47
100 126
100 60
100 41
100 167
100 48
100 297
100 17
100 83
100 39
100 660
100 246
100 164
100 19
100 156
100 92
100 430
100 543
100 792
100 138
100 120
100 103
100 7
100 359
100 110
100 35
100 326
100 2
100 34
100 180
100 420
100 122
100 121
100 776
100 25
100 158
100 480
100 67
100 347
100 276
100 42
100 372
100 26
100 87
100 506
100 27
100 348
100 398
100 242
100 231
100 273
100 9
100 578
100 29
100 54
100 211
100 49
100 10
100 141
100 259
100 310
100 424
100 162
100 252
100 120
100 163
100 827
100 83
100 92
100 55
100 70
100 327
100 921
100 202
100 799
100 151
100 107
100 212
100 168
100 233
100 109
100 45
100 105
100 34
100 443
100 131
100 119
100 19
100 167
100 18
100 146
100 734
100 58
100 342
100 1049
100 56
100 383
100 68
100 14
100 89
100 100
100 18
100 3
100 181
100 745
100 171
100 2
100 179
100 60
100 199
100 120
100 64
100 118
100 186
100 431
100 99
100 112
100 25
100 512
100 456
100 109
100 118
100 391
100 111
100 195
100 130
100 386
100 28
100 234
100 71
100 13
100 46
100 2
100 228
100 314
100 66
100 612
100 191
100 972
100 185
100 198
100 1284
100 7
100 160
100 11
100 126
100 13
100 753
100 50
100 3
100 44
100 1
100 114
100 176
100 115
100 383
100 311
100 92
100 51
100 260
100 100
100 22
100 17
100 588
100 35
100 254
100 6
100 645
100 22
100 610
100 140
100 642
100 179
100 655
100 75
100 67
100 571
100 134
100 445
100 125
100 19
100 483
100 180
100 397
100 312
100 121
100 647
100 629
100 198
100 272
100 237
100 125
100 179
100 173
100 28
100 78
100 112
100 351
100 6
100 73
100 8
100 282
100 175
100 274
100 179
100 22
100 151
100 60
100 21
100 50
100 152
100 483
100 205
100 33
100 265
100 87
100 240
100 66
100 562
100 277
100 89
100 337
100 731
100 184
100 404
100 187
100 207
100 337
100 319
100 505
100 5
100 538
100 87
100 82
100 176
100 176
100 99
100 122
100 34
100 12
100 40
100 292
100 288
100 909
100 261
100 200
100 280
100 201
100 107
100 27
100 29
100 35
100 124
100 370
100 153
100 80
100 808
100 23
100 236
100 171
100 153
100 387
100 114
100 84
100 334
100 30
100 190
100 83
100 146
100 47
100 10
100 88
100 623
100 318
100 504
100 643
100 43
100 5
100 2
100 100
100 3
100 862
100 631
100 53
100 463
100 217
100 233
100 45
100 93
100 29
100 56
100 69
100 93
100 253
100 58
100 125
100 125
100 23
100 1214
100 409
100 207
100 0
100 306
100 483
100 3
100 68
100 521
100 49
100 60
100 1100
100 243
100 119
100 28
100 95
100 58
100 45
100 95
100 346
100 8
100 842
100 86
100 65
100 19
100 314
100 307
100 230
100 145
100 158
100 3
100 21
100 121
100 304
100 644
100 159
100 61
100 28
100 77
100 155
100 70
100 435
100 608
100 284
100 235
100 176
100 34
100 458
100 18
100 195
100 516
100 888
100 69
100 237
100 70
100 18
100 119
100 219
100 29
100 608
100 16
100 46
100 244
100 345
100 325
100 198
100 409
100 119
100 117
100 489
100 440
100 212
100 190
100 575
100 438
100 8
100 131
100 639
100 484
100 800
100 558
100 40
100 258
100 551
100 63
100 277
100 304
100 91
100 66
100 78
100 198
100 297
100 1152
100 139
100 140
100 28
100 66
100 185
100 635
100 41
100 314
100 371
100 110
100 221
100 114
100 263
100 139
100 563
100 101
100 379
100 338
100 276
100 184
100 287
100 176
100 85
100 140
100 126
100 256
100 241
100 261
100 364
100 209
100 530
100 20
100 688
100 281
100 554
100 39
100 287
100 57
100 149
100 137
100 71
100 117
100 57
100 349
100 346
100 430
100 283
100 251
100 41
100 82
100 303
100 42
100 110
100 110
100 465
100 72
100 199
100 156
100 18
100 41
100 57
100 87
100 69
100 226
100 137
100 179
100 336
100 467
100 1428
100 348
100 556
100 21
100 239
100 114
100 309
100 473
100 104
100 295
100 157
100 224
100 187
100 5
100 177
100 40
100 273
100 10
100 33
100 256
100 199
100 209
100 29
100 464
100 2
100 588
100 89
100 333
100 150
100 30
100 7
100 228
100 193
100 181
100 9
100 79
100 29
100 735
100 154
100 268
100 145
100 262
100 55
100 344
100 218
100 110
100 384
100 170
100 178
100 64
100 171
100 571
100 200
100 410
100 91
100 40
100 146
100 140
100 83
100 295
100 231
100 94
100 24
100 480
100 255
100 197
100 167
100 114
100 1149
100 778
100 600
100 130
100 290
100 110
100 687
100 190
100 317
100 92
100 133
100 142
100 929
100 163
100 35
100 51
100 100
100 498
100 325
100 500
100 32
100 98
100 219
100 2
100 45
100 313
100 900
100 51
100 399
100 31
100 249
100 425
100 351
100 417
100 76
100 248
100 132
100 543
100 147
100 23
100 1
100 218
100 64
100 405
100 65
100 258
100 49
100 385
100 170
100 158
100 348
100 31
100 102
100 152
100 5
100 634
100 201
100 702
100 138
100 151
100 230
100 73
100 159
100 363
100 33
100 195
100 348
100 373
100 64
100 743
100 178
100 313
100 28
100 573
100 198
100 330
100 146
100 100
100 115
100 192
100 298
100 280
100 107
100 586
100 167
100 399
100 501
100 299
100 327
100 65
100 326
100 291
100 193
100 2
100 238
100 195
100 66
100 213
100 234
100 452
100 1048
100 633
100 67
100 442
100 98
100 151
100 12
100 394
100 358
100 548
100 59
100 1823
100 208
100 387
100 589
100 211
100 215
100 89
100 177
100 32
100 311
100 15
100 80
100 71
100 485
100 297
100 235
100 44
100 116
100 776
100 31
100 178
100 109
100 149
100 299
100 213
100 481
100 3
100 100
100 83
100 10
100 111
100 207
100 242
100 64
100 9
100 436
100 32
100 318
100 101
100 14
100 2
100 261
100 99
100 113
100 119
100 5
100 296
100 81
100 90
100 219
100 143
100 123
100 56
100 44
100 267
100 306
100 313
100 488
100 301
100 365
100 298
100 200
100 212
100 264
100 341
100 137
100 152
100 276
100 285
100 363
100 410
100 90
100 76
100 322
100 102
100 34
100 845
100 5
100 399
100 332
100 137
100 174
100 76
100 165
100 37
100 20
100 211
100 85
100 529
100 26
100 149
100 41
100 45
100 477
100 20
100 55
100 506
100 61
100 221
100 465
100 290
100 362
100 165
100 21
100 244
100 56
100 378
100 34
100 168
100 305
100 54
100 77
100 685
100 110
100 561
100 125
100 135
100 58
100 98
100 119
100 84
100 14
100 24
100 43
100 68
100 125
100 239
100 55
100 129
100 169
100 309
100 780
100 183
100 362
100 2
100 279
100 282
100 140
100 301
100 78
100 20
100 148
100 459
100 991
100 479
100 348
100 780
100 257
100 85
100 26
100 265
100 125
100 112
100 180
100 122
100 54
100 420
100 236
100 366
100 75
100 254
100 52
100 22
100 28
100 280
100 105
100 271
100 307
100 82
100 260
100 86
100 215
100 409
100 22
100 718
100 119
100 640
100 162
100 201
100 261
100 362
100 37
100 216
100 243
100 138
100 30
100 50
100 220
100 320
100 31
100 373
100 501
100 35
100 342
100 12
100 192
100 56
100 147
100 7
100 75
100 4
100 210
100 605
100 114
100 108
100 37
100 167
100 453
100 72
100 162
100 336
100 228
100 34
100 418
100 71
100 463
100 153
100 54
100 47
100 7
100 18
100 46
100 55
100 40
100 0
100 14
100 788
100 36
100 240
100 29
100 164
100 238
100 47
100 544
100 87
100 277
100 14
100 26
100 183
100 915
100 401
100 31
100 471
100 19
100 27
100 53
100 32
100 136
100 122
100 161
100 69
100 90
100 174
100 544
100 102
100 503
100 24
100 111
100 1
100 189
100 275
100 298
100 684
100 221
100 423
100 35
100 291
100 4
100 154
100 594
100 225
100 764
100 13
100 74
100 75
100 77
100 93
100 320
100 362
100 78
100 272
100 16
100 54
100 321
100 21
100 371
100 301
100 25
100 306
100 226
100 269
100 340
100 100
100 53
100 12
100 92
100 294
100 57
100 194
100 65
100 114
100 17
100 215
100 24
100 47
100 43
100 936
100 5
100 461
100 122
100 78
100 332
100 250
100 99
100 202
100 119
100 12
100 187
100 103
100 205
100 330
100 349
100 44
100 65
100 110
100 25
100 47
100 734
100 8
100 277
100 131
100 134
100 543
100 303
100 0
100 223
100 1047
100 207
100 81
100 1579
100 22
100 65
100 636
100 250
100 420
100 66
100 11
100 200
100 67
100 167
100 28
100 276
100 231
100 30
100 66
100 370
100 39
100 451
100 229
100 47
100 177
100 280
100 967
100 247
100 886
100 449
100 131
100 410
100 452
100 226
100 480
100 82
100 738
100 243
100 520
100 230
100 735
100 120
100 553
100 103
100 57
100 848
100 65
100 204
100 32
100 490
100 397
100 418
100 86
100 150
100 287
100 187
100 248
100 11
100 132
100 84
100 165
100 645
100 396
100 56
100 26
100 776
100 145
100 195
100 220
100 535
100 151
100 67
100 22
100 75
100 112
100 586
100 236
100 56
100 80
100 335
100 600
100 856
100 102
100 101
100 225
100 344
100 31
100 190
100 724
100 250
100 19
100 138
100 778
100 68
100 378
100 435
100 319
100 330
100 129
100 133
100 13
100 318
100 36
100 56
100 2
100 202
100 115
100 500
100 112
100 53
100 223
100 218
100 431
100 1201
100 339
100 183
100 154
100 44
100 133
100 290
100 339
100 16
100 7
100 221
100 146
100 107
100 246
100 93
100 160
100 27
100 30
100 88
100 20
100 191
100 389
100 69
100 0
100 681
100 206
100 135
100 224
100 196
100 242
100 149
100 141
100 338
100 227
100 42
100 53
100 282
100 149
100 111
100 53
100 258
100 16
100 423
100 386
100 637
100 46
100 75
100 211
100 382
100 294
100 21
100 544
100 163
100 244
100 825
100 38
100 60
100 53
100 9
100 135
100 193
100 132
100 6
100 38
100 377
100 98
100 70
100 467
100 204
100 117
100 711
100 271
100 57
100 107
100 128
100 78
100 198
100 56
100 52
100 72
100 59
100 360
100 119
100 297
100 765
100 405
100 191
100 149
100 94
100 33
100 90
100 290
100 362
100 92
100 144
100 766
100 145
100 199
100 80
100 28
100 72
100 38
100 126
100 456
100 17
100 132
100 44
100 59
100 230
100 209
100 619
100 339
100 950
100 178
100 288
100 644
100 259
100 80
100 82
100 176
100 26
100 129
100 36
100 553
100 39
100 613
100 341
100 10
100 75
100 199
100 7
100 62
100 173
100 341
100 150
100 330
100 192
100 142
100 348
100 435
100 154
100 160
100 45
100 185
100 37
100 23
100 289
100 137
100 147
100 142
100 3
100 109
100 205
100 53
100 26
100 21
100 151
100 244
100 359
100 298
100 232
100 54
100 309
100 187
100 326
100 215
100 1
100 126
100 63
100 204
100 126
100 589
100 59
100 163
100 30
100 525
100 452
100 428
100 629
100 393
100 20
100 171
100 169
100 139
100 531
100 97
100 2
100 94
100 235
100 113
100 441
100 136
100 99
100 191
100 504
100 82
100 39
100 127
100 131
100 89
100 93
100 13
100 90
100 172
100 190
100 318
100 47
100 523
100 192
100 736
100 295
100 145
100 198
100 2
100 355
100 286
100 509
100 122
100 59
100 1068
100 49
100 359
100 472
100 67
100 58
100 179
100 75
100 11
100 726
100 163
100 331
100 264
100 95
100 153
100 1098
100 512
100 642
100 317
100 57
100 334
100 156
100 78
100 78
100 100
100 693
100 28
100 256
100 114
100 210
100 379
100 257
100 373
100 546
100 282
100 18
100 530
100 430
100 348
100 324
100 147
100 264
100 90
100 321
100 488
100 114
100 121
100 241
100 192
100 39
100 183
100 209
100 145
100 565
100 410
100 187
100 110
100 81
100 559
100 653
100 34
100 634
100 453
100 28
100 149
100 142
100 228
100 147
100 12
100 35
100 371
100 18
100 371
100 83
100 93
100 317
100 11
100 143
100 70
100 225
100 234
100 277
100 14
100 40
100 659
100 78
100 77
100 67
100 284
100 474
100 450
100 860
100 126
100 79
100 59
100 100
100 227
100 373
100 358
100 471
100 171
100 323
100 22
100 273
100 126
100 174
100 190
100 311
100 45
100 45
100 113
100 136
100 388
100 36
100 867
100 179
100 94
100 24
100 139
100 334
100 30
100 226
100 12
100 19
100 21
100 121
100 40
100 215
100 11
100 16
100 328
100 255
100 161
100 173
100 208
100 31
100 349
100 250
100 65
100 285
100 407
100 110
100 121
100 488
100 20
100 72
100 291
100 9
100 517
100 8
100 45
100 90
100 353
100 545
100 90
100 21
100 495
100 192
100 38
100 568
100 28
100 316
100 674
100 955
100 268
100 142
100 414
100 145
100 241
100 70
100 44
100 27
100 42
100 144
100 72
100 170
100 117
100 4
100 45
100 655
100 639
100 457
100 35
100 49
100 334
100 108
100 591
100 222
100 320
100 588
100 425
100 225
100 317
100 286
100 349
100 112
100 208
100 112
100 76
100 276
100 169
100 166
100 54
100 3
100 219
100 1
100 106
100 199
100 0
100 557
100 13
100 300
100 258
100 311
100 39
100 84
100 98
100 303
100 351
100 194
100 74
100 35
100 107
100 7
100 70
100 415
100 193
100 72
100 403
100 172
100 78
100 197
100 58
100 73
100 1119
100 116
100 490
100 59
100 170
100 341
100 73
100 124
100 156
100 226
100 160
100 109
100 94
100 279
100 98
100 372
100 180
100 2
100 389
100 231
100 102
100 220
100 31
100 196
100 20
100 666
100 7
100 477
100 169
100 325
100 264
100 43
100 348
100 195
100 252
100 29
100 330
100 52
100 10
100 667
100 149
100 729
100 122
100 108
100 235
100 364
100 36
100 53
100 388
100 85
100 148
100 281
100 922
100 200
100 403
100 310
100 328
100 226
100 291
100 119
100 245
100 306
100 138
100 95
100 431
100 171
100 686
100 53
100 34
100 66
100 60
100 25
100 235
100 153
100 1022
100 17
100 193
100 66
100 618
100 45
100 167
100 51
100 10
100 179
100 61
100 25
100 125
100 1
100 16
100 145
100 354
100 144
100 53
100 51
100 202
100 125
100 198
100 295
100 357
100 98
100 65
100 667
100 350
100 478
100 274
100 25
100 93
100 319
100 358
100 176
100 960
100 527
100 155
100 113
100 446
100 711
100 76
100 137
100 98
100 27
100 584
100 219
100 39
100 20
100 153
100 340
100 236
100 42
100 795
100 46
100 213
100 265
100 435
100 460
100 407
100 4
100 115
100 173
100 12
100 60
100 104
100 153
100 447
100 53
100 47
100 684
100 88
100 387
100 71
100 134
100 547
100 428
100 149
100 186
100 199
100 101
100 155
100 139
100 114
100 199
100 146
100 118
100 583
100 201
100 340
100 229
100 24
100 82
100 255
100 5
100 765
100 166
100 11
100 206
100 411
100 10
100 192
100 303
100 570
100 21
100 131
100 335
100 112
100 26
100 144
100 103
100 76
100 212
100 73
100 715
100 180
100 23
100 230
100 17
100 77
100 159
100 377
100 83
100 108
100 93
100 254
100 333
100 22
100 411
100 397
100 194
100 88
100 36
100 334
100 560
100 0
100 10
100 211
100 174
100 16
100 389
100 143
100 305
100 976
100 168
100 1054
100 77
100 349
100 23
100 1267
100 1441
100 146
100 8
100 205
100 489
100 103
100 72
100 392
100 58
100 166
100 171
100 98
100 457
100 105
100 477
100 600
100 44
100 7
100 102
100 3
100 82
100 77
100 54
100 27
100 525
100 295
100 15
100 82
100 498
100 157
100 449
100 13
100 886
100 34
100 311
100 174
100 59
100 436
100 245
100 1008
100 149
100 94
100 179
100 176
100 277
100 4
100 274
100 0
100 174
100 107
100 325
100 360
100 414
100 245
100 5
100 63
100 209
100 126
100 100
100 372
100 108
100 188
100 487
100 244
100 22
100 189
100 4
100 41
100 28
100 35
100 15
100 99
100 329
100 42
100 477
100 162
100 177
100 328
100 74
100 113
100 105
100 50
100 52
100 179
100 573
100 824
100 93
100 88
100 219
100 6
100 113
100 35
100 421
100 307
100 221
100 234
100 474
100 8
100 218
100 46
100 70
100 380
100 338
100 195
100 204
100 54
100 47
100 23
100 106
100 106
100 120
100 33
100 299
100 1199
100 139
100 979
100 165
100 130
100 526
100 177
100 112
100 276
100 374
100 40
100 61
100 169
100 101
100 176
100 75
100 1097
100 97
100 297
100 241
100 480
100 185
100 297
100 31
100 468
100 762
100 211
100 322
100 383
100 887
100 125
100 24
100 370
100 242
100 15
100 91
100 196
100 11
100 523
100 4
100 290
100 37
100 493
100 706
100 204
100 117
100 244
100 224
100 12
100 128
100 132
100 274
100 44
100 199
100 139
100 36
100 162
100 136
100 655
100 32
100 97
100 188
100 77
100 61
100 163
100 243
100 461
100 574
100 289
100 290
100 107
100 42
100 277
100 18
100 0
100 1219
100 401
100 17
100 31
100 90
100 30
100 49
100 829
100 58
100 167
100 275
100 197
100 193
100 231
100 121
100 69
100 98
100 883
100 249
100 335
100 101
100 26
100 36
100 248
100 193
100 118
100 50
100 263
100 560
100 124
100 186
100 199
100 481
100 37
100 31
100 30
100 163
100 42
100 39
100 81
100 124
100 548
100 793
100 29
100 252
100 346
100 323
100 467
100 151
100 301
100 331
100 18
100 129
100 196
100 178
100 158
100 1
100 128
100 385
100 16
100 122
100 402
100 112
100 337
100 64
100 245
100 521
100 46
100 218
100 608
100 34
100 291
100 321
100 57
100 23
100 68
100 40
100 845
100 8
100 496
100 178
100 551
100 116
100 17
100 57
100 124
100 24
100 16
100 102
100 291
100 737
100 227
100 95
100 82
100 102
100 75
100 175
100 48
100 95
100 111
100 232
100 1231
100 191
100 17
100 710
100 819
100 48
100 72
100 290
100 450
100 75
100 787
100 208
100 15
100 157
100 254
100 8
100 14
100 1602
100 168
100 254
100 274
100 360
100 401
100 177
100 602
100 85
100 474
100 4
100 12
100 8
100 83
100 88
100 233
100 269
100 791
100 40
100 79
100 21
100 186
100 35
100 37
100 368
100 278
100 54
100 97
100 223
100 517
100 215
100 241
100 53
100 299
100 324
100 239
100 309
100 422
100 54
100 223
100 56
100 64
100 35
100 344
100 54
100 457
100 33
100 133
100 23
100 25
100 223
100 452
100 151
100 158
100 43
100 160
100 947
100 238
100 141
100 37
100 53
100 58
100 44
100 155
100 110
100 194
100 20
100 40
100 163
100 261
100 58
100 78
100 194
100 1
100 14
100 36
100 93
100 92
100 705
100 89
100 44
100 102
100 22
100 78
100 593
100 67
100 74
100 325
100 424
100 518
100 57
100 79
100 316
100 49
100 321
100 119
100 337
100 166
100 100
100 127
100 66
100 40
100 255
100 436
100 74
100 1681
100 10
100 29
100 1
100 593
100 207
100 289
100 911
100 166
100 628
100 425
100 322
100 73
100 136
100 8
100 192
100 15
100 86
100 54
100 124
100 12
100 354
100 130
100 87
100 382
100 23
100 50
100 156
100 25
100 215
100 435
100 200
100 204
100 24
100 652
100 52
100 173
100 132
100 275
100 50
100 233
100 78
100 48
100 161
100 517
100 762
100 323
100 13
100 577
100 16
100 212
100 222
100 726
100 156
100 162
100 6
100 339
100 220
100 47
100 272
100 147
100 14
100 43
100 359
100 47
100 195
100 506
100 520
100 144
100 267
100 357
100 291
100 224
100 263
100 211
100 43
100 402
100 352
100 351
100 55
100 298
100 1
100 458
100 194
100 166
100 13
100 8
100 87
100 403
100 1183
100 140
100 77
100 157
100 233
100 781
100 8
100 250
100 26
100 22
100 76
100 515
100 243
100 459
100 212
100 136
100 209
100 88
100 91
100 440
100 259
100 122
100 1060
100 74
100 392
100 5
100 19
100 249
100 32
100 164
100 793
100 202
100 9
100 56
100 158
100 196
100 520
100 26
100 320
100 71
100 123
100 311
100 4
100 32
100 67
100 1629
100 197
100 218
100 173
100 51
100 434
100 574
100 131
100 275
100 64
100 71
100 1046
100 22
100 295
100 30
100 425
100 18
100 336
100 390
100 131
100 409
100 15
100 426
100 176
100 178
100 10
100 82
100 227
100 682
100 67
100 68
100 121
100 131
100 5
100 233
100 207
100 0
100 56
100 360
100 516
100 248
100 419
100 374
100 331
100 227
100 50
100 2
100 38
100 46
100 54
100 63
100 47
100 243
100 63
100 35
100 512
100 45
100 367
100 907
100 96
100 87
100 94
100 245
100 217
100 189
100 197
100 102
100 409
100 319
100 337
100 264
100 35
100 15
100 744
100 175
100 48
100 76
100 48
100 73
100 148
100 35
100 301
100 163
100 521
100 139
100 45
100 287
100 177
100 157
100 105
100 124
100 352
100 107
100 26
100 121
100 329
100 99
100 96
100 56
100 374
100 107
100 72
100 953
100 146
100 386
100 180
100 398
100 221
100 413
100 138
100 107
100 127
100 200
100 366
100 146
100 432
100 29
100 289
100 842
100 682
100 92
100 391
100 94
100 19
100 206
100 41
100 63
100 415
100 618
100 259
100 35
100 151
100 261
100 662
100 400
100 21
100 309
100 288
100 328
100 97
100 155
100 129
100 60
100 194
100 204
100 710
100 605
100 45
100 25
100 599
100 0
100 519
100 1122
100 871
100 135
100 164
100 157
100 62
100 760
100 57
100 233
100 22
100 296
100 1
100 10
100 219
100 471
100 257
