100 10
100 9
100 27
100 165
100 119
100 21
100 169
100 84
100 205
100 9
100 120
100 56
100 261
100 39
100 448
100 3
100 69
100 136
100 248
100 137
100 185
100 16
100 188
100 702
100 47
100 32
100 121
100 225
100 101
100 25
100 167
100 115
100 0
100 222
100 139
100 226
100 133
100 172
100 8
100 195
100 132
100 7
100 75
100 169
100 306
100 143
100 37
100 217
100 4
100 8
100 100
100 597
100 111
100 299
100 298
100 230
100 26
100 28
100 27
100 16
100 130
100 317
100 105
100 89
100 16
100 62
100 305
100 281
100 41
100 179
100 98
100 62
100 12
100 316
100 218
100 32
100 16
100 155
100 133
100 83
100 83
100 116
100 228
100 56
100 58
100 486
100 80
100 43
100 149
100 4
100 118
100 104
100 77
100 1
100 189
100 73
100 123
100 29
100 1
100 79
100 80
100 30
100 12
100 158
100 34
100 296
100 0
100 103
100 29
100 152
100 555
100 329
100 1
100 271
100 71
100 65
100 206
100 18
100 62
100 130
100 197
100 432
100 54
100 377
100 98
100 21
100 237
100 48
100 16
100 43
100 18
100 61
100 12
100 27
100 137
100 243
100 315
100 35
100 113
100 139
100 395
100 293
100 72
100 9
100 131
100 40
100 199
100 53
100 23
100 18
100 286
100 224
100 11
100 230
100 117
100 94
100 19
100 59
100 11
100 43
100 29
100 119
100 77
100 142
100 625
100 73
100 212
100 151
100 37
100 236
100 9
100 30
100 20
100 10
100 198
100 152
100 41
100 67
100 11
100 72
100 18
100 252
100 5
100 257
100 9
100 28
100 336
100 250
100 17
100 27
100 55
100 51
100 138
100 21
100 42
100 7
100 3
100 33
100 97
100 217
100 124
100 383
100 3
100 86
100 14
100 32
100 31
100 18
100 8
100 95
100 5
100 121
100 10
100 28
100 1
100 206
100 9
100 333
100 161
100 47
100 142
100 137
100 115
100 7
100 38
100 199
100 18
100 10
100 21
100 161
100 392
100 17
100 129
100 140
100 4
100 61
100 176
100 61
100 38
100 238
100 14
100 11
100 145
100 55
100 2
100 91
100 20
100 113
100 139
100 204
100 181
100 216
100 107
100 62
100 168
100 5
100 15
100 168
100 27
100 194
100 206
100 34
100 62
100 136
100 66
100 191
100 151
100 19
100 334
100 19
100 135
100 74
100 3
100 123
100 473
100 18
100 151
100 204
100 65
100 45
100 73
100 211
100 1
100 165
100 283
100 53
100 29
100 121
100 39
100 19
100 18
100 119
100 113
100 1
100 46
100 350
100 536
100 30
100 66
100 273
100 114
100 37
100 149
100 121
100 13
100 8
100 187
100 224
100 65
100 54
100 91
100 33
100 93
100 53
100 175
100 74
100 199
100 106
100 100
100 162
100 159
100 42
100 53
100 169
100 172
100 70
100 160
100 45
100 119
100 608
100 133
100 62
100 77
100 13
100 83
100 158
100 225
100 428
100 768
100 65
100 121
100 140
100 45
100 21
100 28
100 42
100 47
100 120
100 36
100 1
100 18
100 94
100 163
100 195
100 48
100 3
100 355
100 333
100 110
100 494
100 61
100 27
100 106
100 59
100 55
100 336
100 245
100 30
100 233
100 39
100 68
100 286
100 124
100 390
100 94
100 40
100 299
100 732
100 27
100 13
100 42
100 139
100 21
100 466
100 107
100 94
100 46
100 331
100 86
100 7
100 39
100 18
100 145
100 197
100 36
100 46
100 60
100 268
100 103
100 177
100 40
100 63
100 23
100 338
100 163
100 101
100 128
100 108
100 143
100 156
100 74
100 160
100 13
100 35
100 1
100 72
100 182
100 3
100 65
100 178
100 87
100 35
100 328
100 123
100 43
100 52
100 199
100 74
100 7
100 92
100 1
100 116
100 27
100 79
100 46
100 97
100 0
100 72
100 183
100 139
100 61
100 176
100 53
100 154
100 52
100 291
100 348
100 49
100 31
100 52
100 111
100 86
100 73
100 36
100 21
100 144
100 159
100 34
100 76
100 133
100 52
100 23
100 284
100 13
100 165
100 384
100 92
100 166
100 104
100 12
100 186
100 140
100 528
100 49
100 46
100 28
100 218
100 152
100 106
100 95
100 85
100 33
100 91
100 30
100 8
100 217
100 53
100 25
100 77
100 31
100 47
100 170
100 19
100 40
100 73
100 51
100 87
100 508
100 38
100 284
100 16
100 29
100 217
100 12
100 167
100 32
100 22
100 5
100 53
100 274
100 91
100 81
100 34
100 131
100 202
100 34
100 99
100 141
100 11
100 109
100 80
100 39
100 95
100 40
100 220
100 18
100 22
100 18
100 152
100 133
100 13
100 3
100 259
100 9
100 147
100 325
100 105
100 50
100 227
100 211
100 28
100 19
100 221
100 107
100 331
100 111
100 457
100 28
100 8
100 116
100 42
100 145
100 223
100 4
100 19
100 236
100 222
100 44
100 49
100 117
100 153
100 367
100 233
100 104
100 12
100 215
100 21
100 601
100 378
100 449
100 403
100 30
100 0
100 0
100 3
100 192
100 1161
100 74
100 14
100 54
100 23
100 12
100 127
100 18
100 45
100 44
100 79
100 123
100 75
100 61
100 199
100 136
100 20
100 33
100 104
100 280
100 65
100 10
100 183
100 33
100 15
100 150
100 205
100 235
100 283
100 290
100 29
100 7
100 92
100 125
100 99
100 27
100 265
100 292
100 173
100 80
100 65
100 89
100 199
100 107
100 7
100 495
100 37
100 165
100 56
100 20
100 181
100 50
100 527
100 87
100 87
100 108
100 177
100 167
100 51
100 130
100 17
100 22
100 48
100 29
100 110
100 135
100 6
100 104
100 193
100 24
100 83
100 155
100 727
100 126
100 167
100 18
100 25
100 219
100 40
100 4
100 153
100 124
100 58
100 149
100 87
100 104
100 22
100 18
100 106
100 13
100 60
100 153
100 252
100 313
100 327
100 26
100 88
100 116
100 87
100 332
100 128
100 72
100 101
100 172
100 45
100 117
100 171
100 1
100 33
100 148
100 132
100 192
100 41
100 450
100 17
100 60
100 37
100 172
100 216
100 284
100 124
100 9
100 10
100 180
100 14
100 46
100 178
100 6
100 2
100 180
100 121
100 69
100 21
100 43
100 114
100 72
100 92
100 117
100 16
100 112
100 138
100 1
100 21
100 61
100 68
100 80
100 115
100 34
100 42
100 131
100 82
100 143
100 50
100 3
100 216
100 25
100 106
100 73
100 307
100 14
100 68
100 1
100 182
100 204
100 17
100 129
100 8
100 155
100 212
100 130
100 168
100 172
100 63
100 9
100 242
100 136
100 37
100 41
100 75
100 105
100 283
100 89
100 364
100 63
100 59
100 11
100 3
100 227
100 72
100 155
100 113
100 10
100 274
100 27
100 10
100 106
100 44
100 359
100 40
100 19
100 82
100 31
100 3
100 37
100 131
100 214
100 97
100 4
100 13
100 41
100 344
100 89
100 112
100 282
100 55
100 125
100 109
100 67
100 240
100 125
100 67
100 19
100 21
100 237
100 55
100 227
100 25
100 412
100 166
100 8
100 88
100 77
100 25
100 33
100 1
100 4
100 77
100 3
100 36
100 47
100 236
100 6
100 112
100 1
100 148
100 169
100 285
100 230
100 92
100 292
100 95
100 12
100 71
100 90
100 177
100 193
100 136
100 108
100 5
100 382
100 43
100 61
100 34
100 55
100 180
100 48
100 16
100 262
100 48
100 90
100 237
100 167
100 117
100 163
100 24
100 183
100 29
100 166
100 124
100 248
100 92
100 94
100 19
100 30
100 299
100 3
100 304
100 35
100 111
100 41
100 24
100 144
100 165
100 2
100 58
100 107
100 55
100 147
100 34
100 102
100 194
100 72
100 60
100 152
100 1
100 67
100 3
100 84
100 31
100 38
100 8
100 532
100 23
100 165
100 27
100 3
100 141
100 271
100 42
100 144
100 71
100 143
100 274
100 23
100 98
100 66
100 60
100 5
100 50
100 129
100 132
100 109
100 122
100 49
100 290
100 14
100 30
100 342
100 278
100 48
100 13
100 29
100 62
100 177
100 87
100 426
100 26
100 51
100 70
100 257
100 7
100 74
100 1
100 13
100 2
100 83
100 9
100 249
100 12
100 96
100 6
100 12
100 173
100 138
100 62
100 163
100 396
100 131
100 197
100 122
100 59
100 85
100 114
100 52
100 78
100 43
100 12
100 97
100 164
100 45
100 51
100 131
100 113
100 26
100 148
100 273
100 22
100 99
100 3
100 207
100 52
100 153
100 44
100 31
100 77
100 213
100 47
100 212
100 186
100 49
100 86
100 131
100 256
100 122
100 178
100 322
100 140
100 108
100 32
100 38
100 41
100 226
100 443
100 45
100 53
100 252
100 29
100 263
100 386
100 238
100 63
100 55
100 54
100 524
100 210
100 72
100 171
100 21
100 100
100 1074
100 13
100 178
100 76
100 117
100 152
100 122
100 51
100 26
100 18
100 33
100 95
100 139
100 87
100 12
100 73
100 46
100 35
100 0
100 72
100 4
100 34
100 39
100 35
100 325
100 91
100 135
100 140
100 11
100 23
100 160
100 109
100 6
100 36
100 7
100 60
100 69
100 271
100 288
100 35
100 51
100 28
100 51
100 1
100 267
100 340
100 290
100 550
100 6
100 22
100 11
100 1
100 22
100 422
100 36
100 138
100 94
100 184
100 49
100 389
100 2
100 128
100 209
100 53
100 160
100 49
100 155
100 137
100 418
100 18
100 219
100 92
100 110
100 65
100 20
100 55
100 217
100 267
100 9
100 337
100 128
100 155
100 9
100 18
100 18
100 300
100 92
100 178
100 60
100 28
100 10
100 25
100 24
100 1
100 131
100 27
100 73
100 36
100 28
100 54
100 208
100 6
100 4
100 35
100 186
100 102
100 73
100 278
100 185
100 348
100 53
100 5
100 46
100 195
100 85
100 10
100 27
100 101
100 53
100 50
100 147
100 40
100 12
100 111
100 96
100 15
100 292
100 38
100 127
100 41
100 119
100 73
100 8
100 78
100 42
100 49
100 382
100 542
100 269
100 417
100 120
100 75
100 0
100 107
100 2
100 85
100 141
100 84
100 163
100 104
100 42
100 84
100 1
100 16
100 0
100 8
100 84
100 230
100 315
100 177
100 4
100 91
100 136
100 19
100 26
100 49
100 378
100 317
100 22
100 65
100 22
100 15
100 100
100 5
100 325
100 307
100 87
100 226
100 26
100 170
100 111
100 8
100 27
100 36
100 329
100 172
100 19
100 116
100 89
100 153
100 23
100 395
100 367
100 5
100 153
100 251
100 55
100 84
100 229
100 106
100 55
100 57
100 147
100 160
100 182
100 41
100 45
100 168
100 133
100 63
100 232
100 174
100 127
100 351
100 93
100 45
100 38
100 96
100 34
100 62
100 405
100 97
100 91
100 50
100 11
100 186
100 53
100 199
100 90
100 75
100 11
100 59
100 89
100 279
100 366
100 154
100 374
100 18
100 91
100 105
100 18
100 52
100 72
100 4
100 124
100 3
100 106
100 581
100 123
100 103
100 596
100 9
100 81
100 41
100 92
100 4
100 146
100 111
100 34
100 60
100 493
100 35
100 16
100 84
100 79
100 443
100 243
100 3
100 216
100 504
100 11
100 162
100 41
100 15
100 46
100 411
100 60
100 72
100 109
100 228
100 281
100 25
100 95
100 221
100 87
100 12
100 58
100 109
100 192
100 8
100 31
100 93
100 23
100 190
100 13
100 682
100 2
100 132
100 66
100 38
100 167
100 6
100 54
100 203
100 18
100 247
100 4
100 108
100 233
100 118
100 46
100 46
100 62
100 87
100 79
100 21
100 351
100 22
100 85
100 225
100 276
100 17
100 52
100 13
100 92
100 2
100 59
100 52
100 112
100 90
100 255
100 1
100 15
100 21
100 40
100 180
100 135
100 0
100 79
100 93
100 18
100 22
100 208
100 29
100 41
100 64
100 81
100 86
100 167
100 314
100 7
100 169
100 489
100 51
100 149
100 57
100 2
100 295
100 44
100 30
100 11
100 32
100 23
100 319
100 61
100 60
100 207
100 40
100 94
100 32
100 98
100 20
100 228
100 174
100 91
100 179
100 18
100 86
100 18
100 23
100 54
100 169
100 77
100 14
100 1
100 28
100 246
100 67
100 483
100 129
100 266
100 114
100 382
100 19
100 2
100 14
100 33
100 23
100 123
100 214
100 10
100 13
100 59
100 106
100 43
100 264
100 169
100 81
100 27
100 55
100 209
100 236
100 83
100 153
100 158
100 24
100 214
100 67
100 14
100 327
100 42
100 91
100 55
100 77
100 184
100 41
100 22
100 115
100 36
100 33
100 13
100 144
100 36
100 228
100 41
100 27
100 27
100 96
100 42
100 6
100 0
100 126
100 263
100 99
100 5
100 4
100 189
100 96
100 30
100 96
100 87
100 10
100 63
100 57
100 116
100 7
100 104
100 209
100 11
100 289
100 183
100 79
100 110
100 288
100 47
100 94
100 27
100 0
100 111
100 24
100 198
100 152
100 48
100 82
100 14
100 141
100 23
100 8
100 43
100 150
100 3
100 142
100 92
100 246
100 64
100 7
100 36
100 8
100 24
100 50
100 156
100 5
100 115
100 20
100 170
100 40
100 148
100 93
100 130
100 70
100 140
100 79
100 191
100 82
100 20
100 60
100 129
100 198
100 96
100 94
100 9
100 70
100 314
100 96
100 32
100 68
100 61
100 61
100 262
100 123
100 53
100 166
100 139
100 106
100 95
100 41
100 59
100 7
100 92
100 221
100 445
100 34
100 286
100 6
100 529
100 44
100 53
100 23
100 76
100 277
100 16
100 102
100 19
100 53
100 5
100 9
100 52
100 51
100 140
100 15
100 59
100 84
100 109
100 26
100 120
100 41
100 256
100 7
100 19
100 20
100 213
100 181
100 164
100 15
100 46
100 180
100 142
100 55
100 16
100 12
100 226
100 184
100 169
100 189
100 144
100 472
100 11
100 104
100 69
100 181
100 246
100 148
100 56
100 24
100 67
100 141
100 0
100 71
100 175
100 12
100 70
100 0
100 9
100 9
100 58
100 13
100 177
100 59
100 36
100 2
100 14
100 55
100 210
100 24
100 126
100 80
100 59
100 237
100 0
100 152
100 106
100 64
100 45
100 215
100 191
100 84
100 6
100 84
100 125
100 224
100 72
100 144
100 106
100 68
100 170
100 174
100 70
100 73
100 36
100 186
100 130
100 46
100 51
100 47
100 193
100 132
100 34
100 0
100 8
100 4
100 3
100 79
100 171
100 103
100 20
100 99
100 61
100 53
100 75
100 67
100 99
100 2
100 125
100 76
100 229
100 21
100 58
100 54
100 160
100 17
100 32
100 30
100 33
100 7
100 50
100 119
100 165
100 32
100 275
100 335
100 249
100 138
100 270
100 7
100 77
100 90
100 202
100 261
100 260
100 97
100 23
100 14
100 119
100 285
100 36
100 21
100 353
100 49
100 115
100 58
100 404
100 6
100 52
100 219
100 202
100 21
100 158
100 12
100 64
100 26
100 145
100 112
100 142
100 54
100 146
100 49
100 130
100 287
100 176
100 3
100 154
100 8
100 253
100 18
100 43
100 542
100 69
100 38
100 158
100 90
100 313
100 31
100 60
100 152
100 9
100 286
100 20
100 1
100 13
100 120
100 148
100 42
100 0
100 253
100 86
100 438
100 31
100 41
100 20
100 44
100 196
100 139
100 237
100 290
100 56
100 30
100 81
100 375
100 76
100 44
100 102
100 157
100 23
100 39
100 173
100 90
100 354
100 47
100 210
100 166
100 169
100 19
100 372
100 47
100 111
100 93
100 56
100 329
100 89
100 252
100 131
100 98
100 71
100 223
100 24
100 72
100 2
100 10
100 112
100 7
100 172
100 26
100 76
100 85
100 3
100 145
100 39
100 694
100 119
100 49
100 43
100 45
100 17
100 16
100 24
100 92
100 53
100 56
100 233
100 18
100 59
100 418
100 158
100 25
100 70
100 17
100 216
100 167
100 96
100 77
100 351
100 222
100 219
100 187
100 51
100 40
100 326
100 133
100 8
100 150
100 59
100 113
100 116
100 591
100 105
100 220
100 490
100 158
100 0
100 34
100 125
100 66
100 269
100 67
100 31
100 266
100 310
100 65
100 139
100 46
100 12
100 41
100 43
100 267
100 65
100 5
100 48
100 347
100 137
100 23
100 86
100 8
100 18
100 209
100 3
100 13
100 103
100 106
100 49
100 0
100 1
100 40
100 125
100 33
100 156
100 112
100 253
100 319
100 104
100 22
100 13
100 169
100 263
100 62
100 1
100 299
100 174
100 24
100 139
100 157
100 7
100 63
100 45
100 56
100 235
100 563
100 50
100 18
100 76
100 102
100 21
100 321
100 257
100 159
100 300
100 36
100 207
100 9
100 19
100 100
100 363
100 22
100 263
100 141
100 348
100 44
100 63
100 117
100 221
100 244
100 206
100 18
100 10
100 4
100 57
100 117
100 59
100 71
100 184
100 38
100 38
100 6
100 11
100 100
100 24
100 50
100 0
100 154
100 86
100 41
100 133
100 70
100 27
100 77
100 88
100 134
100 19
100 282
100 24
100 8
100 336
100 6
100 46
100 110
100 50
100 57
100 100
100 144
100 130
100 75
100 111
100 98
100 95
100 99
100 135
100 245
100 172
100 164
100 156
100 6
100 205
100 50
100 48
100 236
100 203
100 240
100 175
100 49
100 178
100 25
100 129
100 154
100 174
100 21
100 58
100 26
100 25
100 196
100 2
100 54
100 69
100 404
100 11
100 189
100 219
100 463
100 20
100 199
100 183
100 51
100 170
100 195
100 26
100 31
100 282
100 3
100 166
100 38
100 201
100 76
100 127
100 102
100 21
100 6
100 145
100 47
100 12
100 180
100 116
100 137
100 213
100 6
100 1
100 1
100 109
100 49
100 176
100 35
100 137
100 58
100 259
100 202
100 33
100 269
100 118
100 38
100 64
100 6
100 13
100 12
100 94
100 105
100 70
100 219
100 261
100 3
100 86
100 184
100 259
100 97
100 42
100 12
100 11
100 126
100 371
100 53
100 346
100 38
100 74
100 112
100 90
100 1
100 187
100 20
100 42
100 9
100 77
100 15
100 185
100 30
100 483
100 1
100 196
100 174
100 78
100 1
100 174
100 81
100 38
100 71
100 148
100 88
100 116
100 171
100 85
100 18
100 138
100 0
100 163
100 31
100 8
100 74
100 177
100 213
100 115
100 253
100 130
100 483
100 12
100 38
100 51
100 2
100 73
100 216
100 16
100 67
100 24
100 46
100 172
100 74
100 389
100 89
100 128
100 90
100 78
100 26
100 101
100 312
100 158
100 76
100 210
100 119
100 33
100 6
100 230
100 251
100 67
100 85
100 161
100 64
100 105
100 14
100 89
100 99
100 201
100 33
100 166
100 193
100 163
100 304
100 204
100 274
100 251
100 53
100 207
100 83
100 25
100 12
100 100
100 23
100 77
100 49
100 26
100 495
100 32
100 119
100 256
100 35
100 214
100 121
100 206
100 194
100 119
100 77
100 27
100 74
100 8
100 37
100 58
100 124
100 7
100 50
100 288
100 51
100 205
100 42
100 428
100 169
100 23
100 53
100 20
100 72
100 214
100 12
100 154
100 135
100 37
100 239
100 10
100 187
100 17
100 57
100 558
100 38
100 134
100 41
100 74
100 112
100 106
100 66
100 15
100 223
100 18
100 101
100 4
100 75
100 4
100 144
100 59
100 1
100 76
100 74
100 41
100 252
100 354
100 21
100 34
100 195
100 477
100 20
100 9
100 15
100 177
100 65
100 305
100 2
100 265
100 171
100 30
100 316
100 41
100 102
100 240
100 402
100 42
100 294
100 120
100 229
100 0
100 280
100 74
100 192
100 41
100 201
100 131
100 72
100 93
100 127
100 86
100 342
100 23
100 26
100 76
100 322
100 7
100 34
100 86
100 360
100 100
100 78
100 19
100 217
100 32
100 7
100 9
100 88
100 87
100 35
100 72
100 16
100 250
100 3
100 3
100 467
100 195
100 121
100 353
100 39
100 206
100 147
100 60
100 59
100 113
100 33
100 271
100 0
100 72
100 66
100 59
100 17
100 23
100 199
100 29
100 12
100 72
100 25
100 80
100 175
100 430
100 205
100 40
100 165
100 20
100 12
100 435
100 266
100 62
100 261
100 0
100 240
100 53
100 78
100 72
100 4
100 215
100 191
100 6
100 168
100 246
100 44
100 54
100 22
100 32
100 89
100 103
100 21
100 254
100 52
100 30
100 350
100 22
100 152
100 481
100 58
100 87
100 27
100 27
100 114
100 39
100 211
100 213
100 6
100 16
100 228
100 2
100 61
100 55
100 52
100 225
100 450
100 32
100 360
100 35
100 280
100 77
100 54
100 71
100 71
100 182
100 6
100 100
100 35
100 80
100 139
100 197
100 62
100 376
100 0
100 5
100 264
100 25
100 264
100 148
100 179
100 373
100 20
100 95
100 70
100 19
100 32
100 96
100 276
100 15
100 436
100 202
100 58
100 25
100 37
100 201
100 42
100 171
100 105
100 80
100 175
100 86
100 5
100 9
100 22
100 40
100 284
100 13
100 181
100 414
100 126
100 385
100 9
100 0
100 87
100 55
100 264
100 100
100 146
100 17
100 34
100 0
100 28
100 452
100 84
100 61
100 104
100 37
100 77
100 379
100 2
100 27
100 178
100 257
100 91
100 29
100 60
100 279
100 32
100 194
100 108
100 11
100 35
100 54
100 83
100 163
100 45
100 215
100 91
100 162
100 73
100 6
100 40
100 182
100 168
100 153
100 348
100 34
100 38
100 4
100 133
100 160
100 265
100 382
100 142
100 81
100 190
100 116
100 139
100 134
100 88
100 23
100 109
100 24
100 214
100 157
100 92
100 84
100 86
100 42
100 33
100 109
100 29
100 195
100 169
100 244
100 309
100 116
100 106
100 269
100 25
100 144
100 148
100 6
100 49
100 51
100 27
100 666
100 149
100 37
100 90
100 60
100 78
100 112
100 76
100 59
100 143
100 65
100 20
100 98
100 419
100 65
100 69
100 58
100 466
100 103
100 30
100 85
100 211
100 57
100 103
100 135
100 149
100 76
100 132
100 134
100 222
100 59
100 8
100 10
100 84
100 58
100 226
100 127
100 24
100 100
100 153
100 6
100 14
100 151
100 313
100 92
100 139
100 212
100 42
100 87
100 52
100 34
100 30
100 58
100 81
100 43
100 8
100 44
100 141
100 35
100 8
100 85
100 8
100 4
100 98
100 35
100 191
100 127
100 51
100 6
100 30
100 357
100 16
100 78
100 20
100 161
100 117
100 55
100 248
100 44
100 95
100 71
100 137
100 61
100 83
100 70
100 18
100 26
100 78
100 46
100 287
100 30
100 281
100 273
100 164
100 10
100 108
100 127
100 112
100 15
100 83
100 65
100 62
100 67
100 100
100 159
100 232
100 16
100 73
100 427
100 55
100 3
100 435
100 28
100 36
100 24
100 108
100 36
100 117
100 189
100 2
100 69
100 286
100 446
100 58
100 95
100 179
100 22
100 138
100 99
100 402
100 19
100 150
100 61
100 76
100 60
100 208
100 49
100 8
100 33
100 171
100 164
100 224
100 33
100 26
100 152
100 79
100 35
100 2
100 39
100 61
100 40
100 91
100 21
100 289
100 197
100 241
100 19
100 105
100 54
100 35
100 139
100 100
100 143
100 150
100 28
100 226
100 33
100 106
100 218
100 9
100 66
100 145
100 198
100 294
100 24
100 241
100 127
100 66
100 32
100 56
100 64
100 26
100 72
100 5
100 106
100 294
100 65
100 95
100 6
100 7
100 234
100 57
100 28
100 30
100 395
100 204
100 104
100 43
100 16
100 320
100 31
100 191
100 371
100 47
100 264
100 4
100 191
100 96
100 76
100 40
100 207
100 140
100 279
100 46
100 46
100 343
100 452
100 188
100 74
100 103
100 32
100 110
100 39
100 25
100 156
100 86
100 289
100 11
100 6
100 96
100 5
100 120
100 138
100 128
100 88
100 593
100 18
100 5
100 10
100 101
100 50
100 188
100 0
100 4
100 242
100 30
100 46
100 16
100 64
100 11
100 84
100 2
100 149
100 21
100 43
100 91
100 32
100 12
100 1
100 114
100 346
100 117
100 278
100 11
100 0
100 56
100 347
100 22
100 649
100 289
100 39
100 137
100 53
100 116
100 1
100 36
100 113
100 18
100 134
100 111
100 0
100 73
100 12
100 102
100 48
100 73
100 380
100 83
100 97
100 175
100 2
100 23
100 42
100 8
100 134
100 18
100 237
100 125
100 32
100 54
100 261
100 138
100 59
100 45
100 28
100 114
100 69
100 527
100 310
100 35
100 194
100 54
100 65
100 19
100 66
100 10
100 46
100 106
100 32
100 135
100 51
100 227
100 75
100 22
100 62
100 7
100 1
100 12
100 98
100 93
100 105
100 40
100 135
100 311
100 389
100 37
100 296
100 49
100 181
100 39
100 483
100 194
100 2
100 62
100 207
100 8
100 204
100 73
100 48
100 37
100 120
100 83
100 177
100 77
100 102
100 186
100 5
100 84
100 455
100 392
100 204
100 12
100 253
100 80
100 64
100 7
100 29
100 39
100 96
100 130
100 56
100 9
100 73
100 271
100 0
100 203
100 105
100 110
100 132
100 26
100 60
100 69
100 175
100 362
100 119
100 18
100 164
100 161
100 105
100 312
100 81
100 15
100 38
100 40
100 18
100 235
100 109
100 131
100 15
100 86
100 59
100 16
100 121
100 231
100 62
100 274
100 48
100 9
100 59
100 24
100 33
100 377
100 17
100 65
100 22
100 11
100 314
100 60
100 80
100 213
100 74
100 108
100 255
100 76
100 412
100 44
100 1
100 34
100 108
100 77
100 151
100 92
100 16
100 64
100 164
100 50
100 57
100 202
100 6
100 60
100 7
100 223
100 101
100 29
100 243
100 154
100 83
100 307
100 52
100 75
100 331
100 47
100 255
100 300
100 62
100 23
100 186
100 94
100 86
100 14
100 299
100 865
100 62
100 30
100 238
100 89
100 120
100 9
100 100
100 41
100 391
100 21
100 51
100 16
100 293
100 159
100 44
100 73
100 8
100 123
100 99
100 77
100 177
100 0
100 87
100 193
100 60
100 319
100 305
100 197
100 198
100 231
100 252
100 75
100 30
100 34
100 20
100 192
100 63
100 148
100 19
100 61
100 16
100 112
100 23
100 91
100 8
100 60
100 100
100 161
100 43
100 116
100 151
100 84
100 65
100 64
100 20
100 44
100 121
100 205
100 136
100 67
100 92
100 5
100 173
100 245
100 62
100 123
100 159
100 647
100 36
100 13
100 67
100 17
100 94
100 155
100 0
100 114
100 30
100 64
100 120
100 7
100 133
100 187
100 83
100 179
100 39
100 65
100 4
100 67
100 193
100 172
100 35
100 72
100 334
100 7
100 318
100 71
100 143
100 0
100 505
100 58
100 69
100 49
100 75
100 451
100 179
100 30
100 208
100 582
100 259
100 97
100 77
100 94
100 105
100 24
100 176
100 4
100 26
100 257
100 98
100 20
100 79
100 20
100 55
100 80
100 241
100 145
100 313
100 80
100 5
100 163
100 193
100 38
100 28
100 220
100 16
100 39
100 261
100 124
100 30
100 100
100 15
100 89
100 59
100 119
100 40
100 23
100 35
100 435
100 244
100 144
100 43
100 16
100 46
100 44
100 183
100 237
100 0
100 38
100 203
100 404
100 37
100 139
100 207
100 136
100 143
100 95
100 10
100 310
100 74
100 33
100 18
100 297
100 165
100 51
100 233
100 45
100 47
100 12
100 31
100 343
100 30
100 24
100 102
100 93
100 255
100 535
100 32
100 58
100 300
100 0
100 125
100 124
100 17
100 310
100 23
100 212
100 32
100 260
100 15
100 24
100 107
100 115
100 128
100 48
100 31
100 137
100 58
100 13
100 168
100 5
100 141
100 279
100 34
100 142
100 38
100 72
100 120
100 100
100 74
100 194
100 136
100 35
100 30
100 92
100 215
100 167
100 150
100 79
100 1
100 577
100 315
100 28
100 44
100 92
100 178
100 22
100 33
100 215
100 27
100 327
100 167
100 225
100 323
100 22
100 48
100 67
100 127
100 13
100 112
100 62
100 113
100 78
100 13
100 51
100 206
100 59
100 3
100 21
100 93
100 303
100 12
100 109
100 207
100 303
100 126
100 171
100 113
100 24
100 195
100 60
100 334
100 514
100 64
100 56
100 78
100 0
100 225
100 86
100 172
100 48
100 141
100 30
100 144
100 223
100 77
100 106
100 211
100 228
100 7
100 163
100 4
100 28
100 191
100 7
100 123
100 43
100 1
100 19
100 159
100 35
100 299
100 39
100 123
100 112
100 175
100 93
100 6
100 280
100 268
100 107
100 121
100 118
100 17
100 84
100 21
100 52
100 98
100 38
100 66
100 14
100 253
100 294
100 78
100 60
100 459
100 33
100 56
100 36
100 77
100 9
100 24
100 358
100 357
100 44
100 66
100 102
100 26
100 67
100 142
100 280
100 70
100 135
100 29
100 68
100 105
100 53
100 383
100 122
100 35
100 130
100 213
100 191
100 101
100 148
100 104
100 78
100 52
100 14
100 75
100 23
100 64
100 18
100 445
100 55
100 321
100 25
100 7
100 23
100 88
100 15
100 54
100 106
100 245
100 104
100 48
100 121
100 74
100 308
100 178
100 40
100 105
100 101
100 12
100 5
100 20
100 133
100 176
100 238
100 28
100 2
100 361
100 13
100 209
100 15
100 45
100 57
100 25
100 27
100 12
100 27
100 11
100 148
100 43
100 240
100 40
100 9
100 0
100 116
100 14
100 31
100 472
100 248
100 78
100 15
100 89
100 60
100 250
100 87
100 621
100 87
100 64
100 243
100 82
100 125
100 144
100 201
100 36
100 29
100 185
100 23
100 215
100 58
100 277
100 30
100 531
100 34
100 25
100 121
100 26
100 79
100 122
100 70
100 17
100 212
100 123
100 29
100 649
100 44
100 49
100 77
100 77
100 5
100 1
100 101
100 9
100 221
100 35
100 279
100 166
100 0
100 67
100 67
100 7
100 20
100 105
100 86
100 6
100 202
100 45
100 43
100 92
100 262
100 343
100 88
100 21
100 13
100 142
100 104
100 30
100 10
100 11
100 17
100 99
100 42
100 168
100 67
100 147
100 0
100 140
100 32
100 135
100 65
100 16
100 81
100 46
100 80
100 46
100 68
100 166
100 53
100 0
100 293
100 278
100 17
100 187
100 111
100 356
100 160
100 64
100 277
100 1
100 233
100 20
100 162
100 103
100 49
100 78
100 26
100 37
100 188
100 107
100 152
100 73
100 154
100 29
100 93
100 196
100 5
100 90
100 11
100 89
100 48
100 8
100 97
100 44
100 1
100 6
100 333
100 23
100 58
100 117
100 151
100 522
100 289
100 257
100 44
100 12
100 40
100 160
100 22
100 108
100 208
100 27
100 62
100 82
100 456
100 0
100 149
100 711
100 82
100 353
100 76
100 216
100 535
100 124
100 18
100 103
100 239
100 3
100 30
100 35
100 66
100 81
100 26
100 75
100 65
100 402
100 45
100 185
100 52
100 190
100 31
100 14
100 222
100 295
100 5
100 2
100 30
100 192
100 32
100 3
100 138
100 144
100 77
100 98
100 22
100 8
100 150
100 50
100 124
100 19
100 73
100 23
100 138
100 109
100 39
100 147
100 17
100 99
100 65
100 60
100 372
100 222
100 71
100 59
100 8
100 13
100 35
100 38
100 76
100 108
100 13
100 69
100 21
100 51
100 48
100 11
100 13
100 95
100 45
100 87
100 18
100 117
100 119
100 51
100 83
100 75
100 65
100 466
100 175
100 20
100 68
100 0
100 121
100 91
100 9
100 149
100 31
100 406
100 24
100 10
100 84
100 140
100 157
100 4
100 54
100 382
100 101
100 67
100 86
100 13
100 4
100 14
100 40
100 45
100 390
100 40
100 31
100 114
100 59
100 354
100 32
100 32
100 111
100 112
100 21
100 18
100 176
100 292
100 30
100 23
100 184
100 436
100 6
100 131
100 104
100 42
100 163
100 71
100 68
100 20
100 34
100 180
100 102
100 2
100 107
100 450
100 67
100 93
100 218
100 521
100 42
100 15
100 8
100 1
100 374
100 122
100 116
100 223
100 271
100 74
100 2
100 50
100 172
100 108
100 313
100 62
100 4
100 52
100 101
100 45
100 87
100 14
100 90
100 199
100 552
100 224
100 122
100 50
100 211
100 89
100 40
100 95
100 94
100 7
100 111
100 99
100 357
100 12
100 5
100 174
100 13
100 26
100 57
100 324
100 234
100 100
100 15
100 166
100 130
100 56
100 128
100 173
100 3
100 62
100 108
100 166
100 147
100 34
100 3
100 108
100 127
100 183
100 26
100 453
100 46
100 372
100 95
100 100
100 177
100 236
100 46
100 88
100 70
100 98
100 265
100 18
100 91
100 48
100 105
100 100
100 105
100 132
100 228
100 77
100 66
100 330
100 121
100 144
100 210
100 61
100 57
100 1
100 6
100 12
100 68
100 17
100 139
100 200
100 23
100 234
100 3
100 9
100 88
100 17
100 99
100 79
100 151
100 6
100 37
100 0
100 127
100 112
100 166
100 74
100 124
100 48
100 12
100 150
100 322
100 83
100 7
100 44
100 426
100 29
100 137
100 65
100 245
100 156
100 44
100 16
100 133
100 313
100 256
100 21
100 129
100 97
100 67
100 7
100 50
100 90
100 44
100 26
100 72
100 17
100 271
100 58
100 58
100 70
100 168
100 103
100 368
100 55
100 156
100 85
100 202
100 125
100 146
100 809
100 47
100 106
100 99
100 73
100 17
100 55
100 39
100 1
100 73
100 326
100 23
100 122
100 116
100 59
100 56
100 103
100 74
100 81
100 293
100 25
100 30
100 8
100 119
100 403
100 37
100 522
100 240
100 66
100 78
100 100
100 59
100 12
100 352
100 44
100 341
100 246
100 83
100 65
100 272
100 127
100 52
100 170
100 244
100 194
100 180
100 50
100 189
100 26
100 248
100 185
100 190
100 3
100 68
100 32
100 25
100 519
100 27
100 15
100 223
100 88
100 44
100 288
100 155
100 464
100 299
100 78
100 393
100 45
100 18
100 246
100 94
100 272
100 102
100 277
100 125
100 19
100 11
100 149
100 387
100 118
100 2
100 168
100 44
100 19
100 116
100 22
100 32
100 86
100 17
100 107
100 115
100 72
100 375
100 100
100 26
100 154
100 37
100 71
100 25
100 21
100 11
100 27
100 81
100 15
100 189
100 72
100 49
100 216
100 413
100 20
100 68
100 119
100 52
100 36
100 189
100 590
100 398
100 91
100 29
100 185
100 95
100 166
100 22
100 13
100 47
100 10
100 9
100 350
100 69
100 69
100 123
100 88
100 77
100 96
100 1
100 1
100 65
100 10
100 214
100 63
100 48
100 128
100 99
100 229
100 8
100 282
100 127
100 83
100 36
100 39
100 80
100 16
100 303
100 432
100 23
100 98
100 79
100 101
100 373
100 242
100 182
100 325
100 71
100 22
100 74
100 276
100 272
100 98
100 2
100 287
100 118
100 92
100 71
100 97
100 29
100 2
100 28
100 49
100 70
100 6
100 371
100 86
100 4
100 152
100 3
100 228
100 131
100 69
100 142
100 87
100 76
100 90
100 88
100 267
100 105
100 85
100 62
100 21
100 5
100 113
100 8
100 15
100 7
100 60
100 132
100 31
100 138
100 62
100 7
100 67
100 19
100 45
100 158
100 200
100 49
100 40
100 188
100 205
100 481
100 117
100 95
100 69
100 74
100 155
100 229
100 119
100 74
100 809
100 159
100 9
100 321
100 107
100 288
100 268
100 16
100 37
100 8
100 61
100 110
100 131
100 280
100 323
100 141
100 10
100 157
100 547
100 126
100 205
100 115
100 26
100 17
100 53
100 52
100 343
100 7
100 211
100 16
100 49
100 74
100 17
100 85
100 51
100 40
100 17
100 144
100 14
100 27
100 66
100 22
100 225
100 275
100 239
100 79
100 205
100 365
100 53
100 84
100 9
100 20
100 138
100 608
100 39
100 70
100 50
100 265
100 130
100 29
100 120
100 23
100 82
100 21
100 205
100 445
100 486
100 16
100 69
100 57
100 255
100 45
100 77
100 42
100 11
100 168
100 20
100 19
100 178
100 23
100 62
100 96
100 111
100 19
100 48
100 8
100 73
100 191
100 236
100 142
100 90
100 27
100 137
100 4
100 237
100 224
100 221
100 337
100 202
100 3
100 136
100 280
100 63
100 113
100 66
100 165
100 140
100 57
100 22
100 22
100 22
100 63
100 85
100 285
100 11
100 116
100 73
100 47
100 44
100 360
100 69
100 59
100 110
100 0
100 183
100 5
100 25
100 99
100 155
100 84
100 90
100 160
100 105
100 196
100 30
100 142
100 3
100 0
100 193
100 45
100 8
100 14
100 266
100 36
100 391
100 10
100 3
100 50
100 239
100 131
100 80
100 102
100 381
100 58
100 52
100 18
100 176
100 188
100 22
100 172
100 113
100 263
100 191
100 152
100 52
100 113
100 45
100 47
100 30
100 213
100 40
100 111
100 38
100 209
100 394
100 59
100 146
100 251
100 114
100 24
100 75
100 195
100 40
100 179
100 36
100 50
100 75
100 287
100 81
100 170
100 229
100 84
100 58
100 219
100 23
100 126
100 305
100 328
100 96
100 37
100 33
100 93
100 49
100 154
100 95
100 179
100 7
100 101
100 32
100 53
100 12
100 75
100 119
100 32
100 16
100 89
100 113
100 251
100 232
100 158
100 57
100 26
100 79
100 3
100 53
100 52
100 129
100 46
100 6
100 97
100 339
100 206
100 747
100 89
100 519
100 20
100 71
100 3
100 55
100 7
100 3
100 245
100 40
100 255
100 0
100 30
100 0
100 19
100 15
100 163
100 49
100 76
100 18
100 27
100 129
100 179
100 74
100 43
100 68
100 111
100 95
100 4
100 0
100 48
100 3
100 97
100 248
100 499
100 37
100 81
100 108
100 352
100 22
100 73
100 632
100 142
100 110
100 51
100 11
100 1
100 103
100 195
100 145
100 24
100 238
100 17
100 39
100 33
100 76
100 118
100 440
100 31
100 113
100 23
100 36
100 23
100 6
100 10
100 1
100 72
100 19
100 45
100 72
100 26
100 73
100 144
100 68
100 166
100 107
100 236
100 112
100 99
100 30
100 18
100 53
100 162
100 106
100 5
100 188
100 10
100 23
100 103
100 61
100 24
100 53
100 291
100 102
100 6
100 5
100 37
100 51
100 218
100 170
100 13
100 39
100 113
100 200
100 160
100 13
100 127
100 119
100 4
100 14
100 59
100 62
100 7
100 231
100 38
100 117
100 240
100 139
100 50
100 29
100 8
100 138
100 3
100 32
100 223
100 300
100 134
100 3
100 66
100 39
100 62
100 68
100 17
100 199
100 160
100 71
100 129
100 59
100 314
100 308
100 36
100 83
100 552
100 207
100 48
100 20
100 369
100 439
100 110
100 155
100 71
100 138
100 214
100 8
100 214
100 36
100 48
100 59
100 147
100 607
100 411
100 149
100 166
100 87
100 207
100 292
100 126
100 306
100 170
100 89
100 39
100 232
100 64
100 239
100 17
100 91
100 22
100 202
100 73
100 65
100 310
100 29
100 64
100 15
100 3
100 118
100 7
100 69
100 126
100 7
100 226
100 111
100 103
100 8
100 213
100 35
100 137
100 92
100 12
100 63
100 126
100 12
100 47
100 27
100 104
100 160
100 41
100 191
100 162
100 501
100 75
100 27
100 119
100 77
100 136
100 198
100 207
100 34
100 162
100 26
100 10
100 39
100 172
100 279
100 131
100 118
100 189
100 61
100 145
100 124
100 84
100 139
100 8
100 23
100 38
100 48
100 62
100 5
100 0
100 5
100 143
100 62
100 84
100 64
100 58
100 69
100 125
100 76
100 33
100 34
100 44
100 34
100 64
100 110
100 54
100 54
100 250
100 48
100 82
100 173
100 89
100 104
100 163
100 455
100 94
100 165
100 173
100 142
100 79
100 116
100 264
100 58
100 126
100 68
100 188
100 41
100 64
100 333
100 154
100 36
100 37
100 268
100 88
100 36
100 25
100 120
100 20
100 39
100 83
100 291
100 141
100 40
100 127
100 21
100 95
100 61
100 121
100 32
100 56
100 80
100 92
100 74
100 7
100 18
100 93
100 107
100 197
100 167
100 124
100 19
100 116
100 522
100 43
100 599
100 564
100 99
100 46
100 77
100 44
100 140
100 157
100 504
100 247
100 9
100 326
100 7
100 69
100 29
100 400
100 147
100 96
100 48
100 65
100 145
100 132
100 17
100 89
100 37
100 80
100 59
100 103
100 68
100 110
100 287
100 187
100 44
100 79
100 77
100 3
100 102
100 42
100 249
100 54
100 10
100 165
100 402
100 121
100 1
100 182
100 214
100 138
100 89
100 124
100 18
100 84
100 4
100 19
100 57
100 34
100 504
100 107
100 15
100 131
100 30
100 56
100 108
100 146
100 143
100 346
100 17
100 11
100 82
100 130
100 164
100 125
100 320
100 450
100 68
100 126
100 2
100 172
100 107
100 89
100 22
100 80
100 37
100 59
100 264
100 30
100 30
100 100
100 40
100 82
100 42
100 79
100 192
100 13
100 223
100 137
100 154
100 65
100 44
100 75
100 265
100 286
100 26
100 13
100 99
100 58
100 187
100 176
100 53
100 240
100 25
100 319
100 71
100 13
100 49
100 85
100 35
100 70
100 29
100 151
100 88
100 31
100 376
100 56
100 68
100 37
100 169
100 70
100 40
100 461
100 439
100 340
100 163
100 29
100 66
100 108
100 102
100 119
100 21
100 87
100 16
100 127
100 4
100 39
100 66
100 43
100 369
100 7
100 24
100 33
100 192
100 319
100 8
100 21
100 362
100 41
100 33
100 65
100 10
100 223
100 70
100 214
100 47
100 45
100 182
100 75
100 128
100 22
100 295
100 85
100 95
100 112
100 237
100 141
100 44
100 18
100 28
100 16
100 8
100 62
100 58
100 110
100 87
100 253
100 74
100 254
100 200
100 82
100 47
100 70
100 210
100 5
100 158
100 355
100 107
100 11
100 184
100 283
100 316
100 130
100 109
100 40
100 21
100 179
100 310
100 195
100 20
100 106
100 123
100 315
100 15
100 424
100 38
100 260
100 167
100 35
100 133
100 254
100 64
100 90
100 19
100 32
100 113
100 63
100 92
100 37
100 49
100 139
100 311
100 19
100 123
100 2
100 151
100 226
100 8
100 86
100 151
100 78
100 161
100 4
100 80
100 14
100 22
100 300
100 73
100 288
100 149
100 77
100 18
100 138
100 10
100 176
100 34
100 21
100 181
100 249
100 87
100 432
100 7
100 75
100 22
100 57
100 285
100 131
100 59
100 70
100 238
100 60
100 227
100 94
100 6
100 116
100 206
100 33
100 415
100 103
100 563
100 294
100 26
100 479
100 0
100 25
100 10
100 0
100 146
100 89
100 299
100 33
100 431
100 8
100 331
100 6
100 47
100 115
100 118
100 75
100 29
100 65
100 21
100 298
100 9
100 13
100 149
100 308
100 37
100 129
100 279
100 312
100 39
100 23
100 127
100 123
100 33
100 47
100 10
100 206
100 12
100 237
100 194
100 238
100 102
100 123
100 6
100 130
100 39
100 133
100 73
100 47
100 42
100 0
100 58
100 29
100 101
100 24
100 127
100 27
100 90
100 11
100 6
100 311
100 131
100 17
100 16
100 5
100 264
100 19
100 18
100 14
100 24
100 1
100 32
100 55
100 109
100 170
100 16
100 162
100 328
100 8
100 105
100 170
100 149
100 196
100 163
100 328
100 152
100 193
100 114
100 148
100 145
100 3
100 16
100 108
100 79
100 86
100 423
100 13
100 70
100 141
100 184
100 77
100 8
100 96
100 62
100 322
100 19
100 126
100 62
100 110
100 128
100 26
100 52
100 239
100 71
100 82
100 59
100 74
100 28
100 192
100 58
100 410
100 217
100 123
100 128
100 33
100 29
100 29
100 8
100 150
100 64
100 206
100 98
100 84
100 1
100 113
100 242
100 7
100 96
100 86
100 116
100 266
100 40
100 122
100 360
100 127
100 644
100 15
100 72
100 44
100 77
100 31
100 12
100 15
100 143
100 53
100 104
100 352
100 263
100 29
100 171
100 152
100 2
100 44
100 20
100 37
100 79
100 18
100 76
100 43
100 21
100 34
100 22
100 94
100 59
100 263
100 93
100 78
100 8
100 15
100 84
100 49
100 11
100 5
100 132
100 111
100 15
100 145
100 20
100 71
100 55
100 172
100 1
100 182
100 12
100 46
100 26
100 275
100 11
100 462
100 295
100 72
100 411
100 36
100 199
100 58
100 130
100 24
100 120
100 152
100 30
100 22
100 24
100 16
100 204
100 57
100 16
100 336
100 110
100 625
100 54
100 39
100 20
100 45
100 196
100 232
100 270
100 84
100 97
100 242
100 36
100 277
100 86
100 11
100 127
100 26
100 195
100 21
100 1
100 188
100 107
100 110
100 147
100 261
100 232
100 194
100 249
100 9
100 48
100 25
100 24
100 83
100 180
100 33
100 65
100 24
100 336
100 52
100 28
100 6
100 203
100 177
100 304
100 48
100 202
100 60
100 70
100 171
100 15
100 72
100 41
100 82
100 25
100 91
100 144
100 2
100 99
100 94
100 62
100 28
100 178
100 69
100 159
100 7
100 35
100 135
100 67
100 60
100 142
100 363
100 47
100 29
100 18
100 16
100 141
100 146
100 113
100 5
100 10
100 73
100 141
100 2
100 77
100 494
100 8
100 28
100 12
100 311
100 147
100 173
100 12
100 101
100 103
100 9
100 263
100 480
100 9
100 258
100 17
100 100
100 124
100 177
100 30
100 184
100 25
100 151
100 78
100 189
100 171
100 249
100 67
100 39
100 5
100 119
100 55
100 18
100 360
100 30
100 19
100 157
100 39
100 9
100 93
100 173
100 161
100 73
100 65
100 73
100 105
100 85
100 8
100 262
100 8
100 91
100 31
100 31
100 343
100 101
100 120
100 7
100 41
100 18
100 24
100 57
100 203
100 400
100 77
100 89
100 255
100 41
100 153
100 103
100 38
100 168
100 191
100 94
100 11
100 105
100 249
100 60
100 23
100 4
100 265
100 91
100 122
100 66
100 2
100 64
100 76
100 5
100 70
100 106
100 43
100 109
100 170
100 212
100 171
100 36
100 63
100 133
100 40
100 410
100 291
100 1
100 112
100 162
100 84
100 200
100 317
100 46
100 26
100 19
100 65
100 116
100 309
100 210
100 114
100 175
100 98
100 50
100 46
100 0
100 245
100 42
100 345
100 146
100 23
100 215
100 73
100 73
100 73
100 29
100 31
100 8
100 62
100 133
100 281
100 99
100 25
100 137
100 80
100 25
100 397
100 144
100 32
100 94
100 72
100 283
100 249
100 25
100 26
100 269
100 82
100 21
100 127
100 52
100 38
100 77
100 120
100 123
100 123
100 119
100 270
100 206
100 32
100 82
100 14
100 272
100 100
100 65
100 86
100 94
100 170
100 476
100 16
100 63
100 398
100 142
100 257
100 110
100 42
100 23
100 37
100 6
100 89
100 20
100 243
100 487
100 51
100 12
100 163
100 19
100 164
100 14
100 324
100 167
100 146
100 144
100 204
100 452
100 177
100 16
100 18
100 4
100 154
100 38
100 0
100 55
100 7
100 44
100 126
100 107
100 203
100 222
100 49
100 159
100 3
100 67
100 39
100 118
100 4
100 96
100 50
100 251
100 144
100 307
100 124
100 55
100 60
100 18
100 298
100 48
100 186
100 18
100 273
100 12
100 17
100 197
100 103
100 111
100 4
100 222
100 436
100 221
100 333
100 25
100 221
100 49
100 146
100 67
100 112
100 105
100 87
100 178
100 18
100 75
100 64
100 275
100 59
100 36
100 226
100 167
100 35
100 256
100 19
100 153
100 29
100 29
100 4
100 73
100 27
100 147
100 15
100 162
100 1
100 97
100 81
100 175
100 61
100 119
100 222
100 120
100 82
100 23
100 71
100 246
100 94
100 307
100 132
100 24
100 26
100 50
100 201
100 168
100 207
100 19
100 379
100 161
100 64
100 293
100 178
100 10
100 58
100 4
100 39
100 475
100 170
100 77
100 527
100 79
100 4
100 241
100 24
100 44
100 5
100 83
100 198
100 176
100 69
100 4
100 5
100 28
100 40
100 387
100 171
100 111
100 237
100 61
100 350
100 246
100 81
100 450
100 67
100 14
100 213
100 113
100 75
100 60
100 1
100 207
100 85
100 4
100 69
100 15
100 89
100 586
100 53
100 23
100 107
100 11
100 74
100 15
100 114
100 88
100 408
100 105
100 36
100 219
100 29
100 3
100 20
100 173
100 30
100 170
100 20
100 106
100 22
100 71
100 29
100 19
100 99
100 238
100 258
100 112
100 2
100 59
100 110
100 13
100 18
100 189
100 358
100 33
100 21
100 69
100 36
100 157
100 61
100 66
100 21
100 45
100 56
100 624
100 114
100 196
100 213
100 2
100 22
100 299
100 9
100 118
100 12
100 4
100 34
100 175
100 160
100 36
100 17
100 101
100 166
100 260
100 37
100 149
100 13
100 0
100 35
100 6
100 69
100 4
100 135
100 107
100 2
100 165
100 163
100 318
100 18
100 248
100 66
100 37
100 125
100 29
100 83
100 32
100 185
100 8
100 34
100 217
100 4
100 238
100 24
100 26
100 159
100 82
100 66
100 74
100 35
100 276
100 359
100 123
100 34
100 64
100 25
100 74
100 86
100 124
100 109
100 461
100 0
100 298
100 37
100 210
100 77
100 142
100 189
100 132
100 32
100 277
100 35
100 338
100 50
100 14
100 31
100 338
100 166
100 103
100 42
100 9
100 159
100 18
100 627
100 181
100 224
100 10
100 107
100 100
100 186
100 25
100 9
100 20
100 77
100 425
100 168
100 773
100 78
100 37
100 233
100 58
100 101
100 503
100 10
100 100
100 63
100 6
100 289
100 39
100 444
100 294
100 0
100 281
100 201
100 129
100 473
100 73
100 9
100 67
100 19
100 42
100 14
100 244
100 46
100 131
100 359
100 358
100 60
100 197
100 210
100 108
100 75
100 4
100 39
100 46
100 90
100 119
100 49
100 241
100 271
100 51
100 43
100 326
100 35
100 490
100 3
100 31
100 608
100 17
100 225
100 354
100 36
100 74
100 22
100 60
100 42
100 190
100 71
100 94
100 225
100 24
100 174
100 5
100 55
100 39
100 252
100 64
100 195
100 241
100 170
100 3
100 6
100 335
100 106
100 178
100 124
100 273
100 197
100 49
100 30
100 75
100 98
100 145
100 17
100 43
100 5
100 39
100 15
100 28
100 466
100 162
100 35
100 138
100 564
100 88
100 96
100 42
100 76
100 207
100 13
100 91
100 323
100 46
100 15
100 142
100 188
100 235
100 13
100 39
100 17
100 24
100 129
100 80
100 166
100 125
100 27
100 125
100 94
100 155
100 195
100 69
100 55
100 40
100 130
100 484
100 66
100 67
100 118
100 389
100 27
100 183
100 273
100 145
100 368
100 124
100 30
100 11
100 59
100 85
100 20
100 20
100 74
100 83
100 87
100 25
100 10
100 112
100 377
100 17
100 118
100 267
100 131
100 324
100 23
100 63
100 103
100 25
100 67
100 79
100 53
100 52
100 77
100 31
100 39
100 303
100 31
100 21
100 26
100 133
100 136
100 1
100 369
100 145
100 14
100 48
100 54
100 35
100 206
100 351
100 211
100 74
100 8
100 6
100 63
100 267
100 205
100 54
100 187
100 111
100 94
100 356
100 288
100 11
100 29
100 25
100 68
100 110
100 24
100 68
100 270
100 40
100 47
100 146
100 329
100 39
100 93
100 166
100 62
100 9
100 125
100 72
100 56
100 284
100 115
100 14
100 109
100 275
100 93
100 22
100 48
100 6
100 296
100 271
100 17
100 39
100 53
100 189
100 205
100 37
100 65
100 72
100 228
100 286
100 45
100 147
100 11
100 10
100 309
100 144
100 10
100 232
100 50
100 205
100 249
100 33
100 79
100 309
100 254
100 475
100 38
100 70
100 21
100 177
100 25
100 172
100 261
100 7
100 133
100 2
100 287
100 11
100 2
100 9
100 150
100 133
100 134
100 38
100 190
100 126
100 0
100 69
100 98
100 304
100 281
100 290
100 36
100 26
100 18
100 78
100 27
100 130
100 86
100 111
100 122
100 15
100 385
100 155
100 56
100 11
100 100
100 1
100 150
100 438
100 97
100 83
100 50
100 34
100 98
100 123
100 68
100 121
100 45
100 147
100 197
100 141
100 109
100 19
100 25
100 75
100 43
100 103
100 100
100 473
100 409
100 32
100 28
100 89
100 190
100 18
100 10
100 215
100 26
100 85
100 40
100 51
100 358
100 175
100 39
100 268
100 40
100 30
100 213
100 200
100 130
100 114
100 93
100 42
100 112
100 32
100 167
100 131
100 30
100 101
100 37
100 56
100 326
100 24
100 121
100 25
100 28
100 52
100 206
100 35
100 27
100 400
100 11
100 93
100 27
100 0
100 21
100 359
100 293
100 57
100 33
100 162
100 146
100 25
100 12
100 82
100 55
100 24
100 160
100 98
100 18
100 134
100 223
100 235
100 221
100 0
100 228
100 23
100 7
100 179
100 171
100 46
100 598
100 196
100 106
100 52
100 247
100 155
100 35
100 234
100 160
100 142
100 184
100 80
100 33
100 188
100 100
100 133
100 182
100 168
100 139
100 41
100 183
100 22
100 241
100 214
100 330
100 84
100 100
100 103
100 136
100 63
100 27
100 286
100 113
100 8
100 97
100 123
100 133
100 117
100 123
100 205
100 105
100 99
100 4
100 27
100 250
100 22
100 311
100 80
100 3
100 263
100 267
100 33
100 103
100 11
100 43
100 46
100 4
100 60
100 176
100 173
100 314
100 48
100 18
100 116
100 175
100 81
100 28
100 167
100 163
100 165
100 1
100 114
100 95
100 92
100 65
100 144
100 32
100 110
100 100
100 46
100 157
100 27
100 57
100 265
100 143
100 35
100 320
100 63
100 149
100 85
100 146
100 217
100 98
100 26
100 181
100 13
100 110
100 76
100 157
100 159
100 49
100 25
100 22
100 147
100 2
100 321
100 201
100 194
100 73
100 22
100 87
100 249
100 25
100 77
100 142
100 75
100 319
100 330
100 92
100 100
100 74
100 5
100 14
100 115
100 40
100 181
100 100
100 213
100 0
100 44
100 3
100 67
100 3
100 552
100 5
100 67
100 51
100 265
100 52
100 261
100 99
100 82
100 269
100 55
100 12
100 141
100 122
100 71
100 11
100 17
100 180
100 4
100 68
100 4
100 215
100 54
100 73
100 253
100 81
100 61
100 17
100 2
100 100
100 47
100 531
100 450
100 3
100 148
100 239
100 64
100 479
100 86
100 24
100 168
100 256
100 306
100 28
100 117
100 76
100 108
100 54
100 180
100 131
100 44
100 37
100 391
100 207
100 114
100 302
100 135
100 153
100 265
100 175
100 96
100 33
100 172
100 129
100 330
100 16
100 49
100 181
100 23
100 20
100 16
100 239
100 154
100 65
100 90
100 68
100 89
100 502
100 20
100 32
100 127
100 68
100 132
100 47
100 24
100 115
100 505
100 3
100 62
100 219
100 73
100 6
100 12
100 88
100 41
100 67
100 11
100 28
100 67
100 348
100 134
100 184
100 233
100 4
100 157
100 490
100 0
100 169
100 715
100 112
100 4
100 82
100 132
100 26
100 66
100 29
100 21
100 105
100 57
100 36
100 203
100 128
100 236
100 186
100 28
100 0
100 244
100 16
100 14
100 16
100 8
100 219
100 71
100 78
100 155
100 260
100 140
100 4
100 172
100 0
100 4
100 1
100 58
100 43
100 422
100 197
100 141
100 235
100 12
100 8
100 15
100 142
100 321
100 254
100 17
100 136
100 342
100 85
100 75
100 3
100 143
100 291
100 199
100 227
100 80
100 18
100 17
100 61
100 35
100 110
100 16
100 39
100 221
100 5
100 12
100 50
100 42
100 196
100 53
100 138
100 171
100 38
100 5
100 33
100 15
100 43
100 58
100 174
100 12
100 73
100 139
100 139
100 155
100 103
100 204
100 61
100 120
100 26
100 115
100 54
100 397
100 149
100 25
100 495
100 22
100 104
100 152
100 23
100 50
100 48
100 365
100 242
100 10
100 13
100 107
100 310
100 84
100 148
100 517
100 36
100 249
100 29
100 66
100 23
100 59
100 37
100 432
100 3
100 137
100 201
100 32
100 40
100 145
100 12
100 85
100 97
100 127
100 49
100 60
100 251
100 23
100 70
100 33
100 111
100 148
100 21
100 47
100 75
100 96
100 19
100 125
100 97
100 27
100 166
100 180
100 48
100 363
100 436
100 97
100 107
100 243
100 200
100 45
100 302
100 82
100 47
100 57
100 75
100 149
100 279
100 345
100 124
100 28
100 253
100 73
100 20
100 63
100 275
100 309
100 173
100 5
100 28
100 66
100 78
100 157
100 103
100 59
100 36
100 100
100 9
100 41
100 6
100 72
100 340
100 31
100 81
100 60
100 115
100 190
100 59
100 37
100 59
100 89
100 185
100 11
100 28
100 12
100 147
100 625
100 200
100 127
100 10
100 9
100 26
100 82
100 45
100 35
100 404
100 51
100 27
100 6
100 4
100 52
100 271
100 170
100 209
100 422
100 164
100 190
100 40
100 98
100 13
100 71
100 0
100 143
100 181
100 126
100 102
100 77
100 99
100 28
100 142
100 64
100 357
100 74
100 74
100 12
100 37
100 291
100 37
100 209
100 394
100 141
100 144
100 246
100 50
100 74
100 58
100 42
100 455
100 57
100 13
100 102
100 110
100 140
100 72
100 110
100 114
100 119
100 209
100 255
100 147
100 261
100 220
100 293
100 143
100 18
100 21
100 118
100 267
100 7
100 4
100 44
100 88
100 682
100 77
100 33
100 30
100 9
100 66
100 198
100 99
100 27
100 22
100 63
100 130
100 48
100 1
100 33
100 145
100 212
100 534
100 210
100 24
100 8
100 15
100 483
100 34
100 1
100 77
100 208
100 42
100 35
100 1
100 61
100 12
100 34
100 78
100 81
100 208
100 59
100 119
100 84
100 79
100 102
100 11
100 276
100 407
100 137
100 178
100 137
100 115
100 157
100 9
100 188
100 227
100 3
100 44
100 105
100 319
100 47
100 15
100 92
100 222
100 62
100 23
100 41
100 78
100 38
100 31
100 2
100 275
100 27
100 141
100 302
100 31
100 115
100 15
100 697
100 22
100 2
100 227
100 72
100 248
100 97
100 84
100 444
100 93
100 80
100 60
100 41
100 6
100 14
100 4
100 94
100 79
100 15
100 444
100 67
100 177
100 273
100 19
100 203
100 74
100 20
100 191
100 29
100 27
100 94
100 105
100 11
100 60
100 206
100 2
100 90
100 153
100 37
100 62
100 187
100 11
100 46
100 22
100 96
100 269
100 76
100 409
100 85
100 80
100 75
100 41
100 285
100 44
100 48
100 21
100 185
100 151
100 33
100 4
100 27
100 169
100 76
100 94
100 1
100 0
100 50
100 150
100 100
100 121
100 87
100 265
100 205
100 61
100 20
100 2
100 139
100 5
100 237
100 266
100 83
100 54
100 181
100 228
100 59
100 50
100 237
100 285
100 157
100 23
100 109
100 117
100 77
100 157
100 290
100 115
100 47
100 79
100 388
100 1
100 86
100 11
100 147
100 11
100 7
100 41
100 119
100 82
100 82
100 49
100 44
100 561
100 16
100 52
100 152
100 43
100 92
100 87
100 182
100 41
100 18
100 215
100 32
100 58
100 26
100 43
100 87
100 4
100 2
100 126
100 82
100 191
100 34
100 55
100 150
100 128
100 320
100 43
100 76
100 168
100 3
100 124
100 26
100 91
100 85
100 10
100 110
100 84
100 6
100 194
100 206
100 1
100 120
100 226
100 83
100 2
100 140
100 57
100 340
100 133
100 297
100 34
100 54
100 105
100 4
100 24
100 84
100 238
100 165
100 173
100 80
100 14
100 47
100 81
100 29
100 23
100 27
100 9
100 158
100 370
100 205
100 151
100 67
100 127
100 133
100 253
100 199
100 223
100 504
100 25
100 12
100 152
100 199
100 284
100 252
100 135
100 498
100 150
100 186
100 90
100 116
100 1
100 61
100 36
100 215
100 252
100 104
100 19
100 62
100 12
100 150
100 104
100 17
100 155
100 446
100 268
100 0
100 51
100 113
100 13
100 89
100 61
100 127
100 52
100 5
100 41
100 123
100 29
100 102
100 84
100 262
100 40
100 96
100 65
100 154
100 51
100 34
100 188
100 22
100 0
100 26
100 231
100 35
100 100
100 64
100 187
100 227
100 77
100 9
100 133
100 97
100 62
100 8
100 22
100 79
100 39
100 115
100 84
100 248
100 248
100 405
100 123
100 9
100 297
100 33
100 16
100 112
100 341
100 319
100 234
100 227
100 77
100 48
100 103
100 29
100 121
100 71
100 29
100 32
100 76
100 159
100 256
100 102
100 581
100 203
100 87
100 99
100 69
100 77
100 114
100 77
100 109
100 185
100 17
100 513
100 423
100 16
100 16
100 66
100 33
100 464
100 122
100 157
100 98
100 317
100 93
100 100
100 171
100 37
100 58
100 135
100 24
100 72
100 18
100 192
100 107
100 94
100 180
100 96
100 226
100 131
100 111
100 34
100 40
100 48
100 613
100 102
100 38
100 24
100 527
100 20
100 324
100 115
100 204
100 45
100 116
100 178
100 307
100 40
100 8
100 37
100 293
100 36
100 134
100 35
100 224
100 14
100 120
100 15
100 19
100 55
100 191
100 2
100 199
100 14
100 236
100 5
100 7
100 119
100 150
100 232
100 53
100 55
100 3
100 4
100 793
100 22
100 19
100 210
100 505
100 22
100 13
100 116
100 14
100 118
100 28
100 18
100 314
100 52
100 267
100 14
100 44
100 359
100 180
100 107
100 77
100 51
100 30
100 64
100 106
100 93
100 269
100 64
100 27
100 109
100 26
100 110
100 112
100 72
100 46
100 93
100 224
100 302
100 83
100 22
100 202
100 45
100 5
100 187
100 166
100 61
100 107
100 52
100 3
100 196
100 200
100 205
100 15
100 16
100 32
100 18
100 498
100 248
100 372
100 53
100 2
100 64
100 160
100 8
100 263
100 11
100 24
100 193
100 5
100 49
100 125
100 64
100 104
100 147
100 30
100 102
100 231
100 114
100 310
100 194
100 3
100 458
100 36
100 16
100 86
100 131
100 10
100 11
100 23
100 43
100 149
100 89
100 366
100 8
100 44
100 174
100 65
100 99
100 69
100 196
100 150
100 85
100 166
100 162
100 86
100 185
100 33
100 64
100 98
100 293
100 143
100 206
100 73
100 56
100 13
100 372
100 48
100 72
100 763
100 127
100 172
100 13
100 37
100 59
100 469
100 83
100 176
100 95
100 13
100 26
100 55
100 13
100 119
100 26
100 85
100 157
100 52
100 10
100 336
100 182
100 164
100 98
100 124
100 22
100 53
100 183
100 140
100 72
100 222
100 83
100 27
100 30
100 72
100 54
100 69
100 17
100 38
100 150
100 52
100 202
100 64
100 54
100 57
100 22
100 25
100 47
100 113
100 63
100 296
100 112
100 50
100 80
100 9
100 118
100 49
100 3
100 161
100 22
100 80
100 105
100 66
100 206
100 5
100 11
100 198
100 229
100 157
100 332
100 104
100 30
100 560
100 188
100 70
100 7
100 164
100 17
100 136
100 227
100 329
100 131
100 20
100 4
100 165
100 185
100 107
100 79
100 129
100 151
100 112
100 235
100 187
100 242
100 75
100 136
100 30
100 45
100 2
100 56
100 16
100 129
100 54
100 126
100 76
100 23
100 389
100 1
100 58
100 101
100 73
100 59
100 131
100 110
100 102
100 97
100 16
100 64
100 324
100 80
100 82
100 205
100 94
100 10
100 212
100 18
100 20
100 32
100 42
100 3
100 2
100 4
100 66
100 185
100 208
100 291
100 17
100 274
100 119
100 162
100 27
100 321
100 6
100 87
100 257
100 335
100 191
100 116
100 33
100 451
100 207
100 230
100 47
100 33
100 33
100 218
100 441
100 28
100 28
100 101
100 101
100 209
100 11
100 227
100 187
100 95
100 176
100 20
100 94
100 181
100 78
100 9
100 161
100 145
100 28
100 84
100 31
100 164
100 353
100 158
100 67
100 16
100 11
100 455
100 9
100 169
100 4
100 388
100 58
100 175
100 200
100 34
100 33
100 32
100 69
100 314
100 93
100 116
100 148
100 113
100 232
100 122
100 7
100 151
100 254
100 42
100 49
100 43
100 104
100 388
100 89
100 204
100 34
100 154
100 19
100 168
100 240
100 148
100 53
100 87
100 83
100 25
100 31
100 125
100 261
100 36
100 31
100 98
100 332
100 15
100 38
100 152
100 83
100 30
100 78
100 1
100 100
100 195
100 41
100 455
100 112
100 18
100 15
100 48
100 22
100 293
100 7
100 419
100 55
100 437
100 85
100 87
100 256
100 11
100 131
100 110
100 58
100 26
100 155
100 125
100 41
100 372
100 26
100 43
100 2
100 86
100 196
100 92
100 23
100 44
100 127
100 18
100 106
100 162
100 34
100 124
100 161
100 24
100 92
100 349
100 54
100 267
100 21
100 54
100 7
100 121
100 105
100 37
100 15
100 18
100 122
100 275
100 0
100 57
100 8
100 54
100 49
100 7
100 80
100 163
100 32
100 75
100 282
100 14
100 17
100 66
100 19
100 220
100 88
100 2
100 12
100 8
100 22
100 54
100 155
100 15
100 6
100 36
100 233
100 152
100 140
100 45
100 31
100 200
100 343
100 22
100 50
100 149
100 5
100 178
100 699
100 50
100 96
100 75
100 210
100 98
100 102
100 88
100 3
100 23
100 20
100 86
100 20
100 52
100 190
100 48
100 44
100 213
100 8
100 53
100 94
100 78
100 137
100 50
100 2
100 41
100 5
100 20
100 19
100 12
100 180
100 40
100 155
100 357
100 28
100 64
100 32
100 37
100 78
100 43
100 619
100 221
100 40
100 121
100 18
100 71
100 49
100 22
100 119
100 26
100 58
100 208
100 18
100 53
100 34
100 144
100 203
100 2
100 6
100 4
100 22
100 120
100 50
100 49
100 69
100 115
100 123
100 1
100 15
100 172
100 210
100 0
100 92
100 28
100 82
100 165
100 11
100 362
100 158
100 122
100 268
100 53
100 310
100 43
100 229
100 155
100 26
100 33
100 67
100 169
100 46
100 114
100 140
100 292
100 8
100 15
100 162
100 72
100 10
100 90
100 48
100 23
100 21
100 35
100 493
100 285
100 135
100 161
100 165
100 47
100 167
100 18
100 81
100 14
100 46
100 8
100 141
100 159
100 163
100 47
100 17
100 120
100 69
100 365
100 313
100 46
100 7
100 163
100 47
100 76
100 191
100 79
100 280
100 4
100 110
100 26
100 89
100 8
100 17
100 41
100 78
100 344
100 169
100 82
100 29
100 71
100 28
100 151
100 53
100 122
100 127
100 4
100 185
100 46
100 80
100 13
100 113
100 196
100 55
100 29
100 374
100 41
100 78
100 40
100 81
100 57
100 45
100 62
100 71
100 379
100 98
100 56
100 20
100 6
100 142
100 236
100 99
100 18
100 75
100 71
100 79
100 53
100 251
100 0
100 382
100 124
100 19
100 9
100 31
100 125
100 276
100 22
100 164
100 212
100 60
100 43
100 15
100 65
100 28
100 220
100 300
100 103
100 78
100 6
100 126
100 68
100 2
100 231
100 57
100 229
100 275
100 82
100 15
100 162
100 181
100 113
100 60
100 48
100 83
100 64
100 144
100 152
100 52
100 24
100 54
100 53
100 6
100 134
100 13
100 14
100 32
100 89
100 43
100 41
100 3
100 156
100 538
100 82
100 299
100 719
100 138
100 11
100 64
100 4
100 327
100 6
100 47
100 69
100 76
100 211
100 199
100 135
100 37
100 2
100 0
100 89
100 47
100 57
100 17
100 13
100 101
100 13
100 204
100 337
100 174
100 84
100 133
100 31
100 147
100 26
100 26
100 4
100 66
100 55
100 378
100 239
100 141
100 42
100 115
100 31
100 53
100 162
100 43
100 175
100 114
100 292
100 153
100 100
100 79
100 16
100 90
100 3
100 109
100 48
100 61
100 37
100 250
100 30
100 196
100 48
100 232
100 19
100 87
100 203
100 179
100 211
100 109
100 49
100 183
100 79
100 103
100 53
100 41
100 156
100 364
100 42
100 80
100 64
100 142
100 6
100 163
100 141
100 48
100 200
100 175
100 7
100 154
100 67
100 62
100 184
100 180
100 336
100 165
100 9
100 200
100 258
100 66
100 15
100 173
100 238
100 334
100 266
100 24
100 35
100 406
100 16
100 45
100 100
100 97
100 1
100 253
100 42
100 39
100 166
100 47
100 313
100 95
100 105
100 170
100 351
100 162
100 407
100 22
100 0
100 3
100 346
100 124
100 43
100 78
100 188
100 141
100 33
100 86
100 96
100 100
100 160
100 91
100 121
100 229
100 193
100 89
100 246
100 58
100 168
100 76
100 25
100 91
100 13
100 154
100 41
100 231
100 7
100 86
100 57
100 4
100 21
100 41
100 2
100 96
100 48
100 110
100 37
100 1
100 146
100 71
100 77
100 38
100 46
100 43
100 27
100 33
100 56
100 0
100 294
100 162
100 88
100 127
100 75
100 49
100 280
100 182
100 7
100 78
100 168
100 26
100 54
100 988
100 248
100 244
100 293
100 292
100 107
100 103
100 4
100 56
100 156
100 59
100 31
100 292
100 399
100 14
100 60
100 54
100 12
100 156
100 178
100 4
100 136
100 63
100 198
100 23
100 59
100 247
100 167
100 25
100 68
100 188
100 171
100 80
100 39
100 553
100 221
100 251
100 51
100 44
100 59
100 7
100 92
100 48
100 181
100 142
100 94
100 72
100 56
100 141
100 47
100 8
100 28
100 59
100 94
100 209
100 42
100 104
100 5
100 78
100 86
100 51
100 3
100 32
100 16
100 19
100 169
100 9
100 11
100 63
100 15
100 130
100 85
100 70
100 89
100 32
100 81
100 75
100 82
100 9
100 9
100 81
100 2
100 23
100 116
100 9
100 70
100 117
100 66
100 218
100 44
100 246
100 114
100 9
100 159
100 77
100 216
100 133
100 74
100 247
100 180
100 382
100 118
100 16
100 47
100 254
100 208
100 20
100 79
100 109
100 55
100 14
100 158
100 89
100 86
100 509
100 132
100 135
100 93
100 27
100 38
100 114
100 33
100 233
100 6
100 285
100 418
100 267
100 93
100 14
100 266
100 27
100 78
100 9
100 80
100 27
100 109
100 42
100 286
100 25
100 33
100 220
100 77
100 56
100 37
100 84
100 287
100 43
100 48
100 82
100 15
100 108
100 49
100 45
100 302
100 27
100 47
100 3
100 75
100 150
100 43
100 2
100 54
100 74
100 133
100 12
100 108
100 166
100 198
100 173
100 9
100 103
100 204
100 100
100 151
100 276
100 188
100 24
100 70
100 255
100 127
100 90
100 9
100 86
100 95
100 344
100 28
100 84
100 123
100 135
100 37
100 124
100 263
100 27
100 385
100 70
100 20
100 407
100 122
100 43
100 71
100 162
100 159
100 442
100 59
100 199
100 125
100 110
100 96
100 344
100 42
100 169
100 307
100 34
100 66
100 167
100 60
100 140
100 347
100 35
100 82
100 2
100 21
100 217
100 38
100 16
100 200
100 58
100 22
100 47
100 102
100 105
100 164
100 172
100 196
100 40
100 179
100 151
100 130
100 139
100 181
100 93
100 61
100 89
100 167
100 86
100 106
100 199
100 417
100 275
100 280
100 101
100 163
100 231
100 175
100 55
100 61
100 69
100 72
100 3
100 79
100 641
100 87
100 89
100 108
100 95
100 32
100 39
100 127
100 44
100 210
100 137
100 11
100 76
100 268
100 59
100 297
100 301
100 54
100 5
100 13
100 183
100 23
100 133
100 180
100 111
100 43
100 7
100 372
100 151
100 426
100 81
100 28
100 54
100 97
100 14
100 33
100 75
100 294
100 197
100 47
100 20
100 11
100 109
100 1
100 50
100 126
100 74
100 1
100 46
100 294
100 81
100 6
100 977
100 14
100 114
100 0
100 103
100 7
100 72
100 15
100 17
100 76
100 30
100 70
100 56
100 120
100 132
100 20
100 33
100 157
100 79
100 28
100 41
100 80
100 232
100 417
100 288
100 63
100 24
100 248
100 86
100 91
100 50
100 325
100 254
100 5
100 265
100 87
100 118
100 112
100 18
100 310
100 19
100 234
100 14
100 27
100 2
100 52
100 148
100 17
100 349
100 64
100 11
100 185
100 201
100 78
100 175
100 371
100 28
100 199
100 82
100 43
100 52
100 160
100 107
100 20
100 413
100 4
100 153
100 69
100 141
100 487
100 157
100 49
100 61
100 43
100 183
100 63
100 27
100 220
100 284
100 9
100 131
100 32
100 68
100 29
100 181
100 26
100 385
100 197
100 91
100 40
100 117
100 110
100 60
100 50
100 86
100 5
100 37
100 212
100 111
100 538
100 45
100 98
100 4
100 1
100 198
100 119
100 263
100 177
100 169
100 53
100 89
100 220
100 19
100 47
100 33
100 11
100 997
100 216
100 28
100 107
100 94
100 32
100 88
100 159
100 30
100 20
100 4
100 190
100 91
100 56
100 13
100 227
100 36
100 4
100 46
100 18
100 129
100 20
100 29
100 61
100 419
100 71
100 106
100 115
100 43
100 64
100 114
100 95
100 21
100 56
100 123
100 12
100 75
100 162
100 67
100 188
100 2
100 100
100 68
100 92
100 42
100 15
100 93
100 213
100 156
100 17
100 4
100 440
100 625
100 231
100 94
100 144
100 223
100 113
100 150
100 6
100 27
100 3
100 111
100 21
100 203
100 95
100 0
100 166
100 55
100 46
100 198
100 13
100 59
100 46
100 297
100 119
100 70
100 0
100 55
100 8
100 81
100 13
100 7
100 53
100 132
100 115
100 27
100 34
100 255
100 60
100 5
100 40
100 270
100 356
100 213
100 91
100 250
100 74
100 54
100 20
100 13
100 7
100 90
100 108
100 58
100 76
100 88
100 54
100 140
100 150
100 2
100 228
100 118
100 88
100 0
100 543
100 128
100 167
100 240
100 210
100 160
100 63
100 31
100 81
100 375
100 86
100 223
100 54
100 68
100 113
100 47
100 137
100 210
100 194
100 23
100 1
100 29
100 306
100 107
100 1
100 126
100 45
100 31
100 400
100 368
100 29
100 57
100 176
100 151
100 122
100 221
100 10
100 96
100 114
100 144
100 64
100 21
100 49
100 353
100 14
100 558
100 30
100 53
100 59
100 434
100 55
100 32
100 67
100 409
100 322
100 39
100 128
100 36
100 517
100 90
100 1
100 141
100 72
100 204
100 5
100 151
100 69
100 68
100 309
100 32
100 20
100 126
100 23
100 214
100 370
100 61
100 119
100 37
100 55
100 161
100 22
100 46
100 41
100 84
100 445
100 50
100 56
100 21
100 203
100 432
100 264
100 98
100 128
100 222
100 2
100 28
100 178
100 1
100 329
100 23
100 416
100 119
100 96
100 156
100 5
100 96
100 58
100 12
100 46
100 440
100 4
100 76
100 173
100 61
100 380
100 80
100 891
100 188
100 130
100 108
100 72
100 126
100 105
100 41
100 35
100 27
100 91
100 44
100 12
100 33
100 72
100 426
100 190
100 54
100 82
100 18
100 28
100 22
100 4
100 51
100 30
100 299
100 50
100 315
100 51
100 264
100 57
100 417
100 48
100 51
100 256
100 31
100 170
100 178
100 32
100 33
100 66
100 250
100 265
100 268
100 244
100 69
100 0
100 10
100 132
100 16
100 14
100 82
100 41
100 81
100 324
100 50
100 138
100 14
100 200
100 9
100 2
100 20
100 12
100 51
100 217
100 158
100 48
100 33
100 274
100 640
100 0
100 525
100 49
100 206
100 99
100 266
100 69
100 189
100 23
100 227
100 36
100 39
100 106
100 71
100 195
100 36
100 49
100 41
100 76
100 47
100 14
100 19
100 294
100 4
100 120
100 33
100 234
100 4
100 75
100 61
100 1
100 22
100 110
100 261
100 328
100 56
100 288
100 147
100 68
100 139
100 84
100 144
100 152
100 89
100 147
100 259
100 13
100 201
100 3
100 6
100 109
100 106
100 175
100 109
100 337
100 27
100 101
100 121
100 21
100 183
100 5
100 51
100 30
100 0
100 139
100 4
100 12
100 1
100 122
100 103
100 29
100 3
100 59
100 104
100 214
100 228
100 20
100 10
100 69
100 116
100 133
100 10
100 57
100 102
100 32
100 6
100 189
100 19
100 75
100 6
100 34
100 73
100 163
100 6
100 65
100 104
100 30
100 61
100 261
100 58
100 57
100 360
100 7
100 363
100 294
100 57
100 213
100 130
100 8
100 131
100 202
100 123
100 103
100 146
100 78
100 25
100 24
100 24
100 5
100 1
100 15
100 133
100 8
100 88
100 397
100 80
100 96
100 67
100 143
100 222
100 290
100 10
100 899
100 77
100 155
100 160
100 70
100 60
100 6
100 19
100 34
100 77
100 293
100 32
100 29
100 1
100 34
100 204
100 14
100 242
100 90
100 6
100 4
100 39
100 288
100 7
100 490
100 35
100 395
100 511
100 89
100 67
100 463
100 383
100 12
100 2
100 57
100 29
100 5
100 120
100 216
100 205
100 38
100 67
100 166
100 102
100 56
100 65
100 179
100 291
100 66
100 76
100 419
100 107
100 51
100 702
100 4
100 182
100 10
100 86
100 53
100 12
100 109
100 16
100 394
100 156
100 15
100 25
100 200
100 9
100 9
100 75
100 41
100 5
100 176
100 47
100 122
100 8
100 349
100 14
100 100
100 88
100 19
100 77
100 71
100 73
100 297
100 9
100 101
100 24
100 0
100 15
100 417
100 79
100 127
100 127
100 5
100 117
100 75
100 124
100 73
100 73
100 162
100 296
100 177
100 74
100 716
100 8
100 64
100 136
100 56
100 28
100 56
100 103
100 97
100 65
100 38
100 12
100 94
100 18
100 44
100 69
100 136
100 192
100 95
100 4
100 25
100 88
100 111
100 25
100 533
100 25
100 12
100 18
100 363
100 342
100 64
100 67
100 91
100 87
100 0
100 156
100 50
100 199
100 96
100 160
100 16
100 95
100 81
100 123
100 231
100 198
100 21
100 7
100 82
100 23
100 23
100 53
100 41
100 15
100 107
100 8
100 326
100 47
100 384
100 140
100 116
100 110
100 86
100 78
100 449
100 289
100 24
100 65
100 14
100 33
100 137
100 47
100 156
100 352
100 44
100 1
100 133
100 98
100 18
100 131
100 98
100 290
100 81
100 19
100 22
100 151
100 118
100 208
100 204
100 18
100 92
100 61
100 67
100 153
100 47
100 54
100 247
100 29
100 15
100 97
100 82
100 64
100 295
100 39
100 41
100 39
100 4
100 88
100 11
100 339
100 76
100 59
100 176
100 107
100 105
100 104
100 101
100 19
100 75
100 268
100 177
100 28
100 205
100 24
100 108
100 49
100 10
100 16
100 15
100 64
100 235
100 174
100 33
100 174
100 62
100 51
100 131
100 49
100 22
100 13
100 235
100 185
100 87
100 79
100 1
100 32
100 36
100 122
100 718
100 20
100 138
100 406
100 305
100 19
100 53
100 38
100 16
100 118
100 12
100 13
100 130
100 124
100 90
100 130
100 299
100 1
100 85
100 0
100 348
100 89
100 9
100 67
100 113
100 68
100 104
100 90
100 13
100 114
100 119
100 202
100 17
100 146
100 19
100 118
100 77
100 15
100 62
100 44
100 95
100 153
100 13
100 66
100 83
100 34
100 63
100 48
100 12
100 73
100 37
100 19
100 87
100 89
100 353
100 11
100 223
100 139
100 110
100 37
100 46
100 34
100 336
100 53
100 3
100 22
100 45
100 309
100 255
100 101
100 15
100 29
100 130
100 102
100 101
100 6
100 31
100 30
100 160
100 655
100 33
100 324
100 463
100 160
100 21
100 84
100 152
100 107
100 166
100 22
100 436
100 83
100 217
100 22
100 112
100 115
100 100
100 256
100 203
100 14
100 7
100 613
100 149
100 135
100 181
100 201
100 84
100 221
100 182
100 37
100 108
100 237
100 42
100 472
100 249
100 8
100 159
100 148
100 3
100 97
100 636
100 21
100 167
100 248
100 30
100 0
100 42
100 80
100 36
100 22
100 6
100 98
100 195
100 32
100 331
100 129
100 83
100 12
100 133
100 20
100 101
100 2
100 104
100 0
100 44
100 132
100 39
100 118
100 150
100 19
100 2
100 103
100 33
100 27
100 252
100 85
100 29
100 80
100 90
100 451
100 161
100 41
100 89
100 2
100 80
100 113
100 102
100 26
100 32
100 27
100 37
100 97
100 278
100 2
100 105
100 122
100 28
100 50
100 21
100 15
100 8
100 1
100 61
100 32
100 91
100 7
100 60
100 269
100 328
100 43
100 29
100 58
100 49
100 299
100 165
100 61
100 164
100 204
100 220
100 116
100 179
100 21
100 12
100 120
100 168
100 105
100 26
100 91
100 331
100 46
100 77
100 136
100 107
100 330
100 624
100 31
100 88
100 154
100 169
100 148
100 37
100 32
100 3
100 12
100 62
100 112
100 228
100 78
100 32
100 13
100 17
100 155
100 55
100 470
100 1
100 131
100 98
100 127
100 210
100 74
100 284
100 199
100 52
100 22
100 169
100 151
100 53
100 151
100 47
100 91
100 176
100 115
100 161
100 131
100 32
100 74
100 32
100 256
100 169
100 182
100 102
100 180
100 126
100 5
100 62
100 54
100 153
100 125
100 30
100 13
100 23
100 77
100 57
100 116
100 139
100 221
100 231
100 251
100 151
100 1
100 28
100 50
100 206
100 189
100 37
100 122
100 436
100 691
100 96
100 32
100 6
100 370
100 144
100 33
100 75
100 39
100 214
100 21
100 46
100 195
100 40
100 205
100 7
100 457
100 21
100 56
100 11
100 37
100 397
100 54
100 102
100 81
100 299
100 125
100 94
100 59
100 13
100 299
100 195
100 296
100 79
100 141
100 50
100 2
100 2
100 50
100 16
100 373
100 203
100 304
100 90
100 64
100 37
100 115
100 16
100 36
100 21
100 220
100 172
100 134
100 363
100 117
100 83
100 56
100 217
100 32
100 304
100 112
100 537
100 78
100 257
100 206
100 268
100 325
100 31
100 121
100 534
100 12
100 146
100 60
100 169
100 121
100 272
100 30
100 152
100 71
100 17
100 26
100 9
100 142
100 12
100 132
100 47
100 60
100 125
100 69
100 95
100 19
100 42
100 121
100 4
100 162
100 1
100 310
100 241
100 422
100 30
100 30
100 38
100 180
100 45
100 117
100 135
100 62
100 133
100 22
100 67
100 37
100 14
100 47
100 147
100 41
100 107
100 173
100 19
100 207
100 164
100 20
100 15
100 107
100 8
100 71
100 27
100 6
100 149
100 14
100 73
100 66
100 151
100 62
100 114
100 179
100 51
100 83
100 0
100 28
100 91
100 188
100 10
100 68
100 9
100 2
100 488
100 65
100 21
100 36
100 29
100 13
100 98
100 98
100 95
100 2
100 23
100 229
100 25
100 103
100 7
100 28
100 68
100 4
100 39
100 426
100 282
100 32
100 17
100 27
100 135
100 49
100 71
100 256
100 54
100 4
100 543
100 395
100 149
100 129
100 64
100 1
100 167
100 77
100 51
100 52
100 29
100 39
100 80
100 108
100 54
100 504
100 25
100 74
100 68
100 171
100 140
100 88
100 163
100 11
100 72
100 64
100 121
100 44
100 30
100 71
100 19
100 452
100 105
100 82
100 64
100 51
100 320
100 10
100 204
100 184
100 24
100 120
100 17
100 135
100 114
100 28
100 104
100 87
100 716
100 74
100 15
100 13
100 126
100 75
100 1
100 130
100 4
100 4
100 32
100 271
100 290
100 108
100 104
100 88
100 63
100 54
100 386
100 85
100 0
100 25
100 486
100 0
100 347
100 308
100 53
100 175
100 5
100 55
100 306
100 9
100 41
100 20
100 37
100 131
100 92
100 530
100 25
100 24
100 197
100 48
100 45
100 228
100 127
100 148
100 70
100 43
100 173
100 110
100 49
100 219
100 94
100 107
100 61
100 257
100 166
100 3
100 66
100 196
100 103
100 76
100 163
100 74
100 221
100 37
100 111
100 37
100 111
100 184
100 56
100 0
100 341
100 18
100 64
100 239
100 112
100 104
100 196
100 5
100 1
100 88
100 119
100 50
100 27
100 43
100 31
100 227
100 176
100 180
100 36
100 83
100 24
100 19
100 113
100 102
100 347
100 131
100 190
100 89
100 35
100 26
100 4
100 40
100 445
100 26
100 184
100 45
100 101
100 104
100 126
100 176
100 315
100 223
100 213
100 65
100 100
100 192
100 28
100 87
100 18
100 84
100 103
100 15
100 40
100 59
100 142
100 23
100 77
100 127
100 168
100 7
100 89
100 77
100 32
100 76
100 12
100 76
100 46
100 142
100 79
100 104
100 121
100 430
100 124
100 63
100 46
100 171
100 202
100 62
100 13
100 29
100 226
100 91
100 6
100 44
100 152
100 493
100 207
100 224
100 148
100 91
100 16
100 117
100 30
100 50
100 43
100 108
100 494
100 23
100 92
100 120
100 34
100 95
100 2
100 55
100 330
100 162
100 93
100 61
100 35
100 163
100 98
100 114
100 538
100 59
100 58
100 31
100 6
100 61
100 35
100 41
100 208
100 57
100 165
100 20
100 116
100 343
100 70
100 72
100 392
100 108
100 52
100 71
100 71
100 145
100 453
100 424
100 69
100 56
100 34
100 96
100 35
100 147
100 91
100 394
100 387
100 91
100 143
100 42
100 300
100 49
100 65
100 30
100 33
100 204
100 244
100 174
100 199
100 88
100 79
100 83
100 79
100 22
100 264
100 201
100 98
100 16
100 77
100 139
100 37
100 177
100 60
100 135
100 92
100 66
100 347
100 193
100 286
100 69
100 249
100 55
100 3
100 183
100 52
100 62
100 215
100 7
100 11
100 40
100 16
100 335
100 131
100 246
100 24
100 43
100 102
100 225
100 59
100 304
100 26
100 94
100 107
100 25
100 182
100 147
100 48
100 274
100 3
100 368
100 24
100 109
100 5
100 130
100 225
100 71
100 19
100 73
100 142
100 408
100 120
100 81
100 109
100 143
100 51
100 161
100 142
100 344
100 203
100 177
100 97
100 178
100 266
100 161
100 7
100 81
100 58
100 95
100 97
100 121
100 94
100 8
100 13
100 67
100 46
100 67
100 40
100 121
100 112
100 30
100 19
100 223
100 72
100 120
100 72
100 388
100 83
100 81
100 215
100 117
100 14
100 8
100 79
100 21
100 352
100 143
100 19
100 107
100 50
100 2
100 204
100 16
100 213
100 179
100 162
100 97
100 65
100 315
100 98
100 75
100 44
100 72
100 31
100 162
100 155
100 290
100 0
100 9
100 6
100 88
100 68
100 23
100 53
100 659
100 61
100 28
100 66
100 287
100 153
100 86
100 63
100 4
100 49
100 7
100 36
100 228
100 35
100 196
100 152
100 36
100 71
100 114
100 90
100 128
100 15
100 85
100 243
100 43
100 157
100 425
100 4
100 86
100 35
100 327
100 257
100 32
100 111
100 6
100 10
100 54
100 60
100 175
100 15
100 230
100 31
100 1
100 119
100 0
100 12
100 58
100 196
100 103
100 21
100 21
100 75
100 159
100 29
100 233
100 246
100 94
100 77
100 109
100 41
100 44
100 228
100 196
100 291
100 78
100 136
100 5
100 141
100 362
100 131
100 238
100 367
100 261
100 24
100 333
100 66
100 8
100 27
100 19
100 128
100 48
100 180
100 275
100 16
100 167
100 4
100 5
100 4
100 2
100 13
100 215
100 51
100 32
100 50
100 33
100 251
100 175
100 97
100 13
100 84
100 86
100 45
100 241
100 33
100 32
100 64
100 65
100 132
100 161
100 166
100 2
100 118
100 239
100 201
100 143
100 422
100 35
100 1
100 118
100 30
100 34
100 23
100 191
100 119
100 255
100 11
100 23
100 101
100 261
100 416
100 190
100 8
100 6
100 15
100 139
100 126
100 164
100 19
100 18
100 42
100 28
100 147
100 130
100 57
100 92
100 217
100 25
