100 86
100 59
100 74
100 972
100 316
100 1840
100 607
100 1328
100 1323
100 662
100 197
100 144
100 1177
100 589
100 209
100 1220
100 19
100 179
100 1499
100 111
100 230
100 82
100 1135
100 265
100 437
100 172
100 1589
100 109
100 1049
100 368
100 482
100 223
100 1647
100 147
100 61
100 644
100 672
100 344
100 1009
100 2714
100 85
100 1020
100 50
100 77
100 532
100 58
100 346
100 350
100 1085
100 318
100 378
100 13
100 102
100 1443
100 56
100 309
100 448
100 553
100 890
100 224
100 1082
100 1901
100 525
100 370
100 1706
100 110
100 302
100 1443
100 400
100 824
100 27
100 497
100 1044
100 174
100 146
100 399
100 928
100 61
100 652
100 2007
100 142
100 461
100 453
100 2575
100 4
100 360
100 149
100 451
100 273
100 478
100 284
100 835
100 339
100 35
100 265
100 37
100 109
100 13
100 1142
100 46
100 308
100 662
100 211
100 207
100 382
100 17
100 373
100 337
100 400
100 210
100 224
100 581
100 347
100 21
100 1073
100 360
100 263
100 750
100 356
100 493
100 214
100 760
100 184
100 1180
100 35
100 392
100 2058
100 57
100 927
100 119
100 1726
100 901
100 36
100 1726
100 481
100 569
100 129
100 194
100 19
100 471
100 667
100 890
100 348
100 90
100 1153
100 518
100 78
100 463
100 1249
100 925
100 212
100 1271
100 261
100 534
100 790
100 136
100 131
100 1154
100 646
100 256
100 57
100 85
100 1021
100 1719
100 325
100 338
100 155
100 85
100 188
100 311
100 904
100 1450
100 318
100 1647
100 141
100 390
100 1781
100 361
100 199
100 83
100 90
100 494
100 227
100 133
100 233
100 440
100 1069
100 139
100 804
100 670
100 831
100 593
100 399
100 1300
100 342
100 1003
100 1352
100 1045
100 1047
100 42
100 135
100 2312
100 284
100 220
100 550
100 558
100 727
100 586
100 289
100 1310
100 182
100 65
100 188
100 1592
100 1507
100 13
100 554
100 1287
100 452
100 312
100 1995
100 464
100 184
100 3
100 363
100 19
100 176
100 502
100 52
100 51
100 194
100 335
100 591
100 237
100 1107
100 105
100 137
100 777
100 115
100 339
100 1604
100 941
100 1388
100 44
100 57
100 1462
100 780
100 173
100 344
100 485
100 1038
100 3501
100 1851
100 39
100 126
100 190
100 287
100 1240
100 778
100 1299
100 102
100 844
100 96
100 116
100 2970
100 127
100 227
100 1114
100 52
100 1661
100 79
100 456
100 234
100 180
100 52
100 322
100 43
100 1759
100 22
100 17
100 185
100 23
100 722
100 2566
100 372
100 288
100 399
100 734
100 31
100 11
100 1107
100 183
100 1040
100 922
100 576
100 336
100 1848
100 1909
100 185
100 68
100 796
100 111
100 705
100 13
100 1313
100 1617
100 1627
100 607
100 274
100 1264
100 1648
100 417
100 977
100 710
100 448
100 283
100 394
100 263
100 870
100 255
100 346
100 1669
100 803
100 9
100 1002
100 461
100 43
100 339
100 1205
100 55
100 1255
100 1406
100 3301
100 53
100 629
100 131
100 393
100 155
100 627
100 3369
100 109
100 46
100 774
100 423
100 343
100 1054
100 411
100 1244
100 460
100 8
100 1251
100 1721
100 528
100 1203
100 370
100 193
100 138
100 320
100 460
100 386
100 375
100 1026
100 25
100 779
100 399
100 846
100 521
100 228
100 675
100 1000
100 1083
100 1423
100 546
100 988
100 2128
100 341
100 253
100 187
100 374
100 1
100 126
100 1751
100 23
100 311
100 221
100 966
100 671
100 1270
100 1298
100 864
100 386
100 257
100 93
100 1911
100 655
100 496
100 599
100 1046
100 100
100 311
100 806
100 98
100 157
100 171
100 318
100 77
100 345
100 538
100 1567
100 229
100 755
100 77
100 281
100 592
100 419
100 66
100 1278
100 1231
100 931
100 399
100 447
100 1742
100 296
100 238
100 136
100 1302
100 323
100 442
100 775
100 24
100 62
100 1754
100 687
100 141
100 254
100 178
100 612
100 58
100 902
100 932
100 308
100 1451
100 847
100 447
100 320
100 81
100 1659
100 1376
100 9
100 0
100 835
100 189
100 326
100 1335
100 250
100 322
100 118
100 102
100 971
100 201
100 809
100 83
100 393
100 232
100 183
100 276
100 257
100 1128
100 309
100 110
100 35
100 369
100 555
100 515
100 880
100 256
100 1279
100 185
100 663
100 304
100 156
100 2178
100 8
100 187
100 33
100 1158
100 2269
100 1856
100 157
100 395
100 356
100 113
100 194
100 162
100 293
100 52
100 1550
100 645
100 1096
100 1607
100 1091
100 158
100 15
100 1130
100 485
100 453
100 278
100 605
100 288
100 53
100 479
100 105
100 889
100 35
100 3
100 614
100 877
100 797
100 1003
100 1457
100 263
100 121
100 434
100 206
100 754
100 211
100 524
100 71
100 113
100 394
100 11
100 13
100 110
100 894
100 2175
100 346
100 30
100 103
100 1310
100 488
100 425
100 54
100 219
100 1348
100 315
100 1127
100 6
100 13
100 37
100 216
100 579
100 1225
100 946
100 529
100 860
100 172
100 845
100 89
100 616
100 511
100 1302
100 1795
100 653
100 423
100 207
100 291
100 1022
100 287
100 104
100 1242
100 555
100 763
100 149
100 486
100 234
100 1540
100 58
100 1324
100 16
100 701
100 1798
100 270
100 913
100 79
100 225
100 104
100 98
100 323
100 342
100 567
100 159
100 1948
100 162
100 707
100 289
100 1757
100 287
100 752
100 778
100 986
100 533
100 1768
100 2083
100 58
100 393
100 487
100 453
100 366
100 97
100 952
100 134
100 107
100 425
100 255
100 1918
100 790
100 301
100 39
100 34
100 212
100 1295
100 238
100 1643
100 34
100 96
100 413
100 62
100 2181
100 602
100 380
100 362
100 636
100 1370
100 38
100 240
100 2046
100 888
100 91
100 1387
100 971
100 2856
100 383
100 287
100 143
100 153
100 196
100 184
100 236
100 881
100 974
100 1121
100 28
100 860
100 1096
100 426
100 552
100 444
100 649
100 813
100 485
100 485
100 831
100 327
100 131
100 133
100 852
100 955
100 928
100 186
100 127
100 115
100 84
100 5
100 132
100 277
100 20
100 31
100 880
100 173
100 970
100 65
100 3411
100 1916
100 1225
100 30
100 1528
100 150
100 267
100 367
100 200
100 231
100 265
100 419
100 324
100 181
100 2067
100 928
100 273
100 316
100 348
100 436
100 1022
100 1041
100 1287
100 669
100 903
100 471
100 82
100 68
100 198
100 96
100 759
100 1288
100 888
100 93
100 917
100 289
100 900
100 1191
100 308
100 1037
100 5
100 2442
100 24
100 130
100 639
100 390
100 528
100 1985
100 328
100 160
100 1962
100 212
100 716
100 744
100 730
100 221
100 399
100 1489
100 1352
100 558
100 52
100 529
100 191
100 24
100 217
100 133
100 612
100 590
100 75
100 579
100 536
100 285
100 1968
100 117
100 550
100 136
100 808
100 181
100 1665
100 841
100 469
100 424
100 154
100 485
100 415
100 172
100 50
100 1449
100 0
100 976
100 136
100 961
100 574
100 3088
100 162
100 268
100 1213
100 26
100 848
100 548
100 28
100 641
100 3924
100 615
100 71
100 1731
100 347
100 359
100 435
100 1594
100 101
100 1555
100 475
100 42
100 385
100 58
100 229
100 54
100 88
100 204
100 1635
100 312
100 44
100 210
100 478
100 31
100 163
100 485
100 384
100 621
100 640
100 497
100 491
100 101
100 548
100 17
100 187
100 200
100 61
100 853
100 131
100 1070
100 414
100 717
100 509
100 530
100 2211
100 305
100 168
100 1010
100 854
100 546
100 2419
100 793
100 1246
100 504
100 226
100 1540
100 77
100 689
100 63
100 13
100 48
100 548
100 244
100 573
100 694
100 1344
100 433
100 952
100 1139
100 69
100 578
100 215
100 447
100 157
100 1677
100 1021
100 122
100 113
100 1757
100 1523
100 170
100 691
100 2222
100 85
100 346
100 1044
100 264
100 474
100 126
100 283
100 284
100 433
100 271
100 1088
100 31
100 245
100 426
100 198
100 740
100 185
100 425
100 620
100 289
100 12
100 515
100 208
100 434
100 332
100 2
100 578
100 184
100 700
100 1101
100 895
100 713
100 2034
100 287
100 3
100 882
100 880
100 21
100 91
100 979
100 409
100 760
100 36
100 194
100 42
100 76
100 1475
100 101
100 665
100 1845
100 279
100 63
100 77
100 567
100 986
100 2132
100 329
100 1905
100 57
100 1384
100 237
100 436
100 214
100 631
100 450
100 1962
100 453
100 82
100 516
100 1871
100 109
100 842
100 201
100 511
100 724
100 1742
100 1046
100 156
100 723
100 93
100 409
100 174
100 162
100 1278
100 229
100 910
100 1112
100 660
100 10
100 129
100 102
100 700
100 297
100 2
100 313
100 417
100 969
100 90
100 1099
100 164
100 343
100 137
100 280
100 598
100 66
100 1000
100 543
100 978
100 452
100 1029
100 627
100 1291
100 80
100 678
100 862
100 1044
100 26
100 474
100 1314
100 113
100 599
100 248
100 539
100 2887
100 543
100 1290
100 713
100 372
100 332
100 602
100 1669
100 734
100 535
100 1870
100 350
100 1493
100 163
100 233
100 992
100 499
100 57
100 657
100 23
100 160
100 1630
100 119
100 48
100 1035
100 1019
100 87
100 471
100 2015
100 57
100 1341
100 884
100 140
100 342
100 322
100 107
100 114
100 1052
100 851
100 509
100 148
100 51
100 521
100 1898
100 974
100 412
100 553
100 300
100 732
100 482
100 1665
100 54
100 2625
100 721
100 15
100 283
100 407
100 16
100 73
100 687
100 104
100 1942
100 104
100 536
100 62
100 1573
100 304
100 80
100 728
100 1
100 1240
100 84
100 2
100 145
100 141
100 774
100 70
100 266
100 1541
100 244
100 699
100 898
100 205
100 198
100 1350
100 117
100 909
100 442
100 108
100 201
100 405
100 508
100 126
100 744
100 368
100 682
100 427
100 938
100 714
100 531
100 12
100 653
100 1133
100 593
100 947
100 761
100 1139
100 1356
100 217
100 484
100 692
100 301
100 236
100 60
100 836
100 171
100 196
100 117
100 140
100 770
100 802
100 405
100 394
100 401
100 253
100 1452
100 1339
100 1277
100 209
100 785
100 20
100 382
100 809
100 195
100 69
100 429
100 425
100 678
100 35
100 1371
100 363
100 271
100 515
100 56
100 210
100 2830
100 735
100 162
100 274
100 121
100 766
100 333
100 1033
100 60
100 181
100 273
100 949
100 364
100 323
100 1122
100 108
100 318
100 189
100 176
100 590
100 1224
100 639
100 402
100 175
100 336
100 608
100 93
100 366
100 268
100 305
100 111
100 102
100 2071
100 147
100 378
100 210
100 165
100 28
100 1884
100 466
100 280
100 274
100 59
100 130
100 420
100 717
100 123
100 338
100 588
100 1868
100 19
100 605
100 804
100 62
100 749
100 407
100 948
100 654
100 725
100 590
100 510
100 214
100 656
100 904
100 568
100 268
100 545
100 12
100 3052
100 379
100 5
100 96
100 58
100 677
100 58
100 1573
100 64
100 1698
100 3
100 700
100 1301
100 217
100 403
100 1617
100 306
100 1207
100 386
100 326
100 372
100 356
100 352
100 995
100 636
100 375
100 864
100 1489
100 94
100 780
100 492
100 121
100 423
100 970
100 1158
100 748
100 1899
100 4953
100 854
100 240
100 4313
100 552
100 631
100 42
100 56
100 664
100 778
100 157
100 1022
100 661
100 302
100 92
100 89
100 1034
100 134
100 1137
100 624
100 1380
100 301
100 361
100 47
100 103
100 441
100 1123
100 329
100 811
100 154
100 57
100 2744
100 748
100 1961
100 341
100 315
100 435
100 1414
100 1920
100 103
100 487
100 196
100 70
100 1149
100 110
100 381
100 448
100 392
100 380
100 520
100 324
100 140
100 131
100 68
100 57
100 268
100 782
100 119
100 220
100 71
100 550
100 724
100 594
100 1270
100 536
100 1798
100 553
100 1016
100 213
100 503
100 48
100 513
100 1792
100 396
100 428
100 574
100 571
100 636
100 942
100 262
100 706
100 740
100 1478
100 205
100 23
100 267
100 367
100 102
100 39
100 89
100 2637
100 714
100 79
100 60
100 409
100 329
100 458
100 1049
100 118
100 172
100 980
100 386
100 427
100 677
100 1322
100 270
100 1133
100 469
100 1210
100 314
100 1131
100 2331
100 1211
100 474
100 201
100 592
100 103
100 384
100 159
100 235
100 788
100 385
100 93
100 142
100 678
100 200
100 161
100 510
100 127
100 512
100 1809
100 1665
100 1263
100 6
100 596
100 581
100 13
100 1488
100 862
100 413
100 462
100 838
100 52
100 497
100 397
100 307
100 622
100 153
100 1045
100 568
100 686
100 104
100 1170
100 3280
100 821
100 733
100 835
100 12
100 7
100 103
100 55
100 419
100 994
100 451
100 380
100 1024
100 445
100 124
100 883
100 250
100 565
100 1017
100 47
100 68
100 413
100 875
100 4
100 234
100 10
100 95
100 303
100 11
100 411
100 201
100 299
100 185
100 225
100 117
100 617
100 758
100 282
100 275
100 2394
100 158
100 202
100 196
100 425
100 1591
100 880
100 789
100 3
100 732
100 926
100 701
100 144
100 81
100 444
100 40
100 1072
100 263
100 1005
100 515
100 1051
100 323
100 545
100 883
100 9
100 265
100 19
100 111
100 735
100 277
100 96
100 545
100 671
100 943
100 1255
100 873
100 235
100 376
100 1296
100 1272
100 119
100 1369
100 2457
100 84
100 1241
100 95
100 1247
100 582
100 426
100 240
100 967
100 1705
100 1073
100 27
100 643
100 338
100 606
100 2314
100 60
100 182
100 860
100 169
100 216
100 419
100 540
100 89
100 735
100 1297
100 201
100 657
100 761
100 163
100 1161
100 129
100 75
100 873
100 297
100 443
100 833
100 290
100 683
100 173
100 21
100 86
100 1331
100 1005
100 115
100 430
100 233
100 189
100 1095
100 92
100 850
100 76
100 142
100 867
100 582
100 98
100 306
100 242
100 672
100 565
100 307
100 1302
100 366
100 386
100 187
100 459
100 206
100 176
100 507
100 225
100 1045
100 726
100 690
100 684
100 794
100 739
100 4
100 137
100 830
100 1
100 1531
100 992
100 530
100 760
100 606
100 817
100 728
100 2014
100 579
100 130
100 1758
100 309
100 267
100 393
100 188
100 370
100 96
100 1525
100 1684
100 396
100 1530
100 32
100 965
100 83
100 780
100 12
100 478
100 7
100 554
100 2025
100 227
100 1904
100 989
100 587
100 1578
100 255
100 123
100 560
100 277
100 1272
100 64
100 336
100 1156
100 1173
100 373
100 225
100 191
100 1164
100 300
100 787
100 712
100 546
100 1036
100 1532
100 840
100 23
100 1917
100 773
100 2896
100 1142
100 1070
100 389
100 1052
100 245
100 1867
100 796
100 861
100 244
100 439
100 188
100 316
100 155
100 129
100 79
100 44
100 18
100 1494
100 165
100 490
100 375
100 1355
100 513
100 1007
100 1100
100 276
100 346
100 574
100 379
100 244
100 714
100 948
100 96
100 479
100 223
100 84
100 98
100 184
100 63
100 693
100 1874
100 111
100 218
100 32
100 776
100 638
100 517
100 881
100 538
100 108
100 2236
100 92
100 211
100 89
100 1284
100 104
100 1277
100 47
100 59
100 105
100 596
100 149
100 697
100 188
100 66
100 512
100 390
100 799
100 522
100 301
100 646
100 2354
100 784
100 1
100 198
100 265
100 898
100 213
100 327
100 446
100 216
100 848
100 615
100 256
100 734
100 43
100 862
100 84
100 254
100 336
100 418
100 919
100 147
100 382
100 474
100 212
100 829
100 1492
100 17
100 1077
100 231
100 726
100 257
100 98
100 846
100 332
100 1480
100 1562
100 449
100 109
100 382
100 278
100 413
100 1391
100 502
100 9
100 68
100 149
100 690
100 383
100 449
100 43
100 1547
100 125
100 684
100 192
100 667
100 90
100 565
100 780
100 74
100 26
100 607
100 98
100 284
100 10
100 15
100 1160
100 1122
100 116
100 632
100 1243
100 965
100 860
100 105
100 847
100 387
100 230
100 407
100 408
100 371
100 79
100 42
100 371
100 62
100 500
100 4
100 2117
100 694
100 52
100 1076
100 1723
100 933
100 1072
100 1511
100 374
100 1034
100 416
100 34
100 22
100 975
100 492
100 599
100 558
100 1990
100 1208
100 437
100 562
100 5
100 2014
100 255
100 1439
100 467
100 3000
100 1008
100 108
100 339
100 1918
100 32
100 395
100 418
100 417
100 923
100 1873
100 343
100 574
100 626
100 328
100 231
100 97
100 833
100 198
100 1479
100 87
100 2174
100 197
100 90
100 1334
100 475
100 257
100 2211
100 247
100 458
100 131
100 616
100 637
100 969
100 77
100 2
100 251
100 332
100 40
100 812
100 218
100 635
100 1015
100 806
100 1935
100 97
100 84
100 475
100 307
100 995
100 339
100 28
100 162
100 687
100 19
100 1733
100 1074
100 328
100 766
100 1282
100 49
100 637
100 2244
100 239
100 331
100 1850
100 27
100 471
100 119
100 105
100 206
100 198
100 177
100 1587
100 3764
100 1333
100 929
100 162
100 117
100 200
100 49
100 1458
100 44
100 701
100 146
100 1397
100 241
100 1380
100 1131
100 1675
100 112
100 619
100 213
100 1058
100 908
100 1040
100 962
100 70
100 139
100 39
100 820
100 542
100 11
100 430
100 604
100 1528
100 1208
100 59
100 65
100 474
100 238
100 482
100 199
100 17
100 207
100 572
100 249
100 111
100 231
100 567
100 318
100 468
100 539
100 1164
100 210
100 868
100 1472
100 503
100 1477
100 1810
100 515
100 282
100 865
100 302
100 1304
100 185
100 202
100 195
100 1341
100 667
100 314
100 2568
100 1036
100 577
100 97
100 742
100 1304
100 197
100 1203
100 537
100 116
100 38
100 1008
100 94
100 648
100 100
100 803
100 498
100 210
100 388
100 1149
100 222
100 211
100 122
100 721
100 967
100 521
100 1487
100 316
100 1064
100 32
100 33
100 56
100 894
100 443
100 725
100 743
100 227
100 574
100 99
100 1002
100 86
100 126
100 119
100 1076
100 1478
100 1157
100 1397
100 344
100 298
100 370
100 290
100 807
100 195
100 874
100 1078
100 237
100 239
100 521
100 767
100 17
100 1113
100 55
100 337
100 493
100 336
100 478
100 1221
100 371
100 434
100 203
100 3015
100 981
100 566
100 24
100 765
100 332
100 2275
100 597
100 564
100 270
100 877
100 191
100 655
100 192
100 800
100 512
100 866
100 2008
100 1686
100 146
100 700
100 347
100 676
100 1492
100 404
100 332
100 744
100 1119
100 74
100 239
100 75
100 906
100 195
100 824
100 934
100 396
100 2303
100 190
100 241
100 29
100 1900
100 347
100 541
100 93
100 66
100 167
100 294
100 301
100 1650
100 2067
100 712
100 22
100 81
100 689
100 585
100 935
100 1079
100 274
100 122
100 1362
100 1170
100 934
100 195
100 720
100 186
100 582
100 127
100 320
100 3516
100 581
100 1133
100 301
100 153
100 1407
100 492
100 2311
100 257
100 543
100 57
100 792
100 721
100 167
100 430
100 414
100 843
100 675
100 249
100 315
100 11
100 58
100 639
100 407
100 323
100 103
100 1439
100 1423
100 312
100 64
100 467
100 2446
100 197
100 180
100 236
100 512
100 1036
100 154
100 4
100 824
100 493
100 2009
100 183
100 209
100 541
100 875
100 307
100 117
100 8
100 358
100 191
100 315
100 1427
100 437
100 927
100 46
100 238
100 49
100 210
100 535
100 154
100 357
100 775
100 159
100 345
100 1063
100 1073
100 312
100 643
100 529
100 2152
100 1093
100 253
100 483
100 330
100 1637
100 170
100 276
100 860
100 173
100 17
100 500
100 232
100 877
100 56
100 86
100 327
100 1795
100 315
100 1038
100 191
100 355
100 8
100 357
100 921
100 694
100 477
100 792
100 745
100 112
100 518
100 1171
100 2074
100 1687
100 295
100 174
100 155
100 420
100 1069
100 267
100 442
100 2959
100 116
100 118
100 488
100 910
100 809
100 340
100 930
100 419
100 184
100 104
100 58
100 550
100 510
100 1058
100 120
100 21
100 1025
100 2024
100 1885
100 121
100 126
100 1048
100 915
100 314
100 59
100 666
100 207
100 62
100 191
100 1820
100 4095
100 743
100 58
100 414
100 144
100 262
100 1223
100 196
100 486
100 708
100 12
100 239
100 71
100 213
100 1450
100 1225
100 378
100 151
100 301
100 255
100 248
100 7
100 345
100 569
100 1272
100 518
100 284
100 125
100 282
100 592
100 517
100 336
100 136
100 272
100 160
100 620
100 216
100 36
100 341
100 479
100 473
100 2478
100 225
100 306
100 101
100 1505
100 1142
100 538
100 867
100 3624
100 9
100 283
100 615
100 836
100 270
100 1017
100 1618
100 1476
100 322
100 114
100 225
100 472
100 315
100 216
100 637
100 606
100 1376
100 964
100 174
100 300
100 649
100 1216
100 130
100 221
100 366
100 17
100 227
100 79
100 192
100 170
100 1046
100 532
100 55
100 57
100 2053
100 719
100 301
100 551
100 442
100 236
100 130
100 32
100 765
100 1161
100 123
100 83
100 192
100 56
100 21
100 555
100 299
100 988
100 1149
100 2730
100 568
100 34
100 927
100 432
100 297
100 319
100 1306
100 451
100 476
100 69
100 368
100 143
100 805
100 1378
100 634
100 266
100 695
100 410
100 332
100 69
100 1165
100 120
100 157
100 644
100 409
100 666
100 752
100 1370
100 1375
100 1162
100 2210
100 313
100 395
100 103
100 528
100 1051
100 1179
100 998
100 1123
100 74
100 68
100 1054
100 614
100 488
100 450
100 116
100 352
100 657
100 595
100 29
100 99
100 156
100 138
100 188
100 269
100 314
100 292
100 5079
100 631
100 19
100 776
100 2348
100 18
100 9
100 637
100 221
100 358
100 2569
100 292
100 584
100 2593
100 584
100 319
100 550
100 12
100 174
100 485
100 153
100 730
100 277
100 841
100 108
100 691
100 1116
100 419
100 701
100 167
100 422
100 141
100 1445
100 817
100 111
100 270
100 729
100 694
100 2003
100 777
100 825
100 18
100 748
100 533
100 432
100 344
100 2533
100 1433
100 261
100 80
100 12
100 873
100 337
100 295
100 1127
100 435
100 755
100 1410
100 43
100 1443
100 398
100 710
100 191
100 1608
100 77
100 133
100 614
100 58
100 74
100 555
100 338
100 754
100 750
100 531
100 906
100 214
100 352
100 471
100 285
100 3135
100 328
100 345
100 339
100 176
100 610
100 214
100 176
100 726
100 244
100 361
100 711
100 571
100 2540
100 411
100 663
100 374
100 1450
100 946
100 55
100 829
100 599
100 215
100 514
100 825
100 1945
100 837
100 72
100 562
100 881
100 73
100 161
100 2408
100 114
100 1366
100 14
100 1262
100 153
100 2377
100 601
100 1649
100 547
100 194
100 1385
100 470
100 497
100 388
100 4
100 738
100 99
100 28
100 1121
100 1900
100 429
100 78
100 771
100 31
100 250
100 430
100 908
100 1661
100 419
100 166
100 985
100 864
100 1748
100 545
100 1735
100 897
100 413
100 1912
100 63
100 27
100 58
100 1627
100 7
100 1569
100 582
100 1870
100 825
100 654
100 321
100 23
100 813
100 71
100 401
100 1476
100 676
100 706
100 1462
100 298
100 1712
100 618
100 145
100 2
100 214
100 867
100 1689
100 1235
100 385
100 322
100 719
100 253
100 1232
100 194
100 40
100 45
100 734
100 1364
100 568
100 1977
100 1215
100 428
100 247
100 118
100 1272
100 17
100 1501
100 1385
100 1091
100 463
100 451
100 2937
100 856
100 75
100 1640
100 25
100 1098
100 1320
100 571
100 0
100 37
100 18
100 469
100 622
100 1631
100 103
100 992
100 1966
100 137
100 1518
100 439
100 49
100 166
100 391
100 244
100 243
100 85
100 33
100 2117
100 1465
100 1425
100 581
100 296
100 246
100 349
100 215
100 190
100 526
100 1520
100 595
100 380
100 3622
100 599
100 934
100 570
100 869
100 642
100 486
100 642
100 192
100 444
100 21
100 413
100 16
100 2340
100 270
100 973
100 513
100 58
100 492
100 701
100 55
100 1036
100 218
100 107
100 565
100 77
100 1721
100 115
100 1184
100 2542
100 127
100 126
100 1933
100 1470
100 831
100 241
100 1376
100 705
100 1177
100 28
100 38
100 289
100 277
100 604
100 202
100 974
100 2331
100 3070
100 0
100 136
100 16
100 447
100 18
100 416
100 555
100 2210
100 2178
100 144
100 86
100 64
100 176
100 279
100 809
100 454
100 877
100 131
100 359
100 802
100 1519
100 1368
100 562
100 495
100 285
100 701
100 175
100 982
100 571
100 630
100 137
100 900
100 360
100 221
100 444
100 742
100 876
100 527
100 1438
100 695
100 367
100 1290
100 163
100 588
100 109
100 736
100 545
100 1135
100 826
100 161
100 911
100 106
100 673
100 431
100 78
100 1999
100 1063
100 242
100 151
100 54
100 174
100 622
100 34
100 370
100 858
100 1904
100 119
100 662
100 361
100 1031
100 22
100 71
100 1343
100 693
100 90
100 435
100 390
100 123
100 830
100 7
100 284
100 1381
100 2
100 82
100 994
100 249
100 676
100 32
100 287
100 162
100 450
100 111
100 89
100 571
100 2073
100 926
100 491
100 301
100 271
100 5
100 6
100 713
100 183
100 51
100 527
100 807
100 245
100 724
100 414
100 475
100 743
100 842
100 716
100 554
100 1383
100 181
100 286
100 44
100 1439
100 107
100 523
100 501
100 28
100 232
100 94
100 337
100 1646
100 107
100 524
100 414
100 152
100 489
100 97
100 286
100 147
100 775
100 326
100 1405
100 676
100 96
100 412
100 91
100 178
100 181
100 831
100 315
100 291
100 253
100 155
100 124
100 648
100 2801
100 19
100 26
100 1158
100 462
100 26
100 139
100 395
100 3169
100 9
100 2644
100 89
100 313
100 252
100 1278
100 71
100 382
100 1066
100 684
100 209
100 361
100 867
100 670
100 898
100 879
100 59
100 2106
100 1440
100 234
100 440
100 534
100 522
100 88
100 789
100 739
100 1219
100 840
100 20
100 187
100 742
100 344
100 2060
100 443
100 1523
100 544
100 72
100 795
100 885
100 1599
100 487
100 399
100 569
100 460
100 524
100 13
100 1768
100 283
100 52
100 201
100 1233
100 27
100 16
100 599
100 54
100 68
100 972
100 423
100 482
100 13
100 223
100 1092
100 384
100 286
100 829
100 418
100 833
100 278
100 396
100 168
100 218
100 110
100 288
100 651
100 40
100 905
100 400
100 291
100 254
100 651
100 1333
100 79
100 934
100 436
100 721
100 509
100 228
100 156
100 1659
100 221
100 1475
100 782
100 141
100 1190
100 527
100 620
100 580
100 2732
100 195
100 1217
100 4
100 249
100 800
100 32
100 479
100 464
100 113
100 398
100 274
100 522
100 1213
100 458
100 767
100 53
100 28
100 1249
100 430
100 328
100 933
100 1426
100 447
100 295
100 19
100 838
100 528
100 1344
100 230
100 1732
100 1727
100 122
100 24
100 309
100 361
100 423
100 285
100 1661
100 455
100 315
100 393
100 3025
100 919
100 555
100 4
100 1341
100 835
100 165
100 194
100 33
100 740
100 1516
100 2268
100 454
100 448
100 129
100 954
100 300
100 152
100 142
100 16
100 360
100 1416
100 816
100 703
100 224
100 323
100 1218
100 806
100 642
100 267
100 263
100 414
100 606
100 308
100 717
100 3596
100 61
100 727
100 76
100 1
100 682
100 352
100 335
100 734
100 325
100 516
100 2572
100 81
100 1182
100 113
100 319
100 386
100 299
100 479
100 623
100 38
100 1330
100 703
100 590
100 1270
100 732
100 147
100 538
100 894
100 655
100 108
100 376
100 640
100 490
100 784
100 211
100 204
100 105
100 54
100 150
100 965
100 468
100 1197
100 321
100 585
100 201
100 1009
100 114
100 1497
100 2018
100 1277
100 206
100 2123
100 841
100 290
100 668
100 100
100 153
100 160
100 78
100 123
100 211
100 907
100 29
100 570
100 2118
100 475
100 180
100 608
100 90
100 68
100 39
100 90
100 150
100 275
100 503
100 2395
100 705
100 719
100 1527
100 480
100 533
100 669
100 399
100 331
100 358
100 1012
100 246
100 698
100 239
100 435
100 666
100 156
100 268
100 429
100 793
100 264
100 390
100 1196
100 1406
100 467
100 85
100 732
100 1099
100 398
100 252
100 379
100 606
100 635
100 1008
100 412
100 3047
100 1865
100 33
100 625
100 444
100 798
100 706
100 1836
100 234
100 261
100 492
100 538
100 620
100 21
100 221
100 248
100 1119
100 144
100 190
100 326
100 35
100 1256
100 160
100 209
100 206
100 375
100 19
100 195
100 94
100 1375
100 420
100 683
100 90
100 617
100 137
100 141
100 678
100 113
100 78
100 429
100 333
100 624
100 570
100 215
100 736
100 33
100 1028
100 1173
100 957
100 45
100 1005
100 1071
100 116
100 257
100 398
100 286
100 403
100 838
100 154
100 97
100 190
100 760
100 24
100 721
100 1736
100 118
100 594
100 8
100 339
100 427
100 678
100 44
100 49
100 465
100 881
100 144
100 187
100 587
100 456
100 99
100 103
100 289
100 15
100 334
100 528
100 44
100 118
100 190
100 409
100 395
100 113
100 236
100 178
100 75
100 2297
100 361
100 131
100 27
100 682
100 60
100 1233
100 246
100 149
100 18
100 220
100 1091
100 976
100 1273
100 61
100 759
100 1360
100 103
100 397
100 1205
100 226
100 114
100 333
100 1871
100 52
100 127
100 785
100 153
100 816
100 1490
100 480
100 2131
100 204
100 137
100 26
100 220
100 7
100 1148
100 331
100 2705
100 412
100 1214
100 156
100 624
100 1496
100 610
100 635
100 111
100 295
100 215
100 541
100 595
100 213
100 1421
100 419
100 500
100 385
100 12
100 1387
100 868
100 342
100 103
100 57
100 1021
100 37
100 870
100 1367
100 342
100 30
100 997
100 454
100 446
100 958
100 1732
100 1576
100 157
100 142
100 582
100 1280
100 395
100 1996
100 713
100 47
100 387
100 266
100 1238
100 300
100 141
100 1906
100 428
100 610
100 2199
100 131
100 359
100 67
100 180
100 1536
100 113
100 701
100 990
100 1739
100 546
100 68
100 50
100 88
100 4
100 96
100 1637
100 1049
100 874
100 312
100 25
100 465
100 803
100 397
100 231
100 384
100 807
100 243
100 60
100 353
100 688
100 884
100 328
100 2234
100 57
100 665
100 200
100 786
100 655
100 14
100 611
100 340
100 1930
100 129
100 23
100 302
100 963
100 146
100 125
100 809
100 467
100 336
100 114
100 122
100 1573
100 212
100 42
100 2479
100 417
100 88
100 1370
100 397
100 77
100 387
100 856
100 760
100 196
100 112
100 1881
100 74
100 694
100 147
100 42
100 19
100 1516
100 1479
100 945
100 243
100 307
100 341
100 395
100 51
100 204
100 96
100 203
100 2142
100 5
100 1765
100 353
100 1839
100 12
100 115
100 122
100 534
100 563
100 194
100 199
100 120
100 262
100 1103
100 774
100 563
100 223
100 229
100 272
100 521
100 138
100 660
100 1009
100 969
100 217
100 456
100 1023
100 107
100 2649
100 942
100 632
100 469
100 116
100 699
100 527
100 478
100 760
100 1920
100 551
100 157
100 1085
100 1330
100 1490
100 603
100 1228
100 52
100 900
100 307
100 205
100 69
100 556
100 1553
100 82
100 267
100 211
100 508
100 535
100 54
100 298
100 880
100 434
100 901
100 291
100 125
100 331
100 88
100 920
100 13
100 1054
100 695
100 116
100 387
100 1849
100 408
100 738
100 131
100 513
100 907
100 24
100 18
100 638
100 427
100 36
100 362
100 38
100 1480
100 47
100 776
100 818
100 153
100 179
100 152
100 1379
100 62
100 54
100 45
100 158
100 612
100 2326
100 182
100 1520
100 614
100 46
100 872
100 161
100 801
100 150
100 376
100 418
100 1930
100 914
100 119
100 1930
100 1064
100 95
100 305
100 27
100 376
100 181
100 1642
100 413
100 1012
100 1732
100 453
100 914
100 788
100 1522
100 831
100 1842
100 177
100 516
100 94
100 344
100 1074
100 307
100 856
100 2081
100 775
100 36
100 515
100 127
100 31
100 1081
100 1058
100 711
100 241
100 497
100 316
100 1074
100 1248
100 323
100 399
100 628
100 122
100 1034
100 189
100 1222
100 28
100 175
100 29
100 339
100 120
100 571
100 209
100 506
100 996
100 381
100 401
100 239
100 31
100 886
100 1106
100 4
100 261
100 133
100 510
100 2
100 708
100 81
100 497
100 346
100 343
100 27
100 2073
100 1246
100 840
100 20
100 228
100 679
100 363
100 210
100 543
100 917
100 372
100 1469
100 76
100 211
100 1292
100 748
100 970
100 513
100 518
100 979
100 784
100 821
100 1988
100 166
100 3
100 404
100 227
100 819
100 1269
100 541
100 242
100 1298
100 212
100 539
100 913
100 828
100 627
100 102
100 764
100 653
100 242
100 1086
100 767
100 209
100 459
100 194
100 189
100 544
100 399
100 57
100 59
100 438
100 852
100 737
100 68
100 75
100 506
100 335
100 790
100 1743
100 960
100 2049
100 225
100 1997
100 775
100 16
100 176
100 2178
100 654
100 311
100 220
100 80
100 1334
100 1109
100 457
100 1258
100 319
100 251
100 2527
100 1190
100 166
100 575
100 446
100 807
100 443
100 54
100 77
100 81
100 51
100 2047
100 596
100 686
100 1467
100 543
100 961
100 22
100 1012
100 179
100 622
100 256
100 1229
100 1102
100 590
100 760
100 275
100 1024
100 590
100 286
100 11
100 25
100 339
100 337
100 117
100 604
100 962
100 1149
100 470
100 2128
100 705
100 1014
100 84
100 795
100 110
100 556
100 603
100 201
100 52
100 723
100 1954
100 1889
100 192
100 246
100 378
100 345
100 760
100 1774
100 662
100 212
100 753
100 44
100 1423
100 352
100 107
100 313
100 181
100 1435
100 1227
100 854
100 1664
100 90
100 224
100 316
100 263
100 397
100 1074
100 221
100 355
100 599
100 237
100 127
100 2009
100 67
100 335
100 388
100 768
100 9
100 1714
100 763
100 1531
100 228
100 2042
100 137
100 211
100 367
100 425
100 586
100 285
100 10
100 93
100 265
100 572
100 162
100 348
100 551
100 854
100 672
100 155
100 991
100 452
100 940
100 1125
100 281
100 131
100 976
100 889
100 47
100 962
100 75
100 310
100 408
100 276
100 168
100 257
100 960
100 168
100 332
100 315
100 628
100 228
100 163
100 655
100 1614
100 1670
100 869
100 537
100 254
100 96
100 767
100 562
100 53
100 496
100 233
100 1676
100 910
100 118
100 229
100 423
100 315
100 949
100 894
100 392
100 424
100 449
100 116
100 1069
100 267
100 641
100 435
100 229
100 422
100 239
100 650
100 296
100 202
100 406
100 200
100 507
100 367
100 27
100 484
100 469
100 1135
100 362
100 714
100 326
100 870
100 211
100 60
100 128
100 12
100 245
100 468
100 519
100 206
100 251
100 42
100 377
100 161
100 282
100 198
100 1314
100 557
100 256
100 426
100 434
100 1099
100 422
100 1187
100 907
100 411
100 1593
100 988
100 53
100 100
100 172
100 301
100 698
100 1737
100 156
100 236
100 355
100 190
100 1483
100 294
100 5
100 264
100 1250
100 147
100 1913
100 224
100 1117
100 179
100 475
100 631
100 580
100 16
100 48
100 1920
100 41
100 611
100 589
100 265
100 509
100 1810
100 24
100 288
100 1566
100 6
100 215
100 953
100 365
100 101
100 40
100 511
100 566
100 653
100 39
100 3358
100 134
100 1041
100 166
100 253
100 690
100 112
100 781
100 453
100 890
100 576
100 145
100 84
100 2143
100 938
100 2686
100 101
100 895
100 71
100 294
100 803
100 1072
100 410
100 682
100 198
100 917
100 382
100 2346
100 280
100 534
100 227
100 592
100 555
100 136
100 77
100 413
100 144
100 880
100 0
100 540
100 258
100 386
100 291
100 1113
100 1732
100 253
100 116
100 479
100 1076
100 931
100 1087
100 1527
100 789
100 636
100 946
100 127
100 188
100 1288
100 710
100 362
100 258
100 112
100 775
100 981
100 1585
100 16
100 331
100 322
100 138
100 420
100 220
100 1418
100 488
100 340
100 465
100 431
100 159
100 192
100 328
100 889
100 1245
100 519
100 44
100 109
100 1617
100 1951
100 395
100 277
100 233
100 130
100 572
100 900
100 645
100 140
100 739
100 525
100 410
100 556
100 524
100 1310
100 389
100 419
100 1555
100 733
100 30
100 325
100 1280
100 452
100 618
100 2154
100 622
100 828
100 529
100 538
100 8
100 172
100 689
100 183
100 881
100 17
100 1073
100 2952
100 1048
100 1098
100 485
100 513
100 2630
100 244
100 1042
100 198
100 656
100 141
100 231
100 100
100 21
100 933
100 137
100 303
100 519
100 562
100 208
100 813
100 100
100 996
100 643
100 478
100 227
100 1056
100 100
100 653
100 909
100 1634
100 798
100 329
100 107
100 425
100 362
100 207
100 733
100 433
100 135
100 149
100 1873
100 881
100 330
100 394
100 374
100 513
100 296
100 189
100 720
100 138
100 4833
100 535
100 403
100 788
100 90
100 2063
100 24
100 1280
100 187
100 459
100 8
100 695
100 494
100 834
100 2342
100 1420
100 502
100 782
100 330
100 453
100 1849
100 673
100 19
100 1627
100 38
100 304
100 272
100 707
100 388
100 12
100 406
100 218
100 2621
100 554
100 2076
100 68
100 2736
100 626
100 1129
100 1562
100 551
100 124
100 930
100 135
100 1041
100 702
100 677
100 701
100 879
100 274
100 153
100 201
100 411
100 439
100 1857
100 799
100 856
100 1394
100 2371
100 996
100 624
100 1556
100 316
100 1111
100 108
100 1608
100 360
100 865
100 436
100 247
100 160
100 292
100 355
100 915
100 502
100 1089
100 526
100 788
100 911
100 152
100 237
100 164
100 1252
100 236
100 2276
100 749
100 153
100 360
100 492
100 283
100 2543
100 0
100 1715
100 741
100 22
100 451
100 556
100 199
100 346
100 493
100 121
100 125
100 719
100 544
100 342
100 641
100 335
100 232
100 184
100 326
100 1215
100 254
100 173
100 139
100 1996
100 1068
100 152
100 60
100 912
100 443
100 691
100 32
100 97
100 331
100 644
100 241
100 611
100 246
100 503
100 404
100 275
100 321
100 726
100 967
100 250
100 61
100 768
100 729
100 125
100 236
100 747
100 199
100 116
100 38
100 157
100 613
100 453
100 447
100 346
100 197
100 157
100 97
100 156
100 1314
100 1847
100 86
100 593
100 153
100 16
100 145
100 509
100 892
100 804
100 82
100 6
100 454
100 135
100 403
100 89
100 600
100 264
100 1087
100 1594
100 494
100 245
100 1677
100 666
100 634
100 301
100 782
100 239
100 867
100 824
100 878
100 564
100 304
100 2
100 88
100 37
100 134
100 60
100 302
100 142
100 357
100 844
100 723
100 574
100 497
100 47
100 430
100 152
100 205
100 137
100 189
100 596
100 787
100 25
100 8
100 142
100 13
100 61
100 1112
100 791
100 679
100 162
100 159
100 1864
100 204
100 305
100 72
100 482
100 525
100 99
100 432
100 245
100 34
100 227
100 569
100 976
100 750
100 275
100 2442
100 499
100 39
100 1784
100 1744
100 186
100 423
100 270
100 225
100 351
100 2377
100 628
100 76
100 115
100 753
100 64
100 2252
100 1773
100 108
100 912
100 151
100 378
100 286
100 44
100 333
100 649
100 124
100 147
100 913
100 674
100 9
100 1167
100 139
100 2014
100 617
100 757
100 1852
100 1423
100 486
100 558
100 699
100 1145
100 1301
100 1241
100 816
100 236
100 494
100 65
100 1170
100 45
100 60
100 591
100 2258
100 59
100 1168
100 451
100 1577
100 885
100 471
100 81
100 163
100 755
100 1316
100 713
100 47
100 203
100 1979
100 783
100 345
100 307
100 41
100 286
100 701
100 1551
100 1805
100 1013
100 532
100 152
100 157
100 125
100 25
100 112
100 58
100 313
100 915
100 58
100 3163
100 185
100 1502
100 235
100 158
100 1260
100 374
100 909
100 791
100 626
100 253
100 159
100 284
100 123
100 481
100 588
100 531
100 339
100 410
100 571
100 1138
100 679
100 805
100 552
100 473
100 109
100 73
100 367
100 1240
100 415
100 695
100 433
100 78
100 403
100 129
100 502
100 109
100 1069
100 288
100 810
100 203
100 174
100 60
100 111
100 444
100 43
100 551
100 3125
100 1669
100 195
100 1113
100 188
100 1590
100 58
100 973
100 395
100 385
100 260
100 627
100 743
100 728
100 297
100 1481
100 361
100 1311
100 231
100 339
100 688
100 1852
100 488
100 374
100 291
100 814
100 324
100 360
100 399
100 981
100 679
100 831
100 302
100 1745
100 85
100 453
100 1825
100 382
100 295
100 1826
100 1879
100 58
100 150
100 1023
100 499
100 1355
100 29
100 231
100 904
100 155
100 170
100 575
100 747
100 1909
100 224
100 854
100 1645
100 346
100 76
100 196
100 638
100 328
100 2660
100 802
100 637
100 100
100 747
100 181
100 534
100 646
100 353
100 94
100 2837
100 113
100 183
100 2613
100 205
100 585
100 823
100 348
100 279
100 136
100 731
100 35
100 95
100 1704
100 4
100 74
100 2128
100 384
100 120
100 356
100 134
100 1436
100 26
100 990
100 999
100 1188
100 545
100 671
100 278
100 525
100 112
100 151
100 218
100 321
100 190
100 223
100 201
100 319
100 497
100 437
100 361
100 858
100 465
100 803
100 977
100 202
100 1991
100 132
100 1405
100 278
100 86
100 461
100 485
100 709
100 957
100 86
100 148
100 1093
100 509
100 613
100 995
100 229
100 653
100 492
100 139
100 60
100 282
100 2195
100 252
100 47
100 75
100 117
100 93
100 518
100 2426
100 477
100 853
100 143
100 5
100 774
100 2601
100 2506
100 1016
100 18
100 951
100 98
100 560
100 448
100 1025
100 50
100 833
100 413
100 1088
100 871
100 172
100 220
100 860
100 469
100 494
100 1313
100 224
100 1278
100 194
100 1282
100 911
100 808
100 227
100 159
100 1691
100 125
100 57
100 1174
100 102
100 1978
100 950
100 12
100 453
100 629
100 426
100 1639
100 1157
100 12
100 412
100 33
100 309
100 645
100 672
100 723
100 256
100 1659
100 99
100 653
100 1458
100 1071
100 1179
100 257
100 1157
100 38
100 1063
100 770
100 262
100 604
100 7
100 465
100 1546
100 419
100 1041
100 104
100 410
100 362
100 316
100 1157
100 154
100 121
100 1616
100 952
100 839
100 364
100 356
100 303
100 266
100 987
100 497
100 532
100 425
100 412
100 336
100 426
100 654
100 235
100 173
100 1150
100 948
100 467
100 398
100 241
100 912
100 685
100 1352
100 2017
100 678
100 35
100 2500
100 946
100 516
100 617
100 491
100 122
100 1109
100 9
100 1688
100 248
100 248
100 1213
100 612
100 249
100 2328
100 150
100 978
100 310
100 38
100 227
100 125
100 76
100 190
100 1621
100 872
100 88
100 1426
100 657
100 319
100 195
100 620
100 677
100 25
100 491
100 593
100 510
100 325
100 694
100 326
100 1414
100 476
100 1033
100 572
100 56
100 249
100 365
100 161
100 297
100 1944
100 261
100 379
100 1531
100 32
100 539
100 956
100 290
100 2026
100 348
100 770
100 197
100 5
100 104
100 648
100 255
100 137
100 281
100 192
100 854
100 27
100 149
100 1068
100 327
100 862
100 653
100 1555
100 248
100 1670
100 968
100 450
100 1009
100 2106
100 511
100 1066
100 62
100 330
100 157
100 463
100 1110
100 804
100 131
100 658
100 984
100 586
100 1557
100 380
100 175
100 368
100 681
100 396
100 255
100 1023
100 514
100 227
100 1097
100 256
100 288
100 42
100 23
100 1103
100 18
100 1202
100 88
100 267
100 1914
100 533
100 290
100 606
100 109
100 248
100 28
100 36
100 670
100 62
100 163
100 1056
100 772
100 769
100 432
100 381
100 525
100 1399
100 329
100 662
100 960
100 1587
100 701
100 275
100 398
100 60
100 435
100 727
100 777
100 555
100 512
100 994
100 262
100 139
100 461
100 1068
100 343
100 529
100 158
100 680
100 180
100 455
100 16
100 804
100 447
100 479
100 1037
100 804
100 106
100 328
100 484
100 327
100 551
100 635
100 672
100 33
100 515
100 653
100 52
100 93
100 1090
100 1219
100 1139
100 66
100 1393
100 423
100 259
100 188
100 301
100 929
100 58
100 1842
100 92
100 39
100 175
100 2952
100 134
100 70
100 145
100 1624
100 407
100 101
100 75
100 660
100 68
100 119
100 145
100 98
100 491
100 347
100 154
100 214
100 138
100 341
100 2027
100 54
100 26
100 248
100 708
100 1999
100 599
100 217
100 34
100 1212
100 81
100 622
100 2462
100 226
100 34
100 61
100 1029
100 913
100 224
100 3155
100 567
100 155
100 796
100 490
100 193
100 729
100 150
100 3253
100 663
100 192
100 2696
100 415
100 770
100 1965
100 1874
100 672
100 196
100 274
100 433
100 248
100 357
100 74
100 253
100 338
100 144
100 313
100 2663
100 480
100 153
100 423
100 663
100 98
100 393
100 129
100 283
100 376
100 707
100 1326
100 33
100 3373
100 661
100 293
100 288
100 174
100 253
100 730
100 360
100 776
100 457
100 755
100 92
100 314
100 708
100 168
100 785
100 145
100 146
100 302
100 37
100 1770
100 153
100 1371
100 1474
100 921
100 275
100 394
100 105
100 445
100 258
100 326
100 1460
100 3358
100 606
100 687
100 1077
100 628
100 80
100 346
100 1479
100 176
100 755
100 825
100 731
100 678
100 616
100 636
100 17
100 2519
100 707
100 432
100 189
100 1697
100 0
100 117
100 180
100 939
100 151
100 1775
100 1173
100 723
100 805
100 847
100 443
100 417
100 264
100 231
100 67
100 625
100 306
100 2593
100 332
100 682
100 1813
100 2910
100 23
100 705
100 859
100 172
100 324
100 240
100 335
100 7
100 474
100 336
100 785
100 60
100 252
100 88
100 815
100 672
100 2359
100 1336
100 110
100 109
100 812
100 139
100 407
100 593
100 572
100 722
100 266
100 1151
100 118
100 201
100 379
100 1549
100 906
100 282
100 158
100 207
100 190
100 2642
100 1788
100 802
100 26
100 8
100 192
100 433
100 1520
100 1246
100 392
100 2
100 151
100 280
100 150
100 690
100 90
100 157
100 1501
100 617
100 796
100 281
100 1041
100 294
100 472
100 80
100 575
100 417
100 2298
100 571
100 885
100 2103
100 218
100 553
100 734
100 1840
100 25
100 144
100 412
100 952
100 580
100 1583
100 206
100 436
100 957
100 122
100 89
100 175
100 358
100 144
100 341
100 401
100 1190
100 117
100 225
100 473
100 852
100 22
100 202
100 185
100 1899
100 491
100 350
100 541
100 319
100 224
100 193
100 805
100 241
100 3204
100 589
100 825
100 369
100 103
100 537
100 327
100 2063
100 1768
100 3121
100 311
100 422
100 614
100 1332
100 1121
100 434
100 339
100 989
100 139
100 340
100 932
100 161
100 206
100 1122
100 1189
100 146
100 1630
100 565
100 58
100 86
100 3092
100 273
100 62
100 64
100 145
100 352
100 239
100 1913
100 1297
100 321
100 305
100 1674
100 1363
100 142
100 1556
100 734
100 173
100 646
100 51
100 141
100 518
100 1412
100 2648
100 900
100 71
100 510
100 316
100 305
100 1306
100 820
100 333
100 1081
100 132
100 207
100 139
100 520
100 1437
100 133
100 731
100 794
100 185
100 83
100 801
100 196
100 611
100 346
100 329
100 562
100 124
100 617
100 726
100 280
100 216
100 926
100 1956
100 1179
100 2394
100 1236
100 1
100 198
100 1530
100 419
100 1851
100 128
100 690
100 273
100 159
100 405
100 858
100 162
100 521
100 1295
100 1685
100 578
100 37
100 223
100 298
100 975
100 1224
100 291
100 168
100 106
100 1345
100 181
100 992
100 74
100 579
100 398
100 1513
100 70
100 571
100 267
100 785
100 899
100 1714
100 56
100 1097
100 1797
100 1073
100 1055
100 310
100 428
100 156
100 537
100 622
100 34
100 351
100 647
100 903
100 767
100 231
100 1034
100 416
100 386
100 802
100 24
100 290
100 260
100 192
100 624
100 1044
100 128
100 157
100 1689
100 144
100 548
100 1027
100 167
100 630
100 539
100 1830
100 290
100 1014
100 120
100 1898
100 201
100 717
100 248
100 6
100 146
100 599
100 202
100 2055
100 1167
100 574
100 228
100 11
100 208
100 357
100 238
100 109
100 41
100 1048
100 215
100 1770
100 130
100 2693
100 223
100 182
100 95
100 980
100 830
100 487
100 1124
100 958
100 46
100 1172
100 427
100 80
100 446
100 470
100 295
100 622
100 896
100 382
100 325
100 746
100 630
100 672
100 1276
100 746
100 233
100 190
100 70
100 49
100 534
100 269
100 361
100 125
100 372
100 911
100 300
100 394
100 804
100 1016
100 7
100 896
100 1350
100 30
100 1177
100 136
100 790
100 334
100 279
100 125
100 633
100 108
100 171
100 161
100 372
100 402
100 289
100 322
100 91
100 209
100 253
100 144
100 1423
100 73
100 685
100 832
100 383
100 1508
100 703
100 418
100 157
100 113
100 260
100 691
100 241
100 213
100 1047
100 502
100 449
100 732
100 1030
100 670
100 1650
100 100
100 632
100 583
100 157
100 972
100 320
100 198
100 68
100 1454
100 504
100 307
100 2303
100 44
100 153
100 169
100 468
100 2414
100 1536
100 269
100 799
100 7
100 1630
100 665
100 554
100 374
100 157
100 464
100 22
100 398
100 31
100 208
100 2085
100 751
100 1026
100 637
100 571
100 140
100 35
100 58
100 8
100 59
100 1272
100 1776
100 401
100 392
100 475
100 303
100 356
100 608
100 1177
100 1930
100 724
100 727
100 885
100 400
100 581
100 1586
100 331
100 1816
100 787
100 101
100 184
100 1374
100 380
100 766
100 636
100 17
100 322
100 446
100 286
100 934
100 526
100 36
100 197
100 213
100 1191
100 428
100 50
100 1084
100 432
100 5
100 1327
100 385
100 1129
100 188
100 211
100 1501
100 392
100 270
100 82
100 150
100 505
100 947
100 681
100 790
100 1997
100 660
100 1275
100 194
100 42
100 937
100 707
100 474
100 136
100 366
100 496
100 192
100 158
100 1153
100 29
100 2660
100 556
100 253
100 1022
100 344
100 102
100 482
100 1534
100 414
100 860
100 264
100 229
100 469
100 44
100 305
100 846
100 485
100 788
100 714
100 266
100 187
100 123
100 563
100 39
100 664
100 987
100 613
100 123
100 118
100 706
100 499
100 285
100 57
100 501
100 572
100 287
100 978
100 732
100 35
100 2
100 296
100 202
100 539
100 87
100 230
100 148
100 545
100 135
100 493
100 227
100 317
100 97
100 814
100 1037
100 1156
100 233
100 439
100 1396
100 490
100 213
100 992
100 126
100 1235
100 733
100 62
100 2329
100 696
100 57
100 619
100 1229
100 466
100 913
100 260
100 67
100 39
100 417
100 47
100 226
100 1191
100 621
100 1060
100 168
100 577
100 738
100 319
100 526
100 791
100 933
100 493
100 398
100 174
100 298
100 471
100 233
100 438
100 541
100 1355
100 881
100 809
100 1527
100 220
100 1797
100 1130
100 523
100 596
100 1237
100 1376
100 149
100 305
100 96
100 72
100 244
100 204
100 249
100 987
100 2364
100 246
100 497
100 798
100 63
100 130
100 233
100 150
100 587
100 1318
100 1714
100 522
100 146
100 264
100 503
100 143
100 472
100 688
100 1741
100 25
100 761
100 169
100 1090
100 473
100 3418
100 995
100 213
100 1639
100 2028
100 1622
100 43
100 425
100 548
100 382
100 161
100 730
100 618
100 777
100 617
100 933
100 976
100 192
100 600
100 2148
100 601
100 712
100 3793
100 128
100 608
100 1190
100 81
100 433
100 67
100 685
100 271
100 42
100 910
100 256
100 1548
100 478
100 866
100 167
100 159
100 1156
100 939
100 1011
100 117
100 168
100 511
100 5070
100 6
100 1859
100 200
100 309
100 751
100 82
100 842
100 955
100 159
100 1541
100 15
100 403
100 8
100 32
100 873
100 74
100 69
100 143
100 48
100 45
100 855
100 135
100 661
100 549
100 173
100 222
100 335
100 76
100 805
100 488
100 2535
100 435
100 812
100 15
100 247
100 425
100 386
100 695
100 569
100 1008
100 656
100 581
100 143
100 137
100 2249
100 1409
100 225
100 169
100 69
100 280
100 1024
100 604
100 1612
100 192
100 1349
100 285
100 2
100 297
100 334
100 49
100 106
100 2511
100 365
100 657
100 1392
100 662
100 302
100 398
100 3514
100 215
100 120
100 1506
100 161
100 1568
100 128
100 133
100 365
100 1301
100 539
100 788
100 490
100 56
100 1156
100 937
100 5
100 236
100 241
100 1453
100 558
100 1439
100 210
100 365
100 113
100 105
100 2110
100 593
100 533
100 454
100 539
100 232
100 1427
100 16
100 420
100 449
100 413
100 97
100 318
100 160
100 2269
100 133
100 2187
100 228
100 1183
100 633
100 2222
100 921
100 144
100 63
100 573
100 757
100 1151
100 295
100 149
100 77
100 397
100 3077
100 418
100 747
100 40
100 668
100 3185
100 49
100 159
100 155
100 601
100 75
100 400
100 1285
100 97
100 256
100 142
100 197
100 112
100 855
100 156
100 252
100 316
100 449
100 293
100 68
100 1201
100 275
100 237
100 750
100 36
100 284
100 162
100 1466
100 47
100 99
100 341
100 412
100 508
100 606
100 2924
100 163
100 316
100 119
100 4322
100 544
100 1220
100 1161
100 42
100 839
100 57
100 19
100 750
100 1441
100 296
100 2047
100 646
100 242
100 396
100 506
100 50
100 0
100 789
100 267
100 750
100 1777
100 2850
100 440
100 158
100 578
100 1066
100 303
100 190
100 352
100 278
100 54
100 495
100 18
100 139
100 586
100 278
100 464
100 53
100 110
100 91
100 388
100 287
100 1371
100 687
100 98
100 328
100 448
100 23
100 348
100 293
100 348
100 37
100 750
100 198
100 836
100 143
100 1076
100 871
100 304
100 63
100 477
100 335
100 799
100 113
100 581
100 31
100 1113
100 1150
100 299
100 724
100 309
100 111
100 247
100 96
100 780
100 5
100 1421
100 9
100 272
100 275
100 315
100 230
100 548
100 2060
100 155
100 355
100 397
100 263
100 350
100 371
100 1070
100 870
100 58
100 174
100 664
100 206
100 1239
100 732
100 804
100 479
100 191
100 36
100 190
100 657
100 47
100 244
100 2
100 648
100 2421
100 3264
100 717
100 103
100 595
100 1032
100 1208
100 1200
100 513
100 201
100 447
100 1151
100 2362
100 1392
100 290
100 311
100 491
100 64
100 9
100 707
100 1031
100 1350
100 397
100 341
100 548
100 40
100 113
100 601
100 167
100 313
100 37
100 119
100 457
100 1725
100 511
100 356
100 188
100 163
100 748
100 480
100 115
100 1055
100 241
100 1196
100 949
100 9
100 418
100 2940
100 292
100 121
100 743
100 585
100 1403
100 129
100 326
100 561
100 25
100 94
100 80
100 174
100 399
100 29
100 1298
100 14
100 566
100 418
100 1111
100 14
100 530
100 803
100 8
100 154
100 542
100 18
100 701
100 609
100 307
100 334
100 1927
100 401
100 371
100 1071
100 307
100 240
100 314
100 2137
100 973
100 268
100 918
100 768
100 151
100 101
100 354
100 519
100 834
100 2161
100 937
100 318
100 923
100 381
100 54
100 189
100 741
100 238
100 1379
100 248
100 22
100 77
100 51
100 11
100 475
100 1002
100 644
100 14
100 247
100 523
100 1607
100 308
100 2
100 77
100 378
100 341
100 575
100 837
100 205
100 1518
100 692
100 275
100 207
100 105
100 595
100 298
100 1402
100 385
100 63
100 149
100 394
100 1247
100 206
100 573
100 103
100 311
100 1432
100 2372
100 675
100 554
100 690
100 127
100 182
100 140
100 136
100 125
100 189
100 109
100 614
100 109
100 1760
100 39
100 445
100 637
100 1951
100 249
100 292
100 138
100 537
100 200
100 35
100 743
100 265
100 1196
100 211
100 1157
100 891
100 1541
100 580
100 487
100 113
100 1530
100 200
100 477
100 125
100 1350
100 143
100 1120
100 196
100 55
100 481
100 938
100 253
100 349
100 104
100 668
100 198
100 322
100 1109
100 164
100 801
100 519
100 384
100 1261
100 933
100 1249
100 667
100 840
100 69
100 1857
100 91
100 111
100 172
100 189
100 168
100 264
100 511
100 560
100 12
100 1149
100 306
100 62
100 265
100 346
100 1060
100 660
100 339
100 137
100 1414
100 1829
100 569
100 5
100 121
100 747
100 23
100 412
100 31
100 1051
100 493
100 616
100 269
100 707
100 431
100 181
100 245
100 100
100 1226
100 68
100 76
100 40
100 185
100 109
100 252
100 349
100 259
100 185
100 493
100 140
100 1176
100 1079
100 191
100 97
100 377
100 259
100 623
100 820
100 114
100 1824
100 225
100 51
100 236
100 1095
100 503
100 262
100 1004
100 957
100 18
100 443
100 197
100 1160
100 1291
100 1031
100 94
100 17
100 134
100 774
100 379
100 471
100 49
100 235
100 174
100 1514
100 377
100 283
100 902
100 1705
100 105
100 277
100 461
100 104
100 1808
100 655
100 3345
100 12
100 311
100 54
100 1208
100 104
100 789
100 339
100 730
100 2
100 535
100 1728
100 364
100 237
100 887
100 132
100 376
100 316
100 150
100 11
100 132
100 121
100 846
100 38
100 319
100 194
100 1052
100 50
100 63
100 861
100 880
100 397
100 259
100 556
100 437
100 345
100 2251
100 829
100 80
100 12
100 610
100 888
100 72
100 454
100 733
100 112
100 1433
100 486
100 489
100 1302
100 281
100 777
100 196
100 555
100 787
100 404
100 386
100 836
100 41
100 298
100 366
100 43
100 193
100 102
100 919
100 313
100 615
100 519
100 808
100 4
100 576
100 2342
100 15
100 206
100 671
100 82
100 52
100 490
100 2008
100 673
100 265
100 824
100 118
100 512
100 224
100 139
100 369
100 341
100 348
100 548
100 49
100 549
100 1507
100 866
100 341
100 1361
100 946
100 168
100 440
100 551
100 380
100 178
100 97
100 824
100 259
100 105
100 20
100 1406
100 113
100 29
100 858
100 639
100 93
100 895
100 281
100 188
100 246
100 218
100 395
100 512
100 496
100 702
100 1270
100 200
100 727
100 475
100 550
100 539
100 129
100 340
100 423
100 18
100 167
100 58
100 57
100 614
100 1553
100 116
100 59
100 265
100 277
100 29
100 251
100 167
100 136
100 603
100 52
100 937
100 237
100 263
100 13
100 157
100 1895
100 112
100 1047
100 595
100 1111
100 604
100 11
100 74
100 325
100 261
100 57
100 918
100 420
100 194
100 343
100 53
100 763
100 262
100 459
100 327
100 662
100 73
100 2024
100 496
100 233
100 113
100 2525
100 81
100 517
100 34
100 193
100 291
100 68
100 503
100 129
100 161
100 1338
100 539
100 490
100 499
100 1252
100 2630
100 659
100 1060
100 377
100 1376
100 1501
100 357
100 20
100 584
100 559
100 1344
100 151
100 414
100 136
100 45
100 276
100 659
100 1979
100 33
100 1226
100 380
100 1161
100 72
100 185
100 115
100 316
100 335
100 580
100 686
100 511
100 1196
100 282
100 2249
100 495
100 1420
100 535
100 598
100 565
100 758
100 206
100 882
100 314
100 332
100 91
100 308
100 367
100 1144
100 1026
100 847
100 690
100 513
100 232
100 350
100 164
100 104
100 182
100 906
100 94
100 372
100 399
100 467
100 3
100 1012
100 849
100 1115
100 315
100 508
100 1013
100 376
100 105
100 35
100 1042
100 613
100 938
100 1776
100 794
100 89
100 738
100 404
100 155
100 1728
100 402
100 407
100 3210
100 123
100 1635
100 1809
100 1256
100 92
100 35
100 421
100 563
100 196
100 418
100 351
100 105
100 21
100 652
100 632
100 331
100 328
100 349
100 888
100 752
100 638
100 1067
100 659
100 298
100 2628
100 51
100 51
100 42
100 280
100 1117
100 134
100 10
100 81
100 53
100 268
100 323
100 497
100 740
100 157
100 1983
100 36
100 80
100 130
100 30
100 961
100 835
100 89
100 275
100 975
100 43
100 182
100 1355
100 16
100 1240
100 364
100 1080
100 1542
100 229
100 958
100 300
100 10
100 36
100 170
100 695
100 152
100 22
100 518
100 1960
100 384
100 267
100 213
100 162
100 423
100 21
100 637
100 1753
100 382
100 535
100 184
100 174
100 18
100 207
100 1114
100 165
100 86
100 139
100 361
100 283
100 141
100 1876
100 453
100 384
100 2066
100 149
100 671
100 735
100 397
100 372
100 636
100 1250
100 21
100 498
100 297
100 791
100 447
100 428
100 1290
100 1456
100 282
100 65
100 402
100 340
100 150
100 213
100 95
100 1023
100 177
100 254
100 1182
100 546
100 229
100 1253
100 1842
100 392
100 748
100 19
100 1488
100 401
100 103
100 284
100 921
100 310
100 54
100 709
100 1194
100 1704
100 324
100 303
100 1174
100 561
100 784
100 891
100 1028
100 53
100 268
100 90
100 1128
100 444
100 134
100 2894
100 717
100 466
100 597
100 623
100 273
100 1094
100 146
100 407
100 364
100 398
100 1551
100 287
100 1136
100 1963
100 2057
100 30
100 688
100 151
100 555
100 645
100 93
100 274
100 1141
100 986
100 20
100 1817
100 1418
100 1649
100 644
100 92
100 560
100 1741
100 435
100 813
100 59
100 2133
100 1583
100 375
100 1319
100 820
100 62
100 42
100 192
100 587
100 418
100 402
100 278
100 132
100 1122
100 1012
100 146
100 449
100 49
100 1562
100 528
100 237
100 247
100 640
100 477
100 623
100 97
100 44
100 836
100 1485
100 1698
100 1161
100 250
100 424
100 58
100 800
100 209
100 1478
100 726
100 1780
100 459
100 228
100 721
100 29
100 471
100 187
100 522
100 2652
100 81
100 235
100 919
100 76
100 1164
100 178
100 860
100 1128
100 2111
100 657
100 97
100 3609
100 772
100 112
100 37
100 1332
100 323
100 237
100 682
100 9
100 911
100 770
100 135
100 412
100 2435
100 2196
100 197
100 202
100 770
100 151
100 133
100 141
100 5
100 123
100 1197
100 464
100 170
100 1416
100 256
100 2225
100 670
100 0
100 1078
100 2083
100 182
100 165
100 277
100 865
100 172
100 552
100 717
100 44
100 726
100 5
100 559
100 377
100 2247
100 326
100 68
100 321
100 879
100 140
100 2293
100 569
100 464
100 1775
100 2750
100 3109
100 728
100 816
100 35
100 2345
100 806
100 1460
100 153
100 189
100 284
100 118
100 105
100 2063
100 886
100 11
100 368
100 180
100 303
100 792
100 1570
100 376
100 501
100 49
100 332
100 740
100 1596
100 768
100 268
100 36
100 984
100 207
100 689
100 553
100 641
100 434
100 1613
100 260
100 84
100 169
100 137
100 223
100 300
100 575
100 265
100 609
100 1111
100 936
100 1337
100 151
100 24
100 389
100 1428
100 116
100 369
100 163
100 1134
100 192
100 16
100 722
100 318
100 138
100 2302
100 1939
100 586
100 365
100 336
100 123
100 514
100 341
100 215
100 1175
100 1820
100 249
100 1066
100 395
100 871
100 110
100 218
100 1120
100 557
100 923
100 1153
100 437
100 914
100 406
100 2530
100 81
100 273
100 230
100 1817
100 9
100 1366
100 1326
100 430
100 76
100 75
100 1418
100 155
100 134
100 1023
100 225
100 178
100 897
100 0
100 549
100 392
100 318
100 572
100 109
100 239
100 63
100 276
100 3825
100 263
100 2094
100 760
100 228
100 542
100 949
100 354
100 495
100 316
100 520
100 326
100 311
100 221
100 106
100 134
100 80
100 2464
100 312
100 1237
100 1126
100 20
100 899
100 543
100 629
100 147
100 133
100 858
100 238
100 1032
100 74
100 929
100 916
100 330
100 177
100 82
100 32
100 1461
100 370
100 1094
100 1104
100 495
100 1055
100 245
100 808
100 760
100 112
100 613
100 812
100 1017
100 1432
100 292
100 853
100 675
100 537
100 1242
100 645
100 89
100 220
100 724
100 1315
100 32
100 2611
100 118
100 1871
100 342
100 1619
100 717
100 1175
100 327
100 3584
100 761
100 59
100 142
100 485
100 778
100 1125
100 1050
100 596
100 107
100 1208
100 729
100 269
100 547
100 1359
100 2148
100 60
100 79
100 2451
100 159
100 346
100 1553
100 510
100 26
100 41
100 960
100 301
100 264
100 531
100 1012
100 155
100 116
100 441
100 305
100 217
100 630
100 92
100 44
100 717
100 20
100 56
100 57
100 261
100 125
100 450
100 29
100 791
100 193
100 111
100 250
100 606
100 1370
100 157
100 1025
100 28
100 226
100 8
100 47
100 582
100 832
100 330
100 312
100 708
100 702
100 673
100 439
100 797
100 384
100 127
100 977
100 342
100 250
100 2109
100 260
100 367
100 1444
100 1849
100 379
100 42
100 339
100 70
100 23
100 365
100 294
100 35
100 90
100 444
100 147
100 464
100 451
100 1103
100 241
100 420
100 622
100 46
100 264
100 1382
100 105
100 62
100 689
100 137
100 450
100 235
100 1066
100 254
100 410
100 228
100 506
100 8
100 295
100 1084
100 381
100 210
100 1156
100 274
100 859
100 979
100 12
100 200
100 27
100 583
100 409
100 340
100 46
100 198
100 94
100 28
100 2631
100 449
100 248
100 136
100 59
100 994
100 1295
100 2165
100 1145
100 505
100 1517
100 2
100 143
100 345
100 209
100 397
100 79
100 62
100 836
100 195
100 625
100 19
100 292
100 1152
100 319
100 271
100 65
100 37
100 316
100 432
100 76
100 200
100 690
100 508
100 569
100 1074
100 75
100 280
100 1307
100 406
100 992
100 299
100 823
100 890
100 213
100 265
100 136
100 587
100 307
100 227
100 52
100 183
100 515
100 689
100 45
100 1843
100 367
100 92
100 1224
100 913
100 69
100 132
100 42
100 2003
100 225
100 386
100 109
100 425
100 781
100 828
100 376
100 301
100 215
100 586
100 402
100 198
100 744
100 85
100 131
100 13
100 1148
100 209
100 18
100 130
100 578
100 1443
100 116
100 1672
100 24
100 548
100 221
100 307
100 25
100 565
100 171
100 906
100 1
100 830
100 1148
100 84
100 522
100 92
100 373
100 523
100 575
100 451
100 168
100 68
100 65
100 1357
100 815
100 705
100 465
100 832
100 841
100 145
100 125
100 146
100 379
100 326
100 41
100 672
100 134
100 307
100 46
100 2173
100 865
100 736
100 345
100 459
100 1083
100 426
100 24
100 494
100 157
100 121
100 534
100 293
100 239
100 396
100 97
100 218
100 609
100 346
100 84
100 128
100 559
100 695
100 163
100 43
100 1303
100 1099
100 457
100 2546
100 662
100 677
100 305
100 115
100 998
100 665
100 187
100 1864
100 343
100 1023
100 566
100 1298
100 97
100 499
100 167
100 719
100 865
100 510
100 817
100 108
100 983
100 206
100 632
100 27
100 154
100 2870
100 1533
100 82
100 281
100 586
100 739
100 476
100 859
100 335
100 667
100 172
100 114
100 106
100 1779
100 429
100 18
100 6
100 134
100 561
100 1582
100 403
100 18
100 668
100 588
100 14
100 474
100 248
100 532
100 758
100 878
100 1086
100 500
100 34
100 1165
100 696
100 21
100 40
100 75
100 147
100 157
100 382
100 567
100 1514
100 165
100 592
100 264
100 951
100 706
100 97
100 174
100 215
100 1120
100 510
100 282
100 370
100 585
100 612
100 478
100 766
100 1231
100 2033
100 3083
100 1548
100 203
100 514
100 330
100 235
100 122
100 519
100 902
100 1071
100 325
100 340
100 545
100 366
100 66
100 2460
100 27
100 538
100 2244
100 749
100 259
100 510
100 585
100 85
100 327
100 596
100 1001
100 882
100 42
100 1696
100 539
100 898
100 154
100 518
100 1204
100 763
100 810
100 2664
100 1385
100 506
100 159
100 215
100 117
100 14
100 1494
100 587
100 306
100 66
100 1028
100 1007
100 474
100 3491
100 414
100 13
100 1077
100 3
100 1237
100 1519
100 189
100 688
100 75
100 1
100 1023
100 32
100 196
100 24
100 892
100 448
100 771
100 133
100 364
100 442
100 348
100 66
100 601
100 805
100 362
100 316
100 39
100 753
100 799
100 364
100 65
100 349
100 2505
100 100
100 183
100 301
100 985
100 2099
100 94
100 161
100 846
100 1069
100 407
100 173
100 306
100 549
100 84
100 187
100 68
100 2331
100 268
100 2021
100 32
100 877
100 819
100 768
100 563
100 442
100 1054
100 242
100 1046
100 1208
100 20
100 593
100 890
100 1380
100 1241
100 209
100 763
100 125
100 613
100 221
100 164
100 1317
100 115
100 941
100 129
100 130
100 403
100 172
100 714
100 275
100 269
100 730
100 363
100 162
100 13
100 248
100 30
100 1503
100 427
100 484
100 130
100 795
100 980
100 239
100 444
100 367
100 352
100 1854
100 378
100 63
100 932
100 1465
100 383
100 30
100 98
100 2469
100 2698
100 430
100 821
100 1077
100 363
100 981
100 1273
100 53
100 39
100 1646
100 330
100 1395
100 465
100 413
100 138
100 1013
100 194
100 829
100 1065
100 618
100 497
100 360
100 1346
100 64
100 33
100 28
100 106
100 301
100 518
100 649
100 263
100 52
100 335
100 1043
100 1269
100 8
100 227
100 796
100 374
100 114
100 1426
100 527
100 180
100 2386
100 428
100 551
100 228
100 2890
100 1302
100 313
100 921
100 382
100 765
100 568
100 987
100 753
100 444
100 936
100 620
100 91
100 806
100 4504
100 518
100 1089
100 267
100 309
100 66
100 1273
100 190
100 110
100 125
100 234
100 145
100 95
100 374
100 1556
100 37
100 64
100 250
100 434
100 64
100 598
100 5
100 51
100 765
100 725
100 159
100 1154
100 348
100 139
100 506
100 308
100 409
100 553
100 405
100 157
100 281
100 665
100 620
100 972
100 1016
100 1823
100 394
100 105
100 761
100 275
100 761
100 845
100 667
100 10
100 449
100 734
100 61
100 864
100 132
100 558
100 510
100 288
100 1124
100 396
100 793
100 710
100 271
100 102
100 161
100 0
100 468
100 33
100 1364
100 1194
100 536
100 283
100 318
100 904
100 1452
100 711
100 938
100 1508
100 485
100 135
100 293
100 712
100 640
100 379
100 29
100 481
100 259
100 5
100 524
100 305
100 231
100 1350
100 146
100 1088
100 232
100 1618
100 791
100 156
100 615
100 951
100 286
100 398
100 1058
100 194
100 2045
100 1237
100 208
100 221
100 63
100 1013
100 1408
100 452
100 1572
100 218
100 1001
100 351
100 127
100 1999
100 742
100 236
100 186
100 195
100 406
100 173
100 849
100 876
100 233
100 262
100 871
100 352
100 1038
100 181
100 152
100 54
100 2458
100 130
100 456
100 608
100 112
100 1185
100 427
100 498
100 61
100 138
100 1156
100 720
100 394
100 1045
100 1002
100 61
100 517
100 6
100 63
100 1085
100 153
100 764
100 74
100 166
100 40
100 236
100 291
100 75
100 1222
100 24
100 649
100 566
100 720
100 37
100 376
100 24
100 744
100 2279
100 1433
100 92
100 453
100 364
100 688
100 407
100 4
100 469
100 74
100 15
100 219
100 1579
100 339
100 128
100 111
100 920
100 1234
100 421
100 1098
100 1225
100 1606
100 87
100 1585
100 689
100 1590
100 350
100 2041
100 767
100 813
100 1454
100 1712
100 50
100 3172
100 904
100 124
100 851
100 186
100 75
100 737
100 224
100 7
100 1259
100 105
100 1744
100 1713
100 295
100 395
100 336
100 843
100 518
100 2167
100 1383
100 160
100 367
100 715
100 166
100 190
100 159
100 413
100 45
100 827
100 1332
100 2509
100 272
100 148
100 61
100 25
100 207
100 1257
100 1458
100 6
100 291
100 760
100 32
100 326
100 63
100 802
100 1208
100 295
100 1621
100 678
100 68
100 407
100 415
100 53
100 146
100 218
100 1074
100 518
100 1325
100 722
100 844
100 483
100 867
100 172
100 655
100 171
100 241
100 462
100 239
100 445
100 255
100 249
100 187
100 1789
100 309
100 1148
100 168
100 1009
100 737
100 414
100 759
100 1427
100 47
100 673
100 75
100 1119
100 1193
100 150
100 256
100 1143
100 15
100 402
100 245
100 1578
100 131
100 897
100 625
100 578
100 54
100 291
100 67
100 15
100 330
100 822
100 362
100 1370
100 488
100 419
100 907
100 792
100 1563
100 68
100 693
100 170
100 76
100 194
100 950
100 330
100 195
100 688
100 4
100 718
100 158
100 651
100 786
100 1
100 300
100 1
100 484
100 209
100 85
100 872
100 212
100 787
100 1506
100 1452
100 2347
100 676
100 363
100 187
100 417
100 402
100 205
100 143
100 919
100 578
100 422
100 913
100 954
100 1601
100 381
100 0
100 474
100 20
100 301
100 371
100 47
100 96
100 450
100 1002
100 142
100 46
100 1332
100 61
100 1303
100 643
100 2142
100 834
100 250
100 956
100 577
100 731
100 1208
100 404
100 395
100 81
100 549
100 179
100 17
100 1240
100 79
100 114
100 1091
100 214
100 145
100 815
100 203
100 2252
100 561
100 353
100 58
100 1683
100 1692
100 1336
100 1040
100 2433
100 192
100 359
100 681
100 167
100 1550
100 496
100 1972
100 657
100 1545
100 598
100 2296
100 1328
100 1272
100 455
100 206
100 106
100 751
100 128
100 24
100 300
100 181
100 678
100 508
100 239
100 512
100 1484
100 126
100 163
100 716
100 1505
100 59
100 296
100 68
100 99
100 565
100 544
100 1161
100 188
100 274
100 365
100 321
100 521
100 193
100 87
100 43
100 299
100 813
100 837
100 296
100 42
100 252
100 1576
100 40
100 491
100 395
100 300
100 1151
100 653
100 89
100 381
100 714
100 78
100 89
100 525
100 45
100 390
100 2338
100 816
100 2923
100 858
100 665
100 85
100 431
100 568
100 650
100 99
100 2409
100 132
100 597
100 36
100 32
100 1028
100 87
100 912
100 91
100 15
100 69
100 138
100 97
100 113
100 521
100 286
100 213
100 617
100 65
100 1594
100 454
100 1514
100 975
100 22
100 333
100 162
100 861
100 632
100 414
100 128
100 213
100 25
100 237
100 37
100 357
100 297
100 76
100 581
100 504
100 207
100 929
100 1125
100 266
100 313
100 1384
100 530
100 811
100 12
100 214
100 45
100 351
100 54
100 155
100 542
100 375
100 1066
100 337
100 507
100 171
100 54
100 40
100 1462
100 1795
100 866
100 132
100 223
100 121
100 2636
100 32
100 216
100 164
100 152
100 198
100 2858
100 792
100 729
100 136
100 81
100 1212
100 1005
100 149
100 671
100 96
100 127
100 821
100 213
100 227
100 362
100 324
100 252
100 82
100 499
100 132
100 232
100 1012
100 626
100 454
100 15
100 281
100 118
100 1499
100 3390
100 104
100 50
100 81
100 1506
100 155
100 86
100 849
100 401
100 447
100 949
100 755
100 182
100 323
100 210
100 590
100 1505
100 2614
100 1329
100 443
100 1316
100 996
100 45
100 230
100 468
100 329
100 253
100 30
100 114
100 71
100 237
100 331
100 251
100 1498
100 4
100 468
100 441
100 2761
100 1011
100 175
100 188
100 1082
100 250
100 205
100 9
100 288
100 3281
100 78
100 1081
100 1659
100 2531
100 451
100 113
100 1287
100 1327
100 337
100 140
100 325
100 78
100 72
100 1820
100 167
100 306
100 835
100 1148
100 549
100 8085
100 616
100 835
100 308
100 587
100 354
100 156
100 2122
100 48
100 1579
100 157
100 2141
100 482
100 37
100 155
100 119
100 316
100 812
100 10
100 778
100 2341
100 44
100 1319
100 2105
100 945
100 1389
100 40
100 174
100 424
100 651
100 392
100 879
100 83
100 408
100 2
100 2394
100 578
100 3453
100 716
100 620
100 1750
100 759
100 127
100 85
100 62
100 1213
100 233
100 665
100 139
100 186
100 132
100 425
100 310
100 500
100 132
100 66
100 63
100 422
100 672
100 276
100 512
100 140
100 1314
100 641
100 797
100 675
100 1083
100 348
100 2079
100 123
100 390
100 443
100 39
100 778
100 96
100 38
100 392
100 547
100 169
100 234
100 761
100 89
100 769
100 632
100 529
100 203
100 272
100 362
100 2848
100 577
100 44
100 495
100 277
100 583
100 805
100 1527
100 43
100 953
100 768
100 1041
100 0
100 101
100 196
100 39
100 107
100 1037
100 480
100 1284
100 355
100 1213
100 1413
100 938
100 1117
100 262
100 2080
100 366
100 636
100 566
100 430
100 509
100 792
100 2840
100 858
100 899
100 1793
100 538
100 584
100 1064
100 765
100 102
100 1073
100 330
100 623
100 1249
100 378
100 469
100 856
100 174
100 1076
100 362
100 258
100 675
100 907
100 973
100 1031
100 103
100 559
100 739
100 212
100 752
100 2435
100 1125
100 226
100 93
100 1099
100 1113
100 73
100 224
100 1077
100 1341
100 829
100 25
100 268
100 581
100 1179
100 2519
100 648
100 658
100 78
100 16
100 924
100 164
100 1325
100 537
100 356
100 294
100 169
100 1122
100 175
100 964
100 1317
100 214
100 648
100 305
100 796
100 526
100 241
100 144
100 255
100 127
100 8
100 286
100 671
100 405
100 99
100 84
100 537
100 313
100 2548
100 504
100 659
100 23
100 853
100 2725
100 469
100 609
100 294
100 803
100 1523
100 33
100 275
100 660
100 218
100 54
100 570
100 886
100 380
100 81
100 41
100 1572
100 26
100 664
100 464
100 317
100 178
100 62
100 95
100 446
100 152
100 1131
100 214
100 135
100 341
100 790
100 218
100 660
100 192
100 879
100 336
100 149
100 1992
100 52
100 338
100 88
100 249
100 1589
100 399
100 973
100 911
100 14
100 1044
100 460
100 276
100 968
100 231
100 135
100 25
100 1686
100 1409
100 282
100 773
100 380
100 794
100 4
100 145
100 83
100 922
100 416
100 194
100 884
100 1947
100 416
100 1134
100 42
100 1121
100 534
100 1986
100 815
100 868
100 81
100 996
100 1283
100 199
100 73
100 443
100 1083
100 129
100 404
100 45
100 613
100 635
100 158
100 81
100 445
100 352
100 796
100 1057
100 127
100 746
100 175
100 593
100 859
100 398
100 377
100 181
100 1355
100 891
100 68
100 1881
100 569
100 1554
100 125
100 282
100 182
100 440
100 67
100 414
100 1368
100 830
100 135
100 1221
100 696
100 1419
100 1371
100 1208
100 367
100 18
100 572
100 655
100 1076
100 1598
100 65
100 1306
100 587
100 276
100 131
100 782
100 906
100 860
100 66
100 282
100 501
100 631
100 25
100 305
100 219
100 1071
100 292
100 221
100 554
100 984
100 984
100 121
100 756
100 443
100 131
100 78
100 210
100 301
100 802
100 183
100 246
100 424
100 303
100 208
100 41
100 1592
100 1477
100 1320
100 65
100 437
100 641
100 544
100 358
100 159
100 978
100 142
100 715
100 486
100 3108
100 768
100 16
100 84
100 218
100 220
100 2065
100 996
100 647
100 398
100 1710
100 1687
100 36
100 1290
100 633
100 29
100 528
100 903
100 436
100 456
100 174
100 533
100 714
100 283
100 671
100 389
100 438
100 407
100 39
100 680
100 701
100 289
100 5
100 1907
100 6
100 1183
100 958
100 516
100 630
100 680
100 37
100 1081
100 46
100 1681
100 3142
100 11
100 114
100 763
100 1071
100 292
100 167
100 237
100 401
100 269
100 337
100 1551
100 309
100 947
100 485
100 733
100 68
100 225
100 197
100 569
100 221
100 220
100 614
100 2638
100 640
100 4
100 114
100 112
100 167
100 691
100 836
100 1057
100 1135
100 5
100 146
100 2342
100 1419
100 314
100 129
100 202
100 410
100 676
100 168
100 210
100 159
100 182
100 1105
100 598
100 590
100 453
100 4
100 419
100 350
100 1312
100 85
100 1272
100 76
100 679
100 64
100 398
100 916
100 457
100 1626
100 236
100 396
100 489
100 39
100 284
100 9
100 309
100 882
100 645
100 476
100 170
100 1172
100 1107
100 2465
100 1700
100 269
100 167
100 21
100 1117
100 260
100 337
100 115
100 272
100 1173
100 109
100 3365
100 264
100 2920
100 416
100 15
100 176
100 1344
100 211
100 431
100 815
100 2778
100 411
100 387
100 1368
100 435
100 809
100 483
100 2540
100 554
100 2328
100 720
100 2158
100 734
100 614
100 858
100 911
100 1993
100 1561
100 1639
100 525
100 582
100 341
100 181
100 1564
100 734
100 700
100 125
100 2823
100 97
100 602
100 326
100 452
100 125
100 35
100 799
100 445
100 939
100 480
100 386
100 336
100 182
100 1410
100 176
100 140
100 404
100 158
100 425
100 222
100 707
100 504
100 100
100 633
100 504
100 161
100 869
100 1568
100 1546
100 508
100 677
100 2189
100 178
100 54
100 192
100 779
100 7
100 443
100 2321
100 515
100 146
100 622
100 736
100 413
100 1333
100 1423
100 318
100 33
100 970
100 233
100 263
100 201
100 424
100 1744
100 1005
100 11
100 391
100 1024
100 2052
100 863
100 289
100 455
100 431
100 1117
100 177
100 148
100 369
100 1085
100 6
100 185
100 47
100 779
100 866
100 217
100 37
100 1280
100 1227
100 348
100 738
100 321
100 1009
100 1364
100 273
100 545
100 584
100 135
100 126
100 703
100 1968
100 393
100 88
100 270
100 691
100 382
100 1615
100 1331
100 36
100 529
100 899
100 3385
100 877
100 897
100 987
100 108
100 316
100 1889
100 497
100 75
100 2158
100 2262
100 139
100 674
100 1145
100 2903
100 82
100 181
100 1108
100 2435
100 669
100 1148
100 582
100 9
100 699
100 981
100 522
100 458
100 603
100 915
100 915
100 293
100 227
100 182
100 118
100 148
100 168
100 177
100 3082
100 323
100 90
100 499
100 1801
100 792
100 78
100 637
100 226
100 1052
100 769
100 271
100 208
100 244
100 121
100 733
100 525
100 272
100 535
100 647
100 306
100 297
100 1196
100 1523
100 375
100 1096
100 208
100 649
100 700
100 609
100 228
100 410
100 483
100 299
100 82
100 187
100 1140
100 15
100 264
100 135
100 1759
100 1301
100 415
100 472
100 78
100 237
100 757
100 121
100 248
100 286
100 3210
100 1068
100 81
100 422
100 257
100 508
100 613
100 1307
100 96
100 609
100 1910
100 1155
100 48
100 541
100 955
100 356
100 241
100 368
100 318
100 619
100 1200
100 470
100 266
100 1083
100 695
100 1028
100 1281
100 447
100 152
100 204
100 59
100 277
100 826
100 266
100 106
100 1588
100 320
100 292
100 420
100 592
100 1331
100 1815
100 603
100 956
100 2567
100 1597
100 704
100 11
100 223
100 867
100 851
100 1275
100 1198
100 1642
100 295
100 69
100 666
100 585
100 341
100 256
100 106
100 293
100 257
100 484
100 237
100 711
100 1594
100 1493
100 1168
100 2859
100 569
100 381
100 774
100 92
100 814
100 1309
100 1019
100 360
100 475
100 149
100 649
100 791
100 118
100 124
100 885
100 768
100 271
100 948
100 497
100 285
100 159
100 286
100 94
100 107
100 553
100 450
100 197
100 232
100 556
100 581
100 1397
100 443
100 265
100 3089
100 849
100 324
100 1605
100 1030
100 309
100 747
100 12
100 220
100 324
100 500
100 947
100 363
100 996
100 283
100 103
100 97
100 125
100 1931
100 10
100 162
100 1806
100 1330
100 42
100 723
100 1173
100 463
100 338
100 298
100 220
100 2021
100 71
100 542
100 248
100 385
100 37
100 845
100 170
100 745
100 617
100 425
100 3317
100 523
100 1987
100 825
100 689
100 804
100 12
100 810
100 65
100 585
100 334
100 313
100 275
100 1594
100 301
100 620
100 334
100 432
100 1328
100 688
100 29
100 35
100 1639
100 2839
100 401
100 10
100 582
100 44
100 51
100 98
100 1012
100 311
100 1535
100 5
100 456
100 431
100 88
100 885
100 404
100 851
100 679
100 1283
100 1023
100 530
100 107
100 867
100 1468
100 381
100 321
100 757
100 22
100 1081
100 150
100 576
100 593
100 49
100 173
100 507
100 40
100 915
100 221
100 803
100 57
100 533
100 33
100 2288
100 93
100 75
100 750
100 285
100 144
100 484
100 483
100 492
100 440
100 150
100 274
100 463
100 680
100 871
100 298
100 655
100 1268
100 49
100 1251
100 2334
100 220
100 121
100 862
100 961
100 269
100 736
100 51
100 401
100 176
100 335
100 298
100 64
100 394
100 37
100 1018
100 30
100 451
100 80
100 1016
100 1736
100 431
100 1531
100 190
100 793
100 60
100 63
100 1198
100 485
100 658
100 382
100 571
100 158
100 1367
100 1265
100 73
100 935
100 276
100 413
100 167
100 879
100 620
100 254
100 880
100 1
100 397
100 1261
100 354
100 893
100 431
100 124
100 82
100 1024
100 384
100 1249
100 1656
100 504
100 50
100 164
100 1072
100 112
100 462
100 54
100 437
100 22
100 622
100 203
100 1369
100 1171
100 826
100 475
100 3012
100 37
100 192
100 520
100 787
100 64
100 618
100 948
100 41
100 1173
100 53
100 36
100 1260
100 131
100 257
100 84
100 688
100 1215
100 141
100 1354
100 348
100 305
100 404
100 2326
100 1561
100 156
100 139
100 1685
100 22
100 555
100 2050
100 12
100 190
100 817
100 2348
100 31
100 18
100 56
100 252
100 182
100 901
100 296
100 967
100 557
100 1866
100 199
100 171
100 17
100 12
100 190
100 471
100 33
100 1555
100 1169
100 389
100 259
100 726
100 272
100 539
100 559
100 405
100 346
100 2904
100 147
100 194
100 525
100 1442
100 636
100 318
100 544
100 164
100 43
100 587
100 427
100 332
100 24
100 871
100 1657
100 1321
100 192
100 1004
100 6
100 968
100 112
100 240
100 416
100 136
100 1287
100 677
100 362
100 3325
100 759
100 985
100 432
100 174
100 210
100 2070
100 355
100 658
100 67
100 1291
100 1332
100 249
100 977
100 590
100 423
100 746
100 225
100 9
100 1341
100 562
100 389
100 2062
100 307
100 36
100 943
100 133
100 437
100 1688
100 611
100 6
100 262
100 99
100 1926
100 9
100 344
100 799
100 569
100 202
100 961
100 321
100 157
100 301
100 913
100 353
100 31
100 396
100 472
100 1437
100 587
100 639
100 657
100 312
100 464
100 408
100 224
100 1516
100 912
100 861
100 1661
100 715
100 15
100 1999
100 65
100 1800
100 51
100 23
100 198
100 59
100 1491
100 868
100 129
100 120
100 121
100 221
100 41
100 545
100 398
100 210
100 1166
100 148
100 1054
100 435
100 393
100 159
100 451
100 976
100 232
100 411
100 268
100 343
100 1176
100 28
100 1001
100 660
100 210
100 1637
100 542
100 425
100 317
100 43
100 105
100 43
100 1725
100 99
100 150
100 217
100 680
100 103
100 83
100 360
100 2024
100 404
100 633
100 395
100 845
100 878
100 447
100 3192
100 210
100 1013
100 313
100 253
100 919
100 77
100 89
100 1487
100 833
100 550
100 550
100 138
100 135
100 315
100 349
100 249
100 192
100 405
100 856
100 63
100 772
100 37
100 50
100 111
100 420
100 2291
100 17
100 319
100 1849
100 1003
100 359
100 372
100 427
100 120
100 855
100 1092
100 704
100 440
100 160
100 109
100 112
100 1939
100 8
100 1503
100 650
100 688
100 214
100 253
100 1451
100 641
100 888
100 484
100 961
100 153
100 1017
100 839
100 76
100 643
100 279
100 684
100 501
100 580
100 934
100 298
100 278
100 269
100 982
100 1537
100 218
100 572
100 430
100 118
100 26
100 626
100 297
100 296
100 168
100 534
100 376
100 81
100 1022
100 1569
100 808
100 5
100 115
100 621
100 377
100 190
100 2045
100 1277
100 382
100 508
100 1014
100 1776
100 365
100 1719
100 365
100 1229
100 165
100 131
100 1517
100 294
100 494
100 544
100 158
100 80
100 280
100 793
100 177
100 19
100 382
100 238
100 241
100 1047
100 217
100 1212
100 443
100 514
100 527
100 2138
100 152
100 34
100 41
100 191
100 715
100 356
100 1849
100 4197
100 212
100 117
100 16
100 234
100 507
100 64
100 156
100 1186
100 227
100 128
100 62
100 1754
100 2915
100 765
100 264
100 3799
100 1578
100 722
100 143
100 3678
100 334
100 886
100 200
100 111
100 2898
100 463
100 401
100 834
100 1309
100 959
100 484
100 1052
100 296
100 167
100 916
100 1326
100 187
100 30
100 241
100 917
100 1126
100 95
100 839
100 236
100 205
100 473
100 39
100 23
100 714
100 247
100 691
100 1720
100 19
100 133
100 27
100 595
100 878
100 53
100 106
100 305
100 15
100 493
100 914
100 1486
100 436
100 88
100 109
100 533
100 1031
100 1368
100 425
100 372
100 735
100 366
100 983
100 2248
100 295
100 955
100 804
100 131
100 87
100 1963
100 105
100 45
100 295
100 12
100 734
100 10
100 673
100 1017
100 173
100 1805
100 357
100 449
100 4
100 283
100 1204
100 132
100 1512
100 158
100 670
100 429
100 428
100 1256
100 195
100 1056
100 1044
100 1904
100 49
100 615
100 92
100 130
100 1147
100 465
100 382
100 331
100 719
100 254
100 2226
100 2672
100 23
100 18
100 873
100 773
100 463
100 32
100 43
100 434
100 561
100 171
100 746
100 1401
100 1041
100 157
100 995
100 104
100 69
100 985
100 255
100 312
100 198
100 1913
100 855
100 59
100 190
100 1041
100 93
100 54
100 84
100 76
100 720
100 218
100 1114
100 622
100 73
100 724
100 606
100 592
100 692
100 263
100 778
100 287
100 721
100 237
100 143
100 734
100 1348
100 2103
100 1439
100 527
100 371
100 237
100 568
100 1500
100 6
100 1226
100 152
100 106
100 609
100 211
100 65
100 421
100 2175
100 287
100 623
100 653
100 1092
100 692
100 26
100 553
100 316
100 165
100 146
100 160
100 249
100 277
100 709
100 580
100 530
100 855
100 370
100 543
100 2272
100 969
100 33
100 1398
100 1181
100 513
100 232
100 32
100 119
100 52
100 394
100 284
100 649
100 838
100 2932
100 898
100 1063
100 1850
100 1170
100 316
100 740
100 476
100 457
100 275
100 1022
100 491
100 174
100 160
100 24
100 683
100 58
100 1571
100 234
100 503
100 1663
100 254
100 500
100 592
100 10
100 417
100 414
100 209
100 408
100 816
100 947
100 1566
100 1254
100 543
100 90
100 1642
100 1767
100 594
100 1784
100 1558
100 297
100 134
100 2071
100 139
100 553
100 799
100 735
100 739
100 112
100 135
100 203
100 201
100 48
100 144
100 724
100 156
100 85
100 41
100 161
100 176
100 96
100 455
100 19
100 607
100 76
100 248
100 789
100 599
100 33
100 60
100 300
100 74
100 230
100 1303
100 107
100 107
100 864
100 436
100 27
100 290
100 86
100 2166
100 372
100 352
100 736
100 1422
100 890
100 58
100 59
100 751
100 765
100 2914
100 70
100 747
100 1101
100 1377
100 1453
100 171
100 721
100 423
100 89
100 681
100 56
100 264
100 388
100 444
100 1877
100 3383
100 607
100 251
100 894
100 1051
100 1166
100 369
100 41
100 281
100 499
100 1770
100 38
100 476
100 599
100 183
100 41
100 842
100 499
100 271
100 650
100 659
100 1456
100 102
100 536
100 136
100 406
100 928
100 119
100 499
100 66
100 1037
100 625
100 411
100 213
100 300
100 318
100 1538
100 901
100 223
100 1760
100 187
100 361
100 1350
100 138
100 20
100 87
100 670
100 372
100 110
100 442
100 199
100 124
