100 1207
100 1598
100 72
100 1205
100 21
100 462
100 100
100 259
100 1205
100 1086
100 2636
100 2997
100 1231
100 639
100 827
100 3157
100 266
100 180
100 2648
100 62
100 1109
100 467
100 326
100 1601
100 1838
100 3813
100 658
100 671
100 2547
100 72
100 389
100 61
100 3298
100 461
100 453
100 317
100 68
100 746
100 949
100 1317
100 273
100 1271
100 908
100 5883
100 3082
100 338
100 1804
100 151
100 3728
100 223
100 204
100 1058
100 319
100 1512
100 975
100 456
100 1285
100 860
100 2205
100 2782
100 1301
100 51
100 1255
100 1512
100 681
100 206
100 2178
100 1371
100 1258
100 164
100 326
100 834
100 406
100 1804
100 2017
100 146
100 386
100 346
100 317
100 1199
100 1845
100 1113
100 1511
100 1002
100 1250
100 378
100 400
100 2191
100 3948
100 2159
100 295
100 2908
100 266
100 246
100 1003
100 746
100 284
100 29
100 270
100 121
100 197
100 324
100 3314
100 591
100 95
100 1451
100 1504
100 2096
100 1110
100 2905
100 3542
100 776
100 305
100 868
100 854
100 2163
100 448
100 1393
100 1360
100 3613
100 2946
100 251
100 626
100 20
100 762
100 1499
100 747
100 2719
100 968
100 175
100 774
100 599
100 195
100 1365
100 2148
100 1853
100 1384
100 1040
100 251
100 1126
100 1001
100 7156
100 460
100 314
100 20
100 794
100 3596
100 5654
100 215
100 3125
100 4647
100 1399
100 1468
100 1215
100 5108
100 1047
100 862
100 67
100 1565
100 52
100 1709
100 562
100 549
100 266
100 2453
100 1801
100 955
100 203
100 151
100 345
100 368
100 1009
100 123
100 444
100 2168
100 617
100 926
100 1224
100 216
100 402
100 603
100 1804
100 1489
100 465
100 2115
100 1063
100 3022
100 625
100 2045
100 906
100 904
100 610
100 2024
100 591
100 353
100 842
100 115
100 913
100 868
100 1067
100 4341
100 1424
100 25
100 113
100 5151
100 1242
100 1367
100 1396
100 38
100 400
100 635
100 2062
100 999
100 409
100 436
100 1148
100 1415
100 2384
100 518
100 1432
100 6625
100 313
100 737
100 1273
100 3209
100 1549
100 252
100 785
100 1334
100 290
100 2369
100 2006
100 1141
100 870
100 138
100 370
100 1387
100 832
100 5671
100 922
100 582
100 6428
100 64
100 387
100 1090
100 1073
100 1785
100 1110
100 2399
100 1466
100 159
100 1165
100 1129
100 1373
100 764
100 2887
100 412
100 703
100 1170
100 1015
100 3153
100 315
100 3897
100 629
100 3485
100 1481
100 1492
100 1643
100 2795
100 2655
100 33
100 482
100 1038
100 1524
100 1313
100 2456
100 196
100 1985
100 1173
100 60
100 2719
100 5443
100 878
100 737
100 1822
100 38
100 254
100 3567
100 205
100 293
100 1348
100 243
100 96
100 444
100 3166
100 111
100 3501
100 179
100 450
100 1039
100 2214
100 34
100 1178
100 173
100 1214
100 1156
100 1418
100 1049
100 775
100 833
100 1209
100 2908
100 1787
100 511
100 1218
100 2244
100 448
100 1167
100 172
100 637
100 389
100 5163
100 890
100 240
100 2529
100 651
100 8388
100 1173
100 546
100 157
100 1028
100 1976
100 568
100 1663
100 1524
100 362
100 3237
100 1926
100 3795
100 315
100 2044
100 541
100 1527
100 1351
100 1797
100 1204
100 2670
100 67
100 525
100 2010
100 29
100 1313
100 171
100 81
100 2032
100 951
100 240
100 829
100 2987
100 1575
100 484
100 1095
100 6467
100 309
100 382
100 325
100 127
100 1736
100 287
100 33
100 2265
100 555
100 1326
100 2530
100 49
100 3131
100 1045
100 3016
100 3324
100 1844
100 1783
100 2
100 25
100 2205
100 353
100 8848
100 29
100 202
100 408
100 303
100 1598
100 743
100 143
100 2121
100 639
100 1975
100 2
100 1806
100 1042
100 29
100 2184
100 370
100 140
100 2366
100 1869
100 65
100 921
100 1089
100 3221
100 3933
100 1079
100 1349
100 728
100 674
100 2044
100 92
100 1531
100 2687
100 1831
100 1000
100 344
100 1421
100 1447
100 997
100 1604
100 635
100 163
100 1880
100 748
100 440
100 195
100 172
100 1727
100 958
100 50
100 1047
100 578
100 702
100 361
100 191
100 1112
100 1481
100 2979
100 23
100 2261
100 1138
100 2493
100 4023
100 2928
100 175
100 4159
100 172
100 2183
100 821
100 1485
100 281
100 3867
100 466
100 1157
100 1174
100 1468
100 3197
100 66
100 2130
100 382
100 2798
100 82
100 911
100 551
100 1875
100 1228
100 1986
100 1262
100 370
100 2412
100 2192
100 142
100 2962
100 3993
100 590
100 523
100 120
100 1168
100 235
100 384
100 36
100 2349
100 447
100 1953
100 1942
100 25
100 388
100 1000
100 2747
100 2318
100 765
100 49
100 2462
100 501
100 2522
100 813
100 187
100 158
100 3221
100 2300
100 2111
100 688
100 591
100 1498
100 7106
100 175
100 2046
100 291
100 1654
100 358
100 932
100 816
100 1481
100 231
100 584
100 1188
100 1077
100 33
100 3622
100 1684
100 342
100 4816
100 3106
100 167
100 2908
100 776
100 490
100 8075
100 561
100 283
100 2754
100 1112
100 658
100 5080
100 653
100 1474
100 38
100 1568
100 2001
100 667
100 875
100 1993
100 1381
100 1255
100 455
100 95
100 1588
100 2506
100 746
100 802
100 4808
100 1966
100 433
100 423
100 2850
100 695
100 537
100 927
100 924
100 1007
100 83
100 2604
100 125
100 109
100 291
100 30
100 2116
100 1193
100 4097
100 477
100 762
100 1057
100 2470
100 207
100 420
100 108
100 654
100 132
100 3362
100 180
100 230
100 399
100 931
100 378
100 10774
100 630
100 1277
100 858
100 599
100 1160
100 2763
100 5869
100 1024
100 3132
100 439
100 242
100 2613
100 214
100 935
100 786
100 644
100 850
100 7068
100 692
100 174
100 4155
100 3668
100 679
100 559
100 126
100 2069
100 271
100 958
100 260
100 846
100 158
100 3822
100 836
100 1208
100 759
100 1446
100 872
100 89
100 277
100 611
100 6991
100 1101
100 31
100 671
100 970
100 1335
100 515
100 1556
100 1817
100 287
100 3122
100 788
100 425
100 1245
100 663
100 1907
100 130
100 201
100 106
100 4203
100 312
100 1668
100 497
100 727
100 181
100 461
100 2682
100 404
100 264
100 1019
100 773
100 989
100 784
100 176
100 913
100 1496
100 97
100 494
100 1061
100 1136
100 715
100 3452
100 1917
100 431
100 737
100 227
100 32
100 910
100 2657
100 5
100 1214
100 1167
100 570
100 78
100 1904
100 1330
100 440
100 1401
100 5471
100 1815
100 4736
100 164
100 411
100 79
100 419
100 1921
100 645
100 1328
100 1134
100 1580
100 514
100 275
100 311
100 103
100 2809
100 134
100 352
100 3263
100 2617
100 1813
100 2809
100 369
100 1603
100 855
100 978
100 438
100 1867
100 722
100 700
100 1905
100 442
100 180
100 1209
100 2194
100 330
100 704
100 268
100 8
100 2026
100 3535
100 623
100 2150
100 3794
100 3020
100 161
100 114
100 998
100 1081
100 1540
100 1414
100 1314
100 1872
100 3580
100 376
100 212
100 1866
100 1792
100 3045
100 2034
100 379
100 248
100 424
100 780
100 1324
100 729
100 1553
100 6123
100 533
100 1145
100 8487
100 1547
100 2321
100 806
100 787
100 2983
100 854
100 1159
100 2473
100 3197
100 1987
100 297
100 610
100 1302
100 974
100 4142
100 471
100 3477
100 716
100 486
100 1319
100 3245
100 537
100 964
100 2582
100 857
100 687
100 349
100 214
100 611
100 159
100 15
100 457
100 2899
100 1553
100 2345
100 814
100 1935
100 2926
100 357
100 1718
100 1892
100 2413
100 1815
100 1453
100 181
100 3404
100 3853
100 438
100 523
100 303
100 523
100 753
100 731
100 1002
100 404
100 891
100 3407
100 1108
100 240
100 1448
100 677
100 3029
100 84
100 1240
100 165
100 4974
100 2098
100 2932
100 1139
100 216
100 586
100 332
100 1718
100 381
100 506
100 3341
100 1062
100 2506
100 385
100 1389
100 100
100 574
100 1468
100 1274
100 767
100 335
100 1999
100 3353
100 1349
100 2136
100 1738
100 173
100 1657
100 94
100 902
100 5382
100 691
100 950
100 227
100 3024
100 2657
100 22
100 608
100 2740
100 4160
100 859
100 882
100 560
100 2062
100 1784
100 107
100 1835
100 258
100 495
100 927
100 867
100 1899
100 486
100 1311
100 325
100 4114
100 945
100 308
100 1718
100 3597
100 1033
100 2625
100 126
100 68
100 614
100 905
100 2249
100 4321
100 1959
100 434
100 1092
100 725
100 881
100 1620
100 1657
100 4694
100 3136
100 668
100 247
100 912
100 3063
100 1598
100 6194
100 58
100 4283
100 787
100 940
100 1412
100 29
100 1141
100 1887
100 87
100 1454
100 759
100 712
100 281
100 1714
100 1109
100 2628
100 327
100 2114
100 132
100 165
100 1137
100 855
100 976
100 2498
100 1901
100 1350
100 3351
100 74
100 549
100 312
100 206
100 3811
100 1295
100 346
100 3807
100 1954
100 218
100 936
100 2105
100 1130
100 4572
100 4320
100 960
100 673
100 206
100 2229
100 1204
100 236
100 1862
100 1267
100 4012
100 980
100 7
100 1739
100 1748
100 409
100 435
100 1405
100 1156
100 1133
100 781
100 764
100 61
100 162
100 763
100 504
100 76
100 1922
100 752
100 1514
100 2046
100 76
100 190
100 891
100 234
100 1028
100 1988
100 793
100 118
100 1022
100 3595
100 858
100 2009
100 2096
100 180
100 3050
100 5405
100 3907
100 3736
100 522
100 68
100 1047
100 1189
100 124
100 182
100 303
100 149
100 1187
100 315
100 266
100 319
100 6042
100 403
100 700
100 485
100 2499
100 215
100 344
100 1104
100 2409
100 816
100 8
100 2165
100 659
100 282
100 143
100 362
100 431
100 877
100 3451
100 724
100 1858
100 92
100 2
100 1633
100 495
100 402
100 124
100 1329
100 853
100 707
100 1836
100 428
100 574
100 1616
100 1558
100 1674
100 3577
100 644
100 4208
100 588
100 4506
100 3059
100 2838
100 1423
100 644
100 67
100 173
100 253
100 195
100 1402
100 712
100 124
100 602
100 553
100 3467
100 44
100 1496
100 1462
100 2919
100 1782
100 936
100 2783
100 928
100 1183
100 1541
100 72
100 71
100 945
100 993
100 1993
100 1908
100 1896
100 740
100 902
100 3512
100 2871
100 81
100 431
100 500
100 1494
100 142
100 1018
100 799
100 379
100 2656
100 94
100 4063
100 1028
100 276
100 107
100 2318
100 798
100 1601
100 3272
100 1102
100 168
100 4876
100 1192
100 551
100 2926
100 1094
100 733
100 1504
100 899
100 936
100 236
100 3152
100 2994
100 3131
100 66
100 1279
100 1822
100 316
100 1567
100 2953
100 669
100 46
100 105
100 546
100 1381
100 30
100 127
100 211
100 3419
100 467
100 3591
100 418
100 829
100 1259
100 300
100 457
100 3088
100 584
100 1805
100 2299
100 997
100 161
100 3142
100 1167
100 454
100 869
100 118
100 343
100 3155
100 462
100 831
100 1590
100 171
100 2369
100 802
100 388
100 1097
100 2606
100 542
100 98
100 715
100 4174
100 100
100 2927
100 1516
100 459
100 36
100 496
100 871
100 3406
100 891
100 382
100 973
100 1644
100 301
100 268
100 2886
100 1418
100 1740
100 1074
100 774
100 998
100 206
100 169
100 3050
100 2143
100 760
100 190
100 1336
100 675
100 1697
100 2114
100 175
100 124
100 2394
100 150
100 3041
100 4114
100 601
100 3222
100 756
100 0
100 274
100 4281
100 868
100 1280
100 109
100 125
100 2989
100 75
100 273
100 198
100 349
100 215
100 5598
100 241
100 4671
100 1777
100 2160
100 1161
100 142
100 239
100 1014
100 1551
100 1550
100 979
100 2114
100 332
100 132
100 2072
100 421
100 47
100 782
100 277
100 3641
100 1203
100 1876
100 79
100 8
100 1159
100 1960
100 3252
100 1310
100 122
100 3728
100 2932
100 1325
100 1932
100 557
100 791
100 3026
100 1274
100 408
100 934
100 329
100 221
100 2067
100 2043
100 2769
100 147
100 165
100 751
100 1099
100 293
100 15
100 236
100 928
100 165
100 286
100 2718
100 3705
100 142
100 962
100 2300
100 2600
100 2209
100 695
100 2716
100 1341
100 121
100 1023
100 1247
100 757
100 1261
100 830
100 25
100 980
100 1670
100 118
100 438
100 1347
100 21
100 390
100 26
100 193
100 1355
100 475
100 391
100 1820
100 682
100 1718
100 1500
100 1555
100 628
100 1504
100 239
100 267
100 459
100 445
100 1997
100 149
100 336
100 793
100 3000
100 251
100 232
100 148
100 1482
100 4028
100 54
100 1514
100 1291
100 250
100 2865
100 199
100 658
100 2959
100 176
100 1016
100 3139
100 26
100 1107
100 97
100 1274
100 2728
100 1074
100 1981
100 569
100 2080
100 860
100 899
100 389
100 1854
100 697
100 801
100 1581
100 619
100 563
100 16
100 4138
100 1201
100 1996
100 2275
100 629
100 607
100 406
100 440
100 441
100 797
100 1275
100 884
100 489
100 3187
100 1199
100 2577
100 1454
100 515
100 601
100 1334
100 570
100 1137
100 136
100 690
100 2443
100 2606
100 2253
100 398
100 2718
100 2381
100 1286
100 1537
100 1781
100 1656
100 2234
100 2586
100 1204
100 1840
100 2506
100 2055
100 527
100 2543
100 1875
100 353
100 685
100 3319
100 169
100 1104
100 464
100 652
100 700
100 543
100 892
100 159
100 20
100 755
100 1031
100 318
100 204
100 506
100 1832
100 1091
100 3763
100 1582
100 1377
100 3397
100 8153
100 298
100 118
100 497
100 1520
100 131
100 1107
100 376
100 1339
100 1482
100 1599
100 495
100 207
100 716
100 1035
100 1893
100 724
100 1683
100 3838
100 3518
100 2616
100 1908
100 106
100 4222
100 32
100 414
100 377
100 117
100 2266
100 404
100 1033
100 203
100 187
100 1559
100 1144
100 737
100 2059
100 4543
100 1631
100 1611
100 1382
100 3298
100 4625
100 3979
100 456
100 2856
100 437
100 1690
100 414
100 4924
100 1493
100 349
100 1253
100 1323
100 253
100 2583
100 1555
100 3010
100 4171
100 109
100 2875
100 82
100 992
100 291
100 12
100 2257
100 957
100 4299
100 780
100 1383
100 188
100 251
100 517
100 2411
100 2534
100 1462
100 1916
100 1608
100 736
100 5621
100 2300
100 1424
100 2001
100 1542
100 536
100 97
100 547
100 1394
100 72
100 967
100 314
100 401
100 248
100 1554
100 645
100 2863
100 1074
100 309
100 2886
100 1386
100 3356
100 172
100 1786
100 246
100 339
100 3284
100 2530
100 1059
100 228
100 2518
100 819
100 1652
100 4145
100 592
100 2809
100 2407
100 951
100 1158
100 157
100 660
100 750
100 1008
100 354
100 1555
100 2468
100 1609
100 487
100 932
100 27
100 1350
100 1023
100 322
100 1288
100 4423
100 1144
100 2500
100 60
100 3620
100 40
100 495
100 2432
100 1523
100 900
100 1577
100 3533
100 1094
100 1332
100 1477
100 2254
100 2407
100 1733
100 2380
100 1687
100 247
100 858
100 284
100 4316
100 1217
100 2855
100 1875
100 1548
100 1095
100 1901
100 298
100 949
100 25
100 3763
100 1062
100 455
100 3244
100 1130
100 3531
100 888
100 1433
100 378
100 2421
100 2102
100 592
100 1245
100 329
100 215
100 2448
100 1047
100 495
100 796
100 1364
100 196
100 2684
100 2245
100 5362
100 1119
100 1681
100 123
100 1192
100 3609
100 2758
100 6382
100 305
100 1999
100 562
100 2281
100 1104
100 818
100 2777
100 3435
100 1538
100 4932
100 315
100 1077
100 1166
100 1809
100 135
100 267
100 2505
100 1110
100 3115
100 88
100 4595
100 4081
100 1638
100 57
100 918
100 330
100 123
100 306
100 1673
100 169
100 2681
100 1276
100 19
100 3834
100 1043
100 125
100 282
100 2465
100 792
100 8488
100 1415
100 3445
100 656
100 58
100 126
100 475
100 1544
100 228
100 205
100 1897
100 1142
100 4812
100 2836
100 29
100 1218
100 5637
100 426
100 1668
100 1884
100 1377
100 538
100 785
100 1299
100 19
100 421
100 1888
100 88
100 979
100 1118
100 1600
100 1630
100 805
100 1377
100 163
100 704
100 3384
100 295
100 421
100 201
100 112
100 3811
100 1134
100 901
100 3622
100 1109
100 266
100 2608
100 1661
100 143
100 930
100 181
100 614
100 297
100 3009
100 135
100 396
100 7581
100 66
100 196
100 1047
100 1489
100 2420
100 829
100 1412
100 900
100 2417
100 1015
100 46
100 377
100 320
100 165
100 602
100 134
100 2682
100 394
100 2741
100 744
100 1491
100 517
100 2264
100 68
100 1034
100 3331
100 795
100 2353
100 200
100 400
100 803
100 2347
100 1382
100 1579
100 886
100 155
100 1754
100 1770
100 1310
100 1929
100 5637
100 362
100 1763
100 1485
100 1085
100 3247
100 1714
100 1751
100 1285
100 1115
100 4525
100 100
100 142
100 2614
100 1791
100 2865
100 1370
100 419
100 1071
100 1378
100 1614
100 1977
100 719
100 345
100 4522
100 1058
100 315
100 96
100 588
100 3703
100 1532
100 1084
100 2448
100 4461
100 3570
100 653
100 991
100 6861
100 1983
100 2604
100 302
100 650
100 1627
100 1344
100 820
100 307
100 287
100 6124
100 2209
100 4732
100 103
100 349
100 468
100 673
100 109
100 1560
100 2254
100 122
100 1278
100 451
100 891
100 1608
100 3038
100 1510
100 259
100 521
100 4185
100 1011
100 1780
100 2457
100 1250
100 327
100 189
100 1286
100 184
100 1791
100 38
100 40
100 1250
100 1125
100 291
100 1184
100 1786
100 919
100 1183
100 957
100 1228
100 3142
100 1493
100 63
100 477
100 1010
100 1719
100 216
100 560
100 1282
100 1006
100 3733
100 873
100 3371
100 1938
100 993
100 3181
100 1270
100 541
100 1601
100 515
100 345
100 781
100 233
100 434
100 472
100 1225
100 1179
100 1997
100 3259
100 5141
100 787
100 332
100 710
100 2089
100 2002
100 97
100 1134
100 722
100 2929
100 3089
100 2261
100 601
100 728
100 579
100 794
100 1431
100 1626
100 271
100 8438
100 1981
100 1135
100 357
100 1822
100 293
100 1639
100 1411
100 2774
100 5941
100 499
100 904
100 1445
100 3328
100 1198
100 1229
100 129
100 86
100 2537
100 75
100 370
100 659
100 24
100 799
100 161
100 1835
100 1779
100 7117
100 735
100 722
100 1464
100 2214
100 520
100 376
100 1570
100 993
100 2631
100 1395
100 216
100 326
100 5639
100 213
100 109
100 2313
100 464
100 2040
100 1443
100 151
100 347
100 800
100 767
100 3902
100 1116
100 211
100 2555
100 611
100 214
100 1738
100 1828
100 1604
100 2097
100 40
100 2641
100 2663
100 934
100 637
100 549
100 5160
100 2225
100 810
100 592
100 161
100 12
100 52
100 1687
100 1796
100 2469
100 1803
100 1517
100 607
100 440
100 3168
100 1005
100 2945
100 3036
100 442
100 748
100 1000
100 2205
100 1346
100 4894
100 3168
100 162
100 485
100 1264
100 329
100 470
100 281
100 1804
100 2352
100 1248
100 76
100 2599
100 210
100 114
100 217
100 1533
100 857
100 86
100 96
100 71
100 1479
100 1494
100 3249
100 2168
100 724
100 370
100 261
100 1183
100 280
100 5534
100 3504
100 1627
100 1388
100 1137
100 2550
100 1955
100 1
100 1704
100 1359
100 817
100 7236
100 5927
100 1098
100 1325
100 431
100 135
100 160
100 678
100 2854
100 1553
100 381
100 868
100 197
100 39
100 664
100 1341
100 4029
100 787
100 1011
100 2889
100 1428
100 2966
100 1987
100 3077
100 522
100 1603
100 314
100 2053
100 1983
100 1185
100 1310
100 442
100 72
100 1994
100 3155
100 402
100 1048
100 1302
100 22
100 82
100 2265
100 1190
100 448
100 1826
100 1445
100 33
100 842
100 142
100 217
100 3129
100 725
100 2073
100 930
100 199
100 198
100 183
100 4223
100 1461
100 3281
100 2978
100 873
100 645
100 120
100 4821
100 2667
100 1112
100 541
100 1395
100 138
100 4362
100 700
100 659
100 1226
100 2851
100 62
100 2682
100 1006
100 1694
100 3871
100 3083
100 3814
100 574
100 1753
100 948
100 938
100 1655
100 2772
100 57
100 617
100 2285
100 413
100 1736
100 232
100 3004
100 382
100 222
100 2902
100 2245
100 1988
100 1866
100 1122
100 1273
100 1282
100 198
100 1200
100 440
100 767
100 767
100 679
100 347
100 1235
100 22
100 2176
100 1145
100 4529
100 704
100 495
100 3925
100 716
100 1817
100 621
100 1835
100 1019
100 3418
100 4877
100 330
100 44
100 1471
100 1117
100 265
100 1401
100 8
100 519
100 952
100 646
100 1744
100 67
100 3102
100 1018
100 1328
100 1592
100 895
100 1054
100 1959
100 909
100 1084
100 245
100 2795
100 411
100 1328
100 3353
100 781
100 506
100 109
100 31
100 1308
100 558
100 1341
100 582
100 80
100 507
100 692
100 499
100 466
100 218
100 381
100 832
100 1244
100 123
100 1147
100 104
100 358
100 2098
100 73
100 533
100 1418
100 15
100 543
100 322
100 1438
100 1421
100 4461
100 1904
100 983
100 1509
100 2641
100 2683
100 270
100 478
100 176
100 402
100 79
100 2149
100 131
100 2788
100 1628
100 573
100 2773
100 287
100 112
100 888
100 233
100 278
100 1596
100 30
100 2447
100 328
100 2662
100 562
100 269
100 1629
100 1046
100 2355
100 195
100 2438
100 1697
100 496
100 2798
100 1492
100 131
100 3864
100 1552
100 973
100 746
100 84
100 716
100 734
100 1214
100 416
100 63
100 2858
100 103
100 1706
100 1597
100 3623
100 720
100 1362
100 357
100 787
100 6193
100 3615
100 1824
100 1091
100 65
100 493
100 1925
100 1938
100 400
100 207
100 275
100 1952
100 31
100 3769
100 143
100 4192
100 917
100 935
100 1139
100 1566
100 624
100 1306
100 3053
100 134
100 501
100 1930
100 1628
100 395
100 237
100 1242
100 3121
100 151
100 972
100 855
100 1458
100 155
100 3378
100 730
100 762
100 272
100 679
100 72
100 359
100 585
100 1360
100 1684
100 3163
100 784
100 1084
100 107
100 716
100 956
100 3818
100 986
100 281
100 2474
100 1320
100 685
100 787
100 1213
100 1385
100 1123
100 198
100 2021
100 1335
100 246
100 1736
100 1499
100 2517
100 276
100 589
100 736
100 2025
100 441
100 1622
100 432
100 485
100 294
100 3258
100 1026
100 1262
100 122
100 3910
100 1033
100 1112
100 290
100 15
100 1356
100 794
100 1207
100 2315
100 1787
100 1190
100 1887
100 1108
100 4501
100 1657
100 2807
100 933
100 1146
100 1385
100 1219
100 1027
100 877
100 877
100 88
100 101
100 94
100 3032
100 1753
100 1286
100 313
100 475
100 155
100 639
100 8
100 629
100 471
100 1285
100 2170
100 1677
100 527
100 1261
100 365
100 500
100 1303
100 2397
100 1354
100 904
100 1409
100 67
100 3631
100 1117
100 1122
100 186
100 198
100 375
100 1837
100 506
100 831
100 157
100 528
100 320
100 2118
100 907
100 2061
100 1610
100 37
100 904
100 169
100 1269
100 110
100 1101
100 4505
100 5499
100 2496
100 514
100 3799
100 2071
100 3192
100 1059
100 9365
100 3987
100 414
100 175
100 4422
100 2283
100 1824
100 1013
100 274
100 779
100 60
100 4099
100 449
100 830
100 761
100 5022
100 164
100 2157
100 188
100 159
100 604
100 2378
100 4350
100 1491
100 717
100 187
100 1554
100 648
100 468
100 499
100 69
100 560
100 2768
100 68
100 2104
100 416
100 252
100 989
100 4734
100 3447
100 887
100 174
100 2453
100 1823
100 1137
100 1525
100 239
100 1691
100 2455
100 561
100 1032
100 175
100 584
100 259
100 456
100 2109
100 4169
100 437
100 1724
100 1613
100 460
100 212
100 2930
100 581
100 1021
100 559
100 1251
100 172
100 1501
100 1786
100 2082
100 97
100 644
100 591
100 917
100 81
100 5
100 911
100 1257
100 637
100 806
100 765
100 4585
100 646
100 1011
100 2519
100 812
100 416
100 448
100 3509
100 1819
100 886
100 2202
100 1565
100 444
100 272
100 972
100 765
100 445
100 1334
100 2298
100 313
100 338
100 1310
100 1238
100 3706
100 3118
100 1132
100 574
100 985
100 116
100 547
100 66
100 1359
100 489
100 622
100 1040
100 2745
100 3158
100 1177
100 1281
100 956
100 1590
100 965
100 922
100 1716
100 2684
100 275
100 395
100 4817
100 1230
100 1803
100 793
100 1499
100 1754
100 635
100 1356
100 392
100 372
100 2375
100 2847
100 326
100 4217
100 1002
100 1199
100 2171
100 1779
100 1518
100 1251
100 765
100 1289
100 4231
100 6685
100 2872
100 550
100 6693
100 852
100 2531
100 379
100 235
100 1989
100 73
100 225
100 17
100 125
100 921
100 2311
100 480
100 3080
100 572
100 320
100 923
100 4023
100 1153
100 1800
100 1495
100 1178
100 1327
100 1210
100 722
100 656
100 64
100 63
100 111
100 3924
100 2084
100 499
100 6357
100 1536
100 4555
100 1207
100 119
100 4379
100 3708
100 76
100 1290
100 375
100 7098
100 19
100 843
100 571
100 426
100 1385
100 309
100 449
100 142
100 25
100 1428
100 1852
100 2224
100 166
100 1396
100 4066
100 1801
100 447
100 1285
100 922
100 315
100 1377
100 2367
100 849
100 781
100 1442
100 2231
100 339
100 1425
100 2706
100 14
100 1488
100 746
100 2050
100 4709
100 1206
100 1276
100 841
100 243
100 2602
100 1614
100 1053
100 379
100 1140
100 2466
100 1193
100 2195
100 1460
100 5317
100 1053
100 1455
100 212
100 2473
100 482
100 73
100 1178
100 2201
100 750
100 275
100 185
100 809
100 1736
100 3184
100 1382
100 372
100 83
100 1268
100 3147
100 339
100 427
100 2124
100 46
100 1292
100 1008
100 1095
100 322
100 2
100 1331
100 3411
100 139
100 1518
100 865
100 223
100 135
100 55
100 2075
100 322
100 41
100 97
100 1167
100 257
100 103
100 1553
100 1849
100 384
100 4528
100 1369
100 849
100 761
100 234
100 1365
100 109
100 1584
100 2600
100 217
100 2492
100 1068
100 3514
100 221
100 1098
100 734
100 507
100 1191
100 226
100 1845
100 2795
100 1007
100 696
100 240
100 5796
100 729
100 2443
100 2215
100 2806
100 302
100 3805
100 17
100 192
100 735
100 1222
100 406
100 3469
100 1856
100 173
100 745
100 2330
100 2662
100 1648
100 612
100 582
100 3535
100 569
100 243
100 2007
100 1291
100 232
100 1688
100 442
100 1804
100 1534
100 2918
100 1585
100 1876
100 601
100 90
100 2414
100 381
100 1479
100 2667
100 303
100 887
100 1351
100 348
100 3110
100 1127
100 531
100 941
100 19
100 183
100 2515
100 2542
100 1908
100 2334
100 152
100 2212
100 1946
100 3112
100 1650
100 2046
100 971
100 233
100 2062
100 661
100 826
100 326
100 6693
100 2786
100 418
100 361
100 841
100 2036
100 413
100 1876
100 2445
100 522
100 700
100 486
100 159
100 512
100 1002
100 2590
100 742
100 365
100 147
100 546
100 459
100 577
100 2499
100 1777
100 72
100 350
100 2232
100 204
100 269
100 1287
100 741
100 5256
100 850
100 5162
100 3364
100 1262
100 532
100 993
100 364
100 580
100 157
100 894
100 1495
100 3449
100 384
100 275
100 3222
100 311
100 564
100 1096
100 2015
100 6160
100 679
100 938
100 279
100 1471
100 1986
100 577
100 481
100 644
100 1547
100 743
100 242
100 656
100 2065
100 275
100 520
100 450
100 368
100 229
100 2558
100 1091
100 258
100 3723
100 3074
100 171
100 393
100 687
100 1991
100 2148
100 565
100 2778
100 1279
100 3010
100 2917
100 208
100 2875
100 1462
100 148
100 148
100 848
100 505
100 1273
100 848
100 1540
100 15
100 50
100 611
100 1617
100 200
100 186
100 399
100 53
100 366
100 1317
100 69
100 2308
100 87
100 3293
100 3494
100 4373
100 1999
100 3216
100 138
100 454
100 929
100 719
100 1980
100 2171
100 2488
100 433
100 1148
100 3747
100 919
100 105
100 1720
100 1630
100 685
100 971
100 203
100 367
100 1696
100 713
100 498
100 55
100 3853
100 4095
100 943
100 449
100 1125
100 1714
100 200
100 1597
100 613
100 67
100 112
100 1822
100 371
100 393
100 466
100 2011
100 1713
100 2643
100 49
100 2599
100 1374
100 14
100 2043
100 2706
100 881
100 829
100 1890
100 2943
100 99
100 463
100 4916
100 4926
100 1946
100 1258
100 1302
100 1562
100 131
100 2425
100 1753
100 718
100 675
100 4349
100 300
100 5610
100 2049
100 1357
100 936
100 263
100 1671
100 1632
100 1458
100 3655
100 784
100 1351
100 1345
100 2385
100 1339
100 576
100 853
100 392
100 175
100 2425
100 567
100 666
100 869
100 799
100 3057
100 2330
100 178
100 1480
100 1076
100 738
100 1291
100 3532
100 32
100 447
100 682
100 748
100 858
100 548
100 24
100 150
100 871
100 2701
100 741
100 54
100 1506
100 1295
100 934
100 29
100 808
100 129
100 4507
100 1002
100 6508
100 928
100 3725
100 415
100 710
100 485
100 1654
100 1315
100 1002
100 1723
100 247
100 3345
100 1037
100 3031
100 86
100 32
100 3663
100 1226
100 5376
100 2824
100 565
100 900
100 224
100 139
100 653
100 1255
100 549
100 842
100 2561
100 2643
100 448
100 1246
100 1149
100 55
100 249
100 2629
100 110
100 1848
100 2932
100 161
100 1232
100 964
100 837
100 852
100 1414
100 126
100 3760
100 13
100 498
100 474
100 1641
100 351
100 733
100 1246
100 2645
100 553
100 456
100 363
100 1436
100 1883
100 2559
100 2679
100 47
100 2158
100 55
100 905
100 208
100 210
100 192
100 1009
100 814
100 2559
100 142
100 276
100 1256
100 348
100 180
100 1006
100 2469
100 135
100 442
100 2114
100 3837
100 389
100 986
100 1140
100 1459
100 4889
100 1697
100 1875
100 949
100 3182
100 93
100 2936
100 606
100 117
100 3855
100 723
100 1875
100 1765
100 3450
100 2938
100 899
100 441
100 2452
100 1017
100 1390
100 787
100 157
100 839
100 497
100 810
100 1664
100 21
100 3248
100 496
100 2295
100 459
100 1018
100 244
100 3229
100 2415
100 1792
100 2716
100 1571
100 137
100 1421
100 277
100 5145
100 1972
100 26
100 956
100 201
100 4016
100 1200
100 74
100 187
100 535
100 331
100 628
100 750
100 1044
100 183
100 2506
100 1419
100 60
100 756
100 693
100 4233
100 2640
100 1855
100 2121
100 337
100 257
100 446
100 1040
100 702
100 862
100 5147
100 190
100 389
100 233
100 1203
100 556
100 1179
100 4345
100 1776
100 316
100 87
100 1277
100 644
100 882
100 280
100 1663
100 1831
100 2481
100 1714
100 477
100 1088
100 3663
100 949
100 1134
100 718
100 282
100 874
100 1456
100 2575
100 1190
100 2737
100 1156
100 51
100 866
100 514
100 360
100 993
100 2555
100 303
100 2004
100 846
100 1445
100 1588
100 740
100 4632
100 19
100 107
100 1216
100 241
100 1238
100 1441
100 6056
100 352
100 229
100 1701
100 1637
100 2049
100 36
100 467
100 2941
100 412
100 66
100 802
100 846
100 1804
100 2665
100 842
100 2015
100 2613
100 193
100 10877
100 1141
100 216
100 1362
100 3298
100 1096
100 284
100 742
100 789
100 2172
100 1069
100 1561
100 882
100 1172
100 296
100 37
100 1020
100 3260
100 3428
100 515
100 2611
100 1971
100 136
100 1645
100 4505
100 531
100 140
100 2049
100 27
100 68
100 840
100 35
100 136
100 2191
100 3013
100 646
100 2370
100 835
100 593
100 1158
100 2714
100 414
100 1303
100 164
100 1552
100 2603
100 149
100 2014
100 441
100 2435
100 2782
100 1098
100 2711
100 225
100 5243
100 180
100 345
100 1203
100 139
100 900
100 1813
100 2582
100 1170
100 3100
100 2203
100 6701
100 1553
100 2510
100 1482
100 202
100 1744
100 139
100 3760
100 1377
100 1588
100 2423
100 673
100 1214
100 1259
100 1446
100 857
100 188
100 1134
100 1323
100 218
100 5
100 543
100 1337
100 528
100 454
100 46
100 1260
100 3486
100 1550
100 498
100 1020
100 3565
100 1348
100 699
100 302
100 481
100 227
100 6745
100 1418
100 1921
100 1644
100 2509
100 3904
100 1914
100 391
100 3898
100 2115
100 2408
100 25
100 273
100 360
100 3041
100 1703
100 1218
100 1887
100 279
100 918
100 1225
100 62
100 258
100 83
100 2210
100 1712
100 1423
100 436
100 316
100 284
100 3160
100 135
100 1690
100 1650
100 187
100 2663
100 654
100 693
100 487
100 1443
100 899
100 366
100 1845
100 790
100 2876
100 816
100 774
100 3070
100 1202
100 3870
100 2634
100 2273
100 1648
100 2681
100 1227
100 224
100 1162
100 3082
100 1201
100 430
100 1251
100 1925
100 1586
100 221
100 1552
100 723
100 288
100 3824
100 816
100 1982
100 189
100 2376
100 1095
100 419
100 149
100 1099
100 1789
100 3979
100 299
100 1891
100 594
100 453
100 521
100 94
100 521
100 5229
100 334
100 1421
100 938
100 9
100 725
100 9
100 144
100 1452
100 1514
100 6399
100 917
100 1967
100 1880
100 69
100 353
100 1633
100 419
100 882
100 1187
100 859
100 241
100 2010
100 254
100 3812
100 787
100 491
100 5629
100 827
100 2288
100 834
100 1189
100 3749
100 653
100 39
100 478
100 1197
100 30
100 467
100 610
100 160
100 732
100 199
100 1160
100 2053
100 2344
100 1665
100 375
100 1563
100 687
100 451
100 1540
100 2150
100 1535
100 727
100 1096
100 71
100 1001
100 1029
100 938
100 563
100 1859
100 272
100 299
100 6
100 77
100 777
100 486
100 57
100 1155
100 819
100 120
100 1619
100 581
100 4627
100 663
100 603
100 77
100 11
100 634
100 406
100 352
100 278
100 188
100 782
100 535
100 682
100 154
100 989
100 60
100 473
100 2271
100 2231
100 2999
100 290
100 257
100 478
100 260
100 1285
100 241
100 371
100 2368
100 1322
100 1270
100 2447
100 3247
100 2517
100 821
100 41
100 307
100 305
100 386
100 527
100 50
100 3400
100 1813
100 1645
100 866
100 737
100 405
100 760
100 119
100 3489
100 557
100 49
100 207
100 179
100 238
100 2082
100 409
100 397
100 3345
100 2016
100 870
100 3759
100 950
100 346
100 3324
100 1898
100 4082
100 490
100 3371
100 2508
100 1650
100 155
100 396
100 2967
100 688
100 396
100 206
100 566
100 2474
100 113
100 1546
100 7
100 77
100 2545
100 1332
100 1316
100 1073
100 189
100 379
100 1951
100 358
100 1883
100 497
100 126
100 2068
100 2200
100 1111
100 51
100 423
100 985
100 1471
100 424
100 3940
100 66
100 713
100 398
100 569
100 1516
100 2018
100 121
100 1340
100 100
100 1052
100 284
100 343
100 10184
100 59
100 228
100 104
100 3259
100 1193
100 3859
100 4871
100 984
100 1288
100 3725
100 1740
100 56
100 549
100 505
100 1223
100 158
100 3570
100 3063
100 200
100 3206
100 5413
100 923
100 67
100 884
100 477
100 21
100 2873
100 2823
100 3793
100 877
100 2414
100 1752
100 375
100 142
100 281
100 1102
100 4177
100 1207
100 471
100 1442
100 357
100 1657
100 79
100 2396
100 130
100 706
100 688
100 138
100 1164
100 510
100 244
100 504
100 490
100 299
100 931
100 191
100 2430
100 977
100 553
100 914
100 4830
100 2032
100 2574
100 1635
100 3693
100 836
100 2231
100 11
100 1
100 1321
100 673
100 4635
100 3374
100 640
100 724
100 3090
100 1939
100 650
100 861
100 740
100 320
100 1790
100 969
100 1206
100 3703
100 965
100 431
100 4542
100 283
100 2985
100 321
100 708
100 792
100 1010
100 349
100 1444
100 28
100 639
100 447
100 361
100 491
100 2214
100 288
100 90
100 2062
100 2156
100 104
100 493
100 1286
100 1041
100 1847
100 933
100 850
100 523
100 653
100 369
100 55
100 44
100 1401
100 1051
100 885
100 391
100 520
100 2028
100 5690
100 503
100 595
100 7
100 827
100 2999
100 7000
100 611
100 2305
100 1121
100 345
100 1120
100 215
100 1678
100 1316
100 2184
100 1468
100 308
100 312
100 180
100 2157
100 2692
100 385
100 3730
100 1857
100 480
100 350
100 17
100 197
100 2241
100 731
100 311
100 44
100 858
100 919
100 844
100 770
100 7691
100 960
100 3672
100 465
100 1809
100 371
100 1169
100 1190
100 983
100 404
100 587
100 2089
100 2697
100 650
100 2997
100 2064
100 905
100 66
100 3196
100 1372
100 341
100 2182
100 2240
100 2222
100 1273
100 487
100 652
100 1231
100 145
100 1167
100 1569
100 759
100 1241
100 117
100 5
100 476
100 2197
100 1048
100 370
100 82
100 90
100 582
100 131
100 2341
100 481
100 2624
100 326
100 284
100 421
100 724
100 908
100 35
100 3208
100 1085
100 6310
100 1360
100 76
100 441
100 2657
100 329
100 133
100 1477
100 3367
100 38
100 319
100 863
100 4641
100 511
100 91
100 2059
100 1189
100 539
100 680
100 137
100 1043
100 5160
100 2080
100 8134
100 440
100 1198
100 834
100 590
100 612
100 192
100 878
100 2818
100 1266
100 653
100 1067
100 362
100 2567
100 15
100 185
100 913
100 454
100 3158
100 809
100 1853
100 2969
100 2820
100 1967
100 290
100 602
100 2330
100 1432
100 1925
100 1017
100 141
100 151
100 1544
100 227
100 761
100 170
100 870
100 1334
100 957
100 1806
100 278
100 2275
100 2836
100 1169
100 100
100 820
100 127
100 384
100 2208
100 1026
100 763
100 1092
100 3611
100 219
100 255
100 321
100 589
100 2317
100 2700
100 166
100 245
100 875
100 140
100 6318
100 2110
100 3643
100 73
100 287
100 205
100 740
100 111
100 585
100 807
100 154
100 1483
100 170
100 783
100 469
100 2690
100 4278
100 301
100 432
100 2488
100 1349
100 642
100 669
100 2158
100 419
100 0
100 621
100 1671
100 2500
100 420
100 1257
100 1640
100 2434
100 898
100 1035
100 1364
100 75
100 3398
100 642
100 1529
100 308
100 107
100 157
100 4287
100 209
100 687
100 3515
100 2508
100 6723
100 619
100 604
100 2992
100 807
100 2470
100 459
100 1109
100 5330
100 958
100 49
100 15
100 666
100 218
100 756
100 745
100 3145
100 18
100 2967
100 718
100 2023
100 657
100 1380
100 769
100 2032
100 225
100 1649
100 1525
100 4695
100 235
100 210
100 8
100 224
100 653
100 434
100 1479
100 1901
100 727
100 52
100 3037
100 342
100 255
100 79
100 40
100 476
100 641
100 2032
100 702
100 1102
100 300
100 1580
100 128
100 1075
100 81
100 1
100 1249
100 574
100 409
100 2716
100 1592
100 249
100 531
100 810
100 439
100 268
100 280
100 1209
100 1742
100 753
100 1045
100 264
100 682
100 263
100 2035
100 2160
100 796
100 545
100 599
100 149
100 343
100 677
100 1927
100 495
100 3547
100 1000
100 108
100 1048
100 1529
100 3459
100 1465
100 1583
100 850
100 602
100 4380
100 1353
100 442
100 58
100 359
100 2553
100 4939
100 705
100 5924
100 364
100 1778
100 493
100 3859
100 130
100 593
100 3974
100 1070
100 655
100 1112
100 617
100 1306
100 58
100 1020
100 1677
100 527
100 498
100 1397
100 2175
100 2496
100 223
100 4712
100 408
100 891
100 547
100 862
100 20
100 834
100 1837
100 641
100 34
100 8
100 2753
100 1202
100 1278
100 860
100 897
100 2544
100 530
100 570
100 2109
100 928
100 808
100 869
100 989
100 1738
100 2207
100 4982
100 2771
100 355
100 1121
100 856
100 401
100 570
100 1048
100 3139
100 516
100 1280
100 527
100 231
100 437
100 2376
100 345
100 953
100 112
100 1627
100 414
100 1208
100 1143
100 475
100 1542
100 1223
100 707
100 855
100 216
100 57
100 3472
100 1103
100 2452
100 180
100 784
100 3750
100 168
100 3242
100 3008
100 271
100 682
100 2830
100 1462
100 634
100 960
100 319
100 501
100 864
100 2059
100 358
100 414
100 162
100 1077
100 1975
100 2077
100 86
100 1098
100 1199
100 2848
100 1202
100 3130
100 367
100 72
100 49
100 250
100 2893
100 218
100 1775
100 112
100 3769
100 971
100 1261
100 1070
100 260
100 1607
100 543
100 1814
100 89
100 2101
100 261
100 666
100 843
100 260
100 470
100 3155
100 42
100 3719
100 2262
100 748
100 828
100 2449
100 1083
100 135
100 1576
100 628
100 327
100 547
100 1820
100 462
100 216
100 839
100 1156
100 261
100 925
100 1314
100 30
100 660
100 2517
100 2521
100 2425
100 520
100 2649
100 2472
100 1999
100 2082
100 652
100 303
100 5
100 1986
100 4270
100 2318
100 3132
100 138
100 1918
100 1811
100 348
100 238
100 214
100 415
100 1653
100 389
100 380
100 275
100 4274
100 32
100 2469
100 390
100 3090
100 1005
100 244
100 365
100 3239
100 12
100 246
100 135
100 4471
100 52
100 41
100 2392
100 2615
100 832
100 86
100 1490
100 524
100 293
100 212
100 122
100 1012
100 798
100 429
100 945
100 14
100 2519
100 418
100 2780
100 4695
100 499
100 118
100 3004
100 2275
100 732
100 1425
100 637
100 3792
100 2318
100 1640
100 723
100 605
100 700
100 216
100 2660
100 1533
100 2797
100 149
100 1455
100 5197
100 164
100 391
100 456
100 452
100 1286
100 720
100 1638
100 76
100 827
100 1036
100 2130
100 272
100 17
100 168
100 671
100 115
100 147
100 67
100 245
100 312
100 1342
100 3502
100 632
100 260
100 324
100 1649
100 507
100 75
100 306
100 163
100 1424
100 476
100 1154
100 430
100 1478
100 2199
100 3776
100 1602
100 257
100 4183
100 452
100 4718
100 186
100 1277
100 137
100 336
100 2688
100 2342
100 558
100 2372
100 2054
100 319
100 148
100 1622
100 1291
100 195
100 1339
100 5154
100 446
100 2412
100 2766
100 1264
100 1935
100 997
100 642
100 2394
100 227
100 398
100 2180
100 1763
100 496
100 2866
100 1110
100 1296
100 624
100 976
100 902
100 3886
100 385
100 187
100 1972
100 906
100 993
100 1103
100 720
100 3251
100 334
100 4472
100 251
100 1119
100 2646
100 365
100 448
100 87
100 753
100 4325
100 973
100 3114
100 1444
100 829
100 316
100 105
100 1348
100 2402
100 425
100 2298
100 537
100 1222
100 327
100 2681
100 138
100 513
100 30
100 1977
100 2051
100 1886
100 1122
100 284
100 2924
100 2392
100 1424
100 1961
100 199
100 473
100 1188
100 912
100 347
100 2369
100 3445
100 1091
100 3613
100 794
100 921
100 1379
100 628
100 115
100 54
100 956
100 2623
100 1841
100 3985
100 630
100 1283
100 4102
100 230
100 674
100 64
100 1658
100 1041
100 1875
100 1382
100 776
100 791
100 1169
100 527
100 224
100 403
100 512
100 7639
100 111
100 75
100 1092
100 288
100 1743
100 229
100 5368
100 163
100 2426
100 1004
100 792
100 147
100 417
100 697
100 1317
100 3473
100 1058
100 54
100 732
100 1490
100 1586
100 2958
100 4094
100 983
100 650
100 1358
100 7930
100 493
100 3669
100 4964
100 2470
100 1058
100 408
100 332
100 3707
100 324
100 1130
100 1119
100 1947
100 561
100 4004
100 1196
100 1121
100 2417
100 644
100 570
100 157
100 0
100 562
100 362
100 214
100 2069
100 888
100 2465
100 1837
100 1175
100 375
100 660
100 2168
100 647
100 125
100 208
100 1619
100 1769
100 77
100 5210
100 298
100 1375
100 2855
100 1784
100 6041
100 69
100 1292
100 38
100 200
100 1099
100 3092
100 67
100 1714
100 424
100 1336
100 649
100 490
100 85
100 74
100 678
100 1238
100 3804
100 25
100 1598
100 489
100 749
100 487
100 465
100 2670
100 4180
100 207
100 2760
100 1486
100 722
100 561
100 237
100 2419
100 201
100 589
100 148
100 2321
100 784
100 2273
100 1999
100 282
100 932
100 1485
100 1925
100 144
100 1308
100 742
100 0
100 396
100 171
100 3505
100 296
100 771
100 1434
100 556
100 270
100 2279
100 2108
100 1113
100 637
100 1262
100 1571
100 1483
100 635
100 523
100 1335
100 288
100 402
100 242
100 1965
100 850
100 64
100 4195
100 338
100 5360
100 5
100 1785
100 60
100 188
100 179
100 361
100 1056
100 296
100 682
100 1
100 2047
100 2252
100 455
100 1513
100 2569
100 459
100 1781
100 206
100 1378
100 161
100 116
100 41
100 9967
100 599
100 1079
100 138
100 1885
100 2592
100 1117
100 5172
100 26
100 101
100 1685
100 2846
100 285
100 750
100 221
100 5285
100 3123
100 837
100 2740
100 2104
100 1316
100 3748
100 418
100 1219
100 615
100 34
100 4428
100 6544
100 92
100 2139
100 2809
100 1483
100 1182
100 1969
100 534
100 552
100 452
100 3329
100 485
100 3334
100 856
100 849
100 1051
100 111
100 2301
100 2415
100 1937
100 1917
100 3877
100 827
100 253
100 464
100 802
100 1871
100 1815
100 1485
100 1034
100 1825
100 226
100 2012
100 2671
100 925
100 867
100 1466
100 335
100 248
100 2032
100 76
100 1016
100 1851
100 1033
100 3357
100 906
100 968
100 6601
100 440
100 327
100 898
100 95
100 37
100 83
100 4296
100 1994
100 337
100 2100
100 1630
100 344
100 286
100 67
100 2691
100 1165
100 721
100 2073
100 3938
100 2258
100 43
100 587
100 978
100 207
100 1008
100 1901
100 480
100 144
100 9910
100 677
100 801
100 6
100 246
100 831
100 674
100 340
100 633
100 1701
100 2438
100 1639
100 228
100 3052
100 1800
100 575
100 970
100 32
100 2184
100 673
100 225
100 2561
100 564
100 836
100 678
100 1321
100 449
100 1484
100 561
100 924
100 2583
100 564
100 102
100 3393
100 1287
100 836
100 229
100 171
100 1530
100 597
100 45
100 1048
100 2365
100 724
100 145
100 1206
100 611
100 3468
100 1315
100 873
100 595
100 965
100 1603
100 1270
100 952
100 1411
100 5069
100 2059
100 747
100 138
100 1728
100 1212
100 1493
100 1838
100 1
100 405
100 542
100 436
100 1984
100 2279
100 515
100 2808
100 992
100 2
100 915
100 5026
100 4310
100 2058
100 1188
100 952
100 111
100 2103
100 752
100 937
100 1472
100 1003
100 57
100 591
100 2301
100 1867
100 54
100 109
100 970
100 2090
100 3162
100 3267
100 1234
100 1910
100 1254
100 2962
100 2415
100 129
100 570
100 1981
100 916
100 754
100 2187
100 280
100 285
100 4229
100 2182
100 6110
100 530
100 279
100 135
100 222
100 1565
100 5264
100 1115
100 941
100 2000
100 4370
100 144
100 1024
100 1374
100 809
100 531
100 394
100 531
100 2035
100 3109
100 2435
100 572
100 1135
100 882
100 454
100 3043
100 4072
100 1695
100 806
100 744
100 494
100 868
100 554
100 1121
100 1135
100 1504
100 2406
100 478
100 344
100 4225
100 414
100 46
100 939
100 2897
100 354
100 3738
100 989
100 3797
100 2730
100 1188
100 4828
100 98
100 3195
100 279
100 1162
100 110
100 1799
100 440
100 2547
100 2253
100 776
100 2
100 1066
100 967
100 2202
100 428
100 96
100 223
100 517
100 110
100 970
100 863
100 2051
100 1592
100 1415
100 359
100 526
100 1139
100 2211
100 1914
100 762
100 4200
100 634
100 493
100 2950
100 1777
100 1930
100 2245
100 743
100 1853
100 144
100 306
100 2783
100 351
100 1551
100 1894
100 254
100 1257
100 2040
100 524
100 1247
100 1125
100 278
100 442
100 347
100 1287
100 1872
100 159
100 671
100 793
100 934
100 2041
100 1641
100 460
100 384
100 6492
100 1034
100 1006
100 3809
100 132
100 328
100 216
100 1913
100 4619
100 798
100 1700
100 2057
100 3163
100 4879
100 1906
100 1405
100 339
100 648
100 313
100 41
100 329
100 444
100 880
100 273
100 664
100 1547
100 322
100 267
100 712
100 1216
100 989
100 1803
100 4351
100 1277
100 63
100 519
100 399
100 85
100 343
100 977
100 2145
100 132
100 672
100 2358
100 1084
100 3917
100 369
100 729
100 556
100 128
100 293
100 17
100 209
100 89
100 688
100 3202
100 2548
100 123
100 676
100 783
100 375
100 814
100 83
100 180
100 541
100 977
100 1634
100 2724
100 8175
100 833
100 118
100 212
100 1977
100 781
100 2636
100 795
100 1228
100 768
100 230
100 523
100 140
100 320
100 834
100 858
100 968
100 1658
100 1623
100 1920
100 959
100 1630
100 1449
100 966
100 2480
100 381
100 487
100 9
100 2415
100 727
100 3170
100 1361
100 2153
100 540
100 2474
100 1308
100 615
100 601
100 220
100 2875
100 345
100 1802
100 973
100 499
100 3533
100 727
100 1467
100 1070
100 698
100 128
100 213
100 2685
100 636
100 2230
100 89
100 255
100 1
100 294
100 1667
100 861
100 5774
100 2138
100 424
100 1480
100 480
100 202
100 218
100 1624
100 4636
100 4249
100 2422
100 1191
100 2085
100 715
100 169
100 634
100 959
100 1095
100 429
100 486
100 2222
100 945
100 1033
100 179
100 1300
100 1434
100 1211
100 1568
100 1559
100 400
100 99
100 829
100 58
100 225
100 1138
100 676
100 540
100 322
100 1990
100 888
100 726
100 1774
100 500
100 1138
100 3067
100 851
100 2354
100 241
100 871
100 2087
100 721
100 3298
100 4423
100 725
100 893
100 1608
100 3293
100 940
100 3324
100 3337
100 2192
100 116
100 1467
100 263
100 2537
100 438
100 273
100 1017
100 943
100 1193
100 1192
100 1165
100 785
100 422
100 2177
100 1821
100 2097
100 157
100 847
100 125
100 2767
100 2608
100 130
100 142
100 2917
100 192
100 386
100 860
100 638
100 1482
100 759
100 821
100 1463
100 2076
100 613
100 2145
100 1079
100 359
100 1335
100 348
100 83
100 1059
100 1113
100 6791
100 961
100 157
100 6185
100 1755
100 2029
100 1507
100 2
100 2926
100 370
100 147
100 290
100 769
100 2055
100 74
100 237
100 2385
100 1040
100 64
100 997
100 324
100 1496
100 1421
100 359
100 1604
100 587
100 2011
100 135
100 443
100 253
100 2713
100 1164
100 1154
100 1871
100 5392
100 2237
100 73
100 7974
100 1598
100 651
100 1015
100 1496
100 149
100 300
100 118
100 81
100 1399
100 492
100 4059
100 2049
100 2549
100 974
100 3323
100 1466
100 104
100 280
100 2207
100 456
100 2303
100 8
100 1708
100 822
100 472
100 389
100 1101
100 68
100 403
100 1903
100 722
100 1521
100 854
100 1716
100 1031
100 5337
100 194
100 2178
100 3404
100 1187
100 681
100 843
100 723
100 845
100 5657
100 791
100 486
100 744
100 3570
100 2937
100 1469
100 4
100 195
100 195
100 2003
100 1015
100 913
100 106
100 787
100 1092
100 157
100 1398
100 1290
100 7680
100 317
100 2189
100 1095
100 210
100 113
100 8427
100 2378
100 24
100 103
100 455
100 1131
100 482
100 2322
100 87
100 2316
100 719
100 33
100 662
100 1
100 2547
100 1999
100 4386
100 766
100 62
100 118
100 1893
100 1141
100 1296
100 837
100 1665
100 541
100 646
100 1544
100 1263
100 1370
100 315
100 694
100 514
100 1065
100 1122
100 1420
100 779
100 544
100 3030
100 3515
100 94
100 60
100 1501
100 82
100 2277
100 895
100 873
100 131
100 1122
100 328
100 2392
100 2392
100 1062
100 45
100 794
100 525
100 150
100 585
100 2991
100 347
100 35
100 948
100 2368
100 1494
100 1597
100 1385
100 918
100 2543
100 1163
100 4180
100 675
100 226
100 578
100 1092
100 1003
100 289
100 293
100 1083
100 1577
100 1414
100 2439
100 1358
100 2084
100 611
100 208
100 592
100 2254
100 194
100 2985
100 2555
100 387
100 3458
100 556
100 1112
100 1533
100 344
100 1384
100 5854
100 1484
100 5933
100 91
100 33
100 326
100 798
100 1791
100 126
100 1450
100 945
100 311
100 812
100 389
100 705
100 1542
100 1057
100 56
100 326
100 474
100 3086
100 687
100 3277
100 792
100 920
100 623
100 3279
100 901
100 862
100 634
100 152
100 3492
100 405
100 1960
100 2475
100 2381
100 98
100 4539
100 1669
100 614
100 135
100 289
100 5408
100 947
100 1966
100 626
100 415
100 2108
100 894
100 14261
100 1665
100 2462
100 1261
100 4303
100 2362
100 4389
100 102
100 2598
100 298
100 2198
100 1594
100 2687
100 2785
100 225
100 1951
100 1896
100 1013
100 1907
100 1851
100 1048
100 1031
100 751
100 55
100 1708
100 1888
100 138
100 1396
100 531
100 1914
100 137
100 1044
100 1087
100 23
100 642
100 703
100 1373
100 2458
100 1046
100 2515
100 574
100 524
100 267
100 821
100 1132
100 1491
100 4801
100 1090
100 3974
100 326
100 1101
100 2384
100 544
100 2061
100 195
100 3044
100 924
100 1207
100 952
100 384
100 307
100 2587
100 4263
100 911
100 1584
100 2296
100 469
100 3892
100 1985
100 121
100 949
100 609
100 1118
100 525
100 63
100 6504
100 2566
100 3397
100 2777
100 169
100 1066
100 6953
100 3334
100 768
100 78
100 1100
100 4003
100 60
100 3125
100 1679
100 566
100 379
100 327
100 1319
100 2146
100 3136
100 1275
100 2795
100 1863
100 1192
100 1936
100 1582
100 677
100 2320
100 1944
100 1783
100 226
100 1135
100 3274
100 773
100 499
100 209
100 382
100 2653
100 375
100 1295
100 238
100 500
100 5000
100 3194
100 934
100 743
100 2414
100 25
100 809
100 2173
100 1161
100 1594
100 1117
100 2577
100 56
100 1240
100 650
100 1866
100 953
100 482
100 539
100 530
100 174
100 1920
100 968
100 326
100 876
100 2115
100 263
100 906
100 775
100 1364
100 5216
100 2762
100 1322
100 532
100 1229
100 450
100 638
100 558
100 870
100 985
100 1230
100 636
100 7133
100 1110
100 366
100 126
100 4522
100 3551
100 3928
100 319
100 2344
100 21
100 588
100 1306
100 535
100 2242
100 300
100 315
100 106
100 1381
100 1326
100 1479
100 2015
100 1411
100 3065
100 2737
100 3748
100 3039
100 1105
100 1993
100 2436
100 2341
100 9112
100 377
100 1133
100 192
100 116
100 1491
100 440
100 1757
100 1533
100 1122
100 1187
100 965
100 2862
100 703
100 777
100 254
100 988
100 1439
100 242
100 2102
100 321
100 1677
100 112
100 916
100 874
100 1006
100 3445
100 75
100 28
100 1328
100 260
100 14
100 1193
100 1089
100 2684
100 433
100 1879
100 52
100 2575
100 2010
100 727
100 1694
100 113
100 40
100 157
100 355
100 627
100 410
100 2982
100 1200
100 1599
100 2474
100 896
100 3867
100 760
100 4845
100 3975
100 1784
100 578
100 630
100 368
100 435
100 2555
100 1747
100 543
100 263
100 123
100 2361
100 712
100 1957
100 2308
100 1410
100 3411
100 1090
100 3657
100 1372
100 2892
100 937
100 520
100 1720
100 908
100 100
100 55
100 1076
100 534
100 221
100 637
100 1482
100 4316
100 663
100 2440
100 234
100 974
100 54
100 874
100 161
100 2410
100 690
100 714
100 290
100 1441
100 271
100 2363
100 450
100 896
100 369
100 235
100 4464
100 680
100 4690
100 1505
100 2658
100 610
100 225
100 341
100 1464
100 1384
100 293
100 3151
100 2374
100 1250
100 2216
100 2027
100 2877
100 213
100 724
100 2227
100 1212
100 6415
100 1332
100 58
100 487
100 864
100 555
100 645
100 4993
100 4487
100 2057
100 93
100 4850
100 1967
100 1191
100 376
100 38
100 288
100 708
100 700
100 131
100 429
100 2725
100 18
100 297
100 140
100 537
100 1005
100 1868
100 2047
100 1207
100 4202
100 1018
100 581
100 1316
100 1529
100 5603
100 2781
100 358
100 369
100 855
100 2786
100 282
100 1275
100 572
100 1386
100 2230
100 963
100 2014
100 3966
100 446
100 7944
100 3378
100 1051
100 2862
100 346
100 1580
100 1011
100 1545
100 47
100 396
100 2992
100 1460
100 1562
100 2499
100 849
100 1765
100 234
100 892
100 1357
100 2523
100 482
100 831
100 88
100 47
100 116
100 302
100 2460
100 217
100 1558
100 48
100 1678
100 3156
100 101
100 749
100 2910
100 151
100 749
100 522
100 105
100 759
100 2334
100 1476
100 2461
100 2353
100 2675
100 869
100 1828
100 1407
100 1174
100 33
100 7700
100 82
100 1774
100 1200
100 1346
100 2523
100 2985
100 3680
100 1558
100 2
100 215
100 1228
100 440
100 2961
100 2892
100 756
100 1950
100 97
100 340
100 328
100 35
100 386
100 1001
100 1304
100 656
100 1232
100 403
100 2703
100 1188
100 47
100 706
100 176
100 984
100 384
100 1286
100 1799
100 681
100 220
100 1400
100 550
100 4976
100 170
100 535
100 1594
100 496
100 3991
100 1404
100 210
100 1858
100 356
100 3868
100 359
100 474
100 189
100 760
100 717
100 2816
100 140
100 148
100 2165
100 913
100 3113
100 90
100 2763
100 56
100 3297
100 1651
100 5517
100 4759
100 542
100 1088
100 100
100 289
100 4267
100 384
100 314
100 1013
100 1315
100 84
100 5500
100 1540
100 436
100 1645
100 1494
100 1054
100 663
100 486
100 1427
100 1180
100 1145
100 55
100 3815
100 4723
100 1320
100 240
100 3089
100 164
100 1639
100 977
100 2732
100 113
100 1685
100 5485
100 842
100 113
100 2206
100 712
100 831
100 3954
100 151
100 700
100 4536
100 548
100 2759
100 3256
100 80
100 5090
100 395
100 2067
100 3101
100 1738
100 305
100 1948
100 595
100 818
100 706
100 474
100 101
100 600
100 1708
100 1638
100 4196
100 53
100 1162
100 871
100 592
100 1810
100 2952
100 255
100 940
100 930
100 502
100 971
100 39
100 922
100 698
100 2014
100 1582
100 596
100 225
100 156
100 131
100 339
100 2343
100 870
100 530
100 2645
100 96
100 1459
100 747
100 351
100 522
100 4021
100 3086
100 995
100 3283
100 921
100 170
100 64
100 887
100 787
100 1061
100 1063
100 225
100 114
100 906
100 5569
100 555
100 221
100 6567
100 1001
100 1313
100 333
100 2835
100 7
100 363
100 1859
100 474
100 2393
100 1216
100 137
100 2692
100 1025
100 4984
100 1733
100 2045
100 2217
100 364
100 360
100 241
100 1245
100 1485
100 290
100 432
100 2858
100 1639
100 606
100 844
100 695
100 49
100 569
100 824
100 192
100 3720
100 1852
100 5540
100 1065
100 677
100 432
100 285
100 1428
100 832
100 1623
100 2143
100 2886
100 476
100 5039
100 8
100 519
100 9
100 518
100 2981
100 481
100 952
100 2529
100 2166
100 4643
100 3741
100 2603
100 922
100 1053
100 140
100 1919
100 1084
100 1619
100 1961
100 85
100 1102
100 2964
100 36
100 40
100 1774
100 832
100 1788
100 3186
100 940
100 1924
100 3526
100 1397
100 0
100 1859
100 783
100 60
100 1906
100 1499
100 680
100 1
100 4856
100 1702
100 869
100 1383
100 20
100 397
100 5728
100 519
100 2507
100 2901
100 992
100 904
100 750
100 966
100 1016
100 978
100 1951
100 7374
100 1142
100 61
100 446
100 260
100 2910
100 188
100 1875
100 1147
100 3569
100 3130
100 5458
100 1796
100 26
100 122
100 719
100 316
100 740
100 894
100 940
100 5121
100 5177
100 3740
100 1044
100 3987
100 1204
100 1943
100 1952
100 359
100 1378
100 975
100 2128
100 289
100 2144
100 1454
100 50
100 145
100 1135
100 532
100 1694
100 197
100 449
100 264
100 1382
100 1518
100 1301
100 846
100 323
100 4130
100 825
100 314
100 2009
100 37
100 4528
100 1007
100 492
100 1364
100 123
100 188
100 2044
100 238
100 354
100 164
100 307
100 318
100 246
100 65
100 797
100 1846
100 231
100 2956
100 616
100 263
100 4617
100 451
100 55
100 1128
100 2099
100 1135
100 2140
100 2802
100 753
100 31
100 983
100 361
100 273
100 206
100 1112
100 3737
100 787
100 2150
100 22
100 522
100 2812
100 690
100 3569
100 312
100 1262
100 496
100 78
100 638
100 598
100 3128
100 139
100 577
100 234
100 572
100 1304
100 331
100 1786
100 599
100 736
100 23
100 245
100 1037
100 419
100 1448
100 119
100 1452
100 1007
100 1836
100 871
100 2974
100 743
100 2077
100 1862
100 1139
100 364
100 191
100 2458
100 1541
100 4533
100 1234
100 2498
100 235
100 2124
100 1719
100 120
100 1624
100 861
100 3056
100 59
100 1593
100 145
100 634
100 2091
100 107
100 122
100 563
100 2222
100 2901
100 119
100 1828
100 4851
100 142
100 3495
100 4915
100 165
100 1373
100 62
100 2297
100 438
100 256
100 158
100 317
100 1987
100 1899
100 1031
100 673
100 346
100 377
100 374
100 4958
100 1001
100 99
100 2366
100 2795
100 6286
100 4399
100 1457
100 1331
100 415
100 69
100 467
100 15
100 633
100 2476
100 452
100 3557
100 1706
100 163
100 412
100 324
100 654
100 2494
100 1668
100 1266
100 2949
100 1862
100 799
100 2250
100 291
100 3511
100 232
100 5028
100 147
100 1812
100 2215
100 33
100 3681
100 641
100 50
100 463
100 882
100 1247
100 727
100 2096
100 1256
100 5027
100 756
100 2195
100 98
100 3521
100 996
100 1496
100 99
100 1040
100 1578
100 2327
100 971
100 2854
100 2865
100 408
100 347
100 3344
100 2479
100 1159
100 4599
100 502
100 1767
100 343
100 1448
100 1610
100 165
100 436
100 636
100 1123
100 190
100 1226
100 5429
100 75
100 2601
100 1993
100 2671
100 405
100 1054
100 47
100 644
100 115
100 696
100 865
100 514
100 1742
100 110
100 633
100 1827
100 1378
100 3151
100 1931
100 229
100 302
100 634
100 102
100 1172
100 956
100 1793
100 797
100 198
100 574
100 1255
100 1839
100 1062
100 1722
100 2252
100 1981
100 2702
100 3001
100 927
100 484
100 311
100 707
100 584
100 3011
100 374
100 1199
100 208
100 900
100 180
100 1232
100 979
100 931
100 239
100 2135
100 1474
100 433
100 297
100 1642
100 2051
100 3345
100 900
100 120
100 1623
100 3088
100 284
100 140
100 681
100 3420
100 604
100 980
100 3225
100 981
100 265
100 1004
100 394
100 449
100 3516
100 2245
100 149
100 84
100 704
100 106
100 7
100 106
100 226
100 1131
100 354
100 299
100 103
100 33
100 651
100 1658
100 3070
100 3075
100 669
100 356
100 3626
100 4352
100 613
100 2585
100 1331
100 4256
100 4613
100 375
100 140
100 678
100 783
100 1458
100 807
100 344
100 2480
100 2
100 64
100 3695
100 2157
100 254
100 10
100 2035
100 1813
100 558
100 782
100 794
100 854
100 1716
100 283
100 1725
100 761
100 4518
100 3714
100 1052
100 3332
100 2665
100 896
100 381
100 614
100 1398
100 5123
100 1185
100 2246
100 750
100 208
100 69
100 646
100 189
100 1939
100 1152
100 44
100 3913
100 1594
100 431
100 1397
100 153
100 844
100 111
100 1121
100 409
100 1053
100 2222
100 8
100 881
100 569
100 427
100 525
100 1281
100 505
100 724
100 882
100 528
100 979
100 455
100 386
100 159
100 1471
100 1928
100 2359
100 5638
100 4182
100 2549
100 631
100 1082
100 1079
100 4364
100 3470
100 1458
100 1286
100 61
100 1200
100 2820
100 26
100 207
100 1128
100 238
100 1028
100 5454
100 755
100 48
100 2295
100 1118
100 5241
100 324
100 2502
100 1211
100 79
100 6339
100 2513
100 703
100 201
100 769
100 1377
100 3794
100 2829
100 444
100 3498
100 97
100 2213
100 1797
100 881
100 81
100 5615
100 1131
100 446
100 979
100 376
100 1607
100 2650
100 2331
100 4470
100 2090
100 946
100 1479
100 719
100 6262
100 1233
100 2352
100 1422
100 2189
100 923
100 608
100 394
100 407
100 6
100 3079
100 930
100 1526
100 2303
100 1277
100 3172
100 4428
100 2228
100 753
100 1302
100 1125
100 3156
100 843
100 544
100 975
100 451
100 336
100 2163
100 3184
100 280
100 1227
100 143
100 612
100 196
100 1631
100 685
100 636
100 10902
100 7
100 697
100 2072
100 776
100 1329
100 1984
100 654
100 379
100 1649
100 1960
100 2138
100 4
100 1476
100 722
100 1555
100 548
100 2592
100 744
100 4790
100 1717
100 2325
100 2283
100 1341
100 589
100 2082
100 956
100 1784
100 6800
100 439
100 518
100 517
100 7260
100 2904
100 2681
100 960
100 1394
100 180
100 2285
100 1176
100 244
100 5909
100 2275
100 570
100 417
100 1307
100 4206
100 1099
100 997
100 29
100 448
100 4453
100 1826
100 2482
100 530
100 209
100 1221
100 564
100 5549
100 511
100 941
100 4628
100 534
100 39
100 1238
100 504
100 250
100 1905
100 31
100 1495
100 1563
100 1136
100 2202
100 2032
100 771
100 290
100 265
100 148
100 3248
100 1560
100 4208
100 277
100 128
100 1106
100 998
100 140
100 743
100 2259
100 1246
100 5561
100 1762
100 1639
100 100
100 176
100 4295
100 3194
100 1019
100 223
100 5573
100 841
100 2578
100 2120
100 4535
100 359
100 1311
100 2177
100 285
100 54
100 3755
100 3836
100 604
100 361
100 10
100 1425
100 4103
100 430
100 1885
100 720
100 970
100 1738
100 2543
100 454
100 880
100 2855
100 1280
100 1912
100 899
100 282
100 794
100 2540
100 706
100 914
100 1887
100 3772
100 195
100 439
100 331
100 832
100 161
100 795
100 196
100 2954
100 1619
100 1702
100 324
100 3722
100 393
100 2425
100 867
100 1774
100 1996
100 1298
100 2317
100 742
100 4211
100 271
100 2584
100 1142
100 132
100 4991
100 1519
100 3887
100 28
100 204
100 3283
100 1520
100 849
100 1106
100 591
100 776
100 168
100 1199
100 2956
100 623
100 928
100 990
100 283
100 2626
100 38
100 247
100 645
100 557
100 384
100 108
100 2711
100 1471
100 396
100 1435
100 901
100 175
100 523
100 2722
100 787
100 300
100 1114
100 965
100 713
100 740
100 610
100 1164
100 2206
100 3043
100 1777
100 1435
100 599
100 83
100 2215
100 2398
100 1263
100 502
100 2248
100 74
100 3307
100 581
100 4044
100 1053
100 978
100 1436
100 93
100 1723
100 1389
100 1467
100 203
100 876
100 782
100 2624
100 1017
100 301
100 2837
100 381
100 469
100 1152
100 2434
100 2387
100 791
100 3432
100 307
100 953
100 1500
100 1435
100 1175
100 2104
100 104
100 1071
100 1270
100 567
100 2318
100 1293
100 868
100 3203
100 1836
100 5801
100 1185
100 2616
100 2598
100 1528
100 180
100 2274
100 662
100 618
100 976
100 410
100 490
100 28
100 2329
100 2438
100 44
100 1921
100 1871
100 846
100 1552
100 424
100 93
100 136
100 1177
100 1117
100 2419
100 578
100 637
100 546
100 161
100 643
100 574
100 598
100 809
100 68
100 2725
100 220
100 437
100 561
100 102
100 298
100 626
100 432
100 2637
100 2742
100 827
100 214
100 1354
100 3123
100 4398
100 1500
100 2276
100 845
100 228
100 123
100 2763
100 64
100 1645
100 656
100 2791
100 1125
100 838
100 706
100 1253
100 1028
100 2161
100 76
100 784
100 966
100 78
100 252
100 603
100 1364
100 898
100 1067
100 2419
100 3337
100 1641
100 1537
100 1065
100 969
100 3382
100 2586
100 1575
100 972
100 177
100 549
100 130
100 1298
100 4037
100 1759
100 188
100 431
100 106
100 112
100 587
100 2873
100 259
100 3045
100 1772
100 700
100 2419
100 5850
100 2034
100 1085
100 302
100 415
100 4150
100 3541
100 2185
100 2928
100 2236
100 2830
100 466
100 424
100 351
100 192
100 655
100 735
100 681
100 716
100 254
100 395
100 2011
100 1385
100 3571
100 838
100 4508
100 1680
100 281
100 1618
100 428
100 473
100 217
100 3165
100 400
100 262
100 445
100 709
100 2679
100 1360
100 158
100 383
100 558
100 342
100 1995
100 79
100 745
100 1624
100 231
100 797
100 389
100 242
100 1370
100 537
100 2702
100 2432
100 941
100 1345
100 1545
100 1312
100 984
100 3085
100 2164
100 361
100 2965
100 3215
100 2114
100 242
100 579
100 950
100 1143
100 1119
100 1921
100 51
100 3784
100 1075
100 96
100 2438
100 2812
100 554
100 618
100 4109
100 625
100 152
100 62
100 1783
100 2
100 2300
100 508
100 902
100 4067
100 1195
100 509
100 239
100 294
100 680
100 2871
100 2542
100 3049
100 161
100 5775
100 126
100 658
100 162
100 60
100 1500
100 595
100 1080
100 2411
100 324
100 1148
100 210
100 15
100 3037
100 141
100 498
100 1440
100 1676
100 3993
100 188
100 915
100 2229
100 2091
100 3874
100 479
100 2244
100 116
100 503
100 2067
100 1450
100 320
100 174
100 325
100 111
100 159
100 1019
100 1120
100 3837
100 294
100 272
100 2206
100 188
100 1159
100 1909
100 170
100 5328
100 3827
100 7225
100 2439
100 2896
100 1248
100 2492
100 1073
100 700
100 1930
100 667
100 2373
100 75
100 323
100 1857
100 1236
100 212
100 731
100 53
100 450
100 267
100 780
100 1934
100 2459
100 863
100 1490
100 2248
100 3181
100 196
100 502
100 460
100 2757
100 1818
100 135
100 226
100 300
100 696
100 720
100 1455
100 191
100 951
100 9244
100 907
100 334
100 686
100 1652
100 364
100 1032
100 136
100 1
100 2230
100 606
100 832
100 2000
100 956
100 378
100 439
100 2056
100 600
100 2669
100 2334
100 7360
100 1034
100 3271
100 1678
100 66
100 715
100 3053
100 289
100 198
100 1740
100 3070
100 482
100 323
100 260
100 62
100 855
100 386
100 2074
100 982
100 1105
100 1283
100 1920
100 935
100 753
100 237
100 2262
100 562
100 1521
100 440
100 209
100 601
100 1822
100 1837
100 2491
100 100
100 532
100 293
100 159
100 1251
100 2666
100 86
100 1110
100 870
100 2588
100 1028
100 2801
100 2270
100 2059
100 2469
100 505
100 260
100 77
100 131
100 1506
100 1699
100 2564
100 412
100 476
100 969
100 7803
100 1305
100 2113
100 560
100 1827
100 312
100 1350
100 1080
100 1076
100 317
100 341
100 1417
100 1998
100 651
100 1772
100 639
100 290
100 1178
100 167
100 131
100 2184
100 2694
100 1894
100 467
100 2965
100 5
100 1161
100 4358
100 89
100 3032
100 1515
100 328
100 3565
100 128
100 982
100 2790
100 357
100 1953
100 1437
100 2001
100 477
100 370
100 158
100 1625
100 311
100 1243
100 1644
100 4734
100 1011
100 206
100 820
100 1083
100 1129
100 542
100 399
100 876
100 893
100 2402
100 1183
100 1736
100 2655
100 40
100 150
100 797
100 796
100 699
100 376
100 65
100 501
100 715
100 1317
100 1098
100 1394
100 738
100 79
100 1169
100 488
100 1028
100 780
100 1015
100 2624
100 776
100 741
100 535
100 347
100 4443
100 2471
100 2292
100 190
100 2408
100 3875
100 2666
100 455
100 740
100 1367
100 736
100 1328
100 1254
100 1077
100 704
100 4590
100 921
100 1844
100 1096
100 526
100 237
100 835
100 474
100 431
100 57
100 727
100 1054
100 580
100 3299
100 4365
100 89
100 1946
100 456
100 922
100 845
100 868
100 3675
100 1784
100 1959
100 1694
100 3228
100 26
100 1416
100 762
100 50
100 3988
100 508
100 2740
100 1879
100 555
100 67
100 2
100 186
100 65
100 237
100 426
100 1787
100 3004
100 44
100 1113
100 171
100 523
100 167
100 0
100 2227
100 773
100 3921
100 372
100 333
100 295
100 157
100 5852
100 1806
100 1497
100 390
100 440
100 206
100 3573
100 1700
100 114
100 643
100 21
100 115
100 742
100 1241
100 3444
100 24
100 2144
100 507
100 817
100 2007
100 1330
100 2192
100 419
100 440
100 189
100 4971
100 50
100 533
100 435
100 4002
100 3364
100 102
100 1376
100 1015
100 1573
100 629
100 986
100 44
100 344
100 3098
100 759
100 1067
100 1216
100 1412
100 4149
100 1697
100 863
100 448
100 1156
100 2296
100 1474
100 596
100 2023
100 1052
100 95
100 649
100 7129
100 3393
100 1879
100 578
100 219
100 152
100 350
100 1436
100 422
100 762
100 247
100 153
100 682
100 641
100 4025
100 3038
100 986
100 2949
100 2025
100 2087
100 2130
100 3311
100 3993
100 1400
100 225
100 27
100 71
100 1595
100 276
100 1108
100 2434
100 495
100 1623
100 1610
100 815
100 1949
100 1053
100 1042
100 4040
100 820
100 420
100 2
100 332
100 2703
100 1315
100 513
100 1645
100 187
100 1177
100 1040
100 1343
100 894
100 738
100 1220
100 197
100 2872
100 240
100 4361
100 143
100 2192
100 356
100 450
100 3071
100 1260
100 232
100 3094
100 102
100 44
100 533
100 4547
100 2034
100 1374
100 657
100 3037
100 771
100 414
100 2923
100 1613
100 1003
100 342
100 1522
100 38
100 3009
100 965
100 246
100 1218
100 2232
100 1180
100 562
100 501
100 373
100 51
100 924
100 207
100 185
100 349
100 4401
100 1256
100 613
100 2824
100 177
100 287
100 1571
100 949
100 1121
100 1516
100 78
100 1829
100 660
100 773
100 1603
100 145
100 2339
100 291
100 816
100 953
100 4920
100 1428
100 329
100 580
100 3329
100 170
100 1448
100 3434
100 1143
100 1931
100 1819
100 1249
100 1724
100 1398
100 2634
100 741
100 312
100 697
100 282
100 219
100 3914
100 650
100 52
100 790
100 2245
100 2037
100 153
100 1372
100 197
100 4668
100 1223
100 250
100 76
100 3287
100 155
100 56
100 1664
100 1802
100 557
100 1895
100 235
100 602
100 1978
100 302
100 990
100 3572
100 1893
100 3225
100 2547
100 1059
100 2209
100 903
100 1243
100 7
100 368
100 392
100 35
100 78
100 2441
100 1473
100 99
100 1499
100 6
100 1258
100 580
100 2654
100 225
100 631
100 1382
100 310
100 613
100 1212
100 264
100 138
100 2697
100 1208
100 1749
100 234
100 32
100 1118
100 425
100 289
100 2161
100 1365
100 2156
100 934
100 1747
100 460
100 1884
100 594
100 128
100 2150
100 1159
100 337
100 2887
100 435
100 120
100 6741
100 824
100 1344
100 379
100 180
100 3433
100 3858
100 1230
100 441
100 2173
100 1147
100 796
100 302
100 1316
100 664
100 2567
100 785
100 2273
100 1885
100 91
100 1947
100 5002
100 411
100 1064
100 940
100 394
100 60
100 222
100 1626
100 172
100 1930
100 451
100 1739
100 180
100 4083
100 8391
100 1541
100 198
100 2132
100 412
100 1741
100 6474
100 130
100 1533
100 2556
100 3115
100 404
100 68
100 348
100 163
100 97
100 769
100 853
100 594
100 1112
100 533
100 392
100 2479
100 2339
100 2984
100 138
100 1856
100 1959
100 120
100 3387
100 2985
100 408
100 324
100 2320
100 437
100 440
100 1056
100 134
100 1570
100 780
100 438
100 70
100 308
100 2755
100 103
100 2904
100 1888
100 2584
100 940
100 616
100 289
100 4377
100 207
100 102
100 161
100 447
100 475
100 1575
100 489
100 56
100 304
100 493
100 915
100 874
100 37
100 600
100 1940
100 1832
100 886
100 100
100 4862
100 62
100 1387
100 466
100 5139
100 4106
100 3256
100 542
100 124
100 2304
100 2443
100 2259
100 154
100 4014
100 734
100 1069
100 3562
100 882
100 820
100 4171
100 472
100 498
100 569
100 46
100 879
100 682
100 77
100 656
100 50
100 596
100 251
100 2090
100 284
100 4183
100 1172
100 1022
100 4848
100 1346
100 342
100 1225
100 523
100 704
100 109
100 352
100 568
100 193
100 906
100 806
100 1497
100 2220
100 90
100 9
100 2640
100 299
100 2403
100 1806
100 1720
100 1291
100 928
100 600
100 3418
100 660
100 2057
100 1483
100 1124
100 927
100 361
100 1400
100 792
100 792
100 314
100 161
100 1309
100 217
100 1667
100 101
100 1321
100 541
100 2139
100 762
100 1692
100 235
100 423
100 238
100 1143
100 253
100 1077
100 1484
100 1804
100 190
100 1675
100 1100
100 803
100 1140
100 1780
100 1906
100 843
100 4345
100 1911
100 246
100 1072
100 70
100 118
100 2537
100 516
100 1182
100 828
100 3562
100 1366
100 2606
100 771
100 2938
100 370
100 1852
100 1971
100 20
100 1886
100 76
100 347
100 95
100 121
100 2011
100 3434
100 1064
100 1341
100 518
100 1564
100 1076
100 672
100 821
100 6889
100 236
100 1434
100 1691
100 2934
100 1437
100 954
100 726
100 114
100 825
100 2281
100 2523
100 2793
100 2322
100 498
100 2119
100 2484
100 1038
100 4846
100 1484
100 168
100 72
100 231
100 3762
100 2616
100 439
100 529
100 93
100 237
100 192
100 473
100 775
100 40
100 819
100 493
100 1975
100 660
100 503
100 254
100 447
100 375
100 2287
100 242
100 3621
100 2490
100 2768
100 1358
100 376
100 1934
100 1727
100 979
100 2939
100 1103
100 536
100 1582
100 228
100 3190
100 288
100 190
100 1449
100 1
100 2106
100 88
100 2924
100 3303
100 762
100 2512
100 144
100 828
100 820
100 1554
100 595
100 828
100 475
100 840
100 250
100 1223
100 372
100 1705
100 360
100 696
100 178
100 684
100 2331
100 354
100 604
100 4616
100 554
100 1177
100 1042
100 1333
100 1619
100 4501
100 1045
100 1118
100 674
100 974
100 3521
100 541
100 386
100 15
100 819
100 141
100 3226
100 1643
100 291
100 351
100 306
100 1056
100 5435
100 341
100 271
100 1238
100 1888
100 22
100 1250
100 1763
100 2008
100 345
100 1386
100 327
100 868
100 575
100 3183
100 33
100 3022
100 1294
100 730
100 896
100 1090
100 6699
100 986
100 250
100 1141
100 187
100 2267
100 3648
100 4074
100 3103
100 1102
100 21
100 638
100 643
100 1232
100 271
100 648
100 1178
100 1625
100 2915
100 916
100 2104
100 577
100 264
100 678
100 1827
100 446
100 1074
100 1617
100 77
100 5928
100 19
100 1145
100 2366
100 622
100 753
100 641
100 63
100 987
100 2581
100 1993
100 1167
100 1269
100 1464
100 4958
100 510
100 249
100 707
100 153
100 5
100 482
100 415
100 1089
100 6490
100 278
100 775
100 2494
100 1852
100 361
100 2950
100 413
100 539
100 275
100 246
100 2170
100 990
100 328
100 1230
100 2429
100 3058
100 1511
100 58
100 2723
100 1125
100 2338
100 33
100 898
100 339
100 1847
100 609
100 867
100 197
100 3415
100 2268
100 1746
100 16
100 1390
100 1608
100 2543
100 1504
100 768
100 18
100 1416
100 3511
100 1395
100 426
100 1040
100 2872
100 1190
100 267
100 692
100 318
100 768
100 417
100 3512
100 277
100 8
100 126
100 182
100 855
100 335
100 2094
100 138
100 677
100 4867
100 1321
100 1005
100 634
100 2564
100 1715
100 1683
100 2378
100 223
100 1125
100 4358
100 255
100 969
100 4428
100 22
100 875
100 452
100 3148
100 787
100 20
100 1941
100 72
100 2775
100 202
100 221
100 483
100 4120
100 457
100 454
100 44
100 518
100 569
100 594
100 3861
100 461
100 892
100 79
100 293
100 805
100 1759
100 104
100 1120
100 1211
100 52
100 1496
100 827
100 1043
100 753
100 950
100 830
100 4414
100 93
100 1833
100 1519
100 1799
100 232
100 850
100 2799
100 254
100 2030
100 3075
100 599
100 2662
100 587
100 174
100 2874
100 668
100 1248
100 470
100 1123
100 663
100 2
100 1392
100 53
100 1642
100 1722
100 675
100 1791
100 805
100 2283
100 481
100 1499
100 320
100 1670
100 641
100 2216
100 789
100 2089
100 83
100 1488
100 1671
100 4696
100 5403
100 2561
100 2228
100 122
100 2592
100 1629
100 1958
100 2233
100 702
100 258
100 10
100 194
100 5024
100 3002
100 3430
100 685
100 1030
100 132
100 2301
100 112
100 1914
100 1480
100 3030
100 1346
100 83
100 288
100 745
100 482
100 1373
100 93
100 3075
100 394
100 612
100 181
100 2873
100 3372
100 307
100 376
100 1798
100 1144
100 5495
100 924
100 1987
100 2551
100 246
100 6616
100 516
100 437
100 700
100 1903
100 1845
100 218
100 29
100 353
100 1621
100 1216
100 2292
100 3163
100 2328
100 289
100 1672
100 1086
100 781
100 6279
100 1081
100 2733
100 1421
100 3747
100 1034
100 62
100 168
100 1556
100 4547
100 1989
100 739
100 1071
100 806
100 107
100 1161
100 1936
100 70
100 265
100 1380
100 3951
100 5147
100 3437
100 1905
100 588
100 1389
100 6106
100 149
100 283
100 1363
100 443
100 330
100 436
100 934
100 457
100 1242
100 840
100 1308
100 3348
100 2343
100 184
100 2
100 973
100 653
100 1423
100 7826
100 15
100 1078
100 2836
100 3450
100 1090
100 771
100 4299
100 754
100 3416
100 1076
100 572
100 1826
100 516
100 1979
100 239
100 621
100 1111
100 1929
100 756
100 825
100 2282
100 408
100 10
100 3495
100 613
100 3267
100 788
100 674
100 2267
100 559
100 170
100 2927
100 207
100 155
100 1900
100 232
100 1887
100 771
100 2376
100 715
100 2158
100 637
100 368
100 554
100 575
100 3288
100 1469
100 2379
100 887
100 2143
100 193
100 2131
100 1259
100 813
100 897
100 445
100 184
100 1414
100 1316
100 506
100 1247
100 81
100 5529
100 4275
100 498
100 1477
100 275
100 1461
100 1116
100 679
100 627
100 860
100 2878
100 338
100 1456
100 1988
100 1888
100 3844
100 1800
100 1106
100 4738
100 2481
100 569
100 89
100 18
100 1626
100 6333
100 226
100 554
100 1128
100 32
100 2342
100 2151
100 712
100 7140
100 1294
100 4011
100 161
100 2868
100 2523
100 3178
100 343
100 1080
100 696
100 401
100 1596
100 928
100 1999
100 4263
100 1447
100 97
100 66
100 2682
100 1540
100 1588
100 495
100 5031
100 1665
100 1007
100 4188
100 1835
100 315
100 1650
100 1876
100 286
100 830
100 227
100 1254
100 1347
100 1014
100 511
100 1858
100 67
100 714
100 192
100 2069
100 4182
100 1117
100 81
100 500
100 1798
100 1342
100 2572
100 2654
100 2264
100 762
100 142
100 3834
100 5034
100 1332
100 960
100 2057
100 1620
100 1455
100 1459
100 735
100 52
100 1708
100 429
100 2687
100 1086
100 426
100 3895
100 1975
100 44
100 150
100 68
100 339
100 714
100 5
100 183
100 88
100 1011
100 599
100 1107
100 1864
100 3150
100 70
100 2258
100 163
100 181
100 1289
100 3353
100 1784
100 1783
100 863
100 520
100 6422
100 757
100 505
100 1490
100 1474
100 2937
100 156
100 4034
100 777
100 357
100 19
100 2214
100 306
100 1486
100 2061
100 930
100 3738
100 595
100 3692
100 918
100 240
100 153
100 775
100 519
100 526
100 808
100 293
100 567
100 75
100 125
100 86
100 2834
100 22
100 2538
100 2482
100 345
100 356
100 6
100 1183
100 386
100 1200
100 1827
100 1457
100 1053
100 107
100 123
100 3143
100 2913
100 3262
100 1469
100 3816
100 571
100 263
100 1557
100 1146
100 926
100 9198
100 1074
100 351
100 678
100 363
100 1324
100 238
100 76
100 77
100 1159
100 872
100 260
100 1340
100 102
100 740
100 149
100 5933
100 2885
100 3082
100 178
100 765
100 636
100 310
100 227
100 422
100 740
100 545
100 362
100 1734
100 1045
100 116
100 297
100 416
100 194
100 504
100 2770
100 2147
100 1992
100 379
100 1734
100 2621
100 513
100 889
100 2621
100 2275
100 1673
100 208
100 897
100 777
100 1884
100 4016
100 2048
100 2813
100 39
100 1493
100 2977
100 1009
100 822
100 428
100 3170
100 170
100 565
100 1393
100 483
100 1338
100 4279
100 30
100 2390
100 2105
100 1095
100 1295
100 917
100 3555
100 650
100 2126
100 4389
100 47
100 2361
100 2464
100 274
100 512
100 31
100 65
100 2251
100 1314
100 3764
100 2388
100 260
100 1135
100 1814
100 834
100 210
100 2558
100 183
100 160
100 836
100 871
100 174
100 332
100 901
100 679
100 305
100 655
100 1627
100 1107
100 1474
100 1287
100 33
100 745
100 629
100 1188
100 69
100 1440
100 204
100 679
100 884
100 2285
100 2516
100 68
100 6
100 2384
100 239
100 748
100 1931
100 354
100 1113
100 1710
100 411
100 346
100 643
100 298
100 1104
100 922
100 3062
100 5
100 2236
100 300
100 1235
100 534
100 1678
100 263
100 1444
100 557
100 762
100 349
100 1039
100 1644
100 2071
100 2473
100 499
100 639
100 2379
100 976
100 558
100 254
100 1597
100 2128
100 28
100 1595
100 2367
100 595
100 129
100 3862
100 1865
100 2176
100 1435
100 2065
100 435
100 1279
100 927
100 749
100 169
100 3030
100 5205
100 1764
100 984
100 91
100 1340
100 551
100 189
100 264
100 2405
100 423
100 5410
100 277
100 93
100 816
100 1500
100 1129
100 497
100 2272
100 109
100 1355
100 1125
100 2861
100 7361
100 619
100 460
100 223
100 2084
100 3170
100 1324
100 171
100 2672
100 3620
100 230
100 105
100 939
100 127
100 3286
100 71
100 1882
100 1978
100 309
100 7400
100 717
100 2263
100 426
100 560
100 89
100 786
100 5098
100 1350
100 1622
100 534
100 35
100 115
100 1372
100 1921
100 365
100 22
100 3323
100 113
100 2231
100 4998
100 182
100 187
100 511
100 2262
100 1060
100 477
100 1930
100 810
100 1351
100 5433
100 1162
100 652
100 1057
100 771
100 664
100 2375
100 110
100 2945
100 1604
100 1005
100 408
100 1965
100 915
100 2788
100 2196
100 608
100 3122
100 884
100 2900
100 198
100 138
100 276
100 217
100 2154
100 2897
100 902
100 2747
100 2608
100 1544
100 1718
100 123
100 2897
100 5126
100 1119
100 7020
100 903
100 830
100 5449
100 170
100 134
100 1004
100 660
100 110
100 365
100 3828
100 2287
100 1638
100 6321
100 408
100 438
100 1199
100 1017
100 564
100 524
100 267
100 1971
100 667
100 1957
100 583
100 184
100 20
100 313
100 59
100 2533
100 1133
100 2230
100 10
100 189
100 709
100 1533
100 551
100 16
100 1911
100 433
100 1449
100 4804
100 1785
100 1130
100 708
100 2081
100 1849
100 1510
100 775
100 2168
100 556
100 1334
100 620
100 415
100 457
100 1046
100 19
100 600
100 724
100 1187
100 251
100 622
100 1530
100 153
100 2457
100 1749
100 1019
100 1255
100 20
100 124
100 2144
100 398
100 209
100 789
100 2338
100 1209
100 807
100 1113
100 1839
100 415
100 249
100 1051
100 3485
100 1101
100 1280
100 1108
100 220
100 2750
100 821
100 3451
100 2181
100 1947
100 729
100 1585
100 2784
100 179
100 1110
100 3817
100 294
100 2579
100 4096
100 202
100 1835
100 5162
100 193
100 918
100 228
100 163
100 4020
100 318
100 38
100 2743
100 7732
100 282
100 844
100 1018
100 736
100 667
100 1099
100 1235
100 581
100 2200
100 861
100 2125
100 1462
100 219
100 2064
100 946
100 779
100 336
100 4394
100 598
100 192
100 1265
100 3400
100 513
100 2356
100 569
100 684
100 125
100 389
100 1436
100 626
100 560
100 21
100 120
100 735
100 1174
100 1464
100 590
100 1222
100 218
100 1253
100 128
100 153
100 99
100 731
100 1171
100 35
100 42
100 429
100 182
100 64
100 584
100 582
100 52
100 510
100 245
100 1503
100 63
100 1733
100 4986
100 1282
100 21
100 337
100 88
100 517
100 2096
100 3279
100 846
100 380
100 6317
100 1344
100 31
100 1832
100 665
100 1098
100 1204
100 295
100 516
100 3019
100 1070
100 1114
100 4399
100 104
100 893
100 630
100 332
100 2386
100 436
100 44
100 317
100 950
100 139
100 3119
100 3235
100 700
100 192
100 1349
100 461
100 3300
100 420
100 3673
100 391
100 2561
100 70
100 22
100 2326
100 456
100 788
100 880
100 3710
100 20
100 946
100 869
100 1650
100 4300
100 2553
100 2394
100 291
100 428
100 172
100 619
100 854
100 1175
100 1338
100 25
100 4503
100 913
100 407
100 4917
100 1500
100 2463
100 401
100 805
100 1134
100 45
100 500
100 389
100 356
100 518
100 298
100 1731
100 2474
100 1833
100 5315
100 2479
100 17
100 294
100 634
100 23
100 1568
100 623
100 164
100 1031
100 90
100 863
100 1751
100 305
100 3159
100 3352
100 2862
100 361
100 1085
100 1270
100 24
100 997
100 106
100 812
100 4835
100 129
100 2012
100 34
100 896
100 189
100 1535
100 648
100 286
100 2099
100 700
100 769
100 595
100 134
100 9
100 5531
100 49
100 289
100 586
100 1585
100 15
100 2812
100 1110
100 1415
100 1542
100 1006
100 576
100 957
100 95
100 3116
100 3756
100 505
100 291
100 1227
100 907
100 1440
100 1724
100 1233
100 1204
100 2016
100 1020
100 1282
100 2171
100 1522
100 3347
100 1968
100 185
100 1216
100 2934
100 590
100 298
100 43
100 2199
100 395
100 1367
100 169
100 3207
100 876
100 996
100 110
100 2901
100 172
100 2324
100 2236
100 2364
100 82
100 1762
100 1135
100 132
100 1422
100 278
100 629
100 894
100 1454
100 1659
100 1067
100 1039
100 957
100 1528
100 677
100 2913
100 1227
100 451
100 2807
100 1603
100 261
100 152
100 1293
100 41
100 1584
100 76
100 3626
100 2241
100 2268
100 195
100 942
100 595
100 2841
100 3179
100 956
100 73
100 2038
100 139
100 2766
100 93
100 1411
100 4117
100 2450
100 2178
100 27
100 1179
100 444
100 2107
100 1764
100 953
100 2707
100 1944
100 2353
100 274
100 739
100 436
100 120
100 7151
100 895
100 106
100 1216
100 44
100 1234
100 279
100 497
100 1521
100 2258
100 1033
100 793
100 1230
100 637
100 2439
100 224
100 1877
100 3348
100 4031
100 127
100 1355
100 2706
100 621
100 1352
100 613
100 242
100 6649
100 2043
100 426
100 2617
100 918
100 287
100 5297
100 72
100 515
100 499
100 3885
100 1360
100 3545
100 142
100 1394
100 3731
100 5010
100 3
100 4
100 415
100 1863
100 1075
100 961
100 3146
100 802
100 4309
100 3885
100 3800
100 1900
100 334
100 1159
100 790
100 3150
100 599
100 1270
100 32
100 3092
100 884
100 1032
100 47
100 4226
100 2862
100 951
100 3935
100 537
100 3509
100 51
100 3089
100 13
100 186
100 687
100 1282
100 1396
100 1142
100 838
100 3336
100 3681
100 6101
100 3317
100 254
100 708
100 878
100 1740
100 1070
100 4896
100 954
100 197
100 941
100 351
100 1537
100 1303
100 1610
100 297
100 116
100 3697
100 3774
100 846
100 1687
100 282
100 1449
100 494
100 138
100 1347
100 3199
100 1510
100 5662
100 2640
100 250
100 3357
100 62
100 573
100 427
100 130
100 547
100 476
100 860
100 678
100 1126
100 4123
100 705
100 159
100 1477
100 388
100 2642
100 2
100 1305
100 1108
100 2409
100 4005
100 378
100 246
100 788
100 162
100 1033
100 2279
100 4784
100 319
100 1891
100 339
100 1519
100 63
100 1169
100 1697
100 1761
100 3398
100 346
100 472
100 950
100 35
100 794
100 239
100 2396
100 118
100 1751
100 1714
100 1334
100 694
100 548
100 247
100 435
100 4398
100 69
100 444
100 1707
100 124
100 1384
100 355
100 600
100 0
100 2686
100 696
100 899
100 217
100 1246
100 1542
100 1791
100 1035
100 2832
100 4664
100 212
100 1952
100 54
100 1411
100 787
100 144
100 134
100 3118
100 672
100 1243
100 610
100 1554
100 1909
100 984
100 6488
100 194
100 1698
100 1457
100 639
100 189
100 4776
100 3490
100 549
100 128
100 1198
100 1476
100 2928
100 2713
100 1541
100 1369
100 1070
100 2246
100 656
100 373
100 25
100 217
100 145
100 184
100 494
100 74
100 1107
100 904
100 139
100 2457
100 1992
100 493
100 459
100 1778
100 382
100 642
100 4075
100 2453
100 2593
100 1198
100 44
100 147
100 17
100 1046
100 1155
100 472
100 2830
100 754
100 4056
100 714
100 595
100 366
100 112
100 2314
100 208
100 740
100 237
100 155
100 2761
100 1446
100 541
100 2243
100 57
100 891
100 901
100 1716
100 358
100 220
100 822
100 685
100 2920
100 2069
100 1731
100 237
100 2150
100 5865
100 85
100 1766
100 35
100 197
100 631
100 690
100 1752
100 841
100 858
100 1442
100 3426
100 797
100 1877
100 1162
100 144
100 1197
100 846
100 627
100 3308
100 2526
100 705
100 1234
100 5064
100 234
100 488
100 707
100 1101
100 225
100 5165
100 182
100 314
100 723
100 3047
100 578
100 573
100 526
100 396
100 4114
100 663
100 1103
100 878
100 8333
100 2407
100 112
100 709
100 478
100 2287
100 228
100 890
100 1334
100 438
100 2334
100 94
100 1190
100 3402
100 1983
100 574
100 3215
100 2723
100 1656
100 1843
100 2457
100 20
100 868
100 1683
100 1276
100 366
100 3051
100 1738
100 137
100 472
100 251
100 4481
100 959
100 266
100 98
100 2668
100 157
100 1501
100 372
100 1202
100 81
100 5432
100 1687
100 278
100 1180
100 2388
100 869
100 166
100 4289
100 241
100 3308
100 168
100 462
100 212
100 3620
100 167
100 1259
100 3275
100 322
100 1424
100 2349
100 218
100 605
100 3738
100 27
100 1166
100 1072
100 225
100 2193
100 405
100 2477
100 1020
100 353
100 2089
100 1816
100 570
100 777
100 2433
100 1385
100 2209
100 1188
100 429
100 1353
100 487
100 125
100 783
100 2080
100 412
100 3781
100 1233
100 2419
100 978
100 1761
100 1248
100 1105
100 308
100 3517
100 3743
100 140
100 2419
100 4011
100 972
100 1042
100 3195
100 455
100 2526
100 492
100 1460
100 2257
100 414
100 60
100 1221
100 717
100 191
100 1549
100 1397
100 377
100 656
100 479
100 800
100 825
100 76
100 3567
100 19
100 2059
100 834
100 4211
100 2047
100 246
100 449
100 4042
100 2189
100 5799
100 275
100 408
100 310
100 600
100 1051
100 1973
100 2812
100 117
100 549
100 272
100 2269
100 570
100 2034
100 546
100 41
100 522
100 517
100 996
100 376
100 694
100 591
100 867
100 4237
100 1891
100 2753
100 1881
100 2149
100 544
100 1124
100 1021
100 4198
100 1349
100 3335
100 263
100 709
100 761
100 404
100 5864
100 342
100 1480
100 44
100 222
100 220
100 810
100 1552
100 187
100 1761
100 1316
100 1082
100 1365
100 788
100 274
100 152
100 349
100 1606
100 1488
100 636
100 165
100 1154
100 602
100 454
100 372
100 1632
100 821
100 735
100 468
100 2447
100 1508
100 379
100 1418
100 1274
100 689
100 167
100 1663
100 684
100 50
100 137
100 2327
100 332
100 586
100 88
100 1849
100 876
100 474
100 554
100 711
100 287
100 642
100 265
100 1187
100 1838
100 5294
100 276
100 258
100 1051
100 6901
100 1751
100 581
100 159
100 524
100 2217
100 710
100 228
100 1485
100 1574
100 253
100 442
100 1390
100 50
100 3115
100 1683
100 91
100 5719
100 7249
100 59
100 4624
100 4171
100 294
100 254
100 369
100 1708
100 395
100 418
100 981
100 859
100 1513
100 321
100 3095
100 3542
100 203
100 3303
100 3112
100 1824
100 208
100 125
100 83
100 788
100 2520
100 2997
100 2003
100 308
100 1047
100 129
100 1519
100 1718
100 1140
100 345
100 200
100 1398
100 1532
100 16
100 228
100 1213
100 536
100 1092
100 45
100 161
100 1475
100 927
100 2766
100 591
100 633
100 998
100 1153
100 539
100 6172
100 168
100 1072
100 238
100 2040
100 116
100 336
100 2394
100 2560
100 549
100 816
100 1574
100 3299
100 703
100 1493
100 690
100 233
100 3356
100 284
100 15
100 3637
100 2742
100 1318
100 11
100 384
100 2039
100 431
100 735
100 128
100 1563
100 1253
100 1774
100 4243
100 272
100 25
100 1125
100 1261
100 1218
100 271
100 454
100 1073
100 505
100 925
100 507
100 2006
100 221
100 612
100 1300
100 2501
100 1755
100 1830
100 3517
100 1735
100 1697
100 1113
100 1943
100 1430
100 1271
100 685
100 1771
100 1033
100 135
100 403
100 949
100 5583
100 435
100 3029
