100 22
100 523
100 358
100 228
100 699
100 199
100 598
100 146
100 76
100 1
100 15
100 1144
100 614
100 290
100 416
100 188
100 195
100 246
100 68
100 861
100 465
100 1274
100 1661
100 484
100 911
100 207
100 823
100 109
100 85
100 717
100 129
100 80
100 1233
100 621
100 134
100 265
100 100
100 428
100 1614
100 30
100 61
100 1745
100 314
100 1462
100 994
100 1374
100 1
100 442
100 48
100 448
100 196
100 2
100 748
100 650
100 771
100 827
100 321
100 543
100 951
100 630
100 76
100 298
100 1361
100 113
100 151
100 284
100 729
100 106
100 1718
100 325
100 183
100 115
100 44
100 1542
100 617
100 575
100 195
100 391
100 35
100 236
100 284
100 715
100 947
100 429
100 387
100 371
100 426
100 475
100 813
100 177
100 734
100 327
100 1130
100 766
100 412
100 602
100 165
100 536
100 510
100 12
100 55
100 871
100 1144
100 298
100 319
100 157
100 158
100 268
100 1959
100 663
100 145
100 151
100 223
100 400
100 799
100 43
100 162
100 51
100 1110
100 1323
100 679
100 380
100 1190
100 247
100 647
100 97
100 701
100 269
100 700
100 1657
100 1151
100 451
100 288
100 1499
100 545
100 358
100 301
100 464
100 34
100 562
100 47
100 112
100 173
100 51
100 143
100 82
100 167
100 484
100 310
100 2073
100 547
100 656
100 971
100 307
100 214
100 273
100 642
100 195
100 335
100 891
100 1650
100 388
100 669
100 282
100 19
100 61
100 1254
100 244
100 28
100 120
100 503
100 365
100 368
100 94
100 1966
100 244
100 661
100 498
100 74
100 583
100 130
100 889
100 67
100 242
100 167
100 944
100 1096
100 116
100 27
100 449
100 239
100 39
100 2152
100 1405
100 34
100 101
100 815
100 519
100 1008
100 401
100 112
100 328
100 353
100 15
100 48
100 30
100 981
100 586
100 254
100 2052
100 24
100 538
100 200
100 192
100 950
100 195
100 511
100 1099
100 728
100 48
100 1696
100 668
100 129
100 139
100 30
100 532
100 432
100 955
100 769
100 735
100 395
100 308
100 340
100 63
100 309
100 106
100 584
100 1289
100 306
100 794
100 225
100 155
100 507
100 847
100 549
100 191
100 136
100 73
100 472
100 39
100 1327
100 312
100 829
100 455
100 334
100 125
100 80
100 27
100 79
100 403
100 853
100 149
100 1646
100 1179
100 667
100 896
100 194
100 66
100 233
100 181
100 197
100 580
100 1301
100 97
100 715
100 305
100 71
100 103
100 721
100 216
100 1174
100 450
100 124
100 409
100 184
100 1388
100 880
100 208
100 287
100 1270
100 933
100 973
100 23
100 220
100 705
100 679
100 720
100 735
100 340
100 317
100 641
100 767
100 1219
100 1734
100 175
100 94
100 159
100 477
100 261
100 384
100 765
100 77
100 1030
100 162
100 901
100 53
100 178
100 131
100 68
100 214
100 319
100 680
100 144
100 69
100 91
100 210
100 643
100 108
100 560
100 851
100 129
100 963
100 2449
100 315
100 632
100 629
100 87
100 2
100 99
100 208
100 43
100 371
100 1090
100 200
100 964
100 188
100 145
100 242
100 1984
100 334
100 122
100 469
100 2405
100 579
100 2697
100 275
100 757
100 245
100 313
100 1381
100 40
100 396
100 727
100 1434
100 71
100 41
100 75
100 1007
100 1038
100 1070
100 255
100 1169
100 1188
100 644
100 76
100 644
100 130
100 6
100 74
100 390
100 275
100 46
100 168
100 707
100 616
100 237
100 95
100 1340
100 516
100 267
100 648
100 157
100 215
100 28
100 592
100 297
100 296
100 901
100 726
100 57
100 707
100 671
100 250
100 392
100 759
100 120
100 3
100 3778
100 665
100 888
100 62
100 378
100 1353
100 222
100 57
100 328
100 605
100 77
100 12
100 320
100 7
100 769
100 659
100 239
100 347
100 449
100 451
100 402
100 38
100 329
100 407
100 1229
100 47
100 306
100 103
100 28
100 15
100 60
100 888
100 142
100 227
100 1734
100 501
100 302
100 113
100 245
100 597
100 187
100 1265
100 26
100 12
100 550
100 362
100 211
100 95
100 490
100 110
100 815
100 683
100 238
100 610
100 16
100 113
100 20
100 378
100 405
100 47
100 227
100 636
100 75
100 890
100 338
100 414
100 191
100 531
100 614
100 1068
100 307
100 124
100 325
100 388
100 147
100 388
100 69
100 408
100 664
100 258
100 89
100 771
100 248
100 450
100 526
100 286
100 876
100 515
100 365
100 28
100 457
100 799
100 1237
100 97
100 70
100 486
100 20
100 93
100 160
100 202
100 13
100 7
100 825
100 14
100 128
100 1170
100 1313
100 922
100 33
100 201
100 669
100 195
100 322
100 364
100 546
100 3112
100 1004
100 92
100 891
100 251
100 41
100 93
100 122
100 35
100 58
100 95
100 454
100 830
100 295
100 93
100 219
100 1238
100 140
100 1027
100 102
100 584
100 490
100 632
100 388
100 621
100 1520
100 355
100 236
100 1484
100 100
100 634
100 1962
100 852
100 44
100 699
100 664
100 261
100 612
100 1441
100 779
100 710
100 1347
100 569
100 69
100 180
100 116
100 642
100 754
100 50
100 772
100 737
100 74
100 19
100 108
100 477
100 178
100 218
100 948
100 85
100 1486
100 338
100 337
100 525
100 104
100 138
100 30
100 455
100 146
100 419
100 62
100 225
100 940
100 547
100 27
100 77
100 440
100 281
100 4411
100 361
100 761
100 85
100 827
100 47
100 66
100 403
100 433
100 30
100 3893
100 1119
100 197
100 293
100 1918
100 176
100 21
100 903
100 57
100 364
100 649
100 836
100 66
100 94
100 98
100 112
100 176
100 184
100 16
100 415
100 383
100 474
100 312
100 278
100 336
100 1068
100 640
100 141
100 501
100 162
100 524
100 148
100 289
100 420
100 12
100 322
100 42
100 2017
100 728
100 1958
100 1649
100 539
100 248
100 839
100 198
100 1367
100 6
100 332
100 654
100 152
100 304
100 12
100 528
100 119
100 46
100 2090
100 150
100 8
100 74
100 1494
100 54
100 1221
100 1094
100 38
100 655
100 338
100 459
100 1799
100 38
100 176
100 267
100 16
100 136
100 1656
100 384
100 1335
100 263
100 202
100 995
100 577
100 802
100 1331
100 1121
100 260
100 1246
100 1038
100 743
100 81
100 707
100 304
100 678
100 221
100 362
100 71
100 364
100 54
100 64
100 1131
100 667
100 1466
100 49
100 665
100 1102
100 70
100 896
100 1758
100 227
100 161
100 55
100 340
100 268
100 76
100 912
100 504
100 186
100 1
100 127
100 59
100 333
100 301
100 684
100 714
100 486
100 221
100 416
100 663
100 265
100 13
100 2071
100 144
100 77
100 758
100 1369
100 1128
100 1295
100 29
100 700
100 333
100 4
100 134
100 297
100 175
100 5
100 68
100 970
100 283
100 712
100 596
100 151
100 756
100 87
100 389
100 221
100 30
100 2320
100 532
100 233
100 146
100 1062
100 290
100 412
100 1046
100 39
100 444
100 677
100 886
100 380
100 701
100 1272
100 58
100 351
100 1389
100 95
100 238
100 46
100 419
100 200
100 120
100 647
100 38
100 630
100 1394
100 1264
100 1844
100 153
100 823
100 87
100 36
100 488
100 1280
100 270
100 39
100 1517
100 792
100 405
100 100
100 383
100 322
100 629
100 337
100 149
100 47
100 458
100 474
100 493
100 382
100 983
100 197
100 579
100 350
100 30
100 281
100 440
100 559
100 529
100 97
100 66
100 2056
100 331
100 796
100 282
100 551
100 911
100 570
100 623
100 460
100 377
100 222
100 553
100 498
100 799
100 29
100 298
100 779
100 207
100 293
100 8
100 577
100 259
100 8
100 252
100 299
100 1443
100 230
100 100
100 162
100 1234
100 232
100 6
100 122
100 1609
100 361
100 95
100 194
100 2722
100 126
100 434
100 417
100 467
100 92
100 792
100 469
100 457
100 610
100 255
100 878
100 643
100 1799
100 200
100 483
100 39
100 476
100 1631
100 622
100 515
100 893
100 194
100 856
100 404
100 369
100 752
100 764
100 67
100 1834
100 262
100 37
100 72
100 1034
100 1187
100 739
100 513
100 669
100 460
100 627
100 470
100 499
100 372
100 135
100 392
100 120
100 79
100 737
100 287
100 29
100 9
100 408
100 203
100 662
100 255
100 1146
100 168
100 671
100 1306
100 208
100 1263
100 68
100 1520
100 782
100 531
100 2005
100 826
100 53
100 766
100 714
100 293
100 402
100 594
100 493
100 396
100 771
100 711
100 275
100 758
100 59
100 77
100 838
100 96
100 42
100 227
100 249
100 1241
100 3
100 1286
100 510
100 74
100 911
100 539
100 47
100 426
100 728
100 332
100 760
100 1995
100 403
100 1336
100 253
100 75
100 127
100 541
100 1658
100 66
100 100
100 113
100 178
100 517
100 1435
100 1166
100 149
100 353
100 94
100 229
100 312
100 1547
100 260
100 661
100 1354
100 322
100 66
100 523
100 85
100 50
100 632
100 815
100 40
100 292
100 295
100 50
100 753
100 231
100 511
100 189
100 681
100 256
100 503
100 113
100 58
100 1109
100 118
100 101
100 1164
100 69
100 335
100 219
100 1389
100 43
100 634
100 408
100 1269
100 112
100 1410
100 952
100 8
100 141
100 346
100 3005
100 202
100 862
100 142
100 855
100 508
100 33
100 2083
100 222
100 156
100 695
100 467
100 92
100 192
100 1344
100 399
100 72
100 1073
100 448
100 531
100 139
100 84
100 92
100 350
100 207
100 172
100 1025
100 415
100 1182
100 47
100 1322
100 340
100 1694
100 69
100 512
100 269
100 667
100 338
100 400
100 329
100 450
100 105
100 1169
100 2006
100 972
100 171
100 607
100 567
100 18
100 284
100 940
100 528
100 258
100 588
100 46
100 1592
100 1500
100 832
100 613
100 443
100 160
100 1315
100 135
100 98
100 20
100 116
100 93
100 16
100 1
100 44
100 1168
100 4
100 2845
100 468
100 270
100 659
100 304
100 675
100 574
100 1054
100 309
100 285
100 628
100 138
100 9
100 322
100 97
100 465
100 421
100 834
100 553
100 185
100 85
100 290
100 1277
100 1198
100 485
100 627
100 119
100 2834
100 378
100 330
100 118
100 12
100 1182
100 111
100 1046
100 44
100 9
100 240
100 158
100 89
100 81
100 128
100 1159
100 804
100 67
100 782
100 199
100 1369
100 22
100 2282
100 115
100 674
100 21
100 246
100 382
100 298
100 220
100 213
100 44
100 121
100 66
100 434
100 75
100 797
100 37
100 208
100 307
100 137
100 647
100 535
100 59
100 89
100 751
100 1089
100 548
100 19
100 1023
100 517
100 478
100 340
100 180
100 695
100 38
100 395
100 42
100 662
100 392
100 1358
100 82
100 108
100 438
100 189
100 527
100 1937
100 406
100 180
100 407
100 700
100 1234
100 109
100 353
100 1379
100 454
100 942
100 548
100 14
100 127
100 181
100 489
100 45
100 373
100 650
100 53
100 394
100 503
100 1255
100 103
100 58
100 420
100 102
100 20
100 88
100 1019
100 289
100 2
100 292
100 741
100 405
100 669
100 481
100 118
100 798
100 130
100 768
100 590
100 100
100 1023
100 47
100 428
100 222
100 904
100 232
100 203
100 634
100 58
100 970
100 105
100 113
100 1381
100 356
100 685
100 430
100 343
100 118
100 690
100 2
100 418
100 324
100 56
100 1025
100 461
100 283
100 2330
100 1142
100 503
100 171
100 319
100 900
100 114
100 1084
100 192
100 5
100 425
100 290
100 1698
100 229
100 100
100 646
100 10
100 71
100 168
100 412
100 323
100 195
100 872
100 134
100 103
100 68
100 48
100 394
100 752
100 334
100 710
100 233
100 901
100 169
100 412
100 564
100 248
100 1948
100 34
100 386
100 782
100 807
100 413
100 137
100 305
100 74
100 123
100 903
100 1669
100 530
100 1590
100 341
100 149
100 720
100 59
100 67
100 271
100 181
100 2419
100 345
100 529
100 143
100 236
100 1057
100 3
100 432
100 357
100 341
100 57
100 263
100 141
100 544
100 1617
100 1733
100 1667
100 239
100 67
100 38
100 127
100 907
100 76
100 153
100 937
100 299
100 625
100 19
100 210
100 531
100 129
100 26
100 1420
100 259
100 73
100 1476
100 98
100 929
100 659
100 1544
100 26
100 464
100 214
100 1118
100 1108
100 117
100 683
100 150
100 883
100 624
100 225
100 813
100 10
100 892
100 1329
100 1408
100 367
100 338
100 101
100 232
100 713
100 94
100 66
100 248
100 1692
100 483
100 254
100 11
100 299
100 1018
100 233
100 22
100 239
100 188
100 161
100 251
100 65
100 849
100 765
100 151
100 400
100 284
100 802
100 333
100 111
100 11
100 2579
100 300
100 316
100 186
100 455
100 94
100 723
100 1386
100 369
100 945
100 728
100 330
100 698
100 1255
100 1014
100 2322
100 204
100 1319
100 337
100 379
100 296
100 135
100 568
100 434
100 220
100 252
100 403
100 232
100 1037
100 514
100 169
100 786
100 144
100 2385
100 45
100 181
100 402
100 1035
100 557
100 352
100 120
100 268
100 179
100 1839
100 921
100 680
100 119
100 62
100 991
100 74
100 816
100 530
100 91
100 2304
100 814
100 960
100 177
100 497
100 411
100 306
100 338
100 227
100 188
100 451
100 466
100 205
100 139
100 513
100 496
100 434
100 120
100 66
100 154
100 1164
100 438
100 9
100 743
100 204
100 183
100 298
100 57
100 275
100 613
100 182
100 20
100 515
100 1103
100 973
100 3
100 171
100 466
100 112
100 514
100 1170
100 246
100 551
100 806
100 547
100 916
100 435
100 506
100 11
100 316
100 627
100 168
100 223
100 659
100 119
100 1424
100 84
100 175
100 1983
100 345
100 299
100 162
100 26
100 108
100 246
100 204
100 632
100 174
100 9
100 343
100 181
100 196
100 701
100 426
100 356
100 756
100 1167
100 206
100 512
100 77
100 425
100 360
100 579
100 343
100 858
100 145
100 126
100 1205
100 319
100 462
100 363
100 906
100 460
100 4
100 285
100 222
100 211
100 397
100 180
100 16
100 648
100 684
100 717
100 542
100 855
100 646
100 213
100 943
100 606
100 21
100 387
100 139
100 297
100 1485
100 41
100 89
100 2389
100 441
100 456
100 718
100 556
100 127
100 634
100 679
100 248
100 556
100 74
100 629
100 15
100 3
100 707
100 242
100 145
100 57
100 203
100 394
100 47
100 1248
100 167
100 414
100 14
100 191
100 41
100 137
100 691
100 1176
100 173
100 273
100 59
100 1054
100 909
100 283
100 574
100 839
100 390
100 248
100 55
100 144
100 1020
100 523
100 39
100 164
100 339
100 486
100 289
100 217
100 269
100 405
100 220
100 41
100 528
100 1279
100 265
100 676
100 337
100 473
100 100
100 480
100 223
100 578
100 213
100 296
100 9
100 372
100 19
100 371
100 269
100 746
100 79
100 869
100 93
100 77
100 190
100 126
100 1269
100 429
100 488
100 1937
100 329
100 801
100 790
100 0
100 73
100 163
100 226
100 619
100 1073
100 969
100 172
100 1328
100 156
100 653
100 107
100 59
100 1051
100 1803
100 274
100 205
100 504
100 359
100 742
100 560
100 48
100 207
100 1769
100 457
100 565
100 9
100 44
100 3221
100 2
100 70
100 83
100 112
100 1474
100 760
100 74
100 105
100 170
100 0
100 212
100 135
100 403
100 1343
100 19
100 977
100 853
100 35
100 166
100 344
100 196
100 284
100 1443
100 256
100 254
100 950
100 164
100 423
100 82
100 142
100 842
100 1372
100 187
100 956
100 208
100 1213
100 14
100 1111
100 16
100 295
100 16
100 250
100 175
100 279
100 163
100 107
100 141
100 28
100 166
100 692
100 801
100 256
100 719
100 135
100 131
100 70
100 454
100 939
100 5
100 245
100 58
100 426
100 173
100 152
100 14
100 212
100 107
100 780
100 84
100 317
100 13
100 152
100 315
100 436
100 457
100 67
100 704
100 174
100 510
100 23
100 330
100 23
100 1232
100 905
100 8
100 103
100 362
100 476
100 1004
100 141
100 339
100 641
100 152
100 1008
100 65
100 216
100 115
100 287
100 40
100 1383
100 12
100 517
100 429
100 1002
100 783
100 204
100 76
100 440
100 442
100 28
100 482
100 177
100 685
100 269
100 79
100 141
100 115
100 428
100 178
100 34
100 457
100 16
100 796
100 95
100 125
100 291
100 334
100 0
100 420
100 187
100 112
100 14
100 340
100 521
100 570
100 29
100 95
100 115
100 878
100 1240
100 891
100 524
100 278
100 87
100 250
100 1169
100 120
100 1120
100 1061
100 406
100 124
100 428
100 551
100 2525
100 963
100 744
100 29
100 688
100 1582
100 775
100 501
100 39
100 1404
100 756
100 77
100 576
100 389
100 1005
100 882
100 508
100 15
100 188
100 253
100 919
100 621
100 704
100 1027
100 28
100 99
100 259
100 162
100 245
100 326
100 11
100 317
100 296
100 127
100 1768
100 57
100 441
100 286
100 712
100 201
100 126
100 527
100 97
100 35
100 1653
100 639
100 29
100 1010
100 1177
100 166
100 262
100 236
100 472
100 858
100 134
100 382
100 551
100 428
100 99
100 2160
100 80
100 848
100 55
100 62
100 301
100 121
100 66
100 561
100 152
100 213
100 608
100 122
100 418
100 257
100 533
100 347
100 161
100 314
100 85
100 15
100 83
100 1057
100 92
100 173
100 38
100 260
100 238
100 194
100 533
100 402
100 30
100 318
100 1634
100 233
100 384
100 1395
100 3190
100 713
100 689
100 43
100 496
100 227
100 651
100 21
100 33
100 3
100 946
100 81
100 181
100 123
100 913
100 492
100 1030
100 277
100 184
100 972
100 214
100 692
100 953
100 555
100 350
100 1437
100 975
100 173
100 283
100 1029
100 1644
100 103
100 506
100 124
100 953
100 135
100 454
100 824
100 721
100 24
100 410
100 60
100 835
100 1117
100 1165
100 58
100 534
100 426
100 6
100 97
100 1179
100 972
100 37
100 172
100 137
100 13
100 230
100 842
100 1092
100 738
100 1254
100 198
100 113
100 71
100 68
100 1326
100 134
100 18
100 373
100 159
100 41
100 177
100 268
100 243
100 292
100 236
100 61
100 39
100 128
100 1993
100 473
100 198
100 201
100 467
100 244
100 289
100 1305
100 338
100 335
100 33
100 1644
100 284
100 137
100 65
100 1176
100 132
100 923
100 111
100 205
100 461
100 46
100 116
100 293
100 371
100 84
100 133
100 513
100 963
100 84
100 1607
100 214
100 1506
100 212
100 409
100 222
100 1434
100 126
100 1231
100 1333
100 207
100 686
100 247
100 291
100 644
100 70
100 1519
100 980
100 356
100 8
100 98
100 107
100 183
100 36
100 1945
100 1081
100 1729
100 161
100 239
100 1446
100 703
100 169
100 1376
100 27
100 78
100 1008
100 304
100 52
100 7
100 528
100 176
100 2506
100 364
100 16
100 20
100 61
100 388
100 10
100 24
100 964
100 104
100 12
100 778
100 22
100 457
100 271
100 45
100 86
100 491
100 225
100 532
100 1186
100 228
100 41
100 693
100 625
100 335
100 377
100 10
100 490
100 606
100 222
100 2168
100 664
100 115
100 2203
100 130
100 122
100 53
100 141
100 251
100 281
100 274
100 99
100 227
100 748
100 1
100 586
100 135
100 544
100 114
100 97
100 802
100 2
100 1680
100 1070
100 971
100 1123
100 602
100 868
100 550
100 978
100 363
100 182
100 1573
100 80
100 14
100 310
100 44
100 349
100 385
100 1508
100 657
100 347
100 838
100 50
100 340
100 389
100 40
100 255
100 462
100 374
100 1284
100 563
100 1234
100 358
100 353
100 213
100 769
100 264
100 104
100 260
100 124
100 796
100 251
100 112
100 42
100 77
100 448
100 451
100 62
100 699
100 814
100 132
100 1233
100 37
100 429
100 234
100 642
100 103
100 16
100 639
100 594
100 13
100 162
100 256
100 136
100 156
100 428
100 798
100 499
100 969
100 95
100 301
100 849
100 16
100 3697
100 229
100 59
100 1538
100 349
100 8
100 827
100 216
100 215
100 285
100 670
100 131
100 34
100 138
100 822
100 393
100 352
100 179
100 2176
100 234
100 98
100 260
100 76
100 240
100 754
100 640
100 639
100 1169
100 273
100 397
100 1240
100 1518
100 311
100 112
100 453
100 342
100 349
100 932
100 326
100 666
100 806
100 336
100 23
100 173
100 10
100 69
100 248
100 47
100 57
100 560
100 1106
100 1077
100 237
100 419
100 535
100 320
100 1465
100 174
100 1292
100 408
100 113
100 1230
100 612
100 340
100 11
100 336
100 1096
100 168
100 123
100 978
100 244
100 1783
100 138
100 213
100 148
100 607
100 737
100 230
100 654
100 311
100 792
100 276
100 614
100 1666
100 55
100 1261
100 431
100 96
100 5
100 47
100 254
100 381
100 186
100 756
100 373
100 253
100 105
100 297
100 198
100 21
100 674
100 520
100 1328
100 592
100 35
100 199
100 215
100 865
100 714
100 396
100 208
100 82
100 178
100 574
100 1246
100 647
100 56
100 253
100 136
100 350
100 637
100 58
100 182
100 205
100 5
100 727
100 226
100 1129
100 702
100 102
100 595
100 64
100 259
100 45
100 212
100 161
100 374
100 449
100 375
100 2
100 37
100 559
100 1442
100 781
100 2221
100 410
100 868
100 444
100 128
100 990
100 15
100 447
100 673
100 265
100 210
100 274
100 2275
100 103
100 197
100 894
100 1112
100 36
100 1178
100 180
100 392
100 504
100 226
100 103
100 59
100 263
100 245
100 1056
100 92
100 163
100 157
100 74
100 490
100 193
100 147
100 310
100 93
100 149
100 5
100 533
100 1674
100 716
100 2053
100 1194
100 589
100 904
100 1558
100 1133
100 377
100 570
100 78
100 1186
100 145
100 1456
100 821
100 252
100 270
100 120
100 1183
100 145
100 165
100 31
100 0
100 66
100 439
100 992
100 130
100 273
100 963
100 162
100 127
100 1177
100 104
100 239
100 848
100 81
100 108
100 647
100 202
100 1341
100 307
100 514
100 1613
100 446
100 184
100 606
100 269
100 354
100 143
100 708
100 289
100 114
100 590
100 2537
100 730
100 512
100 95
100 43
100 562
100 659
100 76
100 1968
100 533
100 279
100 359
100 784
100 267
100 124
100 74
100 48
100 98
100 0
100 111
100 603
100 199
100 107
100 820
100 3
100 302
100 90
100 299
100 281
100 112
100 54
100 540
100 261
100 328
100 121
100 205
100 58
100 297
100 456
100 200
100 865
100 272
100 903
100 733
100 628
100 243
100 122
100 519
100 437
100 155
100 1508
100 1041
100 217
100 32
100 501
100 323
100 9
100 705
100 1177
100 479
100 778
100 564
100 901
100 837
100 161
100 217
100 769
100 187
100 85
100 413
100 823
100 615
100 747
100 52
100 519
100 448
100 767
100 197
100 282
100 319
100 1023
100 350
100 967
100 258
100 404
100 373
100 456
100 679
100 566
100 348
100 592
100 197
100 14
100 301
100 412
100 707
100 93
100 101
100 556
100 86
100 341
100 48
100 664
100 233
100 489
100 189
100 448
100 520
100 1010
100 1187
100 660
100 559
100 912
100 62
100 431
100 143
100 293
100 240
100 73
100 0
100 2
100 477
100 39
100 23
100 84
100 311
100 934
100 79
100 145
100 910
100 595
100 1088
100 53
100 213
100 913
100 166
100 75
100 337
100 30
100 101
100 146
100 282
100 1027
100 309
100 199
100 620
100 221
100 216
100 215
100 248
100 121
100 367
100 314
100 94
100 530
100 20
100 158
100 1219
100 551
100 724
100 515
100 687
100 583
100 177
100 840
100 626
100 741
100 409
100 419
100 403
100 197
100 251
100 107
100 23
100 627
100 68
100 246
100 73
100 453
100 680
100 165
100 83
100 877
100 19
100 330
100 115
100 72
100 716
100 112
100 65
100 229
100 462
100 422
100 145
100 208
100 630
100 475
100 356
100 181
100 130
100 1186
100 1034
100 1246
100 23
100 50
100 444
100 791
100 1034
100 83
100 930
100 618
100 350
100 1016
100 695
100 990
100 240
100 269
100 347
100 98
100 949
100 229
100 1355
100 115
100 713
100 962
100 387
100 565
100 44
100 928
100 143
100 403
100 689
100 950
100 444
100 738
100 128
100 173
100 212
100 121
100 1272
100 421
100 563
100 34
100 1013
100 601
100 625
100 985
100 147
100 79
100 282
100 327
100 394
100 370
100 42
100 156
100 1897
100 67
100 23
100 252
100 60
100 39
100 2218
100 382
100 128
100 87
100 39
100 777
100 1773
100 211
100 232
100 166
100 1170
100 47
100 1376
100 174
100 857
100 62
100 32
100 175
100 782
100 730
100 438
100 132
100 381
100 1448
100 67
100 64
100 1682
100 79
100 142
100 53
100 116
100 86
100 651
100 1505
100 485
100 508
100 15
100 368
100 20
100 208
100 876
100 359
100 469
100 612
100 753
100 365
100 1289
100 145
100 422
100 7
100 144
100 1682
100 124
100 302
100 417
100 255
100 171
100 72
100 283
100 258
100 839
100 195
100 225
100 181
100 513
100 326
100 936
100 220
100 1187
100 386
100 818
100 209
100 197
100 544
100 1172
100 250
100 447
100 286
100 1043
100 96
100 1203
100 326
100 338
100 21
100 746
100 56
100 257
100 80
100 509
100 54
100 417
100 132
100 1995
100 211
100 212
100 350
100 701
100 445
100 723
100 153
100 267
100 664
100 1066
100 280
100 228
100 1082
100 507
100 166
100 469
100 816
100 435
100 264
100 2033
100 424
100 754
100 2
100 627
100 17
100 108
100 66
100 22
100 355
100 667
100 417
100 129
100 65
100 418
100 314
100 215
100 822
100 1065
100 133
100 142
100 94
100 442
100 375
100 308
100 83
100 55
100 580
100 516
100 12
100 2056
100 233
100 77
100 786
100 199
100 152
100 699
100 905
100 750
100 190
100 881
100 128
100 1794
100 406
100 124
100 1142
100 1000
100 495
100 756
100 160
100 67
100 60
100 0
100 696
100 460
100 328
100 463
100 498
100 406
100 598
100 935
100 1734
100 102
100 934
100 614
100 1432
100 105
100 0
100 989
100 314
100 496
100 64
100 17
100 2
100 73
100 571
100 1056
100 341
100 216
100 572
100 340
100 1188
100 104
100 934
100 188
100 1199
100 362
100 451
100 627
100 2050
100 360
100 1307
100 306
100 399
100 99
100 1470
100 2233
100 1430
100 315
100 28
100 1173
100 673
100 768
100 26
100 98
100 69
100 347
100 128
100 304
100 2673
100 284
100 231
100 140
100 2405
100 9
100 390
100 2015
100 181
100 959
100 428
100 137
100 1272
100 667
100 200
100 14
100 134
100 1185
100 469
100 594
100 1064
100 1129
100 726
100 364
100 296
100 337
100 26
100 159
100 692
100 141
100 764
100 113
100 18
100 635
100 1064
100 913
100 90
100 174
100 77
100 319
100 224
100 26
100 66
100 3058
100 220
100 297
100 768
100 1296
100 16
100 433
100 113
100 115
100 550
100 53
100 486
100 343
100 250
100 822
100 1312
100 337
100 1085
100 425
100 706
100 360
100 911
100 15
100 131
100 372
100 127
100 1069
100 663
100 623
100 218
100 13
100 182
100 459
100 49
100 342
100 184
100 985
100 556
100 685
100 728
100 81
100 70
100 710
100 129
100 478
100 599
100 1556
100 256
100 551
100 181
100 136
100 886
100 172
100 341
100 43
100 796
100 13
100 573
100 104
100 642
100 383
100 147
100 61
100 570
100 264
100 64
100 1562
100 423
100 177
100 10
100 1652
100 185
100 513
100 298
100 139
100 4472
100 177
100 49
100 1475
100 482
100 119
100 536
100 329
100 300
100 357
100 830
100 820
100 431
100 1040
100 52
100 1417
100 980
100 501
100 604
100 154
100 432
100 101
100 616
100 118
100 21
100 61
100 664
100 346
100 68
100 16
100 782
100 798
100 183
100 134
100 463
100 474
100 67
100 662
100 7
100 542
100 866
100 52
100 15
100 104
100 699
100 694
100 2191
100 127
100 36
100 156
100 674
100 240
100 351
100 73
100 469
100 262
100 1836
100 1
100 176
100 674
100 307
100 220
100 258
100 230
100 261
100 45
100 324
100 778
100 154
100 143
100 496
100 409
100 273
100 140
100 490
100 682
100 825
100 957
100 261
100 379
100 139
100 131
100 1613
100 571
100 614
100 99
100 401
100 296
100 171
100 251
100 103
100 28
100 392
100 280
100 556
100 275
100 39
100 73
100 954
100 269
100 495
100 496
100 214
100 490
100 435
100 28
100 91
100 441
100 138
100 670
100 472
100 4
100 310
100 256
100 44
100 153
100 53
100 771
100 340
100 271
100 278
100 1562
100 314
100 341
100 21
100 2269
100 264
100 210
100 1586
100 254
100 273
100 106
100 610
100 335
100 777
100 1172
100 360
100 841
100 99
100 294
100 1542
100 447
100 628
100 80
100 387
100 172
100 10
100 1301
100 167
100 439
100 604
100 274
100 856
100 2131
100 244
100 479
100 100
100 457
100 49
100 73
100 461
100 471
100 560
100 1265
100 979
100 604
100 4
100 271
100 210
100 98
100 11
100 143
100 475
100 241
100 739
100 83
100 600
100 190
100 234
100 2254
100 173
100 283
100 520
100 323
100 1042
100 132
100 200
100 23
100 79
100 114
100 137
100 186
100 719
100 378
100 1695
100 529
100 198
100 250
100 317
100 258
100 400
100 769
100 260
100 283
100 84
100 162
100 550
100 121
100 140
100 850
100 396
100 21
100 278
100 82
100 271
100 141
100 462
100 1085
100 275
100 239
100 84
100 570
100 1170
100 6
100 1409
100 1499
100 1013
100 196
100 750
100 317
100 1163
100 479
100 146
100 391
100 201
100 96
100 11
100 282
100 858
100 287
100 1148
100 466
100 25
100 882
100 746
100 268
100 422
100 168
100 2462
100 115
100 310
100 62
100 621
100 90
100 836
100 237
100 196
100 103
100 817
100 208
100 126
100 62
100 949
100 59
100 17
100 680
100 1256
100 92
100 34
100 370
100 152
100 848
100 669
100 925
100 20
100 725
100 1047
100 115
100 170
100 1479
100 1632
100 185
100 169
100 888
100 332
100 713
100 263
100 198
100 53
100 1012
100 181
100 321
100 943
100 369
100 611
100 964
100 420
100 2
100 2
100 911
100 394
100 614
100 636
100 120
100 403
100 475
100 938
100 49
100 194
100 56
100 737
100 165
100 2351
100 145
100 552
100 275
100 1031
100 19
100 165
100 110
100 1138
100 90
100 229
100 202
100 133
100 29
100 23
100 499
100 404
100 645
100 686
100 395
100 85
100 520
100 461
100 235
100 12
100 944
100 497
100 262
100 396
100 840
100 1150
100 315
100 90
100 1142
100 93
100 302
100 760
100 457
100 43
100 187
100 99
100 819
100 22
100 230
100 235
100 1003
100 63
100 95
100 66
100 2
100 508
100 199
100 31
100 1461
100 1563
100 1366
100 103
100 545
100 379
100 264
100 195
100 918
100 20
100 381
100 490
100 241
100 781
100 1024
100 350
100 310
100 342
100 277
100 395
100 1037
100 331
100 296
100 1
100 768
100 160
100 233
100 82
100 342
100 479
100 119
100 282
100 289
100 60
100 69
100 1435
100 15
100 805
100 626
100 1265
100 644
100 492
100 90
100 44
100 796
100 107
100 950
100 374
100 310
100 99
100 1280
100 374
100 1119
100 337
100 1622
100 406
100 155
100 135
100 265
100 90
100 987
100 1516
100 136
100 35
100 901
100 257
100 1154
100 1446
100 9
100 97
100 80
100 853
100 155
100 395
100 1846
100 470
100 409
100 182
100 698
100 222
100 42
100 386
100 135
100 653
100 610
100 3079
100 390
100 456
100 271
100 122
100 672
100 394
100 82
100 1342
100 307
100 242
100 399
100 1241
100 147
100 181
100 1213
100 776
100 248
100 45
100 459
100 1514
100 40
100 409
100 837
100 443
100 268
100 96
100 623
100 459
100 62
100 443
100 64
100 1335
100 8
100 366
100 1163
100 656
100 144
100 128
100 16
100 1149
100 386
100 9
100 167
100 393
100 336
100 263
100 322
100 293
100 61
100 1737
100 555
100 978
100 1248
100 429
100 216
100 429
100 548
100 59
100 814
100 123
100 27
100 263
100 1403
100 838
100 204
100 1
100 476
100 401
100 1676
100 143
100 231
100 181
100 43
100 0
100 323
100 846
100 281
100 129
100 150
100 108
100 280
100 477
100 333
100 56
100 568
100 26
100 553
100 699
100 138
100 734
100 17
100 278
100 472
100 2425
100 172
100 251
100 443
100 783
100 288
100 135
100 669
100 168
100 718
100 625
100 70
100 31
100 1405
100 5
100 340
100 209
100 396
100 687
100 22
100 1230
100 87
100 4
100 1117
100 150
100 1599
100 29
100 513
100 175
100 13
100 39
100 245
100 138
100 1270
100 849
100 303
100 767
100 56
100 55
100 19
100 218
100 736
100 83
100 278
100 1205
100 840
100 1612
100 1169
100 320
100 192
100 119
100 213
100 695
100 1540
100 594
100 1104
100 605
100 55
100 1369
100 478
100 1253
100 603
100 1573
100 41
100 45
100 129
100 1550
100 833
100 133
100 66
100 443
100 2013
100 48
100 98
100 761
100 70
100 89
100 379
100 605
100 1032
100 272
100 289
100 45
100 8
100 299
100 352
100 139
100 1213
100 9
100 470
100 20
100 424
100 106
100 504
100 659
100 355
100 116
100 44
100 429
100 683
100 113
100 149
100 889
100 28
100 800
100 1172
100 565
100 8
100 3892
100 80
100 67
100 304
100 242
100 4
100 237
100 104
100 256
100 156
100 847
100 11
100 214
100 1035
100 970
100 194
100 1229
100 2364
100 1232
100 129
100 1033
100 633
100 174
100 364
100 97
100 512
100 143
100 313
100 271
100 16
100 12
100 0
100 879
100 453
100 386
100 607
100 155
100 740
100 180
100 79
100 367
100 574
100 537
100 832
100 161
100 52
100 414
100 155
100 528
100 164
100 290
100 434
100 24
100 1798
100 570
100 562
100 405
100 655
100 428
100 974
100 523
100 91
100 459
100 182
100 57
100 457
100 21
100 159
100 2054
100 545
100 175
100 932
100 826
100 193
100 679
100 577
100 229
100 50
100 230
100 79
100 62
100 596
100 1817
100 1070
100 781
100 396
100 5
100 1155
100 540
100 339
100 713
100 178
100 1215
100 1170
100 76
100 312
100 309
100 21
100 335
100 34
100 482
100 1171
100 1144
100 1219
100 269
100 24
100 483
100 897
100 404
100 40
100 1038
100 169
100 311
100 97
100 31
100 343
100 158
100 1059
100 634
100 17
100 253
100 199
100 345
100 282
100 3518
100 25
100 403
100 132
100 603
100 174
100 1506
100 386
100 241
100 40
100 222
100 988
100 624
100 97
100 486
100 95
100 191
100 923
100 56
100 1451
100 299
100 147
100 193
100 650
100 1214
100 2051
100 45
100 914
100 1115
100 1037
100 238
100 900
100 507
100 2383
100 100
100 166
100 621
100 396
100 3
100 20
100 56
100 546
100 1091
100 137
100 1760
100 80
100 201
100 241
100 446
100 159
100 804
100 0
100 167
100 170
100 209
100 33
100 51
100 465
100 936
100 239
100 168
100 102
100 566
100 1270
100 493
100 420
100 860
100 611
100 589
100 245
100 579
100 1075
100 342
100 802
100 59
100 405
100 94
100 921
100 413
100 811
100 712
100 810
100 308
100 221
100 68
100 928
100 67
100 41
100 233
100 1077
100 1289
100 857
100 5
100 190
100 786
100 1269
100 880
100 200
100 15
100 812
100 201
100 1112
100 43
100 492
100 1384
100 558
100 331
100 1259
100 553
100 260
100 260
100 462
100 690
100 461
100 42
100 63
100 57
100 317
100 590
100 283
100 1226
100 48
100 428
100 170
100 417
100 214
100 38
100 149
100 707
100 220
100 36
100 609
100 748
100 211
100 552
100 261
100 92
100 91
100 318
100 163
100 41
100 425
100 104
100 192
100 167
100 278
100 207
100 316
100 288
100 1035
100 584
100 85
100 29
100 926
100 36
100 504
100 704
100 288
100 1088
100 328
100 113
100 5
100 68
100 115
100 21
100 913
100 81
100 587
100 814
100 458
100 271
100 1018
100 414
100 1172
100 249
100 156
100 1766
100 38
100 276
100 585
100 41
100 147
100 65
100 145
100 271
100 203
100 394
100 2464
100 31
100 343
100 1165
100 698
100 599
100 498
100 1054
100 893
100 79
100 216
100 40
100 272
100 518
100 21
100 32
100 515
100 310
100 97
100 86
100 320
100 653
100 8
100 196
100 124
100 697
100 53
100 693
100 107
100 149
100 546
100 109
100 474
100 27
100 336
100 1112
100 71
100 398
100 126
100 166
100 395
100 144
100 855
100 703
100 308
100 1021
100 66
100 558
100 17
100 98
100 72
100 945
100 1877
100 492
100 98
100 153
100 828
100 145
100 861
100 1607
100 630
100 192
100 59
100 336
100 29
100 660
100 97
100 327
100 724
100 582
100 362
100 187
100 240
100 518
100 478
100 8
100 7
100 997
100 182
100 11
100 1086
100 6
100 26
100 1949
100 1205
100 622
100 1056
100 359
100 209
100 990
100 998
100 437
100 35
100 78
100 936
100 310
100 712
100 46
100 766
100 319
100 696
100 897
100 78
100 20
100 675
100 1276
100 620
100 32
100 832
100 119
100 861
100 878
100 634
100 501
100 108
100 94
100 1004
100 583
100 441
100 348
100 314
100 449
100 24
100 382
100 156
100 1594
100 892
100 119
100 502
100 439
100 156
100 340
100 238
100 1401
100 72
100 124
100 150
100 914
100 837
100 381
100 735
100 611
100 532
100 40
100 1260
100 344
100 450
100 548
100 419
100 836
100 403
100 1158
100 1015
100 2260
100 12
100 2403
100 766
100 255
100 102
100 12
100 1130
100 46
100 192
100 228
100 572
100 502
100 1468
100 402
100 716
100 382
100 32
100 70
100 214
100 111
100 256
100 656
100 281
100 83
100 456
100 750
100 582
100 987
100 94
100 602
100 112
100 439
100 165
100 530
100 49
100 1251
100 1839
100 946
100 190
100 323
100 828
100 209
100 448
100 515
100 54
100 750
100 72
100 617
100 185
100 1626
100 17
100 222
100 278
100 295
100 390
100 394
100 373
100 1015
100 28
100 860
100 143
100 98
100 196
100 10
100 208
100 264
100 1499
100 174
100 135
100 93
100 112
100 543
100 621
100 269
100 263
100 123
100 1010
100 152
100 113
100 613
100 880
100 425
100 360
100 916
100 156
100 288
100 155
100 163
100 179
100 187
100 651
100 246
100 29
100 663
100 1224
100 67
100 75
100 27
100 74
100 187
100 524
100 817
100 84
100 1774
100 142
100 0
100 394
100 105
100 122
100 81
100 614
100 988
100 6
100 80
100 100
100 958
100 424
100 207
100 790
100 1352
100 139
100 497
100 421
100 534
100 33
100 1005
100 105
100 1175
100 1856
100 66
100 902
100 243
100 51
100 49
100 142
100 1127
100 803
100 88
100 299
100 1379
100 20
100 250
100 351
100 725
100 146
100 174
100 302
100 63
100 1340
100 1566
100 1380
100 916
100 168
100 459
100 3
100 199
100 434
100 391
100 21
100 1026
100 89
100 185
100 59
100 295
100 635
100 783
100 1225
100 645
100 809
100 296
100 304
100 512
100 448
100 15
100 914
100 237
100 270
100 696
100 355
100 438
100 547
100 416
100 371
100 832
100 163
100 69
100 74
100 39
100 564
100 1297
100 300
100 457
100 56
100 1891
100 797
100 681
100 9
100 186
100 309
100 953
100 20
100 524
100 124
100 325
100 137
100 89
100 527
100 1
100 221
100 265
100 80
100 138
100 2102
100 354
100 377
100 292
100 15
100 453
100 1603
100 232
100 208
100 5
100 715
100 1378
100 746
100 180
100 1179
100 731
100 144
100 81
100 614
100 80
100 660
100 368
100 883
100 766
100 146
100 1513
100 147
100 146
100 127
100 49
100 233
100 362
100 363
100 106
100 14
100 663
100 215
100 126
100 91
100 149
100 1339
100 548
100 2139
100 188
100 241
100 1203
100 344
100 812
100 233
100 277
100 677
100 142
100 755
100 232
100 992
100 565
100 8
100 575
100 1392
100 177
100 618
100 684
100 118
100 26
100 289
100 425
100 1
100 10
100 161
100 29
100 1469
100 281
100 129
100 854
100 393
100 577
100 60
100 76
100 1219
100 139
100 2205
100 2045
100 110
100 57
100 255
100 101
100 1085
100 89
100 465
100 668
100 485
100 956
100 380
100 40
100 570
100 2391
100 486
100 438
100 186
100 613
100 535
100 374
100 33
100 228
100 82
100 196
100 1343
100 132
100 691
100 75
100 1347
100 373
100 349
100 13
100 1077
100 1110
100 10
100 520
100 649
100 706
100 607
100 11
100 1446
100 115
100 429
100 1556
100 512
100 161
100 204
100 497
100 1015
100 164
100 535
100 1275
100 237
100 1796
100 186
100 46
100 596
100 417
100 375
100 1145
100 335
100 1132
100 617
100 239
100 55
100 1784
100 1314
100 1174
100 204
100 30
100 320
100 23
100 1195
100 135
100 73
100 190
100 857
100 125
100 70
100 204
100 746
100 132
100 541
100 431
100 631
100 494
100 7
100 540
100 631
100 2156
100 296
100 173
100 1242
100 91
100 1036
100 30
100 65
100 256
100 1617
100 300
100 939
100 59
100 281
100 2254
100 214
100 302
100 247
100 1108
100 219
100 530
100 332
100 887
100 697
100 2411
100 534
100 608
100 137
100 219
100 5
100 413
100 681
100 19
100 191
100 332
100 230
100 128
100 51
100 0
100 10
100 75
100 1026
100 9
100 532
100 2549
100 79
100 1099
100 63
100 905
100 309
100 135
100 1
100 311
100 300
100 173
100 70
100 2259
100 1024
100 683
100 552
100 818
100 1043
100 437
100 153
100 24
100 508
100 15
100 582
100 949
100 37
100 214
100 320
100 168
100 99
100 556
100 120
100 566
100 827
100 666
100 1072
100 9
100 245
100 298
100 906
100 189
100 643
100 299
100 32
100 351
100 2297
100 436
100 409
100 127
100 691
100 381
100 629
100 349
100 1491
100 24
100 148
100 964
100 643
100 847
100 218
100 92
100 618
100 71
100 88
100 905
100 45
100 57
100 632
100 211
100 430
100 132
100 115
100 119
100 1393
100 454
100 353
100 944
100 1454
100 614
100 1665
100 55
100 451
100 12
100 329
100 32
100 423
100 748
100 2264
100 187
100 277
100 1108
100 80
100 415
100 377
100 408
100 708
100 272
100 700
100 72
100 60
100 300
100 1482
100 757
100 29
100 618
100 102
100 47
100 1429
100 498
100 258
100 151
100 205
100 876
100 88
100 262
100 806
100 408
100 150
100 377
100 11
100 574
100 310
100 116
100 32
100 644
100 865
100 1789
100 78
100 405
100 821
100 2694
100 287
100 705
100 248
100 16
100 638
100 196
100 454
100 625
100 233
100 783
100 933
100 140
100 2
100 650
100 103
100 223
100 662
100 206
100 815
100 551
100 9
100 157
100 212
100 99
100 92
100 428
100 122
100 916
100 204
100 35
100 234
100 612
100 1049
100 201
100 220
100 1604
100 186
100 14
100 35
100 524
100 164
100 211
100 154
100 109
100 231
100 1173
100 519
100 516
100 31
100 180
100 69
100 251
100 2030
100 103
100 392
100 199
100 1062
100 386
100 1273
100 115
100 677
100 251
100 79
100 501
100 640
100 99
100 1227
100 716
100 51
100 664
100 981
100 89
100 864
100 560
100 208
100 347
100 74
100 227
100 632
100 1147
100 613
100 128
100 660
100 217
100 1630
100 341
100 262
100 125
100 797
100 48
100 141
100 332
100 492
100 318
100 93
100 721
100 1015
100 668
100 77
100 75
100 608
100 368
100 526
100 722
100 1242
100 268
100 297
100 93
100 437
100 345
100 2318
100 917
100 94
100 449
100 1288
100 963
100 558
100 238
100 1113
100 544
100 1937
100 186
100 998
100 12
100 578
100 96
100 253
100 358
100 1522
100 615
100 1071
100 85
100 846
100 314
100 798
100 1536
100 367
100 17
100 331
100 618
100 41
100 254
100 1627
100 906
100 151
100 32
100 624
100 213
100 923
100 125
100 483
100 325
100 1513
100 497
100 638
100 1967
100 269
100 262
100 303
100 44
100 322
100 672
100 15
100 30
100 278
100 459
100 134
100 604
100 374
100 79
100 291
100 193
100 152
100 437
100 768
100 109
100 23
100 628
100 169
100 105
100 1358
100 2226
100 21
100 399
100 237
100 953
100 96
100 563
100 79
100 1635
100 608
100 294
100 488
100 180
100 1044
100 925
100 205
100 473
100 1835
100 217
100 21
100 1032
100 664
100 56
100 275
100 328
100 1019
100 423
100 61
100 896
100 1277
100 118
100 366
100 628
100 1226
100 121
100 203
100 207
100 1920
100 2923
100 12
100 607
100 349
100 405
100 1186
100 1656
100 357
100 1651
100 86
100 17
100 1554
100 547
100 689
100 148
100 620
100 1396
100 107
100 140
100 1479
100 283
100 1119
100 1367
100 177
100 724
100 400
100 188
100 247
100 143
100 21
100 253
100 245
100 106
100 129
100 495
100 210
100 222
100 1387
100 1012
100 739
100 470
100 366
100 240
100 126
100 1598
100 235
100 916
100 1200
100 322
100 151
100 669
100 118
100 92
100 315
100 497
100 273
100 390
100 525
100 311
100 715
100 992
100 131
100 316
100 576
100 974
100 192
100 181
100 39
100 653
100 745
100 511
100 573
100 116
100 156
100 193
100 355
100 863
100 576
100 453
100 331
100 2496
100 982
100 679
100 251
100 41
100 875
100 7
100 152
100 116
100 723
100 194
100 330
100 18
100 1611
100 72
100 309
100 315
100 109
100 184
100 1726
100 62
100 86
100 204
100 131
100 295
100 1384
100 423
100 601
100 369
100 1533
100 878
100 56
100 76
100 309
100 170
100 243
100 1861
100 70
100 205
100 336
100 662
100 1475
100 66
100 62
100 1289
100 69
100 1009
100 68
100 94
100 176
100 52
100 29
100 495
100 697
100 1432
100 814
100 67
100 144
100 48
100 178
100 192
100 157
100 558
100 522
100 191
100 68
100 1381
100 31
100 1297
100 88
100 801
100 121
100 572
100 1301
100 551
100 513
100 706
100 54
100 96
100 321
100 338
100 55
100 625
100 684
100 265
100 202
100 201
100 1036
100 829
100 1381
100 133
100 1022
100 734
100 131
100 475
100 65
100 1377
100 1986
100 796
100 23
100 480
100 2296
100 133
100 682
100 411
100 118
100 217
100 194
100 310
100 369
100 80
100 163
100 11
100 68
100 411
100 114
100 349
100 376
100 1166
100 58
100 691
100 27
100 215
100 1052
100 198
100 719
100 1506
100 149
100 242
100 239
100 145
100 219
100 164
100 1248
100 988
100 998
100 884
100 117
100 2197
100 242
100 10
100 293
100 135
100 1150
100 33
100 862
100 778
100 3843
100 118
100 471
100 1271
100 191
100 36
100 168
100 219
100 50
100 1183
100 1032
100 95
100 92
100 995
100 249
100 1088
100 127
100 142
100 603
100 701
100 507
100 284
100 527
100 169
100 2326
100 324
100 559
100 921
100 30
100 27
100 184
100 1293
100 33
100 409
100 1026
100 22
100 694
100 379
100 250
100 77
100 670
100 957
100 111
100 439
100 622
100 1511
100 396
100 72
100 749
100 2301
100 157
100 241
100 102
100 440
100 1707
100 258
100 416
100 1101
100 112
100 100
100 86
100 21
100 499
100 14
100 381
100 40
100 576
100 173
100 377
100 545
100 109
100 549
100 140
100 25
100 553
100 691
100 603
100 102
100 341
100 97
100 101
100 251
100 39
100 307
100 62
100 143
100 105
100 584
100 38
100 17
100 1028
100 272
100 255
100 750
100 424
100 928
100 237
100 224
100 1103
100 32
100 581
100 128
100 388
100 160
100 1
100 439
100 1401
100 755
100 37
100 157
100 573
100 115
100 206
100 29
100 471
100 1203
100 232
100 845
100 290
100 1487
100 57
100 99
100 117
100 1820
100 873
100 273
100 163
100 74
100 374
100 70
100 38
100 879
100 361
100 37
100 810
100 142
100 538
100 823
100 1320
100 0
100 658
100 249
100 328
100 238
100 52
100 278
100 1250
100 378
100 1040
100 835
100 450
100 174
100 94
100 1126
100 32
100 620
100 386
100 439
100 271
100 413
100 768
100 21
100 59
100 529
100 565
100 300
100 141
100 24
100 299
100 528
100 171
100 147
100 139
100 450
100 355
100 143
100 7
100 260
100 48
100 394
100 48
100 653
100 167
100 673
100 2698
100 255
100 69
100 125
100 240
100 164
100 443
100 465
100 243
100 53
100 124
100 102
100 74
100 58
100 568
100 83
100 1115
100 1102
100 173
100 682
100 441
100 5366
100 138
100 442
100 96
100 384
100 788
100 17
100 598
100 638
100 304
100 152
100 563
100 20
100 693
100 166
100 723
100 419
100 101
100 1098
100 176
100 540
100 371
100 693
100 9
100 86
100 210
100 1668
100 1563
100 947
100 192
100 1242
100 821
100 465
100 1016
100 1689
100 538
100 107
100 503
100 492
100 360
100 7
100 322
100 904
100 454
100 482
100 599
100 56
100 82
100 118
100 633
100 2017
100 855
100 593
100 183
100 622
100 1536
100 610
100 129
100 591
100 544
100 376
100 10
100 43
100 303
100 143
100 771
100 278
100 487
100 777
100 175
100 805
100 362
100 153
100 371
100 734
100 220
100 504
100 133
100 367
100 495
100 272
100 901
100 137
100 306
100 29
100 201
100 220
100 529
100 59
100 677
100 73
100 181
100 67
100 307
100 817
100 978
100 63
100 192
100 85
100 539
100 545
100 685
100 120
100 5
100 130
100 602
100 295
100 95
100 259
100 466
100 148
100 181
100 56
100 425
100 724
100 15
100 402
100 101
100 721
100 482
100 736
100 149
100 362
100 545
100 335
100 696
100 775
100 479
100 410
100 199
100 792
100 30
100 438
100 97
100 156
100 347
100 125
100 413
100 1341
100 180
100 470
100 458
100 413
100 137
100 886
100 30
100 1359
100 2327
100 343
100 291
100 2013
100 521
100 129
100 272
100 12
100 123
100 142
100 620
100 186
100 73
100 2780
100 316
100 626
100 88
100 153
100 347
100 1442
100 691
100 379
100 157
100 589
100 305
100 822
100 198
100 261
100 50
100 142
100 933
100 328
100 86
100 848
100 452
100 1187
100 375
100 213
100 723
100 8
100 1501
100 359
100 568
100 210
100 316
100 970
100 675
100 87
100 1385
100 209
100 579
100 315
100 769
100 274
100 54
100 424
100 258
100 467
100 1438
100 498
100 1273
100 1148
100 842
100 369
100 410
100 216
100 1108
100 583
100 379
100 457
100 27
100 1355
100 626
100 227
100 341
100 647
100 579
100 565
100 959
100 1567
100 8
100 242
100 82
100 434
100 1
100 703
100 375
100 271
100 40
100 21
100 63
100 45
100 1005
100 31
100 13
100 141
100 191
100 270
100 161
100 2458
100 1096
100 349
100 196
100 94
100 504
100 405
100 1133
100 1559
100 136
100 735
100 350
100 619
100 322
100 411
100 84
100 506
100 818
100 446
100 322
100 333
100 169
100 292
100 56
100 4
100 636
100 825
100 248
100 254
100 273
100 228
100 975
100 282
100 88
100 238
100 135
100 306
100 554
100 1715
100 701
100 150
100 33
100 496
100 439
100 851
100 213
100 1092
100 35
100 208
100 42
100 134
100 365
100 2338
100 3514
100 428
100 172
100 425
100 493
100 842
100 855
100 464
100 785
100 35
100 889
100 765
100 239
100 602
100 525
100 111
100 49
100 420
100 1032
100 146
100 364
100 70
100 2694
100 194
100 1166
100 502
100 1005
100 417
100 132
100 270
100 160
100 110
100 233
100 203
100 125
100 299
100 928
100 323
100 28
100 169
100 340
100 152
100 218
100 55
100 427
100 417
100 141
100 162
100 1211
100 1626
100 50
100 361
100 1074
100 449
100 545
100 1053
100 1146
100 349
100 233
100 868
100 1162
100 44
100 47
100 353
100 174
100 142
100 1219
100 896
100 134
100 233
100 375
100 12
100 293
100 57
100 349
100 144
100 281
100 271
100 21
100 815
100 115
100 252
100 79
100 1399
100 2036
100 1268
100 88
100 823
100 224
100 330
100 512
100 1067
100 485
100 191
100 612
100 676
100 220
100 374
100 436
100 78
100 239
100 1148
100 429
100 191
100 1218
100 727
100 699
100 1050
100 88
100 285
100 222
100 600
100 501
100 585
100 121
100 270
100 22
100 40
100 405
100 821
100 162
100 310
100 103
100 7
100 205
100 3861
100 349
100 363
100 120
100 516
100 948
100 361
100 647
100 5
100 927
100 713
100 62
100 871
100 284
100 227
100 290
100 266
100 381
100 760
100 372
100 881
100 236
100 17
100 1154
100 169
100 201
100 531
100 22
100 813
100 953
100 67
100 107
100 376
100 617
100 1059
100 106
100 691
100 438
100 531
100 838
100 612
100 187
100 377
100 369
100 163
100 795
100 1912
100 217
100 145
100 1324
100 292
100 667
100 397
100 35
100 710
100 81
100 1193
100 303
100 12
100 1245
100 1304
100 990
100 494
100 336
100 232
100 833
100 408
100 226
100 326
100 281
100 174
100 360
100 1052
100 1227
100 199
100 36
100 146
100 264
100 364
100 283
100 406
100 255
100 301
100 644
100 270
100 313
100 398
100 1225
100 938
100 67
100 93
100 304
100 815
100 144
100 123
100 496
100 59
100 71
100 1647
100 1168
100 1060
100 59
100 104
100 754
100 57
100 23
100 118
100 124
100 1411
100 657
100 173
100 116
100 196
100 333
100 818
100 105
100 704
100 124
100 700
100 616
100 562
100 1182
100 16
100 57
100 1080
100 213
100 201
100 170
100 328
100 618
100 164
100 49
100 282
100 2416
100 1058
100 223
100 170
100 121
100 196
100 496
100 148
100 920
100 152
100 88
100 1235
100 3815
100 353
100 50
100 128
100 213
100 80
100 72
100 37
100 451
100 385
100 152
100 356
100 307
100 186
100 2084
100 328
100 727
100 611
100 154
100 813
100 325
100 1112
100 109
100 193
100 304
100 374
100 456
100 83
100 2211
100 341
100 47
100 299
100 375
100 323
100 368
100 403
100 35
100 564
100 272
100 240
100 43
100 924
100 530
100 88
100 602
100 731
100 539
100 185
100 31
100 720
100 348
100 172
100 235
100 234
100 514
100 270
100 1
100 839
100 15
100 994
100 928
100 732
100 318
100 435
100 375
100 64
100 390
100 272
100 817
100 264
100 47
100 1950
100 493
100 745
100 212
100 117
100 1249
100 126
100 9
100 677
100 286
100 0
100 131
100 763
100 30
100 33
100 152
100 196
100 520
100 24
100 0
100 201
100 30
100 867
100 1131
100 150
100 19
100 95
100 850
100 181
100 1699
100 436
100 1236
100 40
100 418
100 408
100 101
100 142
100 270
100 192
100 476
100 417
100 1519
100 1029
100 526
100 17
100 941
100 320
100 488
100 1901
100 131
100 175
100 360
100 99
100 59
100 147
100 70
100 169
100 235
100 98
100 10
100 485
100 2
100 111
100 43
100 180
100 816
100 464
100 1166
100 451
100 586
100 1628
100 23
100 361
100 1422
100 118
100 34
100 249
100 745
100 637
100 161
100 881
100 454
100 23
100 229
100 3846
100 853
100 1201
100 107
100 391
100 645
100 511
100 36
100 668
100 154
100 83
100 148
100 197
100 783
100 823
100 522
100 194
100 30
100 133
100 1310
100 247
100 106
100 89
100 1433
100 107
100 77
100 562
100 695
100 478
100 1347
100 823
100 8
100 93
100 210
100 58
100 235
100 62
100 393
100 965
100 164
100 619
100 1059
100 383
100 1605
100 1482
100 206
100 550
100 358
100 287
100 142
100 245
100 672
100 319
100 45
100 984
100 470
100 220
100 585
100 559
100 14
100 737
100 606
100 383
100 440
100 232
100 679
100 21
100 310
100 210
100 795
100 194
100 74
100 147
100 879
100 120
100 753
100 1534
100 750
100 1809
100 412
100 706
100 497
100 220
100 818
100 545
100 1850
100 961
100 74
100 180
100 486
100 87
100 903
100 2299
100 1653
100 159
100 1005
100 81
100 70
100 1298
100 595
100 17
100 71
100 34
100 463
100 146
100 278
100 125
100 294
100 386
100 590
100 464
100 348
100 1686
100 73
100 4
100 199
100 99
100 292
100 3
100 98
100 805
100 500
100 626
100 191
100 229
100 59
100 211
100 37
100 579
100 169
100 404
100 204
100 745
100 90
100 29
100 842
100 1355
100 196
100 518
100 107
100 974
100 627
100 853
100 663
100 362
100 1177
100 947
100 75
100 385
100 491
100 617
100 235
100 226
100 250
100 1007
100 170
100 185
100 298
100 505
100 180
100 279
100 229
100 191
100 35
100 49
100 284
100 352
100 905
100 47
100 38
100 225
100 85
100 160
100 1015
100 20
100 460
100 302
100 218
100 359
100 515
100 439
100 47
100 336
100 286
100 252
100 656
100 75
100 1126
100 348
100 421
100 246
100 56
100 240
100 135
100 476
100 23
100 302
100 602
100 17
100 48
100 412
100 21
100 1019
100 551
100 216
100 669
100 244
100 354
100 523
100 202
100 574
100 636
100 775
100 537
100 379
100 38
100 945
100 1365
100 1309
100 239
100 31
100 1358
100 108
100 1044
100 298
100 1648
100 1079
100 261
100 519
100 156
100 88
100 211
100 330
100 231
100 210
100 308
100 329
100 96
100 1142
100 86
100 833
100 802
100 744
100 74
100 563
100 335
100 563
100 271
100 555
100 748
100 41
100 244
100 258
100 473
100 987
100 440
100 110
100 351
100 41
100 701
100 17
100 279
100 639
100 110
100 1838
100 212
100 1127
100 246
100 571
100 699
100 296
100 352
100 464
100 1116
100 237
100 70
100 1220
100 67
100 730
100 759
100 174
100 240
100 181
100 753
100 1305
100 354
100 9
100 562
100 186
100 928
100 19
100 198
100 97
100 46
100 189
100 701
100 80
100 266
100 218
100 97
100 1758
100 141
100 89
100 44
100 1534
100 589
100 61
100 1301
100 29
100 838
100 4
100 136
100 513
100 255
100 816
100 240
100 744
100 1073
100 810
100 196
100 110
100 2308
100 916
100 258
100 101
100 86
100 375
100 189
100 686
100 106
100 1280
100 2636
100 353
100 1238
100 130
100 24
100 259
100 366
100 401
100 327
100 122
100 623
100 412
100 20
100 258
100 2
100 2344
100 1235
100 147
100 768
100 1242
100 1547
100 425
100 173
100 728
100 291
100 860
100 133
100 694
100 258
100 1028
100 1907
100 748
100 1678
100 276
100 594
100 287
100 394
100 169
100 268
100 335
100 294
100 94
100 149
100 349
100 146
100 566
100 528
100 29
100 749
100 499
100 612
100 473
100 597
100 894
100 727
100 36
100 108
100 230
100 849
100 45
100 558
100 80
100 63
100 259
100 67
100 373
100 91
100 1882
100 721
100 1260
100 680
100 120
100 224
100 62
100 57
100 179
100 1208
100 2129
100 411
100 45
100 559
100 414
100 273
100 71
100 108
100 202
100 445
100 253
100 701
100 287
100 574
100 663
100 151
100 1387
100 414
100 603
100 424
100 1123
100 509
100 1022
100 439
100 1112
100 52
100 20
100 529
100 356
100 957
100 461
100 140
100 269
100 269
100 417
100 1676
100 1208
100 569
100 70
100 69
100 290
100 386
100 261
100 67
100 218
100 1760
100 265
100 34
100 644
100 327
100 624
100 50
100 526
100 356
100 308
100 478
100 213
100 91
100 152
100 309
100 343
100 336
100 681
100 757
100 1182
100 382
100 66
100 500
100 96
100 1380
100 299
100 1157
100 299
100 1997
100 46
100 330
100 15
100 97
100 429
100 125
100 525
100 136
100 308
100 1930
100 147
100 695
100 496
100 311
100 91
100 813
100 84
100 95
100 174
100 267
100 370
100 1011
100 1862
100 46
100 1493
100 335
100 1067
100 64
100 682
100 3
100 5
100 146
100 84
100 242
100 1757
100 1403
100 854
100 726
100 5
100 1088
100 378
100 1445
100 1024
100 415
100 890
100 570
100 2316
100 681
100 454
100 201
100 186
100 301
100 83
100 262
100 952
100 2104
100 1105
100 88
100 174
100 219
100 223
100 28
100 539
100 158
100 149
100 98
100 131
100 155
100 136
100 529
100 104
100 4
100 13
100 1
100 1680
100 532
100 24
100 1043
100 880
100 142
100 334
100 373
100 1755
100 348
100 538
100 1225
100 111
100 605
100 98
100 130
100 53
100 1313
100 55
100 516
100 488
100 1052
100 252
100 494
100 72
100 1435
100 448
100 200
100 1888
100 96
100 1399
100 674
100 26
100 18
100 31
100 399
100 64
100 1278
100 123
100 515
100 777
100 8
100 330
100 1079
100 180
100 265
100 763
100 380
100 1406
100 1062
100 874
100 43
100 683
100 474
100 566
100 197
100 186
100 272
100 608
100 135
100 112
100 92
100 265
100 461
100 1100
100 470
100 722
100 221
100 191
100 1137
100 325
100 238
100 35
100 268
100 492
100 78
100 1260
100 476
100 403
100 1276
100 648
100 331
100 236
100 527
100 601
100 1039
100 227
100 32
100 124
100 367
100 1092
100 167
100 257
100 1198
100 271
100 39
100 318
100 324
100 457
100 473
100 929
100 114
100 274
100 722
100 203
100 161
100 275
100 165
100 347
100 233
100 96
100 2378
100 303
100 252
100 205
100 140
100 704
100 388
100 482
100 6
100 654
100 270
100 256
100 255
100 530
100 569
100 950
100 208
100 312
100 518
100 130
100 183
100 348
100 1271
100 558
100 444
100 598
100 446
100 350
100 11
100 492
100 1083
100 2
100 1033
100 2803
100 1
100 131
100 173
100 166
100 77
100 141
100 886
100 244
100 31
100 651
100 363
100 455
100 617
100 200
100 608
100 397
100 11
100 474
100 353
100 628
100 116
100 545
100 290
100 98
100 80
100 153
100 483
100 568
100 69
100 867
100 300
100 77
100 96
100 440
100 136
100 110
100 611
100 124
100 19
100 491
100 390
100 69
100 1963
100 128
100 1429
100 511
100 118
100 102
100 20
100 263
100 518
100 850
100 888
100 986
100 20
100 144
100 495
100 23
100 110
100 680
100 1125
100 739
100 1481
100 738
100 68
100 1293
100 1134
100 264
100 8
100 442
100 91
100 165
100 301
100 343
100 3899
100 1690
100 160
100 37
100 98
100 322
100 1
100 0
100 438
100 748
100 197
100 351
100 1685
100 1766
100 325
100 1404
100 565
100 201
100 197
100 232
100 531
100 1164
100 250
100 78
100 954
100 547
100 153
100 727
100 1097
100 25
100 384
100 217
100 253
100 830
100 28
100 136
100 751
100 293
100 119
100 432
100 72
100 225
100 555
100 365
100 1262
100 521
100 1939
100 205
100 313
100 404
100 169
100 406
100 218
100 32
100 72
100 4
100 316
100 892
100 45
100 50
100 486
100 217
100 106
100 148
100 1763
100 137
100 518
100 586
100 2045
100 46
100 741
100 79
100 504
100 932
100 1021
100 130
100 539
100 321
100 139
100 888
100 249
100 128
100 144
100 76
100 213
100 462
100 156
100 6
100 1142
100 245
100 601
100 667
100 156
100 168
100 3
100 162
100 29
100 371
100 459
100 504
100 630
100 944
100 367
100 741
100 619
100 5
100 118
100 16
100 8
100 243
100 248
100 898
100 211
100 244
100 66
100 304
100 105
100 1186
100 500
100 870
100 98
100 23
100 853
100 193
100 24
100 338
100 1020
100 915
100 109
100 871
100 47
100 552
100 1524
100 1329
100 27
100 144
100 432
100 33
100 127
100 1263
100 802
100 57
100 324
100 558
100 858
100 188
100 1339
100 45
100 20
100 209
100 9
100 477
100 1484
100 80
100 484
100 1363
100 290
100 476
100 34
100 255
100 689
100 615
100 664
100 256
100 237
100 194
100 586
100 118
100 373
100 89
100 387
100 478
100 648
100 1517
100 331
100 115
100 138
100 63
100 684
100 505
100 228
100 449
100 132
100 752
100 117
100 634
100 433
100 122
100 76
100 960
100 683
100 1073
100 102
100 1285
100 187
100 633
100 1748
100 86
100 20
100 1052
100 218
100 6
100 1068
100 391
100 508
100 836
100 196
100 764
100 763
100 459
100 136
100 450
100 508
100 972
100 438
100 394
100 438
100 1309
100 249
100 258
100 596
100 325
100 37
100 260
100 729
100 198
100 530
100 1674
100 594
100 1420
100 309
100 366
100 9
100 25
100 14
100 18
100 518
100 573
100 114
100 148
100 36
100 466
100 931
100 324
100 214
100 530
100 33
100 1252
100 699
100 440
100 380
100 443
100 723
100 72
100 1105
100 656
100 618
100 853
100 921
100 33
100 410
100 1169
100 195
100 733
100 605
100 992
100 786
100 53
100 454
100 19
100 159
100 44
100 547
100 146
100 589
100 423
100 371
100 78
100 290
100 1145
100 127
100 241
100 483
100 767
100 332
100 340
100 113
100 1463
100 1072
100 233
100 18
100 730
100 29
100 600
100 111
100 1182
100 976
100 492
100 14
100 196
100 221
100 27
100 193
100 84
100 44
100 342
100 1745
100 150
100 97
100 272
100 798
100 247
100 283
100 332
100 300
100 645
100 784
100 279
100 375
100 586
100 160
100 1908
100 490
100 1312
100 173
100 6
100 304
100 185
100 2533
100 1197
100 359
100 64
100 585
100 72
100 387
100 239
100 444
100 841
100 387
100 2052
100 3
100 797
100 225
100 279
100 83
100 396
100 625
100 127
100 605
100 521
100 126
100 408
100 479
100 64
100 126
100 1589
100 1462
100 586
100 3540
100 63
100 216
100 80
100 573
100 438
100 114
100 128
100 433
100 433
100 970
100 189
100 1295
100 187
100 149
100 596
100 47
100 426
100 43
100 2041
100 321
100 1316
100 362
100 43
100 445
100 850
100 1950
100 61
100 282
100 511
100 62
100 292
100 29
100 107
100 323
100 569
100 292
100 615
100 200
100 969
100 192
100 3022
100 333
100 486
100 859
100 347
100 19
100 619
100 590
100 1056
100 233
100 124
100 169
100 103
100 12
100 609
100 63
100 804
100 127
100 104
100 605
100 403
100 461
100 362
100 810
100 1007
100 440
100 1284
100 396
100 222
100 18
100 317
100 466
100 552
100 460
100 400
100 543
100 280
100 1513
100 1815
100 937
100 381
100 1326
100 24
100 585
100 157
100 826
100 44
100 8
100 113
100 256
100 116
100 1549
100 50
100 380
100 673
100 91
100 39
100 507
100 80
100 410
100 170
100 2399
100 125
100 420
100 254
100 1523
100 114
100 217
100 721
100 832
100 401
100 204
100 381
100 1220
100 613
100 310
100 988
100 181
100 194
100 85
100 3
100 261
100 612
100 269
100 29
100 629
100 371
100 164
100 498
100 134
100 366
100 333
100 298
100 331
100 47
100 33
100 179
100 419
100 1412
100 240
100 780
100 1614
100 29
100 722
100 751
100 294
100 186
100 286
100 180
100 217
100 293
100 352
100 206
100 1826
100 1041
100 234
100 663
100 280
100 69
100 86
100 1726
100 28
100 1383
100 509
100 928
100 1
100 680
100 1306
100 360
100 536
100 1460
100 297
100 261
100 386
100 355
100 865
100 503
100 690
100 4
100 181
100 465
100 200
100 809
100 93
100 193
100 245
100 768
100 96
100 129
100 118
100 2187
100 603
100 1201
100 144
100 238
100 1177
100 228
100 737
100 141
100 624
100 820
100 115
100 121
100 353
100 284
100 184
100 860
100 83
100 575
100 458
100 174
100 117
100 8
100 353
100 9
100 77
100 224
100 691
100 180
100 674
100 100
100 769
100 311
100 449
100 371
100 1361
100 170
100 685
100 15
100 255
100 348
100 1148
100 1180
100 524
100 55
100 437
100 302
100 796
100 133
100 262
100 118
100 915
100 887
100 149
100 862
100 450
100 1339
100 662
100 577
100 118
100 290
100 113
100 88
100 694
100 422
100 1157
100 1226
100 842
100 924
100 420
100 668
100 29
100 163
100 486
100 142
100 52
100 17
100 586
100 387
100 206
100 320
100 1155
100 237
100 341
100 686
100 619
100 350
100 661
100 165
100 153
100 71
100 617
100 164
100 273
100 470
100 1638
100 103
100 847
100 10
100 1359
100 222
100 48
100 145
100 969
100 165
100 194
100 97
100 1072
100 358
100 60
100 64
100 1102
100 153
100 1070
100 1206
100 5
100 174
100 130
100 19
100 352
100 2056
100 505
100 198
100 1968
100 982
100 475
100 106
100 489
100 731
100 60
100 303
100 93
100 1196
100 296
100 666
100 1
100 208
100 458
100 1922
100 213
100 166
100 510
100 147
100 196
100 1025
100 746
100 54
100 356
100 809
100 374
100 204
100 168
100 203
100 25
100 248
100 467
100 405
100 1846
100 56
100 393
100 283
100 353
100 19
100 87
100 332
100 284
100 514
100 271
100 811
100 197
100 137
100 269
100 20
100 135
100 241
100 948
100 1123
100 16
100 154
100 81
100 405
100 944
100 757
100 253
100 531
100 403
100 241
100 288
100 758
100 792
100 434
100 17
100 1287
100 302
100 11
100 382
100 446
100 169
100 47
100 990
100 236
100 12
100 978
100 281
100 84
100 222
100 200
100 90
100 367
100 403
100 166
100 150
100 159
100 411
100 546
100 57
100 166
100 345
100 1387
100 469
100 67
100 844
100 190
100 894
100 577
100 1260
100 339
100 438
100 1017
100 571
100 597
100 1254
100 769
100 95
100 232
100 452
100 403
100 361
100 93
100 138
100 644
100 272
100 263
100 2416
100 181
100 341
100 412
100 260
100 311
100 764
100 1412
100 540
100 1857
100 2393
100 964
100 115
100 366
100 357
100 150
100 261
100 515
100 454
100 357
100 652
100 156
100 372
100 1572
100 2040
100 301
100 24
100 677
100 434
100 114
100 752
100 1221
100 1237
100 814
100 313
100 259
100 242
100 18
100 73
100 59
100 1559
100 13
100 583
100 670
100 203
100 979
100 1047
100 53
100 1120
100 558
100 427
100 1394
100 982
100 857
100 2307
100 214
100 41
100 51
100 772
100 491
100 87
100 256
100 700
100 345
100 311
100 171
100 427
100 587
100 1048
100 317
100 490
100 948
100 155
100 260
100 304
100 60
100 10
100 3319
100 264
100 564
100 1161
100 141
100 91
100 305
100 1156
100 735
100 118
100 1079
100 642
100 823
100 1233
100 1031
100 960
100 355
100 54
100 170
100 5
100 1065
100 418
100 529
100 326
100 385
100 347
100 392
100 202
100 1111
100 158
100 226
100 227
100 357
100 499
100 437
100 737
100 397
100 160
100 157
100 790
100 684
100 40
100 60
100 244
100 877
100 512
100 73
100 261
100 559
100 203
100 711
100 58
100 67
100 158
100 302
100 338
100 933
100 117
100 878
100 366
100 2443
100 112
100 754
100 23
100 25
100 236
100 99
100 29
100 104
100 211
100 150
100 209
100 347
100 4
100 242
100 410
100 472
100 88
100 380
100 445
100 784
100 286
100 95
100 274
100 100
100 547
100 390
100 229
100 61
100 287
100 251
100 111
100 291
100 62
100 290
100 33
100 422
100 564
100 572
100 191
100 218
100 98
100 467
100 53
100 205
100 369
100 9
100 132
100 99
100 741
100 265
100 314
100 824
100 412
100 100
100 431
100 82
100 654
100 366
100 22
100 616
100 171
100 685
100 271
100 88
100 139
100 233
100 330
100 449
100 54
100 281
100 1315
100 75
100 372
100 927
100 157
100 827
100 147
100 205
100 773
100 504
100 126
100 1930
100 224
100 139
100 98
100 249
100 33
100 860
100 718
100 678
100 615
100 136
100 708
100 6
100 1434
100 1669
100 1834
100 385
100 291
100 223
100 156
100 426
100 291
100 443
100 84
100 286
100 156
100 2443
100 124
100 479
100 1347
100 490
100 322
100 29
100 244
100 156
100 191
100 381
100 41
100 592
100 480
100 384
100 515
100 253
100 9
100 602
100 529
100 75
100 62
100 204
100 606
100 598
100 367
100 14
100 360
100 22
100 572
100 2264
100 67
100 150
100 500
100 125
100 544
100 914
100 255
100 1457
100 314
100 240
100 2228
100 478
100 1014
100 1480
100 40
100 636
100 933
100 116
100 199
100 374
100 188
100 147
100 1472
100 458
100 391
100 380
100 90
100 381
100 202
100 397
100 859
100 90
100 760
100 211
100 342
100 147
100 1643
100 5
100 57
100 946
100 468
100 14
100 921
100 839
100 841
100 979
100 428
100 156
100 500
100 181
100 197
100 328
100 309
100 319
100 312
100 663
100 72
100 587
100 48
100 76
100 585
100 131
100 7
100 694
100 546
100 576
100 152
100 60
100 966
100 1711
100 771
100 229
100 227
100 362
100 769
100 2572
100 1114
100 181
100 90
100 538
100 204
100 391
100 634
100 525
100 458
100 291
100 66
100 433
100 260
100 121
100 247
100 521
100 890
100 770
100 752
100 393
100 775
100 1663
100 111
100 119
100 311
100 54
100 539
100 178
100 240
100 280
100 300
100 272
100 4
100 200
100 1014
100 167
100 717
100 597
100 1227
100 329
100 1118
100 100
100 668
100 100
100 377
100 165
100 535
100 659
100 418
100 593
100 885
100 224
100 329
100 771
100 358
100 326
100 61
100 24
100 437
100 844
100 2089
100 280
100 821
100 942
100 505
100 304
100 75
100 46
100 141
100 1424
100 613
100 814
100 723
100 4
100 137
100 1609
100 6
100 122
100 514
100 554
100 439
100 3
100 432
100 413
100 616
100 65
100 338
100 28
100 415
100 221
100 193
100 3895
100 1703
100 502
100 1519
100 1641
100 131
100 233
100 1927
100 383
100 1549
100 168
100 853
100 141
100 284
100 1358
100 716
100 5
100 803
100 97
100 1841
100 576
100 97
100 451
100 358
100 493
100 1457
100 23
100 23
100 123
100 219
100 55
100 257
100 96
100 819
100 573
100 1929
100 861
100 14
100 86
100 162
100 343
100 11
100 765
100 586
100 19
100 120
100 1528
100 181
100 302
100 319
100 434
100 292
100 724
100 910
100 72
100 8
100 637
100 317
100 68
100 368
100 276
100 362
100 243
100 424
100 90
100 3
100 179
100 76
100 524
100 113
100 71
100 836
100 1003
100 254
100 7
100 429
100 228
100 930
100 253
100 144
100 639
100 488
100 123
100 30
100 716
100 401
100 373
100 1108
100 455
100 224
100 613
100 1008
100 248
100 94
100 155
100 199
100 523
100 290
100 254
100 634
100 59
100 1499
100 503
100 114
100 2094
100 2449
100 166
100 23
100 249
100 353
100 38
100 189
100 135
100 132
100 487
100 115
100 184
100 886
100 2624
100 134
100 28
100 575
100 588
100 596
100 624
100 566
100 412
100 261
100 1090
100 2817
100 801
100 157
100 75
100 768
100 122
100 155
100 1771
100 55
100 396
100 586
100 642
100 221
100 482
100 650
100 119
100 4
100 554
100 146
100 195
100 1027
100 12
100 52
100 1032
100 557
100 288
100 912
100 683
100 154
100 681
100 16
100 43
100 516
100 290
100 1353
100 1859
100 1355
100 64
100 41
100 87
100 781
100 944
100 794
100 352
100 141
100 204
100 124
100 502
100 814
100 802
100 82
100 148
100 784
100 1366
100 416
100 334
100 412
100 827
100 649
100 317
100 749
100 1193
100 325
100 347
100 307
100 203
100 170
100 310
100 760
100 294
100 86
100 531
100 138
100 1380
100 364
100 1062
100 634
100 419
100 1065
100 2879
100 293
100 1176
100 231
100 956
100 69
100 96
100 703
100 743
100 199
100 305
100 71
100 639
100 178
100 447
100 1005
100 287
100 449
100 518
100 48
100 842
100 196
100 100
100 189
100 264
100 115
100 253
100 697
100 647
100 387
100 594
100 331
100 850
100 1381
100 712
100 280
100 324
100 425
100 224
100 903
100 1162
100 391
100 1408
100 63
100 1194
100 338
100 848
100 496
100 331
100 1467
100 276
100 841
100 151
100 360
100 534
100 500
100 119
100 669
100 120
100 129
100 275
100 144
100 22
100 2757
100 1751
100 40
100 324
100 1307
100 1257
100 576
100 178
100 536
100 646
100 1136
100 1093
100 826
100 91
100 272
100 82
100 31
100 168
100 408
100 1284
100 1931
100 12
100 359
100 7
100 146
100 839
100 177
100 97
100 2188
100 1978
100 571
100 462
100 528
100 362
100 1274
100 1101
100 576
100 66
100 9
100 0
100 104
100 111
100 1342
100 338
100 609
100 1052
100 109
100 376
100 552
100 838
100 18
100 19
100 177
100 402
100 26
100 1545
100 218
100 1
100 0
100 10
100 430
100 275
100 633
100 720
100 57
100 312
100 11
100 243
100 109
100 2070
100 105
100 262
100 124
100 259
100 18
100 230
100 719
100 1024
100 425
100 678
100 1299
100 626
100 1387
100 357
100 1156
100 37
100 1044
100 418
100 31
100 387
100 387
100 333
100 971
100 82
100 199
100 159
100 516
100 515
100 835
100 26
100 91
100 9
100 143
100 883
100 88
100 267
100 356
100 1736
100 771
100 819
100 755
100 1375
100 1524
100 2365
100 2468
100 96
100 207
100 552
100 346
100 340
100 1614
100 555
100 576
100 469
100 2527
100 0
100 1150
100 493
100 150
100 443
100 24
100 316
100 281
100 557
100 292
100 108
100 431
100 425
100 1080
100 14
100 671
100 406
100 57
100 198
100 86
100 747
100 906
100 86
100 2221
100 580
100 276
100 1149
100 162
100 535
100 1498
100 8
100 1307
100 639
100 506
100 491
100 142
100 311
100 1430
100 260
100 255
100 8
100 4
100 639
100 55
100 22
100 461
100 161
100 205
100 378
100 745
100 252
100 133
100 466
100 1294
100 571
100 1364
100 141
100 994
100 1629
100 89
100 414
100 17
100 0
100 429
100 300
100 624
100 515
100 1796
100 177
100 1085
100 395
100 725
100 263
100 676
100 1184
100 212
100 72
100 527
100 882
100 544
100 777
100 143
100 316
100 1066
100 290
100 735
100 600
100 618
100 279
100 353
100 690
100 241
100 358
100 117
100 664
100 157
100 35
100 84
100 1392
100 279
100 422
100 37
100 238
100 1524
100 167
100 447
100 657
100 549
100 858
100 327
100 391
100 405
100 300
100 22
100 131
100 1286
100 1250
100 400
100 171
100 237
100 1080
100 184
100 2230
100 1152
100 166
100 615
100 124
100 161
100 35
100 256
100 456
100 118
100 1429
100 193
100 498
100 241
100 334
100 209
100 329
100 578
100 135
100 80
100 409
100 486
100 353
100 997
100 780
100 770
100 1043
100 475
100 132
100 2107
100 184
100 478
100 288
100 654
100 591
100 229
100 1178
100 165
100 385
100 707
100 1414
100 33
100 563
100 34
100 77
100 688
100 1348
100 64
100 680
100 1195
100 809
100 439
100 14
100 563
100 513
100 421
100 1113
100 338
100 520
100 85
100 717
100 103
100 313
100 805
100 366
100 109
100 211
100 228
100 1005
100 692
100 1977
100 809
100 209
100 143
100 14
100 937
100 190
100 196
100 146
100 635
100 572
100 1743
100 600
100 398
100 303
100 1378
100 504
100 256
100 112
100 1411
100 405
100 279
100 435
100 690
100 476
100 97
100 536
100 7
100 1634
100 912
100 178
100 80
100 470
100 996
100 222
100 122
100 1838
100 67
100 27
100 1450
100 27
100 362
100 476
100 48
100 141
100 87
100 544
100 1291
100 222
100 138
100 16
100 315
100 225
100 139
100 95
100 256
100 28
100 144
100 293
100 121
100 1099
100 81
100 3706
100 427
100 1611
100 634
100 150
100 229
100 562
100 639
100 421
100 72
100 551
100 1857
100 18
100 12
100 532
100 1412
100 744
100 309
100 471
100 107
100 374
100 36
100 221
100 665
100 579
100 368
100 1451
100 403
100 1638
100 3749
100 412
100 106
100 356
100 257
100 239
100 62
100 565
100 193
100 33
100 1033
100 6
100 81
100 514
100 803
100 123
100 157
100 334
100 363
100 1235
100 149
100 719
100 182
100 924
100 276
100 153
100 241
100 363
100 89
100 921
100 845
100 507
100 94
100 812
100 380
100 258
100 640
100 568
100 65
100 374
100 179
100 55
100 128
100 192
100 516
100 5
100 53
100 278
100 172
100 95
100 242
100 638
100 407
100 569
100 564
100 422
100 5
100 294
100 272
100 870
100 291
100 203
100 1493
100 7
100 43
100 280
100 65
100 637
100 812
100 912
100 1789
100 413
100 82
100 128
100 989
100 1336
100 130
100 836
100 400
100 797
100 164
100 223
100 319
100 367
100 555
100 311
100 286
100 614
100 777
100 40
100 97
100 396
100 471
100 425
100 243
100 1114
100 196
100 362
100 864
100 70
100 220
100 553
100 150
100 266
100 676
100 220
100 204
100 937
100 371
100 346
100 204
100 177
100 307
100 406
100 267
100 274
100 568
100 141
100 226
100 641
100 1
100 123
100 17
100 588
100 42
100 723
100 437
100 520
100 22
100 2010
100 811
100 1646
100 1378
100 52
100 414
100 759
100 1324
100 348
100 528
100 108
100 315
100 27
100 226
100 175
100 822
100 744
100 1507
100 836
100 1584
100 747
100 957
100 341
100 2113
100 88
100 157
100 483
100 365
100 658
100 93
100 431
100 687
100 371
100 551
100 1027
100 252
100 1204
100 1842
100 107
100 1
100 29
100 445
100 103
100 271
100 287
100 213
100 490
100 156
100 643
100 224
100 112
100 314
100 239
100 166
100 1508
100 966
100 776
100 19
100 659
100 417
100 544
100 377
100 98
100 21
100 92
100 50
100 539
100 970
100 1234
100 4
100 822
100 855
100 2
100 152
100 201
100 6475
100 139
100 1033
100 67
100 741
100 385
100 201
100 133
100 5
100 1330
100 74
100 1176
100 244
100 955
100 186
100 526
100 188
100 174
100 82
100 452
100 555
100 1134
100 383
100 184
100 525
100 804
100 103
100 617
100 104
100 678
100 910
100 323
100 576
100 4
100 78
100 408
100 605
100 939
100 326
100 1393
100 1363
100 254
100 189
100 1335
100 316
100 133
100 350
100 689
100 427
100 120
100 229
100 484
100 375
100 68
100 386
100 229
100 236
100 224
100 297
100 1222
100 541
100 251
100 678
100 560
100 315
100 29
100 500
100 559
100 1359
100 54
100 327
100 157
100 391
100 680
100 1466
100 711
100 348
100 722
100 364
100 762
100 875
100 221
100 326
100 223
100 233
100 340
100 65
100 503
100 291
100 701
100 469
100 385
100 595
100 486
100 262
100 226
100 634
100 414
100 20
100 158
100 37
100 741
100 38
100 507
100 178
100 229
100 97
100 392
100 76
100 302
100 538
100 1156
100 888
100 68
100 327
100 873
100 736
100 82
100 767
100 169
100 351
100 853
100 865
100 418
100 86
100 639
100 1712
100 598
100 55
100 210
100 222
100 1565
100 36
100 435
100 247
100 389
100 816
100 142
100 445
100 139
100 246
100 173
100 420
100 19
100 917
100 374
100 33
100 636
100 445
100 74
100 117
100 387
100 424
100 85
100 113
100 366
100 2419
100 354
100 447
100 512
100 369
100 1270
100 812
100 12
100 117
100 1011
100 878
100 207
100 736
100 1205
100 205
100 319
100 89
100 1508
100 27
100 435
100 32
100 502
100 169
100 54
100 436
100 1536
100 147
100 171
100 14
100 237
100 1525
100 309
100 877
100 767
100 525
100 632
100 324
100 275
100 93
100 327
100 1422
100 331
100 374
100 580
100 525
100 130
100 297
100 643
100 226
100 674
100 226
100 693
100 187
100 332
100 443
100 300
100 65
100 320
100 407
100 107
100 56
100 33
100 618
100 256
100 28
100 1017
100 254
100 1477
100 95
100 417
100 846
100 3
100 316
100 957
100 285
100 8
100 179
100 190
100 526
100 215
100 152
100 362
100 286
100 498
100 223
100 107
100 5
100 290
100 342
100 621
100 173
100 309
100 892
100 269
100 605
100 105
100 615
100 205
100 1295
100 252
100 39
100 617
100 1045
100 823
100 472
100 250
100 218
100 14
100 68
100 396
100 201
100 205
100 298
100 36
100 644
100 1188
100 693
100 1026
100 134
100 54
100 181
100 906
100 675
100 36
100 811
100 30
100 9
100 585
100 7
100 582
100 1107
100 283
100 788
100 325
100 66
100 444
100 14
100 362
100 575
100 591
100 366
100 49
100 53
100 622
100 1229
100 71
100 111
100 353
100 235
100 230
100 996
100 205
100 532
100 14
100 124
100 378
100 313
100 411
100 88
100 124
100 1246
100 1733
100 125
100 911
100 320
100 1893
100 9
100 392
100 235
100 18
100 2301
100 42
100 108
100 1981
100 210
100 564
100 49
100 825
100 596
100 800
100 196
100 1002
100 115
100 49
100 49
100 1144
100 645
100 886
100 183
100 766
100 780
100 51
100 377
100 454
100 1244
100 717
100 723
100 342
100 163
100 174
100 969
100 49
100 1052
100 352
100 2862
100 313
100 59
100 225
100 812
100 1045
100 94
100 476
100 758
100 432
100 1207
100 1022
100 71
100 665
100 24
100 73
100 340
100 324
100 1227
100 111
100 281
100 325
100 55
100 465
100 177
100 786
100 68
100 98
100 54
100 734
100 92
100 8
100 1157
100 266
100 679
100 169
100 1307
100 203
100 399
100 19
100 1223
100 1301
100 768
100 10
100 265
100 168
100 1096
100 454
100 187
100 262
100 822
100 36
100 28
100 352
100 231
100 653
100 621
100 96
100 889
100 778
100 62
100 182
100 238
100 478
100 51
100 80
100 1228
100 634
100 2023
100 331
100 37
100 438
100 220
100 176
100 97
100 86
100 1014
100 200
100 7
100 8
100 608
100 1151
100 502
100 367
100 208
100 55
100 90
100 1572
100 330
100 616
100 788
100 274
100 1273
100 245
100 24
100 212
100 392
100 373
100 370
100 157
100 4
100 728
100 239
100 1069
100 488
100 448
100 976
100 357
100 919
100 2031
100 873
100 327
100 933
100 97
100 700
100 152
100 168
100 117
100 328
100 604
100 336
100 109
100 201
100 6
100 1204
100 130
100 474
100 190
100 711
100 1
100 61
100 439
100 803
100 416
100 126
100 109
100 493
100 193
100 146
100 574
100 148
100 12
100 213
100 755
100 166
100 344
100 380
100 301
100 223
100 275
100 6
100 42
100 281
100 644
100 280
100 226
100 34
100 221
100 162
100 1251
100 755
100 1139
100 90
100 48
100 86
100 622
100 493
100 166
100 983
100 365
100 228
100 760
100 928
100 279
100 507
100 15
100 281
100 2353
100 116
100 338
100 124
100 276
100 549
100 78
100 1700
100 355
100 140
100 562
100 705
100 132
100 281
100 70
100 47
100 430
100 292
100 19
100 1670
100 8
100 208
100 849
100 182
100 105
100 477
100 374
100 584
100 400
100 27
100 652
100 735
100 430
100 720
100 1108
100 15
100 420
100 56
100 174
100 1295
100 312
100 166
100 228
100 230
100 30
100 660
100 227
100 101
100 395
100 25
100 88
100 39
100 45
100 277
100 37
100 419
100 159
100 352
100 312
100 452
100 7
100 931
100 1388
100 307
100 162
100 1129
100 181
100 208
100 147
100 102
100 2776
100 180
100 215
100 238
100 197
100 314
100 66
100 14
100 678
100 4
100 0
100 102
100 6
100 351
100 583
100 195
100 277
100 108
100 578
100 457
100 307
100 55
100 888
100 717
100 589
100 652
100 58
100 750
100 782
100 922
100 55
100 43
100 204
100 256
100 3
100 83
100 930
100 190
100 1047
100 662
100 112
100 338
100 94
100 1036
100 642
100 649
100 57
100 386
100 506
100 174
100 108
100 811
100 231
100 343
100 1214
100 188
100 504
100 76
100 2069
100 224
100 685
100 206
100 1349
100 206
100 1441
100 295
100 245
100 87
100 266
100 955
100 61
100 366
100 29
100 196
100 517
100 49
100 164
100 292
100 50
100 378
100 10
100 268
100 1561
100 56
100 78
100 1016
100 101
100 523
100 289
100 470
100 325
100 252
100 909
100 987
100 518
100 912
100 1614
100 98
100 293
100 118
100 51
100 672
100 390
100 594
100 351
100 261
100 16
100 902
100 250
100 723
100 349
100 1464
100 593
100 2771
100 221
100 0
100 1191
100 354
100 477
100 661
100 53
100 71
100 755
100 1386
100 144
100 55
100 214
100 37
100 34
100 266
100 801
100 54
100 425
100 319
100 274
100 162
100 1972
100 1310
100 335
100 408
100 1033
100 653
100 14
100 250
100 224
100 842
100 1390
100 223
100 27
100 349
100 981
100 549
100 267
100 921
100 959
100 456
100 852
100 94
100 156
100 1027
100 347
100 702
100 214
100 154
100 219
100 263
100 108
100 429
100 684
100 1791
100 653
100 454
100 150
100 114
100 1880
100 369
100 807
100 307
100 818
100 24
100 561
100 132
100 675
100 497
100 1101
100 520
100 322
100 187
100 30
100 1010
100 2440
100 261
100 238
100 137
100 321
100 380
100 711
100 143
100 499
100 929
100 357
100 259
100 595
100 168
100 53
100 219
100 232
100 1246
100 298
100 565
100 498
100 217
100 497
100 81
100 357
100 528
100 303
100 470
100 295
100 1983
100 11
100 339
100 73
100 128
100 1020
100 45
100 523
100 593
100 466
100 1024
100 142
100 756
100 1219
100 131
100 28
100 247
100 337
100 636
100 101
100 322
100 1008
100 214
100 370
100 1369
100 702
100 333
100 337
100 311
100 994
100 648
100 977
100 716
100 638
100 105
100 299
100 234
100 554
100 155
100 2033
100 10
100 63
100 199
100 217
100 155
100 20
100 1215
100 951
100 677
100 999
100 598
100 380
100 122
100 109
100 215
100 305
100 190
100 908
100 138
100 393
100 54
100 581
100 289
100 488
100 10
100 148
100 97
100 99
100 1262
100 320
100 23
100 116
100 1098
100 328
100 226
100 21
100 113
100 38
100 951
100 218
100 130
100 297
100 555
100 377
100 100
100 176
100 95
100 1012
100 96
100 275
100 435
100 113
100 520
100 291
100 462
100 309
100 225
100 22
100 176
100 457
100 694
100 983
100 381
100 198
100 192
100 128
100 550
100 1018
100 973
100 63
100 64
100 1208
100 1775
100 44
100 205
100 1119
100 472
100 170
100 311
100 353
100 447
100 227
100 29
100 711
100 65
100 955
100 584
100 239
100 1456
100 2180
100 206
100 165
100 448
100 2364
100 133
100 15
100 943
100 54
100 4911
100 121
100 247
100 288
100 685
100 313
100 33
100 219
100 792
100 245
100 2
100 124
100 456
100 154
100 310
100 72
100 1798
100 302
100 33
100 197
100 131
100 199
100 22
100 385
100 115
100 72
100 1441
100 163
100 1204
100 798
100 34
100 93
100 596
100 1
100 369
100 1679
100 169
100 1104
100 1178
100 855
100 874
100 77
100 519
100 858
100 122
100 144
100 1593
100 610
