100 420
100 89
100 1
100 68
100 165
100 348
100 244
100 440
100 30
100 197
100 246
100 185
100 14
100 593
100 436
100 225
100 95
100 100
100 778
100 127
100 4
100 854
100 692
100 525
100 63
100 152
100 61
100 149
100 154
100 395
100 761
100 153
100 414
100 212
100 168
100 739
100 167
100 106
100 266
100 569
100 151
100 208
100 145
100 23
100 237
100 182
100 84
100 257
100 80
100 177
100 199
100 673
100 172
100 0
100 62
100 659
100 229
100 50
100 127
100 177
100 944
100 244
100 16
100 215
100 26
100 944
100 1137
100 990
100 430
100 7
100 506
100 101
100 35
100 21
100 111
100 357
100 79
100 105
100 108
100 622
100 306
100 273
100 85
100 482
100 335
100 171
100 445
100 37
100 51
100 1401
100 1
100 192
100 356
100 38
100 167
100 135
100 513
100 77
100 316
100 77
100 194
100 342
100 48
100 229
100 131
100 146
100 700
100 16
100 277
100 230
100 606
100 272
100 309
100 62
100 354
100 617
100 498
100 148
100 41
100 72
100 468
100 124
100 812
100 338
100 360
100 481
100 79
100 50
100 34
100 272
100 59
100 252
100 615
100 272
100 62
100 726
100 584
100 105
100 85
100 140
100 315
100 192
100 1436
100 7
100 267
100 57
100 343
100 91
100 18
100 256
100 37
100 323
100 508
100 61
100 260
100 67
100 103
100 226
100 718
100 264
100 344
100 217
100 102
100 581
100 152
100 914
100 200
100 304
100 181
100 347
100 270
100 450
100 635
100 611
100 40
100 309
100 24
100 673
100 741
100 38
100 42
100 255
100 97
100 1125
100 5
100 338
100 466
100 199
100 344
100 36
100 707
100 59
100 219
100 318
100 123
100 54
100 426
100 44
100 50
100 13
100 1032
100 77
100 11
100 68
100 176
100 386
100 563
100 99
100 9
100 291
100 461
100 357
100 27
100 116
100 64
100 52
100 44
100 146
100 25
100 125
100 124
100 161
100 31
100 700
100 148
100 529
100 541
100 5
100 140
100 1349
100 105
100 771
100 849
100 604
100 91
100 0
100 15
100 41
100 264
100 981
100 60
100 177
100 608
100 57
100 4
100 11
100 1146
100 160
100 276
100 190
100 81
100 580
100 380
100 57
100 247
100 107
100 313
100 376
100 28
100 381
100 70
100 206
100 292
100 9
100 298
100 49
100 490
100 206
100 278
100 418
100 414
100 116
100 615
100 275
100 254
100 178
100 550
100 38
100 64
100 99
100 69
100 147
100 247
100 27
100 290
100 297
100 268
100 171
100 129
100 145
100 278
100 7
100 259
100 69
100 34
100 178
100 381
100 1362
100 173
100 183
100 87
100 77
100 55
100 279
100 214
100 442
100 294
100 395
100 816
100 393
100 45
100 47
100 121
100 1279
100 93
100 83
100 352
100 464
100 81
100 462
100 118
100 218
100 333
100 553
100 917
100 265
100 66
100 3
100 423
100 90
100 35
100 222
100 48
100 165
100 47
100 195
100 18
100 162
100 738
100 53
100 22
100 926
100 366
100 314
100 158
100 550
100 295
100 437
100 121
100 282
100 17
100 524
100 241
100 272
100 61
100 373
100 108
100 427
100 245
100 71
100 187
100 461
100 751
100 51
100 80
100 132
100 554
100 68
100 101
100 74
100 330
100 186
100 653
100 471
100 284
100 381
100 19
100 19
100 71
100 17
100 479
100 258
100 346
100 34
100 554
100 135
100 264
100 172
100 206
100 329
100 10
100 297
100 333
100 391
100 684
100 471
100 97
100 100
100 71
100 920
100 60
100 117
100 24
100 426
100 48
100 211
100 375
100 422
100 34
100 47
100 44
100 672
100 87
100 59
100 28
100 21
100 261
100 555
100 198
100 144
100 22
100 62
100 212
100 470
100 178
100 171
100 68
100 3
100 23
100 131
100 472
100 381
100 120
100 192
100 3
100 40
100 177
100 179
100 2
100 477
100 371
100 2
100 444
100 127
100 10
100 200
100 176
100 409
100 321
100 96
100 589
100 444
100 28
100 576
100 350
100 194
100 498
100 12
100 664
100 621
100 365
100 679
100 279
100 108
100 268
100 226
100 327
100 676
100 834
100 195
100 69
100 41
100 235
100 103
100 275
100 460
100 169
100 215
100 280
100 256
100 256
100 400
100 738
100 287
100 37
100 177
100 147
100 1452
100 296
100 108
100 150
100 102
100 89
100 284
100 62
100 281
100 315
100 88
100 949
100 124
100 32
100 57
100 897
100 23
100 78
100 258
100 23
100 1068
100 162
100 83
100 24
100 132
100 206
100 140
100 235
100 489
100 62
100 265
100 237
100 79
100 334
100 450
100 203
100 372
100 15
100 885
100 413
100 387
100 67
100 314
100 314
100 162
100 965
100 195
100 78
100 128
100 92
100 20
100 80
100 1138
100 552
100 54
100 6
100 258
100 118
100 327
100 382
100 24
100 2
100 112
100 448
100 162
100 234
100 247
100 297
100 363
100 170
100 265
100 1000
100 537
100 1524
100 350
100 36
100 114
100 387
100 464
100 492
100 31
100 498
100 36
100 559
100 100
100 75
100 316
100 307
100 67
100 450
100 111
100 273
100 8
100 496
100 146
100 12
100 245
100 594
100 212
100 128
100 48
100 205
100 605
100 396
100 183
100 93
100 536
100 77
100 193
100 23
100 432
100 4
100 519
100 251
100 223
100 325
100 103
100 467
100 368
100 54
100 144
100 186
100 270
100 681
100 129
100 479
100 80
100 39
100 14
100 282
100 89
100 121
100 589
100 4
100 368
100 170
100 229
100 14
100 325
100 180
100 86
100 87
100 91
100 72
100 286
100 134
100 289
100 1261
100 648
100 98
100 205
100 391
100 1055
100 274
100 292
100 203
100 777
100 141
100 1067
100 26
100 839
100 226
100 759
100 39
100 8
100 34
100 113
100 80
100 13
100 164
100 137
100 377
100 254
100 104
100 181
100 83
100 274
100 299
100 268
100 161
100 117
100 278
100 917
100 22
100 330
100 181
100 720
100 282
100 105
100 171
100 1029
100 505
100 325
100 355
100 951
100 119
100 201
100 85
100 217
100 13
100 1237
100 335
100 276
100 144
100 417
100 383
100 136
100 63
100 644
100 507
100 243
100 1020
100 227
100 12
100 96
100 59
100 121
100 75
100 74
100 256
100 219
100 621
100 88
100 286
100 104
100 333
100 270
100 362
100 532
100 257
100 500
100 319
100 397
100 162
100 61
100 156
100 78
100 225
100 365
100 682
100 538
100 539
100 93
100 45
100 351
100 120
100 58
100 123
100 898
100 774
100 533
100 115
100 48
100 133
100 60
100 693
100 16
100 232
100 349
100 589
100 506
100 522
100 31
100 540
100 48
100 187
100 56
100 459
100 12
100 228
100 124
100 394
100 709
100 17
100 529
100 327
100 143
100 220
100 698
100 316
100 82
100 766
100 510
100 424
100 470
100 637
100 49
100 4
100 2093
100 556
100 140
100 725
100 41
100 315
100 622
100 141
100 45
100 177
100 212
100 178
100 103
100 435
100 849
100 392
100 239
100 890
100 16
100 412
100 553
100 1139
100 60
100 64
100 32
100 326
100 499
100 15
100 234
100 635
100 11
100 47
100 284
100 77
100 743
100 171
100 215
100 427
100 180
100 584
100 135
100 175
100 951
100 652
100 554
100 86
100 111
100 65
100 278
100 668
100 54
100 254
100 0
100 212
100 835
100 26
100 0
100 6
100 9
100 90
100 66
100 144
100 35
100 112
100 235
100 352
100 398
100 15
100 158
100 277
100 109
100 433
100 119
100 203
100 168
100 445
100 416
100 436
100 222
100 116
100 190
100 137
100 331
100 66
100 0
100 785
100 26
100 154
100 288
100 387
100 43
100 185
100 24
100 123
100 149
100 87
100 283
100 73
100 429
100 449
100 66
100 513
100 0
100 89
100 790
100 601
100 108
100 22
100 93
100 105
100 3
100 270
100 628
100 1031
100 72
100 279
100 42
100 23
100 1
100 689
100 375
100 180
100 37
100 105
100 17
100 216
100 27
100 904
100 509
100 124
100 252
100 341
100 367
100 339
100 140
100 471
100 410
100 534
100 224
100 237
100 1106
100 17
100 14
100 29
100 157
100 57
100 265
100 998
100 587
100 319
100 377
100 92
100 102
100 733
100 554
100 83
100 364
100 36
100 69
100 91
100 241
100 112
100 420
100 108
100 25
100 5
100 308
100 780
100 47
100 1379
100 181
100 777
100 60
100 1770
100 60
100 141
100 212
100 212
100 144
100 43
100 651
100 271
100 218
100 115
100 942
100 403
100 162
100 114
100 26
100 239
100 101
100 159
100 88
100 334
100 847
100 139
100 31
100 101
100 103
100 237
100 32
100 249
100 306
100 436
100 280
100 718
100 1
100 308
100 161
100 81
100 1143
100 78
100 135
100 101
100 1031
100 400
100 244
100 40
100 163
100 229
100 923
100 161
100 319
100 50
100 254
100 202
100 1468
100 39
100 144
100 148
100 298
100 762
100 39
100 504
100 308
100 133
100 133
100 17
100 139
100 222
100 34
100 299
100 457
100 1305
100 622
100 477
100 232
100 358
100 142
100 88
100 174
100 43
100 639
100 147
100 124
100 595
100 147
100 154
100 34
100 98
100 1475
100 166
100 45
100 33
100 148
100 197
100 76
100 953
100 202
100 125
100 282
100 301
100 117
100 38
100 46
100 242
100 563
100 1
100 9
100 54
100 391
100 190
100 271
100 71
100 131
100 773
100 173
100 178
100 122
100 491
100 1832
100 1099
100 404
100 310
100 1267
100 602
100 559
100 93
100 288
100 120
100 14
100 39
100 49
100 822
100 295
100 184
100 123
100 80
100 112
100 55
100 261
100 439
100 74
100 143
100 157
100 825
100 84
100 869
100 519
100 962
100 32
100 35
100 137
100 34
100 197
100 237
100 90
100 686
100 423
100 75
100 19
100 282
100 27
100 114
100 766
100 50
100 440
100 278
100 390
100 392
100 8
100 257
100 73
100 134
100 47
100 906
100 604
100 183
100 55
100 108
100 142
100 141
100 92
100 434
100 299
100 119
100 78
100 67
100 25
100 313
100 352
100 60
100 107
100 304
100 157
100 19
100 259
100 1485
100 410
100 67
100 91
100 197
100 129
100 49
100 350
100 110
100 399
100 29
100 50
100 145
100 129
100 13
100 547
100 37
100 30
100 500
100 1
100 207
100 869
100 1091
100 293
100 529
100 553
100 377
100 342
100 41
100 180
100 258
100 568
100 361
100 257
100 376
100 328
100 135
100 234
100 51
100 319
100 194
100 92
100 399
100 57
100 476
100 49
100 339
100 18
100 194
100 240
100 390
100 6
100 42
100 338
100 853
100 167
100 59
100 25
100 214
100 192
100 49
100 27
100 129
100 528
100 10
100 789
100 299
100 106
100 63
100 376
100 206
100 71
100 56
100 325
100 675
100 372
100 198
100 216
100 157
100 12
100 863
100 278
100 736
100 165
100 215
100 169
100 46
100 678
100 29
100 62
100 45
100 652
100 274
100 57
100 156
100 37
100 172
100 39
100 371
100 284
100 218
100 386
100 606
100 320
100 87
100 18
100 162
100 327
100 46
100 65
100 193
100 5
100 445
100 170
100 223
100 357
100 186
100 146
100 51
100 106
100 11
100 272
100 72
100 75
100 22
100 22
100 353
100 447
100 246
100 434
100 636
100 17
100 124
100 118
100 109
100 312
100 1023
100 366
100 127
100 149
100 147
100 23
100 53
100 266
100 789
100 151
100 45
100 456
100 468
100 220
100 78
100 65
100 262
100 622
100 506
100 32
100 412
100 670
100 19
100 14
100 77
100 199
100 227
100 7
100 432
100 30
100 28
100 87
100 1179
100 6
100 402
100 342
100 83
100 90
100 684
100 15
100 463
100 644
100 81
100 110
100 277
100 71
100 329
100 20
100 448
100 660
100 172
100 293
100 82
100 129
100 15
100 103
100 524
100 92
100 385
100 94
100 22
100 125
100 29
100 688
100 571
100 102
100 934
100 185
100 73
100 25
100 135
100 87
100 555
100 1
100 253
100 136
100 102
100 516
100 157
100 807
100 87
100 256
100 203
100 92
100 579
100 607
100 1127
100 217
100 115
100 178
100 116
100 576
100 108
100 323
100 856
100 149
100 218
100 1
100 98
100 267
100 54
100 14
100 637
100 68
100 379
100 408
100 204
100 200
100 279
100 522
100 362
100 926
100 72
100 559
100 968
100 449
100 36
100 207
100 246
100 68
100 623
100 113
100 60
100 252
100 9
100 73
100 857
100 266
100 498
100 104
100 681
100 226
100 12
100 165
100 32
100 466
100 94
100 324
100 12
100 372
100 247
100 68
100 65
100 149
100 11
100 103
100 29
100 90
100 777
100 38
100 174
100 254
100 36
100 399
100 307
100 112
100 2
100 1443
100 59
100 441
100 221
100 13
100 201
100 157
100 28
100 141
100 27
100 286
100 90
100 100
100 440
100 398
100 49
100 477
100 25
100 177
100 67
100 148
100 309
100 262
100 117
100 1009
100 76
100 180
100 991
100 547
100 222
100 184
100 4
100 542
100 297
100 347
100 167
100 209
100 257
100 12
100 249
100 564
100 284
100 362
100 337
100 442
100 9
100 277
100 24
100 156
100 337
100 2134
100 241
100 252
100 261
100 141
100 285
100 175
100 81
100 96
100 112
100 642
100 220
100 52
100 124
100 155
100 319
100 312
100 539
100 109
100 181
100 218
100 282
100 29
100 6
100 229
100 619
100 65
100 121
100 177
100 5
100 18
100 138
100 541
100 391
100 85
100 91
100 845
100 899
100 149
100 39
100 12
100 355
100 376
100 24
100 48
100 83
100 163
100 495
100 337
100 300
100 45
100 22
100 94
100 736
100 547
100 177
100 421
100 306
100 29
100 153
100 434
100 141
100 597
100 218
100 40
100 226
100 404
100 304
100 528
100 163
100 518
100 1131
100 144
100 29
100 483
100 303
100 376
100 200
100 368
100 305
100 1428
100 275
100 111
100 44
100 41
100 76
100 238
100 103
100 642
100 205
100 138
100 140
100 1171
100 164
100 721
100 170
100 141
100 119
100 419
100 361
100 203
100 502
100 823
100 713
100 93
100 330
100 154
100 331
100 156
100 90
100 132
100 149
100 40
100 179
100 643
100 150
100 294
100 517
100 285
100 227
100 60
100 156
100 586
100 778
100 155
100 107
100 60
100 41
100 174
100 136
100 50
100 83
100 42
100 84
100 954
100 515
100 228
100 156
100 125
100 329
100 106
100 103
100 49
100 614
100 128
100 452
100 215
100 49
100 187
100 537
100 25
100 70
100 850
100 5
100 154
100 18
100 87
100 2
100 11
100 33
100 5
100 16
100 415
100 692
100 215
100 737
100 914
100 270
100 362
100 550
100 175
100 843
100 594
100 31
100 289
100 83
100 52
100 298
100 133
100 72
100 326
100 54
100 2559
100 129
100 512
100 415
100 143
100 284
100 353
100 31
100 184
100 147
100 134
100 183
100 247
100 256
100 976
100 454
100 24
100 463
100 37
100 1390
100 208
100 636
100 221
100 170
100 415
100 187
100 992
100 65
100 495
100 135
100 229
100 1063
100 240
100 43
100 65
100 127
100 273
100 332
100 589
100 778
100 163
100 382
100 533
100 142
100 71
100 113
100 203
100 181
100 144
100 168
100 220
100 34
100 431
100 510
100 110
100 175
100 526
100 336
100 151
100 76
100 189
100 270
100 1057
100 31
100 2
100 13
100 272
100 751
100 515
100 83
100 499
100 418
100 45
100 817
100 55
100 104
100 774
100 699
100 105
100 65
100 300
100 45
100 68
100 6
100 194
100 92
100 391
100 180
100 297
100 145
100 817
100 19
100 553
100 35
100 64
100 262
100 2
100 15
100 149
100 395
100 369
100 282
100 55
100 77
100 280
100 122
100 44
100 306
100 0
100 56
100 881
100 505
100 157
100 44
100 112
100 122
100 77
100 649
100 44
100 13
100 40
100 100
100 81
100 266
100 1058
100 117
100 328
100 156
100 41
100 47
100 96
100 155
100 34
100 311
100 142
100 12
100 164
100 14
100 719
100 112
100 1
100 167
100 0
100 178
100 75
100 258
100 182
100 12
100 16
100 135
100 81
100 88
100 68
100 133
100 286
100 191
100 106
100 278
100 294
100 3
100 156
100 125
100 247
100 76
100 72
100 243
100 281
100 481
100 887
100 390
100 748
100 141
100 68
100 85
100 182
100 122
100 652
100 116
100 95
100 43
100 853
100 87
100 88
100 889
100 656
100 61
100 463
100 146
100 516
100 419
100 146
100 0
100 132
100 503
100 103
100 39
100 8
100 29
100 140
100 464
100 70
100 84
100 119
100 13
100 293
100 500
100 169
100 151
100 913
100 45
100 62
100 23
100 415
100 88
100 207
100 74
100 197
100 230
100 30
100 61
100 428
100 325
100 447
100 92
100 77
100 24
100 9
100 52
100 109
100 4
100 311
100 233
100 58
100 175
100 31
100 1188
100 109
100 39
100 282
100 1194
100 268
100 1304
100 651
100 408
100 253
100 46
100 375
100 619
100 511
100 117
100 265
100 391
100 182
100 139
100 1915
100 1140
100 180
100 213
100 274
100 202
100 416
100 18
100 107
100 8
100 103
100 39
100 156
100 567
100 272
100 203
100 379
100 325
100 391
100 37
100 1901
100 15
100 141
100 338
100 162
100 54
100 317
100 153
100 11
100 670
100 106
100 153
100 234
100 146
100 313
100 279
100 383
100 13
100 391
100 102
100 287
100 186
100 118
100 301
100 263
100 278
100 1216
100 243
100 4
100 1047
100 13
100 70
100 26
100 59
100 363
100 9
100 131
100 2283
100 1459
100 49
100 168
100 36
100 69
100 127
100 106
100 2
100 64
100 46
100 9
100 77
100 87
100 174
100 705
100 493
100 293
100 33
100 43
100 173
100 36
100 48
100 365
100 131
100 282
100 175
100 115
100 329
100 34
100 1217
100 465
100 146
100 194
100 7
100 258
100 63
100 19
100 270
100 573
100 138
100 495
100 229
100 52
100 135
100 211
100 593
100 121
100 227
100 545
100 448
100 142
100 109
100 73
100 23
100 1154
100 186
100 1
100 102
100 388
100 142
100 39
100 100
100 48
100 23
100 496
100 308
100 187
100 117
100 122
100 314
100 113
100 378
100 358
100 24
100 33
100 21
100 194
100 264
100 1068
100 340
100 112
100 241
100 203
100 17
100 301
100 45
100 5
100 1597
100 151
100 877
100 145
100 51
100 338
100 100
100 967
100 279
100 133
100 1108
100 424
100 294
100 564
100 248
100 323
100 641
100 146
100 327
100 39
100 798
100 302
100 391
100 525
100 15
100 210
100 420
100 158
100 390
100 181
100 224
100 16
100 461
100 219
100 233
100 67
100 441
100 120
100 440
100 335
100 95
100 472
100 42
100 310
100 74
100 303
100 16
100 55
100 112
100 21
100 367
100 604
100 215
100 400
100 102
100 26
100 291
100 65
100 397
100 547
100 764
100 55
100 649
100 616
100 57
100 512
100 316
100 550
100 99
100 510
100 211
100 298
100 401
100 87
100 413
100 188
100 702
100 59
100 31
100 408
100 370
100 28
100 1773
100 291
100 33
100 521
100 651
100 205
100 205
100 506
100 89
100 398
100 147
100 160
100 34
100 382
100 181
100 221
100 470
100 131
100 1301
100 252
100 397
100 219
100 172
100 200
100 114
100 325
100 696
100 63
100 628
100 362
100 15
100 359
100 132
100 270
100 125
100 417
100 7
100 857
100 96
100 138
100 265
100 212
100 95
100 152
100 170
100 13
100 55
100 392
100 666
100 77
100 10
100 111
100 909
100 46
100 14
100 30
100 42
100 213
100 189
100 166
100 478
100 20
100 457
100 491
100 702
100 1360
100 91
100 46
100 256
100 346
100 43
100 393
100 131
100 369
100 316
100 116
100 108
100 257
100 259
100 351
100 419
100 197
100 80
100 350
100 130
100 1787
100 210
100 275
100 1094
100 118
100 513
100 254
100 94
100 240
100 311
100 165
100 10
100 910
100 65
100 54
100 79
100 57
100 509
100 128
100 250
100 232
100 263
100 448
100 237
100 273
100 191
100 1206
100 42
100 621
100 7
100 310
100 95
100 13
100 78
100 157
100 1243
100 318
100 16
100 540
100 781
100 712
100 407
100 309
100 50
100 512
100 157
100 319
100 193
100 806
100 451
100 87
100 173
100 117
100 536
100 470
100 554
100 79
100 156
100 433
100 243
100 264
100 796
100 21
100 949
100 100
100 324
100 262
100 805
100 264
100 213
100 1222
100 24
100 40
100 106
100 473
100 85
100 123
100 352
100 107
100 75
100 57
100 33
100 622
100 183
100 190
100 32
100 806
100 23
100 188
100 479
100 1045
100 28
100 52
100 320
100 199
100 121
100 434
100 31
100 496
100 262
100 354
100 189
100 1148
100 321
100 562
100 681
100 194
100 442
100 904
100 76
100 6
100 289
100 109
100 162
100 52
100 19
100 384
100 44
100 58
100 1661
100 2225
100 95
100 206
100 360
100 683
100 825
100 97
100 61
100 109
100 487
100 285
100 132
100 57
100 234
100 222
100 527
100 14
100 862
100 289
100 460
100 69
100 267
100 33
100 1242
100 350
100 100
100 58
100 551
100 100
100 402
100 227
100 42
100 221
100 165
100 459
100 232
100 114
100 322
100 511
100 15
100 1672
100 97
100 264
100 200
100 284
100 153
100 237
100 20
100 449
100 237
100 316
100 682
100 122
100 779
100 56
100 131
100 584
100 297
100 9
100 1384
100 276
100 32
100 27
100 288
100 884
100 81
100 114
100 50
100 276
100 3
100 27
100 32
100 123
100 44
100 767
100 461
100 231
100 19
100 221
100 201
100 170
100 256
100 226
100 542
100 117
100 27
100 305
100 349
100 316
100 288
100 70
100 225
100 200
100 18
100 43
100 460
100 370
100 103
100 143
100 39
100 87
100 56
100 31
100 39
100 93
100 481
100 23
100 28
100 211
100 446
100 10
100 396
100 287
100 148
100 849
100 24
100 20
100 35
100 199
100 107
100 584
100 222
100 49
100 97
100 80
100 14
100 116
100 237
100 177
100 34
100 429
100 43
100 49
100 109
100 94
100 178
100 93
100 103
100 296
100 54
100 435
100 422
100 1178
100 1124
100 570
100 138
100 12
100 281
100 981
100 476
100 441
100 121
100 118
100 120
100 216
100 150
100 427
100 227
100 87
100 157
100 26
100 814
100 88
100 463
100 206
100 81
100 138
100 3
100 131
100 164
100 259
100 80
100 596
100 1
100 168
100 47
100 43
100 1
100 248
100 294
100 122
100 805
100 337
100 128
100 173
100 146
100 769
100 407
100 344
100 86
100 525
100 154
100 147
100 314
100 96
100 253
100 204
100 626
100 809
100 225
100 164
100 13
100 130
100 241
100 347
100 172
100 23
100 70
100 229
100 12
100 714
100 150
100 74
100 62
100 312
100 91
100 23
100 172
100 195
100 10
100 318
100 204
100 1055
100 416
100 366
100 643
100 142
100 212
100 24
100 63
100 105
100 26
100 243
100 92
100 911
100 182
100 65
100 87
100 42
100 351
100 69
100 112
100 135
100 94
100 390
100 295
100 3
100 296
100 229
100 284
100 918
100 481
100 248
100 13
100 496
100 558
100 763
100 496
100 93
100 33
100 126
100 149
100 410
100 129
100 207
100 227
100 98
100 298
100 20
100 81
100 326
100 18
100 353
100 646
100 283
100 281
100 14
100 62
100 258
100 102
100 664
100 250
100 1064
100 305
100 37
100 978
100 161
100 132
100 8
100 134
100 116
100 276
100 123
100 25
100 45
100 13
100 113
100 282
100 123
100 97
100 408
100 748
100 84
100 652
100 196
100 1536
100 241
100 187
100 218
100 39
100 513
100 522
100 100
100 268
100 322
100 0
100 194
100 184
100 757
100 294
100 169
100 523
100 167
100 255
100 60
100 181
100 1084
100 172
100 626
100 371
100 31
100 57
100 596
100 115
100 169
100 181
100 382
100 54
100 288
100 343
100 294
100 43
100 128
100 111
100 721
100 174
100 790
100 669
100 15
100 253
100 213
100 108
100 487
100 15
100 316
100 60
100 4
100 209
100 190
100 238
100 267
100 2
100 504
100 21
100 345
100 182
100 334
100 133
100 482
100 548
100 54
100 800
100 223
100 127
100 394
100 89
100 423
100 264
100 773
100 44
100 186
100 533
100 237
100 335
100 970
100 644
100 563
100 56
100 352
100 62
100 100
100 284
100 131
100 1047
100 621
100 187
100 35
100 109
100 609
100 22
100 140
100 173
100 555
100 108
100 48
100 323
100 398
100 516
100 278
100 1
100 384
100 9
100 111
100 70
100 89
100 34
100 144
100 206
100 496
100 416
100 101
100 240
100 979
100 229
100 50
100 169
100 1078
100 826
100 245
100 317
100 276
100 50
100 206
100 121
100 62
100 361
100 145
100 70
100 200
100 76
100 107
100 597
100 8
100 40
100 106
100 394
100 68
100 195
100 30
100 43
100 38
100 176
100 657
100 263
100 577
100 325
100 22
100 461
100 219
100 518
100 83
100 150
100 84
100 1273
100 347
100 65
100 677
100 211
100 464
100 277
100 1515
100 295
100 412
100 325
100 63
100 308
100 123
100 43
100 529
100 145
100 506
100 587
100 517
100 773
100 77
100 43
100 416
100 403
100 33
100 37
100 63
100 73
100 63
100 32
100 591
100 28
100 295
100 63
100 58
100 97
100 249
100 0
100 100
100 998
100 17
100 253
100 6
100 86
100 500
100 66
100 19
100 69
100 654
100 112
100 60
100 163
100 109
100 53
100 768
100 133
100 958
100 58
100 32
100 511
100 517
100 533
100 228
100 118
100 328
100 141
100 110
100 541
100 159
100 24
100 428
100 82
100 118
100 214
100 297
100 41
100 140
100 176
100 97
100 84
100 77
100 148
100 46
100 226
100 424
100 480
100 23
100 303
100 192
100 1009
100 16
100 239
100 168
100 323
100 464
100 414
100 26
100 101
100 485
100 32
100 271
100 31
100 124
100 315
100 182
100 1024
100 43
100 95
100 632
100 355
100 131
100 488
100 180
100 299
100 97
100 130
100 461
100 477
100 316
100 761
100 395
100 426
100 11
100 273
100 103
100 104
100 71
100 8
100 416
100 605
100 38
100 542
100 763
100 113
100 463
100 58
100 459
100 255
100 186
100 490
100 17
100 917
100 81
100 3
100 132
100 778
100 200
100 271
100 73
100 57
100 258
100 692
100 98
100 958
100 856
100 316
100 97
100 209
100 14
100 301
100 13
100 761
100 223
100 123
100 527
100 315
100 85
100 11
100 851
100 126
100 1006
100 194
100 68
100 318
100 59
100 163
100 392
100 60
100 404
100 493
100 198
100 389
100 290
100 303
100 10
100 158
100 797
100 576
100 121
100 36
100 353
100 178
100 160
100 284
100 228
100 611
100 971
100 622
100 142
100 373
100 11
100 495
100 565
100 596
100 40
100 60
100 75
100 1027
100 295
100 724
100 35
100 195
100 175
100 106
100 415
100 85
100 617
100 379
100 157
100 545
100 812
100 238
100 436
100 720
100 10
100 99
100 962
100 25
100 244
100 320
100 40
100 550
100 23
100 535
100 314
100 59
100 480
100 173
100 101
100 103
100 483
100 29
100 105
100 90
100 174
100 57
100 290
100 170
100 31
100 8
100 70
100 9
100 31
100 109
100 326
100 125
100 54
100 67
100 134
100 46
100 203
100 147
100 649
100 601
100 626
100 780
100 170
100 983
100 479
100 14
100 566
100 443
100 30
100 20
100 61
100 601
100 26
100 255
100 421
100 209
100 59
100 9
100 734
100 0
100 13
100 70
100 263
100 546
100 85
100 412
100 420
100 161
100 74
100 82
100 156
100 1481
100 31
100 217
100 69
100 425
100 62
100 90
100 668
100 49
100 194
100 154
100 211
100 56
100 198
100 340
100 77
100 77
100 191
100 813
100 81
100 106
100 135
100 81
100 464
100 242
100 127
100 107
100 263
100 341
100 375
100 566
100 8
100 104
100 166
100 1152
100 141
100 11
100 775
100 684
100 374
100 4
100 23
100 368
100 110
100 52
100 51
100 258
100 603
100 79
100 532
100 422
100 56
100 99
100 445
100 203
100 107
100 36
100 75
100 121
100 183
100 123
100 74
100 451
100 161
100 192
100 363
100 142
100 279
100 62
100 359
100 226
100 1076
100 73
100 395
100 586
100 224
100 174
100 161
100 272
100 251
100 6
100 507
100 48
100 483
100 448
100 95
100 296
100 413
100 613
100 154
100 101
100 660
100 173
100 156
100 34
100 1162
100 465
100 94
100 400
100 199
100 470
100 6
100 528
100 421
100 214
100 130
100 365
100 343
100 174
100 23
100 658
100 91
100 90
100 123
100 169
100 475
100 934
100 212
100 156
100 148
100 48
100 681
100 100
100 259
100 34
100 2018
100 62
100 535
100 501
100 929
100 115
100 1393
100 0
100 202
100 30
100 111
100 320
100 15
100 88
100 64
100 528
100 104
100 592
100 134
100 1
100 131
100 81
100 217
100 124
100 281
100 414
100 133
100 251
100 386
100 694
100 291
100 121
100 367
100 70
100 10
100 276
100 39
100 389
100 49
100 222
100 145
100 62
100 768
100 236
100 386
100 133
100 38
100 18
100 7
100 155
100 66
100 185
100 64
100 451
100 25
100 1172
100 281
100 1048
100 46
100 175
100 1544
100 200
100 110
100 84
100 1096
100 82
100 282
100 102
100 339
100 22
100 180
100 216
100 846
100 404
100 5
100 93
100 111
100 264
100 1152
100 24
100 96
100 65
100 1552
100 7
100 15
100 20
100 151
100 229
100 266
100 1182
100 329
100 389
100 140
100 63
100 131
100 153
100 181
100 224
100 402
100 335
100 449
100 59
100 93
100 27
100 48
100 470
100 179
100 113
100 136
100 118
100 237
100 584
100 168
100 1146
100 84
100 6
100 72
100 921
100 62
100 105
100 194
100 679
100 81
100 88
100 45
100 162
100 265
100 215
100 182
100 381
100 190
100 529
100 329
100 87
100 408
100 430
100 406
100 86
100 212
100 876
100 96
100 135
100 259
100 224
100 264
100 224
100 850
100 103
100 9
100 383
100 345
100 404
100 183
100 83
100 268
100 274
100 20
100 174
100 461
100 1544
100 49
100 17
100 138
100 125
100 75
100 368
100 146
100 248
100 198
100 728
100 317
100 68
100 130
100 762
100 168
100 767
100 109
100 688
100 46
100 491
100 60
100 1404
100 312
100 94
100 562
100 527
100 43
100 747
100 169
100 282
100 249
100 126
100 43
100 36
100 223
100 336
100 554
100 307
100 237
100 890
100 595
100 239
100 511
100 399
100 277
100 76
100 671
100 161
100 150
100 512
100 78
100 70
100 367
100 203
100 286
100 735
100 33
100 60
100 206
100 100
100 372
100 41
100 132
100 637
100 292
100 480
100 68
100 114
100 115
100 201
100 374
100 343
100 43
100 209
100 568
100 59
100 173
100 333
100 108
100 435
100 29
100 127
100 206
100 87
100 321
100 501
100 31
100 1582
100 555
100 225
100 220
100 132
100 66
100 362
100 34
100 111
100 527
100 72
100 4
100 218
100 363
100 218
100 845
100 41
100 77
100 186
100 137
100 301
100 261
100 16
100 360
100 505
100 258
100 745
100 415
100 616
100 93
100 172
100 47
100 284
100 240
100 49
100 584
100 22
100 482
100 495
100 194
100 170
100 12
100 10
100 369
100 774
100 487
100 16
100 100
100 95
100 179
100 87
100 17
100 414
100 289
100 23
100 89
100 556
100 58
100 384
100 210
100 228
100 45
100 983
100 301
100 52
100 143
100 217
100 665
100 252
100 210
100 11
100 88
100 2
100 408
100 142
100 35
100 222
100 29
100 2
100 307
100 46
100 910
100 104
100 161
100 37
100 434
100 314
100 318
100 123
100 33
100 222
100 258
100 92
100 131
100 219
100 460
100 279
100 52
100 454
100 230
100 96
100 45
100 387
100 81
100 767
100 504
100 179
100 590
100 460
100 133
100 672
100 337
100 115
100 49
100 49
100 1295
100 98
100 491
100 533
100 21
100 168
100 108
100 398
100 235
100 227
100 560
100 540
100 780
100 85
100 62
100 271
100 138
100 606
100 55
100 140
100 171
100 398
100 694
100 1034
100 963
100 522
100 50
100 53
100 4
100 848
100 9
100 41
100 86
100 313
100 306
100 200
100 80
100 431
100 257
100 138
100 353
100 188
100 1030
100 442
100 804
100 352
100 44
100 347
100 244
100 64
100 4
100 64
100 124
100 13
100 103
100 54
100 324
100 176
100 77
100 685
100 160
100 485
100 407
100 56
100 28
100 787
100 216
100 91
100 284
100 203
100 79
100 191
100 587
100 254
100 149
100 303
100 30
100 126
100 501
100 622
100 670
100 368
100 561
100 20
100 274
100 10
100 42
100 26
100 94
100 73
100 202
100 292
100 569
100 372
100 72
100 253
100 126
100 54
100 135
100 100
100 324
100 22
100 478
100 118
100 1356
100 246
100 145
100 1458
100 134
100 168
100 125
100 27
100 219
100 1783
100 773
100 138
100 686
100 202
100 43
100 579
100 201
100 375
100 29
100 180
100 557
100 116
100 240
100 678
100 383
100 61
100 180
100 338
100 85
100 26
100 566
100 165
100 143
100 145
100 0
100 23
100 700
100 481
100 52
100 167
100 24
100 9
100 536
100 1685
100 1410
100 122
100 74
100 335
100 6
100 275
100 242
100 152
100 86
100 271
100 118
100 120
100 444
100 129
100 82
100 503
100 244
100 96
100 330
100 142
100 1147
100 172
100 211
100 24
100 934
100 89
100 401
100 138
100 46
100 672
100 37
100 513
100 675
100 99
100 267
100 9
100 274
100 303
100 280
100 23
100 20
100 37
100 510
100 249
100 155
100 377
100 54
100 216
100 3
100 30
100 112
100 440
100 469
100 6
100 32
100 460
100 175
100 146
100 203
100 50
100 363
100 159
100 324
100 140
100 184
100 218
100 129
100 232
100 13
100 1455
100 61
100 573
100 142
100 27
100 49
100 261
100 832
100 385
100 118
100 109
100 103
100 84
100 130
100 54
100 422
100 83
100 81
100 243
100 138
100 214
100 589
100 77
100 575
100 220
100 117
100 79
100 1
100 703
100 57
100 710
100 321
100 252
100 45
100 127
100 488
100 298
100 564
100 19
100 328
100 362
100 262
100 357
100 39
100 377
100 337
100 626
100 383
100 164
100 380
100 118
100 60
100 273
100 367
100 140
100 597
100 344
100 608
100 415
100 423
100 24
100 36
100 493
100 97
100 1062
100 431
100 65
100 715
100 194
100 210
100 897
100 1375
100 826
100 326
100 808
100 140
100 205
100 965
100 81
100 316
100 405
100 126
100 111
100 113
100 18
100 1379
100 147
100 290
100 290
100 353
100 380
100 345
100 785
100 2
100 189
100 18
100 390
100 88
100 86
100 272
100 565
100 134
100 93
100 31
100 567
100 243
100 183
100 236
100 21
100 846
100 262
100 202
100 818
100 253
100 179
100 175
100 244
100 335
100 234
100 478
100 274
100 203
100 406
100 281
100 315
100 6
100 34
100 560
100 606
100 514
100 403
100 706
100 90
100 73
100 962
100 173
100 412
100 158
100 63
100 266
100 237
100 2
100 799
100 161
100 521
100 109
100 7
100 370
100 264
100 49
100 17
100 93
100 212
100 140
100 279
100 518
100 475
100 150
100 123
100 95
100 146
100 47
100 191
100 180
100 265
100 114
100 306
100 110
100 90
100 1217
100 103
100 255
100 53
100 259
100 626
100 97
100 429
100 160
100 577
100 381
100 234
100 27
100 76
100 298
100 933
100 344
100 39
100 445
100 596
100 605
100 43
100 112
100 227
100 350
100 302
100 138
100 1569
100 30
100 806
100 568
100 194
100 139
100 195
100 573
100 403
100 82
100 250
100 385
100 267
100 331
100 510
100 321
100 66
100 397
100 109
100 57
100 14
100 450
100 91
100 13
100 441
100 12
100 7
100 513
100 211
100 126
100 520
100 74
100 233
100 159
100 746
100 458
100 39
100 376
100 154
100 25
100 538
100 172
100 210
100 922
100 55
100 481
100 54
100 22
100 111
100 956
100 119
100 1538
100 132
100 14
100 131
100 71
100 332
100 0
100 44
100 345
100 548
100 271
100 48
100 82
100 85
100 857
100 98
100 474
100 188
100 892
100 64
100 188
100 121
100 171
100 234
100 34
100 705
100 623
100 116
100 562
100 777
100 67
100 297
100 401
100 6
100 272
100 2
100 1
100 125
100 18
100 1
100 212
100 412
100 144
100 288
100 192
100 4
100 13
100 110
100 31
100 176
100 237
100 47
100 149
100 217
100 6
100 509
100 1057
100 340
100 19
100 323
100 110
100 41
100 544
100 192
100 133
100 11
100 373
100 462
100 247
100 47
100 103
100 240
100 757
100 378
100 100
100 150
100 231
100 558
100 1064
100 517
100 157
100 8
100 13
100 193
100 878
100 84
100 332
100 410
100 358
100 9
100 115
100 226
100 859
100 650
100 785
100 176
100 320
100 2
100 128
100 139
100 118
100 83
100 143
100 229
100 225
100 134
100 3
100 607
100 73
100 292
100 315
100 843
100 1011
100 119
100 37
100 386
100 132
100 78
100 178
100 1
100 949
100 59
100 347
100 180
100 689
100 333
100 50
100 222
100 122
100 9
100 239
100 5
100 1
100 814
100 282
100 14
100 230
100 429
100 5
100 1059
100 43
100 521
100 7
100 221
100 651
100 231
100 51
100 88
100 137
100 1
100 508
100 76
100 891
100 109
100 31
100 123
100 682
100 190
100 103
100 578
100 102
100 791
100 11
100 233
100 253
100 444
100 527
100 289
100 288
100 268
100 120
100 19
100 124
100 628
100 195
100 229
100 62
100 99
100 268
100 337
100 143
100 226
100 800
100 556
100 269
100 99
100 173
100 441
100 45
100 323
100 123
100 35
100 496
100 268
100 274
100 777
100 28
100 139
100 52
100 75
100 748
100 149
100 109
100 70
100 139
100 240
100 25
100 587
100 747
100 59
100 58
100 169
100 22
100 11
100 389
100 779
100 274
100 1293
100 39
100 94
100 20
100 164
100 1144
100 532
100 477
100 114
100 11
100 116
100 150
100 54
100 5
100 568
100 18
100 576
100 70
100 622
100 29
100 282
100 480
100 389
100 3
100 30
100 430
100 4
100 260
100 282
100 10
100 419
100 514
100 198
100 39
100 178
100 232
100 160
100 369
100 7
100 29
100 572
100 160
100 219
100 129
100 260
100 295
100 202
100 242
100 796
100 48
100 2
100 84
100 315
100 1587
100 369
100 10
100 12
100 31
100 68
100 555
100 124
100 24
100 29
100 965
100 221
100 1639
100 678
100 3
100 6
100 268
100 16
100 381
100 153
100 472
100 43
100 200
100 922
100 746
100 189
100 109
100 182
100 713
100 357
100 456
100 151
100 120
100 320
100 167
100 201
100 18
100 205
100 65
100 1428
100 84
100 48
100 48
100 399
100 521
100 33
100 30
100 829
100 256
100 239
100 65
100 50
100 118
100 322
100 167
100 1307
100 418
100 53
100 712
100 135
100 80
100 458
100 187
100 72
100 389
100 620
100 364
100 46
100 368
100 285
100 320
100 181
100 77
100 61
100 753
100 228
100 220
100 362
100 375
100 113
100 161
100 38
100 60
100 223
100 106
100 164
100 308
100 20
100 140
100 204
100 85
100 134
100 854
100 517
100 122
100 582
100 384
100 279
100 121
100 229
100 21
100 657
100 262
100 304
100 33
100 285
100 418
100 168
100 140
100 371
100 11
100 252
100 412
100 31
100 123
100 17
100 82
100 877
100 298
100 3
100 26
100 148
100 221
100 56
100 35
100 317
100 205
100 716
100 138
100 198
100 220
100 211
100 391
100 917
100 90
100 124
100 146
100 41
100 704
100 283
100 44
100 298
100 167
100 256
100 273
100 224
100 46
100 72
100 79
100 89
100 215
100 122
100 26
100 146
100 860
100 336
100 228
100 315
100 194
100 25
100 174
100 129
100 44
100 144
100 82
100 129
100 16
100 189
100 14
100 461
100 127
100 311
100 58
100 995
100 366
100 84
100 65
100 164
100 120
100 327
100 178
100 56
100 232
100 349
100 117
100 493
100 76
100 18
100 239
100 469
100 200
100 701
100 372
100 115
100 282
100 68
100 274
100 23
100 80
100 288
100 137
100 1158
100 63
100 299
100 259
100 518
100 853
100 90
100 865
100 818
100 319
100 340
100 326
100 49
100 692
100 1039
100 54
100 343
100 63
100 147
100 721
100 165
100 81
100 137
100 191
100 133
100 681
100 79
100 139
100 37
100 127
100 4
100 295
100 4
100 483
100 332
100 291
100 108
100 91
100 267
100 66
100 227
100 657
100 169
100 94
100 15
100 7
100 365
100 439
100 373
100 173
100 14
100 20
100 81
100 6
100 35
100 152
100 263
100 114
100 426
100 831
100 56
100 351
100 484
100 64
100 329
100 372
100 675
100 79
100 18
100 378
100 86
100 69
100 222
100 180
100 329
100 598
100 260
100 63
100 335
100 83
100 613
100 218
100 126
100 231
100 519
100 898
100 124
100 291
100 398
100 0
100 384
100 288
100 420
100 971
100 206
100 898
100 309
100 1561
100 24
100 160
100 97
100 141
100 23
100 51
100 415
100 50
100 4
100 283
100 46
100 150
100 164
100 194
100 453
100 51
100 138
100 443
100 115
100 914
100 203
100 30
100 516
100 4
100 74
100 575
100 16
100 4
100 217
100 301
100 453
100 310
100 146
100 85
100 100
100 272
100 102
100 59
100 20
100 340
100 57
100 54
100 406
100 381
100 332
100 345
100 25
100 208
100 553
100 551
100 62
100 738
100 63
100 122
100 93
100 280
100 775
100 124
100 126
100 605
100 12
100 474
100 237
100 1177
100 125
100 409
100 745
100 313
100 965
100 320
100 527
100 455
100 23
100 1227
100 24
100 313
100 2
100 36
100 60
100 270
100 84
100 117
100 121
100 36
100 93
100 315
100 198
100 41
100 47
100 332
100 49
100 10
100 54
100 323
100 103
100 279
100 271
100 60
100 293
100 366
100 285
100 130
100 205
100 309
100 1
100 226
100 218
100 81
100 338
100 354
100 264
100 192
100 475
100 1228
100 195
100 90
100 286
100 237
100 401
100 159
100 260
100 958
100 369
100 298
100 22
100 151
100 131
100 204
100 1079
100 777
100 308
100 125
100 64
100 36
100 206
100 45
100 69
100 28
100 353
100 331
100 146
100 89
100 403
100 119
100 608
100 171
100 16
100 622
100 15
100 158
100 108
100 272
100 1067
100 221
100 2
100 29
100 284
100 1003
100 378
100 22
100 623
100 437
100 266
100 239
100 134
100 170
100 721
100 360
100 48
100 10
100 262
100 369
100 305
100 191
100 273
100 118
100 476
100 156
100 219
100 45
100 336
100 99
100 275
100 44
100 37
100 522
100 145
100 38
100 688
100 418
100 400
100 1703
100 289
100 169
100 23
100 713
100 115
100 516
100 506
100 237
100 88
100 308
100 498
100 1062
100 24
100 48
100 534
100 203
100 3
100 2
100 1103
100 17
100 116
100 24
100 389
100 89
100 224
100 850
100 251
100 185
100 498
100 1004
100 37
100 72
100 409
100 728
100 149
100 688
100 179
100 331
100 590
100 597
100 195
100 309
100 309
100 77
100 97
100 30
100 205
100 266
100 137
100 200
100 19
100 226
100 270
100 168
100 153
100 414
100 267
100 18
100 126
100 300
100 71
100 184
100 301
100 260
100 265
100 1361
100 210
100 307
100 15
100 53
100 321
100 116
100 397
100 10
100 328
100 432
100 102
100 31
100 26
100 1871
100 42
100 137
100 2
100 14
100 109
100 11
100 50
100 163
100 225
100 55
100 418
100 107
100 63
100 124
100 114
100 1470
100 241
100 533
100 72
100 28
100 306
100 128
100 92
100 447
100 189
100 22
100 579
100 237
100 180
100 14
100 174
100 761
100 208
100 53
100 31
100 5
100 48
100 3
100 1266
100 972
100 519
100 107
100 64
100 148
100 894
100 21
100 216
100 196
100 190
100 48
100 307
100 21
100 167
100 453
100 16
100 254
100 48
100 19
100 17
100 157
100 261
100 60
100 287
100 949
100 1584
100 493
100 58
100 32
100 745
100 240
100 205
100 124
100 1164
100 207
100 397
100 17
100 253
100 98
100 378
100 677
100 312
100 613
100 209
100 1114
100 33
100 333
100 749
100 170
100 250
100 182
100 210
100 948
100 138
100 435
100 121
100 170
100 101
100 306
100 501
100 541
100 81
100 473
100 37
100 84
100 775
100 183
100 27
100 178
100 49
100 270
100 862
100 920
100 102
100 557
100 145
100 512
100 99
100 18
100 135
100 636
100 5
100 695
100 358
100 85
100 662
100 46
100 13
100 117
100 272
100 36
100 315
100 20
100 248
100 353
100 661
100 42
100 318
100 76
100 400
100 148
100 29
100 958
100 294
100 180
100 766
100 9
100 500
100 19
100 638
100 116
100 401
100 361
100 779
100 72
100 439
100 88
100 28
100 244
100 192
100 288
100 221
100 169
100 108
100 57
100 676
100 240
100 1302
100 372
100 258
100 134
100 386
100 109
100 235
100 228
100 29
100 461
100 51
100 588
100 963
100 136
100 65
100 597
100 345
100 42
100 17
100 173
100 1
100 232
100 171
100 11
100 154
100 213
100 200
100 148
100 786
100 590
100 462
100 95
100 63
100 82
100 432
100 1
100 190
100 324
100 200
100 44
100 68
100 168
100 154
100 809
100 301
100 800
100 420
100 160
100 122
100 438
100 10
100 159
100 120
100 255
100 410
100 192
100 380
100 215
100 82
100 31
100 54
100 500
100 94
100 755
100 144
100 378
100 34
100 60
100 59
100 531
100 617
100 277
100 8
100 425
100 391
100 180
100 450
100 114
100 276
100 58
100 331
100 903
100 365
100 533
100 191
100 201
100 158
100 874
100 522
100 1528
100 507
100 78
100 588
100 1026
100 1390
100 261
100 131
100 8
100 117
100 127
100 769
100 217
100 795
100 356
100 127
100 85
100 61
100 29
100 5
100 111
100 111
100 198
100 45
100 134
100 197
100 59
100 203
100 52
100 875
100 49
100 803
100 141
100 371
100 58
100 10
100 8
100 88
100 17
100 71
100 78
100 987
100 789
100 114
100 121
100 54
100 1011
100 167
100 50
100 97
100 259
100 680
100 86
100 9
100 241
100 94
100 67
100 355
100 516
100 336
100 145
100 491
100 367
100 109
100 5
100 47
100 50
100 266
100 166
100 331
100 204
100 97
100 838
100 344
100 276
100 445
100 12
100 204
100 706
100 282
100 156
100 695
100 825
100 1025
100 81
100 126
100 723
100 1037
100 990
100 160
100 7
100 61
100 190
100 282
100 355
100 131
100 637
100 51
100 718
100 320
100 232
100 24
100 594
100 307
100 180
100 425
100 35
100 8
100 115
100 63
100 117
100 641
100 474
100 458
100 14
100 115
100 399
100 804
100 34
100 487
100 493
100 119
100 25
100 1434
100 129
100 25
100 29
100 6
100 748
100 153
100 85
100 118
100 413
100 132
100 249
100 216
100 196
100 437
100 641
100 71
100 199
100 287
100 53
100 759
100 228
100 213
100 139
100 473
100 470
100 736
100 159
100 40
100 199
100 6
100 186
100 234
100 484
100 245
100 194
100 173
100 259
100 66
100 155
100 10
100 36
100 754
100 138
100 2
100 64
100 283
100 91
100 118
100 64
100 3
100 152
100 164
100 72
100 303
100 117
100 375
100 38
100 156
100 165
100 340
100 330
100 12
100 132
100 77
100 101
100 591
100 15
100 336
100 447
100 13
100 239
100 114
100 419
100 136
100 240
100 52
100 439
100 63
100 51
100 33
100 283
100 317
100 83
100 261
100 425
100 289
100 455
100 491
100 505
100 863
100 118
100 272
100 43
100 33
100 168
100 457
100 815
100 87
100 31
100 285
100 1008
100 470
100 11
100 548
100 168
100 28
100 98
100 49
100 209
100 734
100 74
100 213
100 43
100 164
100 48
100 396
100 191
100 112
100 465
100 142
100 760
100 975
100 39
100 32
100 29
100 237
100 483
100 236
100 84
100 124
100 61
100 529
100 211
100 310
100 262
100 134
100 455
100 165
100 143
100 72
100 108
100 14
100 158
100 322
100 137
100 153
100 286
100 27
100 64
100 335
100 1
100 277
100 352
100 62
100 208
100 195
100 200
100 557
100 218
100 437
100 181
100 260
100 1083
100 75
100 442
100 46
100 61
100 191
100 163
100 283
100 102
100 247
100 266
100 7
100 83
100 272
100 166
100 195
100 170
100 39
100 150
100 184
100 101
100 467
100 61
100 108
100 18
100 123
100 254
100 1215
100 107
100 119
100 161
100 339
100 290
100 149
100 92
100 459
100 197
100 93
100 683
100 116
100 716
100 469
100 192
100 109
100 313
100 1
100 333
100 40
100 175
100 22
100 1224
100 633
100 74
100 132
100 501
100 57
100 405
100 55
100 255
100 764
100 341
100 2
100 105
100 254
100 7
100 554
100 49
100 212
100 28
100 55
100 204
100 90
100 209
100 381
100 153
100 337
100 316
100 788
100 623
100 57
100 5
100 565
100 139
100 157
100 1
100 93
100 165
100 596
100 259
100 54
100 0
100 242
100 1056
100 190
100 684
100 597
100 362
100 337
100 689
100 44
100 260
100 21
100 281
100 614
100 1251
100 52
100 213
100 82
100 171
100 151
100 188
100 248
100 937
100 88
100 122
100 278
100 468
100 66
100 35
100 124
100 549
100 289
100 10
100 329
100 221
100 132
100 83
100 9
100 440
100 202
100 146
100 56
100 172
100 618
100 296
100 368
100 32
100 174
100 259
100 157
100 55
100 161
100 180
100 168
100 37
100 28
100 173
100 273
100 96
100 130
100 51
100 721
100 204
100 71
100 141
100 515
100 33
100 65
100 196
100 168
100 270
100 129
100 219
100 178
100 57
100 33
100 131
100 257
100 379
100 127
100 255
100 243
100 289
100 275
100 10
100 44
100 18
100 32
100 390
100 526
100 64
100 246
100 90
100 171
100 319
100 614
100 101
100 242
100 34
100 18
100 580
100 391
100 46
100 75
100 71
100 24
100 294
100 250
100 572
100 429
100 613
100 47
100 621
100 43
100 276
100 94
100 2
100 239
100 44
100 57
100 174
100 89
100 252
100 304
100 878
100 468
100 137
100 94
100 393
100 317
100 52
100 110
100 307
100 219
100 107
100 127
100 5
100 458
100 248
100 546
100 66
100 292
100 218
100 73
100 184
100 107
100 310
100 731
100 129
100 402
100 7
100 142
100 528
100 277
100 26
100 117
100 174
100 810
100 456
100 512
100 25
100 781
100 18
100 188
100 552
100 18
100 223
100 969
100 216
100 15
100 804
100 489
100 51
100 430
100 165
100 996
100 392
100 71
100 246
100 702
100 37
100 629
100 307
100 186
100 435
100 299
100 289
100 505
100 32
100 474
100 1014
100 123
100 48
100 64
100 442
100 136
100 82
100 122
100 108
100 863
100 829
100 46
100 219
100 289
100 840
100 7
100 1118
100 270
100 238
100 0
100 42
100 214
100 17
100 530
100 297
100 281
100 185
100 421
100 33
100 399
100 55
100 61
100 223
100 177
100 162
100 15
100 96
100 116
100 59
100 41
100 35
100 5
100 17
100 280
100 138
100 35
100 127
100 132
100 147
100 75
100 448
100 383
100 620
100 672
100 1
100 289
100 434
100 771
100 222
100 263
100 739
100 64
100 189
100 150
100 173
100 280
100 199
100 778
100 54
100 69
100 9
100 286
100 264
100 258
100 872
100 77
100 485
100 2
100 353
100 1
100 201
100 343
100 205
100 492
100 415
100 659
100 63
100 158
100 245
100 145
100 853
100 803
100 222
100 527
100 68
100 92
100 307
100 103
100 185
100 38
100 68
100 175
100 101
100 161
100 115
100 131
100 1055
100 57
100 278
100 213
100 459
100 141
100 530
100 104
100 20
100 255
100 213
100 772
100 294
100 87
100 276
100 711
100 202
100 172
100 111
100 43
100 1
100 371
100 272
100 169
100 191
100 25
100 75
100 924
100 456
100 65
100 519
100 180
100 664
100 494
100 80
100 231
100 1
100 548
100 521
100 431
100 198
100 315
100 19
100 23
100 129
100 158
100 406
100 126
100 360
100 1206
100 55
100 452
100 635
100 465
100 337
100 346
100 705
100 520
100 135
100 123
100 78
100 481
100 504
100 414
100 23
100 52
100 213
100 70
100 31
100 444
100 180
100 100
100 1414
100 34
100 154
100 76
100 135
100 56
100 335
100 141
100 279
100 301
100 402
100 27
100 694
100 361
100 62
100 62
100 133
100 455
100 194
100 138
100 541
100 250
100 176
100 104
100 361
100 619
100 201
100 36
100 280
100 193
100 22
100 503
100 909
100 229
100 303
100 276
100 770
100 136
100 16
100 137
100 151
100 393
100 45
100 263
100 180
100 24
100 43
100 360
100 74
100 212
100 80
100 107
100 327
100 101
100 99
100 624
100 260
100 169
100 60
100 102
100 272
100 16
100 348
100 126
100 30
100 1131
100 1
100 167
100 1523
100 28
100 211
100 409
100 172
100 39
100 1019
100 86
100 40
100 448
100 252
100 299
100 102
100 69
100 282
100 1417
100 166
100 48
100 58
100 313
100 430
100 388
100 344
100 537
100 299
100 405
100 11
100 309
100 256
100 441
100 136
100 109
100 90
100 116
100 311
100 180
100 283
100 449
100 234
100 65
100 63
100 2
100 4
100 504
100 103
100 439
100 467
100 799
100 575
100 885
100 402
100 224
100 13
100 46
100 10
100 128
100 5
100 48
100 412
100 208
100 170
100 59
100 350
100 54
100 0
100 14
100 440
100 528
100 203
100 116
100 363
100 112
100 3
100 215
100 89
100 434
100 122
100 328
100 402
100 175
100 609
100 5
100 483
100 18
100 85
100 128
100 270
100 36
100 4
100 198
100 81
100 282
100 137
100 264
100 115
100 817
100 23
100 184
100 62
100 993
100 236
100 55
100 244
100 153
100 59
100 388
100 189
100 241
100 340
100 659
100 75
100 372
100 42
100 229
100 149
100 138
100 9
100 204
100 200
100 386
100 40
100 65
100 627
100 182
100 310
100 15
100 72
100 397
100 299
100 62
100 307
100 285
100 298
100 26
100 1065
100 713
100 212
100 89
100 341
100 77
100 128
100 60
100 196
100 257
100 1433
100 199
100 163
100 187
100 58
100 321
100 241
100 219
100 47
100 1207
100 340
100 296
100 501
100 397
100 91
100 343
100 16
100 422
100 95
100 433
100 394
100 280
100 440
100 149
100 139
100 259
100 216
100 560
100 279
100 180
100 118
100 161
100 6
100 274
100 18
100 897
100 297
100 130
100 112
100 111
100 128
100 616
100 368
100 692
100 71
100 595
100 245
100 53
100 170
100 191
100 131
100 77
100 361
100 34
100 165
100 71
100 141
100 19
100 38
100 258
100 417
100 353
100 214
100 13
100 449
100 561
100 321
100 465
100 438
100 83
100 46
100 257
100 105
100 204
100 172
100 13
100 106
100 422
100 0
100 5
100 216
100 120
100 725
100 466
100 324
100 1048
100 293
100 1018
100 353
100 339
100 55
100 5
100 456
100 994
100 301
100 401
100 70
100 281
100 119
100 41
100 39
100 340
100 578
100 770
100 207
100 339
100 648
100 368
100 134
100 344
100 298
100 754
100 109
100 210
100 341
100 141
100 325
100 33
100 649
100 182
100 1
100 12
100 757
100 184
100 230
100 235
100 114
100 122
100 18
100 126
100 209
100 618
100 355
100 635
100 3
100 250
100 101
100 480
100 190
100 336
100 367
100 63
100 46
100 250
100 82
100 298
100 388
100 154
100 355
100 117
100 151
100 441
100 166
100 214
100 276
100 18
100 261
100 342
100 703
100 217
100 1377
100 93
100 7
100 48
100 796
100 42
100 875
100 238
100 124
100 145
100 167
100 17
100 289
100 193
100 198
100 106
100 10
100 472
100 77
100 658
100 172
100 1042
100 58
100 99
100 66
100 163
100 147
100 61
100 1057
100 12
100 10
100 36
100 8
100 101
100 64
100 44
100 67
100 174
100 231
100 568
100 676
100 341
100 338
100 498
100 499
100 853
100 261
100 550
100 841
100 7
100 250
100 603
100 202
100 110
100 365
100 453
100 275
100 880
100 57
100 101
100 32
100 143
100 107
100 1
100 174
100 291
100 755
100 110
100 368
100 345
100 645
100 958
100 659
100 96
100 612
100 173
100 524
100 32
100 107
100 109
100 54
100 51
100 146
100 335
100 177
100 315
100 286
100 554
100 552
100 110
100 427
100 51
100 233
100 111
100 792
100 222
100 308
100 622
100 18
100 112
100 1099
100 281
100 22
100 105
100 373
100 332
100 522
100 0
100 321
100 47
100 146
100 225
100 504
100 23
100 290
100 219
100 232
100 4
100 414
100 471
100 123
100 553
100 244
100 587
100 102
100 3
100 104
100 151
100 60
100 66
100 1080
100 88
100 162
100 983
100 1084
100 311
100 287
100 69
100 122
100 457
100 133
100 138
100 192
100 311
100 549
100 328
100 30
100 148
100 1088
100 31
100 139
100 392
100 52
100 161
100 55
100 98
100 1177
100 266
100 186
100 299
100 1235
100 192
100 586
100 80
100 429
100 69
100 97
100 249
100 160
100 172
100 78
100 75
100 78
100 179
100 160
100 232
100 303
100 330
100 444
100 859
100 316
100 26
100 1
100 90
100 86
100 269
100 466
100 1339
100 107
100 61
100 66
100 72
100 3
100 94
100 88
100 292
100 54
100 26
100 851
100 597
100 327
100 207
100 543
100 290
100 470
100 16
100 173
100 92
100 3
100 772
100 436
100 236
100 257
100 456
100 129
100 107
100 157
100 215
100 105
100 15
100 204
100 121
100 591
100 513
100 98
100 699
100 170
100 19
100 37
100 262
100 400
100 488
100 90
100 670
100 69
100 191
100 501
100 453
100 130
100 142
100 233
100 42
100 552
100 345
100 54
100 120
100 908
100 267
100 256
100 91
100 445
100 724
100 10
100 506
100 463
100 200
100 224
100 170
100 8
100 6
100 16
100 450
100 258
100 258
100 159
100 60
100 21
100 175
100 386
100 249
100 2438
100 1046
100 344
100 333
100 67
100 525
100 72
100 71
100 29
100 191
100 76
100 333
100 154
100 84
100 167
100 241
100 12
100 212
100 66
100 383
100 1079
100 571
100 55
100 290
100 144
100 46
100 624
100 857
100 41
100 79
100 196
100 328
100 163
100 177
100 52
100 227
100 180
100 25
100 93
100 345
100 377
100 229
100 973
100 139
100 657
100 58
100 892
100 557
100 222
100 170
100 230
100 147
100 11
100 160
100 21
100 122
100 163
100 605
100 13
100 439
100 276
100 497
100 0
100 6
100 754
100 6
100 716
100 753
100 483
100 219
100 43
100 102
100 197
100 714
100 142
100 358
100 215
100 1
100 386
100 6
100 110
100 157
100 426
100 107
100 75
100 252
100 438
100 233
100 342
100 134
100 158
100 20
100 22
100 305
100 90
100 51
100 414
100 314
100 73
100 148
100 407
100 456
100 444
100 474
100 261
100 83
100 178
100 60
100 160
100 67
100 471
100 53
100 619
100 25
100 446
100 48
100 356
100 749
100 130
100 113
100 35
100 65
100 195
100 307
100 739
100 629
100 368
100 222
100 282
100 555
100 108
100 369
100 31
100 467
100 35
100 78
100 60
100 80
100 226
100 88
100 583
100 886
100 87
100 744
100 442
100 75
100 425
100 178
100 256
100 69
100 5
100 61
100 327
100 186
100 9
100 1020
100 1094
100 315
100 263
100 920
100 241
100 555
100 176
100 79
100 1750
100 117
100 86
100 72
100 899
100 240
100 688
100 356
100 377
100 202
100 24
100 145
100 32
100 63
100 389
100 430
100 227
100 293
100 154
100 220
100 503
100 73
100 824
100 136
100 464
100 349
100 13
100 859
100 58
100 371
100 244
100 306
100 577
100 606
100 1406
100 387
100 220
100 199
100 764
100 42
100 408
100 150
100 88
100 13
100 340
100 14
100 1500
100 716
100 362
100 932
100 452
100 98
100 293
100 152
100 376
100 125
100 93
100 109
100 25
100 77
100 286
100 354
100 0
100 176
100 373
100 159
100 143
100 8
100 6
100 61
100 294
100 145
100 413
100 44
100 25
100 480
100 264
100 107
100 236
100 266
100 113
100 772
100 194
100 382
100 218
100 397
100 4
100 60
100 243
100 350
100 95
100 105
100 243
100 175
100 82
100 14
100 265
100 286
100 13
100 335
100 1057
100 511
100 101
100 174
100 67
100 117
100 287
100 687
100 391
100 369
100 387
100 257
100 89
100 386
100 1310
100 371
100 70
100 28
100 2
100 122
100 61
100 339
100 757
100 647
100 78
100 332
100 27
100 19
100 82
100 98
100 442
100 134
100 44
100 77
100 297
100 214
100 104
100 210
100 553
100 21
100 109
100 95
100 1043
100 319
100 230
100 376
100 1148
100 866
100 400
100 225
100 401
100 135
100 78
100 283
100 10
100 119
100 171
100 32
100 128
100 161
100 98
100 244
100 127
100 373
100 7
100 359
100 50
100 36
100 219
100 202
100 112
100 155
100 1033
100 903
100 415
100 56
100 312
100 92
100 242
100 105
100 413
100 134
100 16
100 122
100 115
100 29
100 29
100 518
100 63
100 3
100 349
100 177
100 60
100 175
100 369
100 16
100 281
100 394
100 282
100 523
100 326
100 279
100 982
100 182
100 12
100 115
100 168
100 436
100 134
100 399
100 378
100 145
100 9
100 443
100 319
100 208
100 77
100 80
100 237
100 572
100 558
100 375
100 1
100 127
100 25
100 206
100 51
100 86
100 156
100 234
100 472
100 301
100 12
100 141
100 5
100 1042
100 517
100 150
100 839
100 649
100 115
100 321
100 1081
100 659
100 76
100 163
100 71
100 10
100 159
100 277
100 99
100 84
100 86
100 5
100 11
100 343
100 731
100 297
100 389
100 236
100 289
100 109
100 40
100 258
100 292
100 63
100 198
100 88
100 198
100 153
100 155
100 87
100 234
100 543
100 24
100 94
100 484
100 222
100 48
100 21
100 112
100 512
100 58
100 595
100 36
100 284
100 751
100 160
100 112
100 106
100 66
100 150
100 374
100 826
100 240
100 398
100 20
100 186
100 87
100 76
100 674
100 72
100 11
100 544
100 340
100 149
100 86
100 84
100 1470
100 53
100 600
100 140
100 342
100 512
100 657
100 98
100 214
100 91
100 1038
100 167
100 576
100 394
100 260
100 474
100 160
100 1181
100 630
100 337
100 332
100 62
100 108
100 387
100 159
100 307
100 45
100 129
100 189
100 903
100 63
100 140
100 897
100 1332
100 363
100 253
100 442
100 258
100 240
100 120
100 159
100 29
100 169
100 284
100 96
100 798
100 796
100 295
100 614
100 291
100 1075
100 460
100 1576
100 126
100 397
100 326
100 24
100 258
100 480
100 32
100 1255
100 224
100 788
100 465
100 8
100 350
100 24
100 156
100 165
100 270
100 910
100 560
100 430
100 301
100 168
100 819
100 282
100 383
100 154
100 215
100 1254
100 157
100 165
100 150
100 14
100 537
100 21
100 39
100 431
100 140
100 59
100 507
100 210
100 399
100 97
100 338
100 401
100 13
100 635
100 265
100 661
100 72
100 334
100 157
100 46
100 153
100 48
100 210
100 30
100 6
100 199
100 512
100 300
100 179
100 38
100 24
100 411
100 77
100 103
100 80
100 51
100 49
100 77
100 177
100 310
100 64
100 223
100 359
100 223
100 108
100 261
100 452
100 52
100 82
100 6
100 57
100 97
100 8
100 394
100 13
100 54
100 152
100 706
100 601
100 138
100 13
100 1371
100 396
100 208
100 50
100 371
100 228
100 183
100 267
100 454
100 145
100 464
100 550
100 224
100 11
100 68
100 1
100 232
100 30
100 122
100 71
100 208
100 122
100 63
100 12
100 137
100 397
100 6
100 440
100 1790
100 338
100 91
100 487
100 393
100 34
100 221
100 878
100 17
100 222
100 198
100 115
100 416
100 3
100 185
100 92
100 27
100 1175
100 356
100 54
100 273
100 305
100 36
100 911
100 92
100 141
100 733
100 189
100 52
100 268
100 44
100 193
100 727
100 97
100 209
100 28
100 784
100 22
100 160
100 785
100 227
100 117
100 255
100 67
100 229
100 643
100 55
100 5
100 105
100 462
100 142
100 71
100 355
100 215
100 117
100 16
100 83
100 209
100 377
100 20
100 480
100 209
100 237
100 325
100 1244
100 160
100 188
100 279
100 287
100 716
100 102
100 131
100 1139
100 1036
100 190
100 117
100 100
100 253
100 425
100 295
100 561
100 408
100 419
100 394
100 119
100 20
100 178
100 261
100 5
100 39
100 551
100 771
100 217
100 104
100 413
100 341
100 49
100 151
100 307
100 177
100 390
100 13
100 431
100 166
100 165
100 19
100 1165
100 516
100 1
100 123
100 168
100 208
100 85
100 336
100 94
100 10
100 164
100 197
100 414
100 579
100 280
100 888
100 15
100 1646
100 111
100 415
100 164
100 48
100 794
100 409
100 115
100 875
100 22
100 183
100 1001
100 623
100 90
100 572
100 260
100 288
100 183
100 270
100 1468
100 150
100 118
100 70
100 48
100 49
100 424
100 163
100 366
100 116
100 69
100 11
100 134
100 329
100 105
100 582
100 169
100 134
100 0
100 59
100 269
100 1155
100 122
100 395
100 221
100 118
100 527
100 653
100 211
100 297
100 55
100 84
100 402
100 94
100 189
100 96
100 291
100 109
100 102
100 42
100 350
100 205
100 18
100 555
100 313
100 82
100 496
100 623
100 255
100 86
100 5
100 1
100 861
100 261
100 104
100 557
100 895
100 479
100 222
100 389
100 386
100 163
100 90
100 38
100 963
100 204
100 305
100 89
100 75
100 71
100 68
100 147
100 515
100 809
100 1030
100 190
100 1050
100 146
100 73
100 209
100 153
100 1124
100 135
100 26
100 805
100 369
100 46
100 443
100 463
100 69
100 4
100 1159
100 101
100 280
100 20
100 59
100 109
100 9
100 356
100 712
100 3
100 429
100 299
100 303
100 105
100 124
100 35
100 233
100 270
100 830
100 432
100 75
100 568
100 22
100 64
100 821
100 266
100 22
100 524
100 222
100 85
100 288
100 63
100 94
100 29
100 55
100 784
100 769
100 432
100 400
100 205
100 64
100 519
100 402
100 9
100 92
100 43
100 368
100 911
100 591
100 370
100 30
100 75
100 695
100 72
100 293
100 336
100 634
100 195
100 60
100 150
100 632
100 82
100 795
100 62
100 329
100 418
100 180
100 55
100 250
100 155
100 312
100 209
100 380
100 107
100 43
100 115
100 156
100 55
100 324
100 206
100 338
100 179
100 10
100 462
100 79
100 267
100 221
100 442
100 957
100 173
100 573
100 449
100 100
100 45
100 369
100 96
100 137
100 210
100 536
100 392
100 62
100 215
100 1
100 301
100 421
100 183
100 258
100 682
100 507
100 340
100 14
100 53
100 5
100 214
100 344
100 262
100 141
100 427
100 526
100 128
100 381
100 175
100 169
100 253
100 171
100 564
100 59
100 121
100 15
100 6
100 528
100 35
100 450
100 12
100 1016
100 275
100 624
100 62
100 14
100 79
100 10
100 364
100 1162
100 17
100 125
100 187
100 236
100 861
100 293
100 150
100 39
100 1803
100 499
100 1416
100 212
100 666
100 856
100 651
100 66
100 52
100 436
100 79
100 42
100 218
100 65
100 559
100 74
100 54
100 1327
100 766
100 25
100 33
100 491
100 572
100 2
100 326
100 54
100 749
100 65
100 267
100 51
100 106
100 229
100 59
100 38
100 237
100 580
100 1003
100 377
100 371
100 227
100 73
100 93
100 66
100 58
100 947
100 80
100 282
100 100
100 440
100 219
100 499
100 498
100 303
100 327
100 327
100 348
100 43
100 377
100 42
100 382
100 45
100 511
100 395
100 381
100 368
100 143
100 108
100 367
100 1073
100 649
100 72
100 10
100 14
100 542
100 1723
100 368
100 121
100 412
100 2440
100 140
100 632
100 421
100 492
100 6
100 166
100 160
100 7
100 141
100 359
100 206
100 201
100 1022
100 56
100 245
100 144
100 258
100 14
100 263
100 241
100 44
100 67
100 100
100 336
100 290
100 453
100 27
100 149
100 31
100 61
100 501
100 541
100 222
100 737
100 57
100 476
100 592
100 841
100 312
100 174
100 40
100 70
100 28
100 82
100 532
100 457
100 618
100 150
100 180
100 429
100 69
100 199
100 80
100 232
100 776
100 78
100 492
100 200
100 286
100 99
100 770
100 57
100 482
100 148
100 795
100 124
100 286
100 197
100 59
100 197
100 516
100 701
100 152
100 121
100 136
100 47
100 99
100 300
100 16
100 386
100 73
100 397
100 35
100 339
100 108
100 271
100 139
100 321
100 391
100 345
100 176
100 52
100 448
100 2
100 25
100 178
100 16
100 167
100 6
100 75
100 36
100 166
100 60
100 290
100 90
100 188
100 12
100 203
100 69
100 913
100 286
100 104
100 338
100 223
100 237
100 1920
100 739
100 411
100 29
100 16
100 175
100 266
100 219
100 233
100 25
100 30
100 3
100 3
100 139
100 10
100 51
100 81
100 146
100 208
100 314
100 36
100 469
100 653
100 96
100 415
100 221
100 126
100 402
100 275
100 493
100 1117
100 69
100 202
100 63
100 921
100 434
100 202
100 483
100 32
100 186
100 1151
100 157
100 328
100 451
100 22
100 265
100 132
100 28
100 220
100 68
100 66
100 204
100 101
100 366
100 211
100 595
100 5
100 873
100 180
100 276
100 73
100 24
100 504
100 410
100 172
100 380
100 201
100 163
100 7
100 245
100 222
100 301
100 946
100 272
100 169
100 21
100 151
100 730
100 455
100 670
100 907
100 13
100 1132
100 11
100 247
100 108
100 116
100 301
100 474
100 647
100 187
100 475
100 167
100 86
100 130
100 86
100 384
100 61
100 151
100 681
100 416
100 1917
100 402
100 66
100 498
100 655
100 309
100 441
100 178
100 430
100 380
100 258
100 181
100 20
100 522
100 206
100 129
100 158
100 89
100 350
100 1080
100 6
100 128
100 146
100 276
100 1382
100 104
100 236
100 59
100 116
100 151
100 297
100 562
100 91
100 144
100 81
100 89
100 638
100 41
100 176
100 9
100 484
100 20
100 73
100 30
100 171
100 18
100 211
100 4
100 263
100 62
100 181
100 491
100 477
100 678
100 59
100 92
100 260
100 472
100 292
100 658
100 84
100 64
100 47
100 58
100 491
100 90
100 43
100 365
100 70
100 218
100 150
100 887
100 103
100 391
100 30
100 562
100 243
100 183
100 500
100 301
100 225
100 738
100 73
100 178
100 34
100 61
100 201
100 465
100 192
100 382
100 70
100 22
100 99
100 76
100 649
100 324
100 58
100 518
100 29
100 800
100 109
100 49
100 268
100 6
100 80
100 597
100 316
100 38
100 504
100 50
100 94
100 60
100 847
100 119
100 101
100 143
100 52
100 345
100 194
100 61
100 89
100 21
100 888
100 11
100 761
100 821
100 308
100 9
100 38
100 49
100 431
100 104
100 89
100 113
100 133
100 207
100 376
100 53
100 26
100 170
100 218
100 126
100 248
100 64
100 13
100 838
100 171
100 58
100 50
100 85
100 1261
100 788
100 763
100 516
100 392
100 118
100 397
100 248
100 837
100 27
100 258
100 426
100 19
100 340
100 377
100 191
100 25
100 793
100 502
100 300
100 471
100 203
100 307
100 62
100 250
100 52
100 683
100 20
100 95
100 152
100 176
100 72
100 598
100 660
100 27
100 53
100 76
100 127
100 169
100 17
100 245
100 200
100 138
100 313
100 128
100 49
100 678
100 183
100 152
100 5
100 77
100 203
100 23
100 159
100 133
100 121
100 26
100 567
100 151
100 33
100 167
100 43
100 136
100 159
100 753
100 182
100 199
100 98
100 510
100 249
100 480
100 90
100 384
100 191
100 28
100 154
100 295
100 363
100 64
100 215
100 697
100 512
100 299
100 641
100 870
100 312
100 42
100 38
100 154
100 664
100 144
100 41
100 539
100 253
100 358
100 194
100 210
100 583
100 210
100 305
100 104
100 87
100 36
100 200
100 37
100 568
100 572
100 103
100 635
100 294
100 9
100 351
100 672
100 30
100 170
100 356
100 8
100 247
100 78
100 545
100 568
100 539
100 526
100 18
100 293
100 23
100 435
100 251
100 205
100 483
100 260
100 390
100 333
100 140
100 334
100 31
100 48
100 365
100 29
100 199
100 40
100 129
100 16
100 135
100 6
100 652
100 743
100 111
100 29
100 244
100 88
100 142
100 205
100 118
100 84
100 152
100 128
100 130
100 6
100 153
100 1488
100 327
100 288
100 81
100 524
100 208
100 1100
100 164
100 61
100 271
100 218
100 83
100 358
100 174
100 17
100 271
100 106
100 25
100 218
100 406
100 137
100 21
100 208
100 407
100 817
100 55
100 41
100 197
100 284
100 76
100 423
100 809
100 1244
100 322
100 340
100 173
100 85
100 229
100 24
100 235
100 1194
100 503
100 1
100 375
100 1151
100 446
100 138
100 58
100 94
100 150
100 167
100 119
100 489
100 8
100 178
100 436
100 77
100 390
100 177
100 248
100 648
100 135
100 345
100 55
100 389
100 130
100 450
100 391
100 95
100 431
100 105
100 197
100 744
100 138
100 133
100 69
100 195
100 301
100 34
100 379
100 429
100 607
100 42
100 125
100 488
100 54
100 538
100 84
100 136
100 497
100 169
100 66
100 485
100 802
100 88
100 214
100 627
100 10
100 395
100 99
100 201
100 98
100 297
100 106
100 149
100 833
100 266
100 533
100 106
100 2
100 404
100 180
100 392
100 36
100 522
100 544
100 150
100 302
100 201
100 283
100 517
100 31
100 134
100 21
100 20
100 55
100 429
100 20
100 214
100 282
100 20
100 1225
100 587
100 22
100 251
100 448
100 25
100 169
100 364
100 111
100 380
100 797
100 32
100 135
100 1123
100 359
100 197
100 10
100 705
100 245
100 254
100 187
100 530
100 139
100 101
100 917
100 73
100 707
100 68
100 386
100 1322
100 71
100 315
100 199
100 1027
100 88
100 490
100 361
100 228
100 307
100 346
100 560
100 61
100 99
100 865
100 1644
100 183
100 198
100 59
100 379
100 214
100 208
100 87
100 79
100 987
100 1191
100 169
100 125
100 630
100 230
100 146
100 7
100 1441
100 787
100 47
100 6
100 277
100 539
100 102
100 649
100 182
100 38
100 393
100 158
100 55
100 375
100 56
100 728
100 578
100 112
100 644
100 55
100 61
100 370
100 202
100 96
100 191
100 308
100 330
100 293
100 879
100 496
100 26
100 23
100 311
100 393
100 634
100 382
100 191
100 272
100 153
100 49
100 305
100 9
100 179
100 34
100 1039
100 316
100 110
100 261
100 469
100 385
100 23
100 597
100 681
100 2
100 163
100 256
100 17
100 117
100 30
100 449
100 33
100 418
100 236
100 144
100 481
100 258
100 17
100 10
100 17
100 115
100 381
100 543
100 576
100 157
100 566
100 135
100 215
100 44
100 250
100 1350
100 137
100 76
100 536
100 581
100 31
100 97
100 48
100 109
100 56
100 186
100 116
100 147
100 155
100 45
100 19
100 1172
100 240
100 219
100 55
100 319
100 93
100 72
100 174
100 527
100 515
100 935
100 160
100 298
100 884
100 734
100 1340
100 44
100 163
100 801
100 1908
100 261
100 133
100 153
100 234
100 78
100 24
100 16
100 315
100 57
100 26
100 570
100 180
100 74
100 545
100 1
100 137
100 28
100 298
100 687
100 149
100 49
100 388
100 100
100 108
100 201
100 251
100 248
100 575
100 587
100 49
100 320
100 339
100 407
100 330
100 219
100 1026
100 360
100 120
100 127
100 562
100 709
100 358
100 41
100 81
100 55
100 317
100 732
100 799
100 25
100 40
100 715
100 424
100 184
100 590
100 87
100 82
100 95
100 39
100 113
100 204
100 580
100 106
100 366
100 175
100 95
100 374
100 444
100 638
100 378
100 78
100 459
100 247
100 273
100 1041
100 129
100 404
100 30
100 148
100 375
100 72
100 257
100 128
100 52
100 165
100 315
100 1042
100 87
100 16
100 189
100 207
100 82
100 506
100 98
100 85
100 22
100 53
100 107
100 307
100 66
100 175
100 163
100 20
100 1245
100 396
100 295
100 420
100 316
100 11
100 106
100 209
100 95
100 160
100 449
100 338
100 465
100 255
100 333
100 385
100 474
100 492
100 48
100 102
100 29
100 652
100 291
100 572
100 1059
100 385
100 743
100 237
100 17
100 727
100 406
100 230
100 76
100 29
100 373
100 120
100 356
100 54
100 156
100 737
100 10
100 30
100 67
100 182
100 902
100 116
100 19
100 957
100 518
100 6
100 84
100 802
100 208
100 177
100 254
100 817
100 166
100 1241
100 854
100 951
100 478
100 348
100 61
100 408
100 12
100 213
100 146
100 139
100 78
100 279
100 361
100 256
100 257
100 302
100 282
100 319
100 189
100 190
100 247
100 608
100 124
100 87
100 122
100 433
100 316
100 73
100 482
100 153
100 61
100 126
100 368
100 154
100 429
100 15
100 102
100 1022
100 802
100 74
100 353
100 46
100 368
100 144
100 394
100 205
100 214
100 727
100 32
100 84
100 61
100 159
100 267
100 383
100 78
100 399
100 416
100 46
100 318
100 534
100 326
100 31
100 280
100 263
100 42
100 27
100 128
100 94
100 106
100 399
100 191
100 405
100 639
100 62
100 12
100 974
100 88
100 124
100 272
100 44
100 42
100 933
100 67
100 86
100 498
100 0
100 47
100 97
100 14
100 332
100 253
100 516
100 529
100 307
100 78
100 172
100 206
100 147
100 25
100 175
100 1497
100 31
100 15
100 4
100 501
100 136
100 13
100 74
100 2265
100 497
100 294
100 638
100 590
100 730
100 2
100 43
100 355
100 207
100 3
100 33
100 2
100 97
100 279
100 3
100 39
100 444
100 73
100 34
100 329
100 93
100 7
100 173
100 53
100 44
100 610
100 73
100 377
100 162
100 1570
100 105
100 695
100 50
100 173
100 40
100 379
100 58
100 124
100 38
100 519
100 0
100 128
100 891
100 80
100 120
100 125
100 1294
100 9
100 200
100 176
100 197
100 226
100 51
100 761
100 561
100 336
100 67
100 162
100 393
100 39
100 305
100 11
100 256
100 31
100 5
100 396
100 109
100 342
100 268
100 224
100 19
100 76
100 598
100 277
100 9
100 41
100 171
100 218
100 243
100 216
100 218
100 3
100 215
100 112
100 780
100 98
100 180
100 104
100 211
100 674
100 11
100 28
100 458
100 52
100 422
100 70
100 23
100 6
100 1062
100 339
100 210
100 654
100 52
100 249
100 17
100 234
100 389
100 565
100 76
100 87
100 23
100 522
100 78
100 162
100 302
100 110
100 202
100 23
100 503
100 235
100 103
100 63
100 46
100 136
100 728
100 101
100 532
100 455
100 328
100 155
100 75
100 688
100 160
100 277
100 39
100 217
100 335
100 33
100 80
100 258
100 196
100 110
100 39
100 540
100 854
100 105
100 16
100 298
100 320
100 104
100 415
100 20
100 60
100 273
100 60
100 55
100 140
100 1410
100 44
100 101
100 60
100 371
100 1222
100 72
100 110
100 109
100 56
100 112
100 142
100 83
100 224
100 841
100 58
100 494
100 426
100 307
100 45
100 1130
100 69
100 331
100 186
100 210
100 590
100 491
100 68
100 287
100 375
100 108
100 237
100 767
100 83
100 344
100 257
100 214
100 101
100 252
100 84
100 453
100 281
100 375
100 111
100 106
100 249
100 18
100 146
100 321
100 249
100 512
100 28
100 55
100 451
100 107
100 634
100 1074
100 1216
100 550
100 0
100 229
100 118
100 64
100 200
100 175
100 169
100 48
100 221
100 54
100 745
100 13
100 339
100 694
100 368
100 303
100 206
100 120
100 1018
100 29
100 719
100 26
100 125
100 29
100 3
100 264
100 308
100 109
100 319
100 2
100 737
100 188
100 455
100 347
100 655
100 601
100 207
100 55
100 348
100 927
100 164
100 14
100 166
100 145
100 206
100 5
100 65
100 70
100 24
100 83
100 55
100 223
100 171
100 346
100 64
100 2
100 24
100 274
100 246
100 305
100 357
100 458
100 283
100 224
100 28
100 82
100 384
100 1785
100 116
100 264
100 326
100 25
100 20
100 79
100 343
100 275
100 552
100 435
100 229
100 436
100 4
100 186
100 360
100 140
100 432
100 457
100 315
100 110
100 85
100 8
100 437
100 349
100 84
100 345
100 87
100 457
100 48
100 128
100 222
100 327
100 95
100 130
100 14
100 397
100 579
100 51
100 154
100 418
100 438
100 47
100 700
100 779
100 430
100 31
100 309
100 217
100 233
100 675
100 144
100 80
100 17
100 138
100 346
100 166
100 151
100 552
100 22
100 454
100 1041
100 434
100 798
100 588
100 252
100 79
100 384
100 317
100 490
100 413
100 15
100 159
100 956
100 309
100 708
100 241
100 15
100 435
100 57
100 396
100 353
100 534
100 95
100 165
100 27
100 24
100 311
100 42
100 13
100 107
100 185
100 247
100 453
100 131
100 204
100 326
100 132
100 56
100 416
100 104
100 1005
100 489
100 1705
100 158
100 18
100 34
100 96
100 148
100 72
100 107
100 7
100 1403
100 711
100 96
100 233
100 325
100 110
100 162
100 681
100 197
100 627
100 32
100 296
100 106
100 544
100 190
100 283
100 462
100 19
100 262
100 69
100 496
100 222
100 113
100 430
100 22
100 679
100 184
100 314
100 21
100 386
100 176
100 381
100 168
100 418
100 108
100 177
100 66
100 289
100 256
100 317
100 281
100 90
100 1038
100 325
100 374
100 137
100 171
100 17
100 366
100 341
100 37
100 645
100 135
100 64
100 45
100 10
100 103
100 45
100 315
100 297
100 57
100 197
100 101
100 83
100 24
100 95
100 176
100 373
100 10
100 305
100 498
100 150
100 158
100 145
100 519
100 170
100 159
100 202
100 225
100 183
100 365
100 33
100 474
100 291
100 820
100 53
100 26
100 16
100 1431
100 79
100 53
100 192
100 325
100 1481
100 91
100 9
100 932
100 53
100 266
100 178
100 286
100 240
100 40
100 320
100 643
100 264
100 218
100 81
100 45
100 735
100 186
100 394
100 202
100 275
100 479
100 145
100 123
100 628
100 803
100 329
100 65
100 7
100 99
100 0
100 447
100 162
100 169
100 59
100 248
100 377
100 375
100 37
100 130
100 78
100 171
100 1041
100 221
100 50
100 531
100 572
100 154
100 92
100 2
100 403
100 317
100 359
100 473
100 243
100 296
100 196
100 226
100 176
100 1
100 545
100 498
100 1473
100 58
100 260
100 15
100 12
100 199
100 789
100 6
100 493
100 341
100 193
100 85
100 12
100 408
100 41
100 356
100 905
100 30
100 19
100 851
100 913
100 416
100 59
100 420
100 115
100 103
100 28
100 211
100 173
100 64
100 163
100 156
100 458
100 33
100 241
100 120
100 102
100 323
100 56
100 181
100 377
100 596
100 1033
100 681
100 29
100 121
100 143
100 88
100 365
100 464
100 84
100 44
100 754
100 70
100 64
100 337
100 29
100 1171
100 688
100 332
100 147
100 5
100 193
100 55
100 56
100 10
100 16
100 455
100 377
100 328
100 112
100 268
100 317
100 123
100 117
100 290
100 189
100 386
100 57
100 379
100 54
100 636
100 65
100 163
100 245
100 66
100 424
100 180
100 71
100 414
100 99
100 204
100 139
100 975
100 376
100 64
100 173
100 251
100 203
100 211
100 109
100 264
100 38
100 78
100 769
100 119
100 886
100 53
100 13
100 59
100 470
100 19
100 886
100 793
100 81
100 317
100 507
100 351
100 60
100 306
100 208
100 168
100 510
100 147
100 484
100 121
100 216
100 308
100 4
100 153
100 75
100 309
100 267
100 64
100 285
100 578
100 990
100 26
100 1
100 634
100 97
100 770
100 957
100 460
100 295
100 1414
100 214
100 230
100 130
100 76
100 115
100 632
100 389
100 1245
100 925
100 383
100 181
100 6
100 326
100 603
100 499
100 121
100 176
100 493
100 32
100 115
100 29
100 139
100 89
100 368
100 107
100 165
100 621
100 61
100 110
100 723
100 536
100 156
100 326
100 446
100 63
100 160
100 200
100 192
100 111
100 47
100 647
100 147
100 176
100 35
100 175
100 5
100 1095
100 1006
100 97
100 419
100 444
100 299
100 144
100 261
100 540
100 409
100 285
100 109
100 27
100 72
100 62
100 141
100 121
100 429
100 80
100 9
100 45
100 194
100 125
100 237
100 60
100 0
100 466
100 795
100 53
100 1284
100 25
100 84
100 221
100 731
100 63
100 717
100 424
100 17
100 0
100 289
100 351
100 1062
100 51
100 295
100 917
100 19
100 165
100 225
100 101
100 448
100 364
100 139
100 212
100 152
100 74
100 422
100 1136
100 231
100 108
100 136
100 312
100 317
100 77
100 28
100 261
100 242
100 220
100 597
100 440
100 69
100 297
100 112
100 348
100 167
100 99
100 247
100 162
100 73
100 190
100 31
100 2
100 29
100 94
100 173
100 66
100 16
100 342
100 397
100 45
100 78
100 137
100 28
100 345
100 184
100 696
100 74
100 18
100 115
100 24
100 33
100 252
100 151
100 155
100 557
100 249
100 274
100 11
100 84
100 224
100 229
100 462
100 77
100 63
100 429
100 81
100 255
100 532
100 165
100 76
100 3
100 11
100 1063
100 37
100 258
100 279
100 424
100 130
100 591
100 50
100 360
100 177
100 153
100 427
100 664
100 101
100 454
100 587
100 33
100 242
100 203
100 77
100 112
100 1278
100 748
100 149
100 334
100 66
100 169
100 248
100 127
100 469
100 349
100 87
100 302
100 23
100 114
100 101
100 79
100 222
100 307
100 2
100 107
100 33
100 676
100 426
100 68
100 7
100 428
100 999
100 105
100 117
100 607
100 344
100 206
100 409
100 229
100 207
100 146
100 402
100 5
100 127
100 969
100 281
100 278
100 877
100 258
100 120
100 399
100 117
100 145
100 438
100 115
100 193
100 308
100 79
100 70
100 233
100 372
100 219
100 411
100 181
100 237
100 38
100 1717
100 8
100 356
100 224
100 161
100 93
100 356
100 39
100 214
100 103
100 113
100 3
100 171
100 443
100 304
100 414
100 494
100 304
100 329
100 522
100 11
100 230
100 74
100 99
100 14
100 36
100 182
100 28
100 143
100 277
100 530
100 68
100 548
100 103
100 336
100 11
100 7
100 285
100 275
100 425
100 18
100 92
100 284
100 248
100 39
100 173
100 818
100 767
100 190
100 15
100 381
100 9
100 102
100 205
100 125
100 292
100 84
100 5
100 226
100 73
100 1059
100 120
100 110
100 108
100 43
100 90
100 484
100 132
100 1337
100 341
100 60
100 8
100 165
100 1860
100 373
100 705
100 754
100 130
100 38
100 643
100 239
100 538
100 472
100 532
100 951
100 115
100 223
100 364
100 483
100 77
100 42
100 158
100 836
100 2
100 47
100 222
100 517
100 137
100 239
100 432
100 649
100 368
100 289
100 410
100 106
100 356
100 39
100 487
100 64
100 35
100 549
100 81
100 152
100 106
100 34
100 431
100 421
100 278
100 103
100 176
100 249
100 665
100 567
100 742
100 1073
100 220
100 992
100 46
100 64
100 97
100 10
100 103
100 733
100 404
100 7
100 590
100 63
100 149
100 236
100 11
100 4
100 541
100 51
100 250
100 382
100 538
100 405
100 308
100 842
100 458
100 409
100 137
100 98
100 686
100 374
100 195
100 387
100 544
100 130
100 137
100 534
100 82
100 10
100 8
100 219
100 207
100 217
100 386
100 817
100 156
100 2
100 680
100 212
100 101
100 219
100 136
100 98
100 315
100 118
100 91
100 330
100 592
100 79
100 89
100 295
100 193
100 504
100 95
100 118
100 770
100 141
100 8
100 330
100 1353
100 387
100 1150
100 404
100 46
100 831
100 40
100 22
100 93
100 102
100 333
100 202
100 46
100 482
100 325
100 84
100 256
100 22
100 112
100 25
100 89
100 111
100 120
100 12
100 67
100 356
100 731
100 4
100 26
100 393
100 220
100 297
100 116
100 147
100 323
100 558
100 5
100 434
100 884
100 524
100 500
100 210
100 76
100 191
100 313
100 500
100 45
100 233
100 102
100 641
100 1115
100 91
100 423
100 1189
100 117
100 208
100 130
100 124
100 25
100 28
100 507
100 51
100 43
100 161
100 169
100 264
100 71
100 370
100 412
100 90
100 547
100 433
100 740
100 101
100 48
100 126
100 212
100 246
100 733
100 235
100 109
100 4
100 41
100 1534
100 807
100 70
100 961
100 72
100 268
100 74
100 25
100 203
100 81
100 18
100 256
100 552
100 320
100 61
100 94
100 187
100 15
100 71
100 408
100 116
100 134
100 62
