100 262
100 393
100 4
100 381
100 26
100 182
100 264
100 213
100 234
100 22
100 99
100 12
100 12
100 204
100 258
100 366
100 7
100 26
100 250
100 193
100 10
100 177
100 52
100 143
100 147
100 403
100 95
100 172
100 88
100 190
100 281
100 79
100 112
100 10
100 121
100 44
100 124
100 21
100 233
100 187
100 34
100 50
100 205
100 840
100 201
100 42
100 147
100 535
100 322
100 187
100 47
100 102
100 262
100 46
100 694
100 8
100 137
100 304
100 77
100 140
100 90
100 56
100 99
100 184
100 47
100 362
100 500
100 41
100 65
100 205
100 166
100 9
100 70
100 4
100 43
100 5
100 29
100 48
100 11
100 533
100 184
100 275
100 339
100 118
100 79
100 26
100 57
100 423
100 283
100 317
100 76
100 92
100 58
100 272
100 274
100 81
100 388
100 152
100 116
100 203
100 233
100 19
100 279
100 648
100 522
100 59
100 177
100 247
100 376
100 11
100 4
100 141
100 226
100 28
100 451
100 234
100 29
100 19
100 190
100 14
100 11
100 130
100 84
100 47
100 106
100 418
100 76
100 48
100 234
100 77
100 14
100 134
100 172
100 23
100 39
100 173
100 101
100 24
100 60
100 253
100 42
100 58
100 58
100 231
100 14
100 15
100 641
100 405
100 57
100 74
100 26
100 35
100 109
100 79
100 247
100 572
100 332
100 125
100 65
100 156
100 16
100 465
100 74
100 69
100 134
100 119
100 149
100 183
100 104
100 14
100 159
100 138
100 293
100 220
100 12
100 611
100 14
100 130
100 60
100 130
100 600
100 179
100 43
100 62
100 199
100 26
100 117
100 236
100 169
100 727
100 802
100 32
100 271
100 1
100 171
100 17
100 33
100 138
100 196
100 35
100 304
100 75
100 582
100 2
100 212
100 86
100 161
100 7
100 330
100 87
100 87
100 29
100 129
100 37
100 502
100 136
100 40
100 344
100 248
100 66
100 76
100 91
100 17
100 390
100 179
100 90
100 29
100 123
100 206
100 658
100 69
100 393
100 123
100 319
100 708
100 8
100 97
100 159
100 239
100 187
100 16
100 13
100 41
100 205
100 110
100 37
100 31
100 118
100 253
100 48
100 133
100 1
100 79
100 115
100 215
100 535
100 196
100 102
100 16
100 65
100 58
100 42
100 20
100 58
100 432
100 48
100 38
100 233
100 525
100 127
100 56
100 203
100 100
100 22
100 187
100 70
100 60
100 448
100 67
100 820
100 192
100 1
100 57
100 406
100 73
100 421
100 60
100 133
100 284
100 219
100 92
100 6
100 101
100 17
100 197
100 164
100 87
100 226
100 448
100 228
100 191
100 59
100 90
100 355
100 64
100 157
100 131
100 10
100 82
100 76
100 21
100 79
100 54
100 126
100 122
100 14
100 34
100 94
100 36
100 209
100 29
100 78
100 220
100 99
100 34
100 140
100 153
100 270
100 58
100 8
100 208
100 49
100 247
100 79
100 286
100 24
100 303
100 81
100 27
100 216
100 35
100 676
100 194
100 60
100 302
100 16
100 23
100 149
100 126
100 274
100 60
100 2
100 2
100 261
100 40
100 80
100 90
100 14
100 158
100 549
100 242
100 228
100 146
100 29
100 111
100 9
100 156
100 42
100 210
100 302
100 85
100 45
100 244
100 43
100 242
100 153
100 72
100 7
100 29
100 20
100 135
100 90
100 245
100 18
100 59
100 138
100 20
100 100
100 134
100 10
100 154
100 183
100 190
100 419
100 591
100 344
100 173
100 1198
100 179
100 345
100 652
100 545
100 10
100 17
100 74
100 1087
100 590
100 19
100 112
100 466
100 21
100 113
100 140
100 160
100 10
100 174
100 89
100 266
100 538
100 225
100 111
100 15
100 396
100 15
100 26
100 417
100 2
100 40
100 60
100 251
100 285
100 199
100 188
100 65
100 3
100 8
100 86
100 647
100 23
100 66
100 85
100 46
100 44
100 22
100 88
100 199
100 62
100 695
100 1
100 57
100 65
100 5
100 260
100 270
100 49
100 325
100 254
100 119
100 28
100 111
100 73
100 46
100 370
100 183
100 150
100 50
100 538
100 13
100 17
100 13
100 483
100 143
100 164
100 615
100 293
100 204
100 6
100 176
100 136
100 287
100 33
100 160
100 62
100 124
100 66
100 37
100 190
100 294
100 216
100 40
100 14
100 339
100 157
100 654
100 177
100 59
100 159
100 73
100 291
100 106
100 76
100 94
100 364
100 156
100 204
100 438
100 360
100 155
100 21
100 190
100 275
100 52
100 138
100 25
100 85
100 449
100 33
100 369
100 31
100 430
100 70
100 5
100 384
100 155
100 37
100 2
100 109
100 145
100 379
100 171
100 228
100 235
100 358
100 56
100 173
100 27
100 165
100 125
100 22
100 615
100 35
100 184
100 216
100 213
100 13
100 158
100 254
100 322
100 155
100 132
100 76
100 469
100 164
100 134
100 356
100 444
100 366
100 260
100 8
100 230
100 556
100 15
100 80
100 97
100 281
100 408
100 67
100 78
100 49
100 258
100 316
100 7
100 22
100 55
100 560
100 89
100 37
100 31
100 251
100 276
100 54
100 292
100 138
100 100
100 56
100 284
100 372
100 409
100 83
100 0
100 161
100 61
100 45
100 225
100 89
100 161
100 54
100 140
100 147
100 140
100 60
100 116
100 210
100 66
100 21
100 283
100 7
100 17
100 22
100 181
100 435
100 174
100 154
100 91
100 119
100 21
100 253
100 954
100 86
100 395
100 224
100 38
100 38
100 61
100 83
100 117
100 108
100 5
100 295
100 709
100 185
100 67
100 84
100 417
100 41
100 215
100 91
100 200
100 228
100 81
100 189
100 21
100 11
100 0
100 77
100 78
100 314
100 45
100 404
100 245
100 397
100 15
100 88
100 98
100 146
100 32
100 131
100 108
100 22
100 252
100 203
100 179
100 29
100 123
100 53
100 244
100 161
100 74
100 145
100 410
100 69
100 319
100 105
100 44
100 322
100 69
100 378
100 247
100 61
100 583
100 49
100 86
100 36
100 410
100 300
100 116
100 149
100 103
100 145
100 37
100 256
100 121
100 67
100 125
100 454
100 713
100 69
100 470
100 60
100 39
100 659
100 117
100 375
100 200
100 84
100 3
100 169
100 352
100 183
100 177
100 30
100 395
100 226
100 91
100 257
100 8
100 319
100 60
100 74
100 89
100 35
100 42
100 9
100 182
100 0
100 48
100 210
100 212
100 276
100 198
100 150
100 25
100 70
100 148
100 277
100 207
100 48
100 319
100 473
100 503
100 144
100 82
100 0
100 38
100 723
100 73
100 581
100 310
100 255
100 37
100 13
100 31
100 93
100 5
100 133
100 252
100 639
100 65
100 6
100 193
100 230
100 114
100 292
100 114
100 642
100 111
100 17
100 3
100 0
100 440
100 54
100 262
100 130
100 242
100 679
100 79
100 321
100 364
100 13
100 35
100 180
100 56
100 64
100 169
100 260
100 124
100 19
100 34
100 200
100 553
100 27
100 633
100 120
100 138
100 184
100 31
100 461
100 36
100 162
100 28
100 48
100 421
100 285
100 127
100 56
100 16
100 498
100 264
100 84
100 188
100 89
100 12
100 51
100 5
100 60
100 633
100 59
100 267
100 321
100 219
100 118
100 44
100 207
100 201
100 2
100 262
100 46
100 194
100 27
100 101
100 425
100 303
100 328
100 20
100 10
100 216
100 113
100 158
100 134
100 241
100 27
100 203
100 104
100 204
100 26
100 44
100 52
100 286
100 288
100 70
100 236
100 2
100 142
100 0
100 20
100 395
100 45
100 324
100 67
100 17
100 55
100 104
100 66
100 272
100 0
100 72
100 320
100 78
100 100
100 164
100 127
100 70
100 277
100 578
100 159
100 86
100 105
100 343
100 274
100 210
100 6
100 371
100 4
100 232
100 112
100 20
100 208
100 527
100 88
100 52
100 31
100 149
100 2
100 38
100 173
100 51
100 315
100 206
100 215
100 129
100 90
100 143
100 46
100 170
100 40
100 467
100 313
100 471
100 27
100 63
100 483
100 237
100 570
100 169
100 19
100 156
100 337
100 79
100 20
100 74
100 363
100 198
100 52
100 78
100 141
100 448
100 171
100 119
100 60
100 135
100 18
100 352
100 27
100 32
100 65
100 3
100 442
100 62
100 705
100 229
100 154
100 127
100 153
100 427
100 153
100 22
100 13
100 582
100 31
100 520
100 25
100 144
100 61
100 113
100 549
100 67
100 30
100 605
100 36
100 209
100 69
100 112
100 255
100 79
100 175
100 916
100 77
100 17
100 98
100 237
100 218
100 84
100 372
100 70
100 427
100 145
100 338
100 134
100 185
100 264
100 109
100 147
100 36
100 191
100 28
100 607
100 32
100 439
100 110
100 251
100 25
100 37
100 124
100 184
100 105
100 153
100 151
100 24
100 267
100 27
100 57
100 302
100 53
100 699
100 31
100 409
100 90
100 605
100 143
100 234
100 61
100 101
100 53
100 199
100 223
100 112
100 148
100 12
100 285
100 195
100 30
100 279
100 520
100 30
100 115
100 320
100 72
100 107
100 8
100 207
100 267
100 241
100 200
100 48
100 197
100 529
100 41
100 18
100 26
100 293
100 72
100 187
100 162
100 249
100 246
100 169
100 93
100 173
100 42
100 32
100 21
100 69
100 472
100 24
100 132
100 116
100 38
100 367
100 227
100 176
100 238
100 324
100 267
100 142
100 328
100 101
100 26
100 11
100 526
100 42
100 0
100 33
100 21
100 207
100 599
100 227
100 248
100 1
100 42
100 112
100 213
100 40
100 36
100 146
100 457
100 96
100 619
100 334
100 174
100 8
100 330
100 272
100 4
100 394
100 283
100 393
100 42
100 86
100 666
100 6
100 7
100 438
100 69
100 82
100 467
100 231
100 118
100 13
100 223
100 201
100 729
100 841
100 464
100 5
100 4
100 84
100 49
100 13
100 4
100 230
100 20
100 375
100 86
100 38
100 252
100 49
100 101
100 456
100 99
100 133
100 61
100 59
100 60
100 122
100 159
100 49
100 300
100 88
100 126
100 316
100 207
100 8
100 51
100 657
100 70
100 348
100 10
100 233
100 31
100 86
100 12
100 77
100 140
100 97
100 41
100 141
100 17
100 131
100 173
100 227
100 150
100 198
100 192
100 55
100 21
100 399
100 253
100 52
100 104
100 108
100 181
100 45
100 195
100 35
100 569
100 82
100 295
100 23
100 395
100 81
100 8
100 96
100 85
100 96
100 75
100 91
100 17
100 84
100 19
100 145
100 79
100 96
100 107
100 181
100 23
100 132
100 302
100 79
100 73
100 116
100 71
100 102
100 1
100 199
100 109
100 165
100 25
100 45
100 197
100 324
100 28
100 599
100 116
100 85
100 103
100 145
100 45
100 129
100 251
100 415
100 64
100 158
100 529
100 52
100 26
100 7
100 785
100 121
100 17
100 114
100 261
100 2
100 1223
100 235
100 256
100 697
100 90
100 290
100 123
100 75
100 120
100 284
100 196
100 267
100 69
100 462
100 19
100 867
100 492
100 19
100 79
100 81
100 117
100 507
100 353
100 117
100 391
100 408
100 4
100 197
100 119
100 172
100 18
100 198
100 194
100 282
100 1
100 223
100 109
100 735
100 66
100 385
100 8
100 316
100 501
100 184
100 73
100 42
100 5
100 20
100 53
100 102
100 147
100 223
100 168
100 105
100 21
100 48
100 35
100 85
100 114
100 411
100 225
100 483
100 87
100 257
100 92
100 116
100 2
100 78
100 43
100 15
100 12
100 9
100 53
100 11
100 121
100 293
100 170
100 27
100 1
100 198
100 207
100 64
100 385
100 135
100 556
100 166
100 337
100 255
100 214
100 283
100 177
100 59
100 22
100 115
100 412
100 110
100 160
100 129
100 267
100 24
100 404
100 456
100 59
100 87
100 148
100 446
100 117
100 32
100 255
100 288
100 93
100 440
100 160
100 71
100 0
100 13
100 789
100 263
100 8
100 134
100 117
100 403
100 215
100 152
100 116
100 509
100 175
100 89
100 397
100 434
100 278
100 82
100 388
100 28
100 78
100 116
100 54
100 174
100 69
100 199
100 5
100 625
100 118
100 141
100 86
100 193
100 207
100 135
100 63
100 123
100 83
100 31
100 352
100 46
100 176
100 132
100 14
100 126
100 67
100 40
100 85
100 204
100 85
100 58
100 66
100 110
100 401
100 300
100 154
100 547
100 27
100 55
100 148
100 398
100 380
100 229
100 49
100 54
100 83
100 23
100 91
100 176
100 118
100 21
100 633
100 219
100 37
100 25
100 16
100 61
100 81
100 330
100 243
100 59
100 269
100 73
100 146
100 279
100 99
100 296
100 25
100 48
100 94
100 155
100 85
100 321
100 139
100 413
100 325
100 451
100 25
100 7
100 419
100 111
100 43
100 187
100 73
100 180
100 271
100 153
100 102
100 290
100 92
100 11
100 45
100 28
100 25
100 197
100 3
100 255
100 129
100 1
100 137
100 207
100 67
100 135
100 65
100 20
100 206
100 80
100 14
100 287
100 394
100 8
100 16
100 318
100 161
100 2
100 78
100 302
100 35
100 361
100 61
100 80
100 42
100 313
100 39
100 204
100 57
100 196
100 144
100 275
100 297
100 265
100 414
100 519
100 27
100 312
100 350
100 194
100 50
100 116
100 111
100 28
100 56
100 56
100 349
100 47
100 116
100 149
100 110
100 74
100 360
100 214
100 167
100 121
100 93
100 67
100 103
100 206
100 68
100 76
100 7
100 90
100 229
100 163
100 27
100 14
100 9
100 378
100 68
100 39
100 186
100 109
100 18
100 42
100 76
100 12
100 115
100 195
100 108
100 139
100 667
100 40
100 5
100 69
100 261
100 1004
100 239
100 158
100 42
100 21
100 214
100 301
100 33
100 268
100 10
100 161
100 51
100 116
100 75
100 292
100 54
100 162
100 16
100 72
100 58
100 925
100 131
100 138
100 621
100 63
100 357
100 515
100 47
100 219
100 24
100 87
100 71
100 543
100 0
100 165
100 108
100 63
100 349
100 119
100 31
100 25
100 260
100 249
100 98
100 7
100 229
100 71
100 106
100 2
100 1028
100 28
100 41
100 7
100 338
100 232
100 36
100 89
100 41
100 383
100 225
100 168
100 511
100 106
100 176
100 48
100 38
100 21
100 389
100 291
100 112
100 59
100 58
100 90
100 338
100 243
100 21
100 6
100 377
100 182
100 275
100 85
100 233
100 14
100 167
100 243
100 41
100 75
100 1
100 95
100 243
100 4
100 16
100 102
100 332
100 153
100 22
100 226
100 318
100 28
100 245
100 209
100 9
100 4
100 30
100 557
100 5
100 21
100 49
100 73
100 43
100 15
100 180
100 117
100 69
100 93
100 416
100 56
100 87
100 28
100 192
100 391
100 302
100 236
100 511
100 14
100 227
100 71
100 93
100 114
100 1
100 216
100 677
100 175
100 91
100 81
100 12
100 3
100 166
100 273
100 20
100 164
100 19
100 100
100 530
100 84
100 135
100 131
100 75
100 749
100 625
100 172
100 417
100 295
100 7
100 261
100 169
100 221
100 635
100 52
100 158
100 71
100 144
100 507
100 275
100 77
100 414
100 19
100 780
100 430
100 484
100 627
100 432
100 100
100 82
100 498
100 255
100 30
100 166
100 52
100 0
100 99
100 385
100 166
100 148
100 245
100 12
100 206
100 320
100 458
100 115
100 6
100 59
100 394
100 10
100 19
100 267
100 34
100 137
100 66
100 219
100 96
100 0
100 52
100 227
100 192
100 425
100 341
100 50
100 178
100 6
100 0
100 130
100 37
100 13
100 29
100 105
100 320
100 163
100 220
100 523
100 80
100 70
100 235
100 712
100 259
100 97
100 280
100 21
100 623
100 390
100 203
100 586
100 27
100 31
100 88
100 276
100 157
100 202
100 103
100 444
100 102
100 25
100 216
100 105
100 247
100 123
100 148
100 4
100 59
100 33
100 658
100 17
100 32
100 506
100 465
100 10
100 33
100 91
100 121
100 47
100 124
100 220
100 112
100 855
100 97
100 153
100 390
100 156
100 24
100 119
100 27
100 21
100 35
100 157
100 355
100 0
100 295
100 67
100 19
100 410
100 74
100 55
100 15
100 5
100 78
100 256
100 176
100 478
100 33
100 70
100 120
100 61
100 257
100 88
100 536
100 279
100 138
100 222
100 274
100 105
100 26
100 387
100 144
100 153
100 175
100 246
100 13
100 151
100 656
100 197
100 20
100 140
100 146
100 32
100 677
100 293
100 94
100 135
100 126
100 493
100 523
100 94
100 439
100 91
100 333
100 220
100 23
100 330
100 289
100 326
100 5
100 31
100 10
100 155
100 87
100 190
100 4
100 98
100 535
100 662
100 311
100 316
100 338
100 119
100 82
100 125
100 267
100 78
100 110
100 440
100 561
100 32
100 1
100 230
100 311
100 84
100 353
100 505
100 310
100 394
100 191
100 102
100 199
100 319
100 116
100 132
100 164
100 67
100 300
100 50
100 5
100 429
100 585
100 635
100 113
100 48
100 184
100 452
100 79
100 48
100 243
100 83
100 0
100 618
100 0
100 425
100 31
100 105
100 234
100 6
100 303
100 3
100 358
100 100
100 615
100 240
100 139
100 144
100 37
100 137
100 208
100 37
100 107
100 434
100 436
100 197
100 5
100 59
100 23
100 47
100 276
100 174
100 24
100 97
100 38
100 85
100 0
100 5
100 98
100 3
100 86
100 105
100 30
100 62
100 220
100 176
100 122
100 239
100 106
100 4
100 118
100 25
100 619
100 329
100 141
100 20
100 139
100 190
100 122
100 169
100 31
100 38
100 80
100 19
100 478
100 225
100 249
100 147
100 0
100 542
100 62
100 10
100 89
100 360
100 103
100 89
100 50
100 32
100 106
100 3
100 10
100 23
100 682
100 294
100 9
100 198
100 214
100 80
100 382
100 137
100 45
100 45
100 264
100 232
100 127
100 337
100 48
100 122
100 33
100 477
100 103
100 96
100 35
100 473
100 211
100 197
100 32
100 302
100 148
100 281
100 26
100 233
100 327
100 158
100 357
100 528
100 366
100 100
100 4
100 245
100 169
100 177
100 15
100 235
100 290
100 290
100 237
100 231
100 65
100 27
100 100
100 51
100 107
100 88
100 69
100 114
100 273
100 4
100 103
100 25
100 85
100 5
100 4
100 205
100 3
100 168
100 7
100 139
100 336
100 128
100 187
100 439
100 59
100 64
100 263
100 64
100 102
100 220
100 22
100 52
100 295
100 43
100 50
100 340
100 223
100 190
100 282
100 55
100 187
100 191
100 389
100 158
100 100
100 85
100 761
100 31
100 559
100 542
100 191
100 6
100 162
100 312
100 266
100 40
100 127
100 94
100 32
100 946
100 12
100 175
100 356
100 67
100 154
100 34
100 216
100 63
100 94
100 111
100 136
100 137
100 36
100 7
100 334
100 17
100 164
100 46
100 206
100 21
100 279
100 200
100 76
100 149
100 659
100 163
100 340
100 109
100 117
100 2
100 149
100 17
100 25
100 85
100 58
100 220
100 14
100 105
100 395
100 284
100 183
100 106
100 15
100 52
100 117
100 39
100 190
100 354
100 2
100 207
100 42
100 203
100 455
100 563
100 600
100 36
100 205
100 685
100 77
100 14
100 14
100 33
100 114
100 285
100 85
100 413
100 392
100 11
100 87
100 147
100 255
100 2
100 30
100 72
100 112
100 598
100 390
100 204
100 209
100 22
100 419
100 14
100 72
100 177
100 126
100 186
100 114
100 309
100 191
100 112
100 345
100 408
100 139
100 174
100 69
100 191
100 141
100 251
100 19
100 1087
100 142
100 110
100 19
100 55
100 100
100 7
100 95
100 27
100 243
100 100
100 397
100 251
100 49
100 45
100 265
100 651
100 32
100 127
100 604
100 217
100 151
100 238
100 184
100 294
100 183
100 316
100 103
100 339
100 14
100 81
100 20
100 91
100 96
100 0
100 468
100 221
100 157
100 253
100 125
100 53
100 211
100 415
100 253
100 46
100 94
100 214
100 104
100 470
100 552
100 52
100 9
100 60
100 104
100 35
100 798
100 204
100 157
100 163
100 79
100 175
100 30
100 6
100 151
100 53
100 42
100 327
100 724
100 78
100 73
100 338
100 206
100 366
100 89
100 29
100 79
100 125
100 15
100 26
100 29
100 199
100 67
100 52
100 415
100 141
100 106
100 8
100 1034
100 211
100 55
100 190
100 116
100 43
100 246
100 360
100 58
100 38
100 19
100 343
100 151
100 16
100 157
100 94
100 147
100 139
100 0
100 396
100 289
100 8
100 409
100 245
100 61
100 4
100 2
100 23
100 70
100 868
100 29
100 11
100 107
100 241
100 262
100 217
100 320
100 20
100 46
100 47
100 318
100 48
100 267
100 248
100 258
100 297
100 19
100 289
100 1282
100 722
100 85
100 69
100 119
100 44
100 402
100 101
100 91
100 113
100 43
100 108
100 89
100 140
100 36
100 151
100 201
100 132
100 244
100 119
100 189
100 78
100 300
100 86
100 11
100 217
100 23
100 363
100 221
100 204
100 61
100 147
100 5
100 119
100 249
100 317
100 13
100 158
100 195
100 0
100 297
100 15
100 134
100 682
100 430
100 44
100 63
100 391
100 230
100 44
100 90
100 433
100 138
100 199
100 46
100 59
100 440
100 154
100 39
100 398
100 370
100 12
100 310
100 83
100 305
100 219
100 262
100 29
100 63
100 227
100 160
100 124
100 32
100 212
100 300
100 164
100 309
100 88
100 66
100 161
100 383
100 440
100 77
100 149
100 133
100 66
100 46
100 35
100 487
100 85
100 135
100 122
100 168
100 132
100 374
100 434
100 417
100 23
100 33
100 440
100 256
100 160
100 120
100 208
100 337
100 283
100 102
100 41
100 56
100 201
100 343
100 239
100 170
100 475
100 22
100 25
100 59
100 108
100 48
100 84
100 119
100 192
100 28
100 174
100 75
100 282
100 631
100 414
100 699
100 361
100 20
100 56
100 53
100 46
100 255
100 45
100 448
100 63
100 863
100 86
100 1
100 332
100 124
100 184
100 219
100 203
100 271
100 313
100 507
100 164
100 5
100 124
100 89
100 377
100 94
100 464
100 370
100 472
100 175
100 80
100 254
100 367
100 62
100 115
100 130
100 22
100 251
100 16
100 76
100 141
100 28
100 391
100 60
100 142
100 107
100 9
100 226
100 53
100 17
100 107
100 142
100 65
100 76
100 99
100 49
100 615
100 2
100 15
100 236
100 137
100 223
100 55
100 26
100 179
100 105
100 264
100 126
100 60
100 51
100 71
100 13
100 117
100 17
100 76
100 237
100 129
100 23
100 230
100 416
100 8
100 228
100 152
100 439
100 87
100 137
100 549
100 38
100 61
100 57
100 45
100 32
100 1
100 14
100 687
100 653
100 29
100 155
100 66
100 115
100 280
100 102
100 74
100 218
100 37
100 0
100 6
100 243
100 33
100 16
100 74
100 279
100 58
100 25
100 292
100 101
100 297
100 272
100 188
100 25
100 326
100 136
100 357
100 29
100 655
100 60
100 28
100 271
100 106
100 27
100 373
100 401
100 3
100 29
100 97
100 82
100 35
100 2
100 109
100 25
100 120
100 17
100 174
100 83
100 410
100 34
100 21
100 52
100 27
100 542
100 63
100 358
100 97
100 26
100 36
100 246
100 141
100 229
100 137
100 289
100 23
100 42
100 577
100 11
100 343
100 110
100 115
100 355
100 298
100 223
100 19
100 67
100 29
100 46
100 82
100 82
100 14
100 52
100 228
100 14
100 121
100 129
100 23
100 52
100 84
100 104
100 191
100 242
100 277
100 319
100 56
100 35
100 6
100 259
100 0
100 130
100 289
100 353
100 156
100 46
100 406
100 94
100 52
100 447
100 587
100 47
100 81
100 240
100 801
100 80
100 288
100 237
100 315
100 45
100 60
100 40
100 39
100 12
100 101
100 28
100 129
100 263
100 367
100 31
100 38
100 41
100 174
100 118
100 112
100 339
100 171
100 670
100 74
100 108
100 39
100 72
100 331
100 229
100 300
100 83
100 48
100 106
100 204
100 205
100 52
100 40
100 34
100 104
100 397
100 74
100 172
100 71
100 235
100 237
100 204
100 45
100 11
100 33
100 447
100 92
100 560
100 231
100 515
100 444
100 267
100 85
100 444
100 41
100 186
100 37
100 12
100 51
100 208
100 37
100 697
100 17
100 51
100 80
100 144
100 212
100 181
100 29
100 514
100 3
100 45
100 11
100 85
100 61
100 3
100 200
100 225
100 126
100 388
100 78
100 105
100 38
100 324
100 217
100 38
100 24
100 33
100 35
100 191
100 8
100 154
100 294
100 433
100 64
100 299
100 174
100 107
100 90
100 327
100 135
100 277
100 96
100 80
100 136
100 243
100 304
100 226
100 39
100 174
100 81
100 283
100 85
100 20
100 125
100 87
100 16
100 140
100 33
100 303
100 185
100 148
100 350
100 159
100 396
100 287
100 117
100 120
100 288
100 5
100 188
100 238
100 53
100 98
100 37
100 123
100 130
100 212
100 103
100 557
100 218
100 33
100 332
100 192
100 67
100 147
100 273
100 214
100 1
100 105
100 22
100 302
100 317
100 124
100 422
100 26
100 74
100 82
100 105
100 100
100 410
100 1
100 424
100 137
100 195
100 97
100 288
100 26
100 25
100 86
100 92
100 379
100 57
100 181
100 180
100 79
100 324
100 5
100 239
100 84
100 79
100 87
100 146
100 52
100 106
100 693
100 22
100 13
100 107
100 102
100 114
100 14
100 414
100 118
100 312
100 59
100 183
100 57
100 157
100 178
100 576
100 53
100 74
100 319
100 65
100 46
100 11
100 166
100 296
100 264
100 6
100 46
100 11
100 160
100 255
100 8
100 316
100 261
100 131
100 81
100 121
100 139
100 117
100 36
100 18
100 175
100 261
100 397
100 44
100 481
100 34
100 43
100 136
100 515
100 96
100 99
100 6
100 12
100 34
100 407
100 260
100 204
100 4
100 4
100 124
100 336
100 0
100 150
100 191
100 40
100 83
100 173
100 712
100 211
100 172
100 61
100 568
100 398
100 391
100 334
100 295
100 9
100 141
100 22
100 114
100 221
100 113
100 2
100 107
100 77
100 147
100 86
100 274
100 32
100 160
100 133
100 60
100 171
100 52
100 43
100 310
100 95
100 187
100 112
100 66
100 88
100 672
100 13
100 102
100 126
100 134
100 158
100 559
100 72
100 8
100 405
100 10
100 3
100 602
100 395
100 22
100 208
100 220
100 35
100 95
100 470
100 84
100 298
100 41
100 325
100 171
100 140
100 265
100 115
100 42
100 145
100 11
100 263
100 116
100 132
100 92
100 190
100 55
100 22
100 191
100 211
100 68
100 404
100 231
100 9
100 34
100 151
100 151
100 18
100 31
100 158
100 225
100 7
100 50
100 23
100 97
100 61
100 71
100 79
100 54
100 547
100 46
100 313
100 1
100 173
100 25
100 114
100 22
100 150
100 36
100 13
100 144
100 14
100 259
100 43
100 150
100 99
100 161
100 125
100 10
100 70
100 34
100 60
100 28
100 328
100 118
100 544
100 68
100 279
100 475
100 74
100 242
100 81
100 214
100 98
100 29
100 419
100 177
100 516
100 24
100 47
100 73
100 152
100 7
100 150
100 18
100 145
100 308
100 127
100 293
100 19
100 17
100 226
100 277
100 93
100 19
100 308
100 439
100 25
100 44
100 175
100 27
100 174
100 260
100 343
100 438
100 427
100 246
100 205
100 2
100 35
100 45
100 140
100 202
100 174
100 295
100 247
100 30
100 270
100 313
100 79
100 257
100 32
100 409
100 266
100 141
100 15
100 368
100 66
100 21
100 64
100 75
100 112
100 64
100 297
100 45
100 32
100 153
100 213
100 536
100 399
100 26
100 57
100 17
100 265
100 217
100 804
100 7
100 131
100 84
100 225
100 23
100 220
100 259
100 23
100 657
100 493
100 71
100 0
100 41
100 185
100 795
100 180
100 475
100 116
100 19
100 518
100 63
100 170
100 112
100 17
100 226
100 11
100 180
100 184
100 79
100 14
100 255
100 154
100 334
100 64
100 108
100 97
100 132
100 19
100 268
100 298
100 315
100 103
100 159
100 1
100 14
100 500
100 74
100 128
100 209
100 209
100 56
100 34
100 345
100 108
100 246
100 69
100 102
100 1275
100 6
100 61
100 89
100 343
100 118
100 133
100 280
100 62
100 271
100 291
100 188
100 1051
100 135
100 64
100 17
100 10
100 8
100 330
100 10
100 718
100 28
100 343
100 64
100 254
100 173
100 9
100 282
100 69
100 6
100 85
100 329
100 438
100 233
100 470
100 2
100 253
100 133
100 22
100 1
100 400
100 329
100 62
100 199
100 326
100 112
100 47
100 350
100 194
100 451
100 110
100 393
100 5
100 49
100 196
100 32
100 149
100 26
100 150
100 379
100 357
100 22
100 60
100 47
100 591
100 350
100 217
100 372
100 39
100 22
100 53
100 394
100 48
100 17
100 21
100 82
100 94
100 18
100 9
100 448
100 722
100 187
100 516
100 128
100 205
100 19
100 138
100 95
100 335
100 34
100 414
100 440
100 459
100 51
100 110
100 6
100 463
100 32
100 35
100 141
100 5
100 105
100 174
100 57
100 22
100 232
100 68
100 102
100 23
100 249
100 9
100 415
100 224
100 240
100 135
100 41
100 29
100 55
100 188
100 326
100 244
100 83
100 301
100 251
100 93
100 330
100 36
100 10
100 133
100 448
100 885
100 96
100 273
100 303
100 87
100 82
100 285
100 343
100 260
100 24
100 66
100 125
100 758
100 75
100 182
100 76
100 64
100 234
100 44
100 0
100 425
100 195
100 102
100 180
100 219
100 124
100 788
100 253
100 17
100 83
100 9
100 342
100 229
100 138
100 60
100 70
100 91
100 169
100 108
100 386
100 222
100 155
100 256
100 171
100 113
100 17
100 184
100 223
100 68
100 371
100 356
100 108
100 59
100 128
100 308
100 99
100 167
100 222
100 46
100 234
100 205
100 221
100 25
100 75
100 241
100 155
100 22
100 61
100 276
100 473
100 82
100 59
100 134
100 318
100 787
100 89
100 207
100 701
100 38
100 229
100 10
100 183
100 627
100 176
100 51
100 90
100 355
100 17
100 304
100 106
100 71
100 71
100 0
100 117
100 337
100 133
100 36
100 0
100 104
100 234
100 129
100 7
100 140
100 191
100 26
100 391
100 24
100 584
100 604
100 119
100 397
100 19
100 82
100 16
100 56
100 215
100 28
100 121
100 0
100 7
100 45
100 224
100 209
100 472
100 489
100 129
100 49
100 20
100 301
100 237
100 22
100 44
100 192
100 283
100 70
100 27
100 17
100 48
100 226
100 173
100 131
100 38
100 169
100 81
100 443
100 6
100 99
100 103
100 4
100 4
100 0
100 13
100 139
100 297
100 189
100 137
100 124
100 298
100 94
100 83
100 117
100 718
100 16
100 15
100 152
100 95
100 253
100 30
100 37
100 39
100 298
100 393
100 63
100 279
100 73
100 80
100 156
100 68
100 19
100 259
100 121
100 32
100 124
100 246
100 379
100 63
100 61
100 68
100 607
100 103
100 45
100 560
100 143
100 48
100 582
100 13
100 56
100 22
100 4
100 19
100 108
100 8
100 299
100 99
100 197
100 18
100 402
100 13
100 160
100 23
100 166
100 570
100 206
100 160
100 44
100 21
100 75
100 171
100 164
100 312
100 32
100 50
100 11
100 227
100 205
100 37
100 120
100 87
100 95
100 0
100 145
100 133
100 16
100 59
100 218
100 4
100 74
100 140
100 120
100 81
100 142
100 44
100 214
100 10
100 105
100 205
100 50
100 128
100 527
100 152
100 92
100 358
100 371
100 17
100 250
100 210
100 86
100 172
100 251
100 129
100 207
100 47
100 177
100 130
100 111
100 780
100 64
100 226
100 130
100 32
100 241
100 85
100 237
100 55
100 188
100 734
100 18
100 214
100 90
100 24
100 314
100 59
100 80
100 122
100 22
100 15
100 56
100 500
100 54
100 274
100 18
100 654
100 129
100 121
100 59
100 132
100 102
100 90
100 145
100 255
100 123
100 149
100 390
100 110
100 103
100 83
100 37
100 143
100 569
100 145
100 53
100 77
100 4
100 337
100 421
100 262
100 90
100 21
100 84
100 23
100 89
100 47
100 105
100 76
100 36
100 318
100 245
100 51
100 160
100 457
100 200
100 65
100 219
100 63
100 603
100 83
100 93
100 287
100 23
100 418
100 166
100 114
100 49
100 250
100 150
100 231
100 134
100 82
100 21
100 378
100 276
100 24
100 1
100 69
100 596
100 346
100 3
100 89
100 38
100 360
100 243
100 72
100 48
100 21
100 68
100 211
100 429
100 56
100 14
100 18
100 253
100 166
100 16
100 106
100 107
100 162
100 112
100 12
100 151
100 140
100 505
100 376
100 22
100 739
100 532
100 404
100 467
100 144
100 244
100 101
100 449
100 9
100 448
100 146
100 147
100 694
100 378
100 20
100 95
100 7
100 217
100 30
100 33
100 292
100 497
100 22
100 161
100 117
100 331
100 49
100 606
100 264
100 54
100 142
100 54
100 169
100 247
100 55
100 21
100 102
100 161
100 636
100 31
100 240
100 19
100 712
100 228
100 385
100 215
100 1
100 81
100 223
100 270
100 228
100 64
100 3
100 15
100 33
100 41
100 429
100 38
100 179
100 44
100 219
100 41
100 46
100 96
100 187
100 169
100 47
100 0
100 165
100 103
100 99
100 126
100 215
100 455
100 294
100 78
100 8
100 52
100 100
100 139
100 187
100 418
100 154
100 300
100 734
100 422
100 259
100 1
100 225
100 86
100 306
100 96
100 261
100 93
100 761
100 23
100 126
100 21
100 38
100 187
100 5
100 128
100 44
100 127
100 74
100 135
100 19
100 120
100 198
100 88
100 348
100 246
100 9
100 25
100 21
100 34
100 1
100 68
100 65
100 144
100 10
100 9
100 23
100 176
100 334
100 395
100 668
100 64
100 74
100 107
100 34
100 200
100 72
100 166
100 57
100 37
100 25
100 503
100 56
100 64
100 83
100 400
100 102
100 363
100 206
100 70
100 163
100 266
100 38
100 135
100 25
100 167
100 276
100 190
100 14
100 4
100 138
100 19
100 395
100 98
100 32
100 34
100 255
100 151
100 277
100 1260
100 683
100 375
100 857
100 666
100 115
100 15
100 103
100 120
100 91
100 12
100 41
100 182
100 20
100 170
100 251
100 196
100 82
100 89
100 41
100 296
100 647
100 190
100 327
100 23
100 760
100 163
100 95
100 3
100 454
100 421
100 15
100 158
100 229
100 47
100 130
100 81
100 81
100 246
100 37
100 734
100 550
100 114
100 245
100 716
100 67
100 353
100 95
100 265
100 215
100 104
100 20
100 86
100 176
100 117
100 35
100 217
100 217
100 190
100 14
100 375
100 541
100 71
100 74
100 126
100 369
100 179
100 113
100 164
100 0
100 81
100 64
100 58
100 92
100 219
100 309
100 132
100 62
100 41
100 87
100 18
100 216
100 172
100 89
100 19
100 99
100 95
100 84
100 356
100 142
100 80
100 167
100 243
100 150
100 102
100 13
100 39
100 43
100 27
100 534
100 180
100 105
100 24
100 56
100 51
100 459
100 227
100 6
100 58
100 8
100 139
100 258
100 88
100 61
100 37
100 9
100 219
100 129
100 30
100 328
100 20
100 70
100 93
100 60
100 269
100 154
100 18
100 135
100 89
100 22
100 175
100 81
100 210
100 267
100 36
100 32
100 6
100 65
100 16
100 18
100 44
100 557
100 122
100 21
100 55
100 128
100 317
100 83
100 148
100 204
100 126
100 112
100 151
100 45
100 91
100 167
100 70
100 658
100 391
100 119
100 602
100 106
100 10
100 48
100 286
100 688
100 230
100 46
100 299
100 21
100 96
100 147
100 232
100 27
100 1310
100 3
100 13
100 149
100 158
100 87
100 96
100 25
100 222
100 155
100 74
100 291
100 208
100 44
100 380
100 330
100 61
100 504
100 613
100 242
100 11
100 240
100 63
100 41
100 365
100 612
100 281
100 93
100 154
100 354
100 36
100 23
100 93
100 58
100 356
100 22
100 399
100 106
100 44
100 29
100 35
100 652
100 310
100 192
100 80
100 234
100 244
100 36
100 398
100 376
100 8
100 107
100 65
100 301
100 6
100 244
100 281
100 7
100 23
100 104
100 162
100 96
100 22
100 99
100 385
100 308
100 183
100 129
100 42
100 19
100 62
100 163
100 168
100 796
100 137
100 21
100 23
100 201
100 37
100 174
100 207
100 0
100 37
100 150
100 305
100 8
100 90
100 29
100 130
100 186
100 29
100 142
100 183
100 171
100 346
100 187
100 161
100 80
100 40
100 258
100 180
100 22
100 59
100 357
100 52
100 251
100 61
100 104
100 208
100 112
100 17
100 86
100 111
100 214
100 430
100 399
100 15
100 44
100 311
100 4
100 103
100 336
100 79
100 265
100 46
100 14
100 210
100 144
100 6
100 73
100 11
100 78
100 128
100 188
100 108
100 132
100 9
100 123
100 153
100 119
100 766
100 113
100 298
100 18
100 333
100 68
100 156
100 10
100 67
100 101
100 71
100 122
100 10
100 245
100 183
100 239
100 426
100 323
100 112
100 78
100 170
100 8
100 15
100 44
100 485
100 94
100 147
100 16
100 203
100 51
100 361
100 3
100 294
100 580
100 40
100 83
100 18
100 28
100 58
100 214
100 64
100 192
100 203
100 298
100 1
100 59
100 364
100 290
100 471
100 209
100 148
100 348
100 85
100 138
100 115
100 122
100 350
100 145
100 106
100 248
100 147
100 451
100 44
100 110
100 287
100 36
100 567
100 104
100 435
100 120
100 178
100 130
100 272
100 7
100 11
100 344
100 120
100 11
100 58
100 56
100 26
100 294
100 158
100 695
100 258
100 20
100 216
100 26
100 247
100 95
100 44
100 41
100 95
100 756
100 93
100 86
100 102
100 136
100 12
100 87
100 55
100 124
100 60
100 236
100 74
100 34
100 507
100 257
100 71
100 123
100 220
100 29
100 69
100 39
100 62
100 4
100 120
100 0
100 31
100 92
100 73
100 146
100 96
100 134
100 155
100 35
100 195
100 127
100 223
100 395
100 240
100 26
100 7
100 36
100 84
100 22
100 140
100 23
100 205
100 23
100 230
100 141
100 36
100 220
100 29
100 454
100 140
100 162
100 111
100 104
100 34
100 49
100 116
100 88
100 15
100 297
100 132
100 38
100 16
100 100
100 73
100 96
100 269
100 90
100 414
100 420
100 0
100 63
100 90
100 28
100 31
100 33
100 109
100 527
100 206
100 99
100 37
100 83
100 55
100 384
100 303
100 164
100 70
100 125
100 620
100 145
100 44
100 78
100 303
100 77
100 480
100 4
100 16
100 34
100 153
100 787
100 116
100 8
100 50
100 30
100 79
100 47
100 115
100 367
100 28
100 367
100 562
100 8
100 348
100 131
100 55
100 22
100 288
100 125
100 41
100 562
100 317
100 144
100 42
100 209
100 115
100 59
100 30
100 537
100 644
100 220
100 66
100 417
100 29
100 30
100 160
100 8
100 70
100 7
100 3
100 74
100 209
100 964
100 190
100 126
100 51
100 254
100 15
100 10
100 174
100 28
100 140
100 251
100 144
100 100
100 297
100 142
100 129
100 38
100 2
100 140
100 251
100 157
100 3
100 36
100 108
100 30
100 319
100 101
100 154
100 33
100 316
100 129
100 655
100 18
100 11
100 348
100 18
100 703
100 223
100 5
100 205
100 392
100 16
100 129
100 20
100 15
100 45
100 141
100 134
100 1
100 28
100 127
100 76
100 7
100 491
100 148
100 156
100 12
100 275
100 74
100 129
100 87
100 109
100 30
100 986
100 1610
100 8
100 140
100 112
100 457
100 126
100 74
100 197
100 1
100 108
100 137
100 172
100 210
100 275
100 331
100 79
100 5
100 484
100 381
100 0
100 110
100 236
100 72
100 176
100 112
100 280
100 163
100 136
100 66
100 175
100 145
100 32
100 240
100 23
100 1
100 103
100 33
100 39
100 82
100 18
100 42
100 251
100 52
100 102
100 81
100 94
100 187
100 95
100 77
100 284
100 196
100 9
100 380
100 208
100 528
100 179
100 411
100 448
100 18
100 3
100 58
100 27
100 86
100 68
100 79
100 182
100 46
100 1205
100 126
100 126
100 91
100 190
100 99
100 126
100 604
100 104
100 5
100 48
100 76
100 47
100 149
100 246
100 271
100 192
100 50
100 17
100 21
100 177
100 110
100 136
100 238
100 183
100 41
100 7
100 11
100 449
100 364
100 103
100 296
100 334
100 231
100 52
100 63
100 378
100 236
100 127
100 692
100 59
100 86
100 120
100 466
100 211
100 12
100 124
100 254
100 59
100 278
100 148
100 97
100 170
100 83
100 65
100 6
100 33
100 14
100 276
100 221
100 12
100 2
100 321
100 108
100 61
100 162
100 132
100 226
100 84
100 443
100 48
100 59
100 54
100 283
100 720
100 423
100 0
100 150
100 337
100 2
100 722
100 28
100 325
100 6
100 161
100 531
100 155
100 21
100 1047
100 202
100 290
100 118
100 78
100 152
100 88
100 277
100 84
100 64
100 82
100 12
100 534
100 62
100 172
100 35
100 282
100 3
100 197
100 65
100 420
100 351
100 149
100 152
100 53
100 91
100 22
100 53
100 146
100 303
100 116
100 9
100 135
100 83
100 191
100 177
100 68
100 698
100 66
100 76
100 156
100 332
100 260
100 59
100 434
100 157
100 44
100 22
100 394
100 316
100 50
100 240
100 226
100 130
100 49
100 7
100 70
100 87
100 207
100 5
100 17
100 65
100 300
100 483
100 86
100 128
100 156
100 329
100 17
100 104
100 50
100 96
100 56
100 88
100 174
100 278
100 19
100 572
100 254
100 259
100 546
100 415
100 121
100 82
100 70
100 497
100 435
100 2
100 81
100 281
100 84
100 121
100 293
100 75
100 313
100 162
100 176
100 10
100 210
100 70
100 45
100 145
100 124
100 91
100 54
100 48
100 129
100 36
100 348
100 827
100 269
100 23
100 196
100 1
100 618
100 208
100 32
100 31
100 647
100 12
100 356
100 31
100 13
100 43
100 27
100 162
100 58
100 93
100 92
100 417
100 17
100 70
100 9
100 12
100 40
100 185
100 150
100 310
100 169
100 21
100 326
100 71
100 342
100 34
100 129
100 59
100 372
100 114
100 253
100 362
100 345
100 143
100 140
100 139
100 256
100 299
100 41
100 199
100 26
100 127
100 314
100 80
100 4
100 78
100 47
100 297
100 121
100 84
100 38
100 182
100 20
100 5
100 119
100 8
100 451
100 392
100 251
100 411
100 159
100 20
100 3
100 4
100 634
100 1014
100 8
100 65
100 145
100 63
100 18
100 76
100 8
100 448
100 635
100 62
100 9
100 46
100 672
100 54
100 31
100 179
100 10
100 312
100 317
100 141
100 79
100 16
100 22
100 104
100 190
100 47
100 26
100 358
100 618
100 28
100 415
100 25
100 130
100 238
100 12
100 24
100 309
100 340
100 66
100 52
100 56
100 93
100 81
100 25
100 3
100 84
100 61
100 103
100 237
100 25
100 142
100 228
100 14
100 88
100 19
100 313
100 159
100 7
100 286
100 243
100 101
100 700
100 81
100 4
100 94
100 211
100 6
100 147
100 32
100 675
100 130
100 10
100 246
100 233
100 15
100 129
100 184
100 68
100 148
100 303
100 226
100 53
100 591
100 340
100 203
100 30
100 54
100 55
100 44
100 14
100 114
100 182
100 225
100 39
100 140
100 38
100 314
100 317
100 55
100 54
100 46
100 171
100 129
100 508
100 235
100 123
100 732
100 172
100 145
100 106
100 291
100 162
100 11
100 183
100 84
100 123
100 211
100 80
100 152
100 113
100 94
100 74
100 55
100 24
100 59
100 46
100 172
100 64
100 41
100 2
100 195
100 553
100 230
100 537
100 331
100 38
100 48
100 150
100 219
100 1
100 366
100 544
100 124
100 22
100 234
100 48
100 152
100 93
100 58
100 238
100 143
100 156
100 44
100 43
100 15
100 88
100 208
100 420
100 75
100 25
100 104
100 344
100 159
100 34
100 278
100 56
100 68
100 356
100 11
100 91
100 384
100 383
100 74
100 256
100 30
100 121
100 8
100 52
100 37
100 445
100 202
100 333
100 11
100 23
100 196
100 498
100 19
100 106
100 25
100 83
100 27
100 35
100 71
100 420
100 467
100 606
100 45
100 121
100 57
100 209
100 138
100 65
100 924
100 199
100 646
100 86
100 314
100 255
100 374
100 38
100 124
100 400
100 43
100 22
100 69
100 101
100 39
100 86
100 364
100 132
100 642
100 238
100 649
100 1
100 21
100 146
100 191
100 97
100 225
100 149
100 230
100 100
100 307
100 100
100 116
100 11
100 111
100 598
100 245
100 133
100 18
100 40
100 178
100 339
100 45
100 146
100 93
100 142
100 315
100 138
100 75
100 19
100 34
100 242
100 204
100 15
100 98
100 5
100 44
100 4
100 2
100 190
100 135
100 21
100 50
100 17
100 120
100 29
100 401
100 85
100 550
100 18
100 363
100 300
100 178
100 137
100 173
100 16
100 61
100 1
100 228
100 48
100 6
100 565
100 11
100 226
100 204
100 230
100 175
100 119
100 10
100 99
100 90
100 838
100 73
100 85
100 202
100 44
100 33
100 420
100 74
100 237
100 187
100 172
100 251
100 47
100 75
100 311
100 253
100 340
100 25
100 56
100 99
100 39
100 292
100 102
100 88
100 792
100 132
100 157
100 24
100 431
100 18
100 168
100 182
100 397
100 240
100 86
100 72
100 80
100 298
100 60
100 17
100 5
100 423
100 117
100 67
100 291
100 730
100 309
100 355
100 633
100 31
100 15
100 56
100 130
100 414
100 134
100 200
100 127
100 386
100 63
100 195
100 96
100 170
100 10
100 246
100 110
100 439
100 12
100 277
100 167
100 198
100 227
100 16
100 110
100 610
100 201
100 111
100 110
100 273
100 888
100 65
100 243
100 63
100 847
100 27
100 170
100 184
100 137
100 52
100 55
100 216
100 205
100 171
100 51
100 168
100 35
100 218
100 159
100 154
100 98
100 246
100 372
100 164
100 47
100 42
100 212
100 367
100 24
100 400
100 12
100 339
100 284
100 567
100 383
100 289
100 226
100 188
100 194
100 275
100 11
100 188
100 42
100 3
100 421
100 219
100 231
100 211
100 3
100 137
100 112
100 31
100 361
100 23
100 45
100 543
100 26
100 92
100 72
100 82
100 171
100 157
100 99
100 198
100 534
100 358
100 17
100 5
100 27
100 2
100 788
100 78
100 31
100 96
100 1397
100 41
100 203
100 74
100 97
100 493
100 178
100 582
100 62
100 460
100 26
100 2
100 95
100 74
100 102
100 83
100 88
100 11
100 382
100 27
100 46
100 156
100 71
100 207
100 34
100 128
100 1124
100 327
100 297
100 98
100 488
100 113
100 18
100 27
100 110
100 31
100 442
100 39
100 280
100 349
100 140
100 68
100 139
100 29
100 0
100 255
100 1
100 17
100 344
100 118
100 35
100 188
100 689
100 116
100 242
100 87
100 100
100 831
100 153
100 192
100 303
100 110
100 40
100 9
100 69
100 286
100 152
100 139
100 213
100 129
100 62
100 193
100 91
100 226
100 214
100 0
100 4
100 85
100 285
100 46
100 302
100 323
100 20
100 304
100 0
100 470
100 19
100 65
100 162
100 111
100 78
100 218
100 386
100 94
100 352
100 446
100 123
100 20
100 400
100 150
100 742
100 225
100 196
100 27
100 720
100 216
100 33
100 374
100 4
100 411
100 8
100 204
100 22
100 46
100 89
100 190
100 239
100 480
100 738
100 196
100 208
100 161
100 313
100 321
100 10
100 42
100 503
100 4
100 101
100 100
100 80
100 185
100 440
100 62
100 247
100 33
100 28
100 246
100 689
100 124
100 422
100 196
100 144
100 24
100 41
100 1
100 172
100 382
100 9
100 11
100 270
100 51
100 226
100 14
100 18
100 252
100 3
100 23
100 64
100 37
100 348
100 78
100 12
100 67
100 109
100 2
100 28
100 130
100 551
100 483
100 474
100 568
100 52
100 53
100 17
100 73
100 36
100 329
100 729
100 291
100 66
100 73
100 102
100 17
100 401
100 94
100 433
100 115
100 193
100 143
100 307
100 103
100 306
100 116
100 121
100 57
100 392
100 303
100 10
100 1
100 263
100 18
100 220
100 102
100 55
100 69
100 0
100 120
100 31
100 134
100 216
100 268
100 125
100 179
100 213
100 124
100 258
100 266
100 9
100 209
100 95
100 199
100 14
100 115
100 86
100 186
100 261
100 1028
100 190
100 120
100 273
100 40
100 167
100 50
100 19
100 382
100 397
100 491
100 44
100 551
100 670
100 195
100 57
100 67
100 9
100 7
100 218
100 170
100 134
100 26
100 140
100 126
100 146
100 54
100 475
100 202
100 190
100 628
100 31
100 34
100 58
100 97
100 188
100 30
100 113
100 385
100 706
100 214
100 761
100 31
100 381
100 93
100 211
100 270
100 325
100 46
100 45
100 331
100 137
100 221
100 15
100 99
100 199
100 134
100 29
100 26
100 124
100 172
100 21
100 15
100 59
100 299
100 447
100 56
100 147
100 328
100 10
100 202
100 235
100 105
100 308
100 72
100 9
100 313
100 173
100 20
100 85
100 539
100 66
100 476
100 267
100 87
100 66
100 15
100 162
100 129
100 164
100 10
100 249
100 629
100 7
100 231
100 246
100 35
100 1
100 121
100 128
100 97
100 23
100 101
100 76
100 53
100 307
100 191
100 11
100 134
100 25
100 73
100 109
100 91
100 113
100 62
100 238
100 121
100 558
100 173
100 5
100 52
100 107
100 616
100 250
100 76
100 63
100 278
100 103
100 169
100 299
100 129
100 78
100 156
100 97
100 4
100 288
100 42
100 232
100 89
100 205
100 20
100 348
100 314
100 64
100 372
100 22
100 719
100 130
100 93
100 148
100 29
100 30
100 652
100 574
100 477
100 54
100 50
100 154
100 53
100 17
100 86
100 109
100 99
100 118
100 83
100 141
100 376
100 27
100 284
100 107
100 245
100 232
100 360
100 11
100 55
100 519
100 86
100 479
100 119
100 23
100 33
100 45
100 171
100 444
100 353
100 119
100 443
100 557
100 148
100 140
100 172
100 0
100 137
100 276
100 521
100 173
100 313
100 146
100 151
100 33
100 118
100 175
100 160
100 221
100 464
100 178
100 11
100 216
100 221
100 39
100 127
100 445
100 10
100 527
100 164
100 54
100 487
100 270
100 65
100 59
100 9
100 79
100 108
100 39
100 276
100 1040
100 309
100 189
100 211
100 247
100 307
100 218
100 41
100 577
100 31
100 244
100 137
100 462
100 87
100 63
100 17
100 153
100 361
100 175
100 62
100 96
100 325
100 205
100 19
100 47
100 1
100 100
100 38
100 186
100 132
100 155
100 67
100 288
100 227
100 279
100 375
100 40
100 20
100 209
100 58
100 391
100 20
100 604
100 91
100 2
100 66
100 566
100 340
100 78
100 19
100 309
100 365
100 50
100 62
100 7
100 225
100 26
100 171
100 28
100 33
100 221
100 43
100 20
100 19
100 340
100 238
100 45
100 5
100 99
100 379
100 67
100 447
100 68
100 460
100 164
100 119
100 327
100 278
100 193
100 63
100 38
100 73
100 84
100 180
100 135
100 9
100 545
100 36
100 775
100 74
100 89
100 337
100 643
100 135
100 80
100 84
100 17
100 146
100 465
100 111
100 192
100 40
100 139
100 31
100 177
100 48
100 307
100 51
100 13
100 146
100 344
100 111
100 126
100 396
100 152
100 121
100 3
100 26
100 130
100 370
100 143
100 409
100 122
100 35
100 10
100 133
100 5
100 131
100 2
100 85
100 394
100 347
100 67
100 125
100 236
100 362
100 166
100 175
100 1250
100 8
100 286
100 159
100 36
100 145
100 126
100 214
100 6
100 93
100 126
100 259
100 137
100 116
100 183
100 129
100 80
100 6
100 163
100 160
100 117
100 125
100 83
100 335
100 76
100 237
100 87
100 27
100 93
100 350
100 90
100 444
100 594
100 489
100 73
100 373
100 257
100 328
100 53
100 434
100 110
100 13
100 2
100 42
100 108
100 366
100 18
100 162
100 77
100 76
100 125
100 164
100 9
100 79
100 434
100 403
100 25
100 1
100 49
100 840
100 195
100 219
100 294
100 126
100 185
100 19
100 220
100 259
100 82
100 15
100 17
100 841
100 201
100 24
100 100
100 482
100 91
100 462
100 303
100 76
100 318
100 135
100 45
100 470
100 153
100 146
100 46
100 35
100 407
100 59
100 74
100 129
100 83
100 344
100 7
100 100
100 103
100 27
100 14
100 292
100 59
100 82
100 19
100 339
100 35
100 16
100 77
100 63
100 89
100 450
100 12
100 542
100 102
100 55
100 173
100 37
100 268
100 121
100 185
100 361
100 653
100 88
100 154
100 50
100 34
100 183
100 395
100 9
100 171
100 14
100 200
100 31
100 153
100 28
100 46
100 21
100 168
100 105
100 23
100 38
100 30
100 285
100 124
100 292
100 32
100 366
100 150
100 169
100 26
100 269
100 14
100 85
100 76
100 46
100 58
100 24
100 12
100 144
100 467
100 13
100 822
100 312
100 210
100 125
100 2
100 54
100 104
100 104
100 147
100 108
100 117
100 364
100 228
100 178
100 28
100 2
100 515
100 30
100 318
100 247
100 163
100 628
100 394
100 63
100 100
100 7
100 232
100 281
100 274
100 309
100 168
100 135
100 687
100 31
100 119
100 181
100 519
100 35
100 75
100 51
100 105
100 75
100 92
100 376
100 139
100 12
100 162
100 67
100 143
100 729
100 36
100 155
100 37
100 409
100 94
100 58
100 71
100 25
100 291
100 35
100 83
100 344
100 130
100 37
100 72
100 86
100 116
100 151
100 260
100 30
100 68
100 169
100 491
100 114
100 487
100 99
100 11
100 156
100 282
100 153
100 449
100 185
100 415
100 114
100 145
100 147
100 124
100 1
100 91
100 100
100 548
100 150
100 100
100 206
100 12
100 208
100 62
100 117
100 682
100 495
100 87
100 43
100 24
100 345
100 242
100 53
100 271
100 62
100 250
100 15
100 333
100 19
100 5
100 176
100 140
100 70
100 5
100 223
100 24
100 405
100 16
100 275
100 14
100 10
100 27
100 24
100 570
100 168
100 42
100 131
100 55
100 137
100 162
100 65
100 41
100 247
100 56
100 33
100 312
100 112
100 254
100 112
100 100
100 158
100 16
100 80
100 308
100 138
100 19
100 173
100 158
100 164
100 89
100 65
100 162
100 69
100 251
100 0
100 144
100 106
100 172
100 164
100 285
100 67
100 258
100 124
100 9
100 193
100 148
100 198
100 248
100 44
100 49
100 103
100 362
100 194
100 361
100 57
100 83
100 162
100 411
100 89
100 508
100 381
100 281
100 1
100 8
100 165
100 55
100 176
100 138
100 44
100 272
100 387
100 148
100 81
100 772
100 170
100 316
100 14
100 45
100 95
100 59
100 446
100 96
100 583
100 63
100 153
100 3
100 388
100 113
100 197
100 150
100 36
100 367
100 16
100 422
100 175
100 164
100 296
100 40
100 123
100 88
100 24
100 34
100 512
100 51
100 214
100 351
100 21
100 165
100 126
100 612
100 27
100 124
100 339
100 141
100 116
100 362
100 278
100 5
100 41
100 430
100 111
100 129
100 250
100 48
100 64
100 89
100 49
100 133
100 50
100 1
100 160
100 74
100 0
100 411
100 0
100 338
100 48
100 41
100 87
100 71
100 21
100 55
100 129
100 80
100 130
100 160
100 7
100 73
100 27
100 20
100 42
100 50
100 135
100 304
100 39
100 82
100 288
100 198
100 57
100 75
100 90
100 68
100 75
100 154
100 92
100 56
100 316
100 653
100 115
100 442
100 144
100 178
100 43
100 523
100 792
100 273
100 417
100 508
100 111
100 97
100 267
100 691
100 96
100 78
100 1
100 82
100 64
100 122
100 115
100 61
100 959
100 242
100 49
100 59
100 102
100 476
100 23
100 35
100 18
100 488
100 29
100 825
100 91
100 183
100 12
100 668
100 221
100 22
100 75
100 313
100 521
100 17
100 505
100 0
100 534
100 134
100 329
100 146
100 39
100 463
100 74
100 81
100 100
100 160
100 187
100 243
100 78
100 137
100 111
100 68
100 88
100 42
100 535
100 307
100 123
100 242
100 248
100 81
100 60
100 73
100 80
100 360
100 66
100 516
100 399
100 9
100 708
100 8
100 595
100 42
100 114
100 169
100 70
100 262
100 169
100 83
100 233
100 81
100 496
100 286
100 42
100 39
100 50
100 94
100 443
100 246
100 51
100 240
100 477
100 32
100 55
100 65
100 73
100 186
100 104
100 70
100 81
100 1048
100 752
100 68
100 182
100 175
100 680
100 212
100 59
100 92
100 84
100 883
100 304
100 445
100 131
100 51
100 66
100 44
100 63
100 43
100 32
100 118
100 187
100 501
100 28
100 361
100 199
100 35
100 77
100 101
100 103
100 224
100 138
100 28
100 57
100 78
100 12
100 23
100 114
100 53
100 231
100 64
100 1
100 1031
100 75
100 10
100 135
100 157
100 27
100 76
100 65
100 251
100 109
100 26
100 27
100 236
100 74
100 413
100 36
100 249
100 5
100 62
100 324
100 34
100 54
100 23
100 288
100 495
100 54
100 36
100 157
100 282
100 219
100 234
100 238
100 406
100 188
100 36
100 27
100 153
100 140
100 449
100 169
100 655
100 143
100 735
100 494
100 4
100 75
100 40
100 206
100 330
100 414
100 98
100 36
100 28
100 249
100 64
100 274
100 72
100 73
100 98
100 551
100 181
100 118
100 608
100 21
100 55
100 114
100 399
100 9
100 209
100 384
100 90
100 27
100 752
100 504
100 4
100 47
100 22
100 564
100 497
100 114
100 515
100 20
100 138
100 446
100 349
100 41
100 191
100 159
100 1
100 792
100 149
100 49
100 44
100 27
100 176
100 267
100 21
100 21
100 759
100 61
100 235
100 487
100 243
100 36
100 98
100 399
100 27
100 292
100 232
100 155
100 361
100 190
100 346
100 40
100 25
100 7
100 164
100 31
100 80
100 138
100 43
100 16
100 62
100 138
100 104
100 47
100 12
100 42
100 304
100 96
100 20
100 256
100 293
100 17
100 38
100 20
100 308
100 11
100 45
100 165
100 6
100 143
100 370
100 385
100 13
100 129
100 42
100 514
100 259
100 223
100 75
100 1225
100 78
100 126
100 112
100 140
100 864
100 148
100 11
100 11
100 466
100 151
100 120
100 82
100 198
100 87
100 244
100 214
100 292
100 193
100 707
100 10
100 143
100 43
100 166
100 103
100 171
100 175
100 15
100 175
100 274
100 169
100 232
100 209
100 38
100 752
100 422
100 238
100 313
100 84
100 264
100 89
100 46
100 327
100 3
100 184
100 422
100 283
100 62
100 38
100 160
100 134
100 772
100 119
100 86
100 43
100 0
100 28
100 23
100 66
100 143
100 47
100 166
100 110
100 94
100 467
100 1
100 910
100 51
100 474
100 630
100 82
100 128
100 90
100 10
100 269
100 261
100 32
100 164
100 86
100 648
100 16
100 124
100 108
100 61
100 438
100 134
100 157
100 332
100 167
100 138
100 47
100 44
100 79
100 162
100 87
100 288
100 24
100 69
100 3
100 181
100 81
100 1
100 4
100 108
100 39
100 258
100 54
100 90
100 272
100 195
100 210
100 52
100 180
100 9
100 419
100 288
100 18
100 13
100 4
100 128
100 114
100 39
100 1460
100 8
100 136
100 96
100 34
100 39
100 18
100 142
100 318
100 219
100 59
100 472
100 187
100 236
100 194
100 188
100 63
100 56
100 35
100 161
100 148
100 323
100 40
100 36
100 71
100 63
100 65
100 288
100 32
100 57
100 520
100 292
100 225
100 64
100 20
100 305
100 261
100 112
100 171
100 7
100 383
100 192
100 65
100 368
100 81
100 190
100 99
100 260
100 473
100 401
100 107
100 300
100 174
100 78
100 317
100 92
100 26
100 6
100 494
100 228
100 32
100 35
100 149
100 106
100 330
100 66
100 1
100 135
100 223
100 158
100 106
100 577
100 8
100 95
100 113
100 325
100 415
100 304
100 458
100 53
100 9
100 176
100 72
100 354
100 771
100 115
100 97
100 24
100 62
100 170
100 20
100 23
100 29
100 278
100 297
100 189
100 299
100 261
100 303
100 394
100 362
100 18
100 47
100 120
100 174
100 73
100 690
100 59
100 138
100 109
100 123
100 45
100 416
100 319
100 15
100 143
100 47
100 379
100 7
100 99
100 236
100 199
100 117
100 682
100 230
100 36
100 1
100 78
100 98
100 589
100 10
100 228
100 93
100 301
100 285
100 230
100 278
100 62
100 150
100 25
100 91
100 21
100 329
100 1
100 21
100 43
100 447
100 150
100 377
100 159
100 139
100 14
100 64
100 257
100 31
100 459
100 3
100 110
100 81
100 6
100 62
100 75
100 638
100 102
100 26
100 51
100 532
100 22
100 7
100 84
100 133
100 23
100 346
100 57
100 29
100 165
100 84
100 82
100 200
100 309
100 465
100 37
100 124
100 15
100 143
100 225
100 12
100 101
100 138
100 34
100 21
100 31
100 10
100 537
100 106
100 65
100 117
100 284
100 220
100 95
100 431
100 71
100 402
100 8
100 190
100 127
100 37
100 74
100 250
100 347
100 23
100 25
100 485
100 88
100 106
100 105
100 2
100 150
100 17
100 52
100 13
100 345
100 162
100 826
100 337
100 41
100 245
100 96
100 47
100 128
100 276
100 73
100 374
100 13
100 0
100 76
100 7
100 125
100 98
100 205
100 24
100 534
100 141
100 118
100 72
100 113
100 146
100 214
100 55
100 83
100 15
100 26
100 472
100 177
100 43
100 20
100 93
100 542
100 309
100 125
100 10
100 134
100 243
100 295
100 66
100 81
100 34
100 2
100 58
100 519
100 66
100 82
100 397
100 30
100 101
100 68
100 31
100 122
100 127
100 103
100 2
100 322
100 7
100 19
100 61
100 59
100 551
100 18
100 124
100 24
100 1095
100 20
100 256
100 94
100 369
100 16
100 126
100 51
100 204
100 0
100 0
100 43
100 28
100 22
100 227
100 209
100 221
100 179
100 1
100 134
100 174
100 347
100 446
100 65
100 517
100 103
100 56
100 372
100 614
100 31
100 365
100 27
100 6
100 2
100 96
100 437
100 116
100 20
100 95
100 125
100 208
100 238
100 245
100 180
100 36
100 36
100 25
100 417
100 124
100 124
100 104
100 216
100 369
100 166
100 98
100 103
100 49
100 586
100 170
100 350
100 173
100 93
100 23
100 619
100 17
100 722
100 229
100 265
100 221
100 288
100 83
100 38
100 195
100 1059
100 6
100 187
100 147
100 101
100 113
100 93
100 33
100 30
100 113
100 306
100 116
100 278
100 147
100 508
100 59
100 122
100 40
100 152
100 252
100 376
100 309
100 401
100 271
100 29
100 204
100 525
100 20
100 52
100 173
100 44
100 63
100 434
100 155
100 363
100 530
100 372
100 289
100 464
100 62
100 529
100 68
100 450
100 163
100 4
100 169
100 6
100 161
100 102
100 36
100 373
100 80
100 41
100 69
100 76
100 59
100 243
100 271
100 81
100 107
100 201
100 3
100 23
100 293
100 96
100 469
100 20
100 4
100 287
100 53
100 379
100 288
100 35
100 266
100 110
100 620
100 324
100 37
100 76
100 463
100 452
100 10
100 33
100 442
100 87
100 194
100 85
100 22
100 54
100 69
100 196
100 1
100 66
100 290
100 255
100 22
100 139
100 78
100 119
100 5
100 101
100 30
100 90
100 331
100 126
100 508
100 383
100 457
100 236
100 222
100 540
100 76
100 100
100 6
100 71
100 10
100 198
100 423
100 264
100 7
100 3
100 23
100 34
100 237
100 469
100 277
100 133
100 11
100 12
100 505
100 286
100 78
100 443
100 4
100 444
100 3
100 33
100 105
100 234
100 338
100 84
100 187
100 180
100 0
100 176
100 304
100 149
100 339
100 387
100 254
100 50
100 94
100 495
100 538
100 171
100 151
100 478
100 30
100 216
100 0
100 133
100 180
100 159
100 352
100 102
100 384
100 928
100 121
100 86
100 173
100 12
100 137
100 61
100 176
100 8
100 110
100 241
100 63
100 141
100 168
100 5
100 53
100 378
100 241
100 74
100 351
100 90
100 235
100 102
100 357
100 121
100 3
100 184
100 14
100 192
100 350
100 391
100 47
100 73
100 246
100 769
100 328
100 28
100 102
100 116
100 23
100 198
100 146
100 34
100 284
100 29
100 10
100 15
100 8
100 68
100 110
100 114
100 266
100 294
100 2
100 170
100 73
100 417
100 581
100 47
100 132
100 12
100 22
100 55
100 109
100 205
100 78
100 29
100 21
100 10
100 130
100 1
100 229
100 35
100 169
100 24
100 80
100 223
100 50
100 26
100 56
100 25
100 158
100 131
100 57
100 130
100 47
100 33
100 163
100 37
100 971
100 305
100 30
100 13
100 29
100 167
100 484
100 110
100 270
100 210
100 68
100 299
100 13
100 20
100 170
100 184
100 227
100 116
100 106
100 703
100 61
100 224
100 318
100 200
100 349
100 4
100 105
100 48
100 462
100 75
100 358
100 16
100 270
100 91
100 143
100 305
100 141
100 26
100 9
100 153
100 157
100 72
100 6
100 236
100 95
100 211
100 255
100 130
100 301
100 474
100 67
100 160
100 65
100 253
100 204
100 313
100 133
100 241
100 56
100 77
100 49
100 75
100 541
100 101
100 363
100 21
100 66
100 77
100 299
100 134
100 611
100 2
100 15
100 138
100 25
100 218
100 37
100 137
100 18
100 146
100 580
100 152
100 41
100 37
100 368
100 301
100 169
100 54
100 91
100 141
100 114
100 107
100 90
100 9
100 478
100 374
100 133
100 41
100 287
100 65
100 309
100 398
100 286
100 356
100 236
100 253
100 231
100 72
100 75
100 133
100 95
100 387
100 82
100 33
100 274
100 217
100 28
100 169
100 38
100 255
100 143
100 136
100 154
100 172
100 113
100 300
100 173
100 833
100 590
100 204
100 29
100 173
100 227
100 202
100 42
100 46
100 208
100 418
100 26
100 24
100 27
100 30
100 11
100 334
100 238
100 149
100 62
100 71
100 34
100 318
100 36
100 237
100 27
100 236
100 123
100 6
100 196
100 365
100 97
100 83
100 134
100 79
100 490
100 246
100 352
100 463
100 60
100 26
100 289
100 163
100 223
100 375
100 814
100 4
100 222
100 64
100 226
100 93
100 17
100 177
100 314
100 15
100 217
100 187
100 153
100 782
100 60
100 224
100 167
100 26
100 205
100 572
100 102
100 39
100 37
100 6
100 18
100 106
100 212
100 59
100 112
100 214
100 217
100 212
100 261
100 97
100 282
100 120
100 507
100 264
100 350
100 195
100 23
100 105
100 269
100 89
100 66
100 90
100 220
100 54
100 228
100 57
100 115
100 8
100 225
100 433
100 589
100 38
100 354
100 412
100 186
100 94
100 600
100 89
100 70
100 133
100 153
100 137
100 205
100 447
100 50
100 7
100 157
100 285
100 43
100 46
100 205
100 606
100 71
100 40
100 126
100 127
100 274
100 26
100 9
100 67
100 885
100 32
100 194
100 331
100 45
100 638
100 166
100 568
100 66
100 253
100 1024
100 163
100 26
100 390
100 553
100 283
100 173
100 16
100 191
100 163
100 474
100 10
100 45
100 33
100 549
100 53
100 2
100 634
100 63
100 208
100 520
100 85
100 40
100 33
100 25
100 474
100 55
100 107
100 423
100 114
100 44
100 195
100 52
100 95
100 36
100 120
100 11
100 87
100 469
100 15
100 259
100 72
100 42
100 245
100 123
100 773
100 257
100 93
100 29
100 101
100 17
100 213
100 69
100 599
100 176
100 61
100 490
100 161
100 588
100 153
100 77
100 32
100 30
100 193
100 362
100 141
100 170
100 38
100 44
100 52
100 46
100 40
100 368
100 172
100 171
100 328
100 34
100 2
100 35
100 63
100 62
100 79
100 38
100 85
100 55
100 46
100 284
100 434
100 8
100 249
100 15
100 49
100 130
100 391
100 0
100 203
100 134
100 341
100 425
100 43
100 32
100 386
100 69
100 0
100 105
100 258
100 166
100 24
100 235
100 617
100 338
100 0
100 239
100 202
100 62
100 294
100 31
100 458
100 126
100 50
100 73
100 154
100 191
100 974
100 397
100 422
100 133
100 65
100 323
100 19
100 129
100 163
100 325
100 3
100 55
100 54
100 236
100 93
100 100
100 17
100 413
100 4
100 0
100 27
100 3
100 58
100 67
100 338
100 45
100 134
100 235
100 43
100 133
100 12
100 646
100 512
100 84
100 30
100 351
100 10
100 109
100 47
100 263
100 66
100 51
100 256
100 133
100 415
100 2
100 21
100 77
100 107
100 459
100 3
100 94
100 61
100 28
100 35
100 629
100 65
100 149
100 31
100 90
100 217
100 197
100 259
100 79
100 177
100 162
100 41
100 117
100 14
100 448
100 201
100 201
100 199
100 119
100 488
100 45
100 136
100 7
100 21
100 91
100 7
100 46
100 6
100 69
100 325
100 56
100 562
100 80
100 392
100 79
100 146
100 13
100 47
100 762
100 9
100 204
100 117
100 139
100 109
100 104
100 35
100 240
100 63
100 475
100 421
100 5
100 8
100 45
100 149
100 44
100 52
100 162
100 120
100 322
100 8
100 54
100 282
100 179
100 243
100 143
100 427
100 118
100 410
100 51
100 119
100 50
100 410
100 31
100 112
100 248
100 434
100 69
100 516
100 112
100 111
100 50
100 138
100 216
100 280
100 329
100 385
100 227
100 580
100 19
100 384
100 111
100 113
100 28
100 76
100 7
100 201
100 134
100 10
100 254
100 38
100 133
100 239
100 107
100 40
100 121
100 71
100 104
100 17
100 367
100 154
100 309
100 124
100 48
100 33
100 36
100 15
100 145
100 228
100 174
100 305
100 841
100 131
100 67
100 104
100 511
100 89
100 135
100 368
100 83
100 4
100 167
100 82
100 64
100 101
100 239
100 133
100 18
100 235
100 690
100 197
100 76
100 97
100 30
100 6
100 33
100 158
100 82
100 12
100 375
100 40
100 138
100 127
100 114
100 481
100 17
100 638
100 203
100 197
100 140
100 607
100 159
100 130
100 38
100 415
100 69
100 552
100 11
100 274
100 3
100 51
100 230
100 46
100 233
100 34
100 112
100 1037
100 1
100 19
100 129
100 40
100 39
100 32
100 2
100 25
100 199
100 95
100 163
100 204
100 204
100 69
100 462
100 56
100 61
100 278
100 403
100 190
100 460
100 348
100 64
100 556
100 361
100 124
100 138
100 10
100 384
100 120
100 213
100 48
100 98
100 131
100 5
100 243
100 466
100 11
100 208
100 173
100 379
100 207
100 202
100 145
100 125
100 139
100 17
100 103
100 17
100 67
100 123
100 181
100 319
100 671
100 432
100 140
100 133
100 84
100 115
100 19
100 432
100 93
100 66
100 263
100 313
100 72
100 258
100 78
100 436
100 321
100 341
100 85
100 81
100 90
100 78
100 41
100 29
100 133
100 116
100 73
100 91
100 122
100 23
100 554
100 336
100 88
100 123
100 55
100 237
100 221
100 16
100 213
100 414
100 148
100 165
100 140
100 99
100 2
100 287
100 20
100 56
100 70
100 85
100 50
100 1
100 145
100 120
100 90
100 354
100 433
100 156
100 121
100 86
100 47
100 3
100 211
100 68
100 206
100 73
100 5
100 254
100 105
100 582
100 564
100 229
100 167
100 623
100 287
100 365
100 270
100 418
100 8
100 15
100 220
100 203
100 592
100 546
100 401
100 120
100 565
100 504
100 88
100 5
100 290
100 213
100 55
100 63
100 28
100 49
100 201
100 203
100 71
100 200
100 93
100 433
100 338
100 37
100 45
100 267
100 22
100 138
100 17
100 236
100 82
100 11
100 78
100 56
100 533
100 243
100 42
100 147
100 295
100 33
100 354
100 96
100 186
100 74
100 166
100 105
100 192
100 46
100 361
100 440
100 182
100 564
100 99
100 425
100 58
100 76
100 334
100 9
100 309
100 6
100 7
100 525
100 115
100 43
100 186
100 404
100 275
100 45
100 76
100 497
100 90
100 39
100 524
100 8
100 67
100 75
100 419
100 133
100 14
100 283
100 29
100 320
100 145
100 436
100 27
100 243
100 174
100 70
100 25
100 319
100 148
100 223
100 80
100 374
100 171
100 225
100 669
100 371
100 118
100 38
100 99
100 88
100 233
100 203
100 82
100 164
100 55
100 395
100 838
100 323
100 249
100 8
100 173
100 169
100 30
100 77
100 128
100 354
100 21
100 145
100 41
100 22
100 218
100 317
100 408
100 135
100 51
100 16
100 271
100 45
100 95
100 242
100 53
100 0
100 96
100 121
100 0
100 55
100 399
100 3
100 408
100 119
100 64
100 8
100 66
100 422
100 221
100 435
100 1
100 144
100 137
100 320
100 48
100 270
100 121
100 50
100 65
100 127
100 79
100 486
100 162
100 10
100 380
100 4
100 175
100 10
100 153
100 10
100 105
100 305
100 71
100 50
100 20
100 177
100 263
100 40
100 41
100 5
100 158
100 383
100 6
100 7
100 217
100 41
100 23
100 81
100 279
100 35
100 112
100 36
100 252
100 118
100 293
100 261
100 840
100 30
100 374
100 202
100 76
100 860
100 98
100 69
100 277
100 257
100 21
100 19
100 24
100 90
100 282
100 496
100 291
100 52
100 5
100 84
100 272
100 75
100 508
100 317
100 711
100 220
100 290
100 15
100 42
100 510
100 304
100 60
100 322
100 11
100 129
100 120
100 0
100 49
100 199
100 11
100 21
100 63
100 301
100 89
100 85
100 50
100 0
100 103
100 302
100 243
100 60
100 49
100 297
100 98
100 94
100 189
100 147
100 127
100 295
100 142
100 305
100 1
100 174
100 289
100 443
100 157
100 181
100 143
100 10
100 22
100 247
100 152
100 101
100 133
100 80
100 414
100 265
100 551
100 67
100 37
100 177
100 322
100 21
100 148
100 343
100 128
100 57
100 15
100 1
100 140
100 306
100 166
100 204
100 505
100 886
100 70
100 12
100 102
100 35
100 158
100 239
100 14
100 259
100 348
100 141
100 26
100 34
100 96
100 419
100 312
100 45
100 260
100 280
100 29
100 384
100 313
100 127
100 863
100 126
100 293
100 66
100 481
100 11
100 298
100 612
100 83
100 64
100 300
100 55
100 0
100 344
100 557
100 483
100 151
100 552
100 144
100 49
100 104
100 470
100 405
100 310
100 41
100 61
100 30
100 36
100 541
100 146
100 63
100 131
100 80
100 488
100 198
100 125
100 338
100 145
100 77
100 45
100 25
100 49
100 27
100 89
100 391
100 74
100 251
100 75
100 95
100 183
100 3
100 21
100 111
100 506
100 11
100 17
100 24
100 477
100 51
100 238
100 17
100 141
100 17
100 83
100 992
100 66
100 41
100 122
100 46
100 20
100 9
100 72
100 0
100 317
100 12
100 113
100 83
100 148
100 122
100 43
100 45
100 536
100 61
100 10
100 8
100 33
100 436
100 249
100 50
100 10
100 111
100 247
100 48
100 42
100 66
100 160
100 129
100 649
100 274
100 574
100 5
100 111
100 168
100 96
100 125
100 31
100 264
100 206
100 246
100 246
100 370
100 58
100 143
100 339
100 291
100 107
100 243
100 107
100 138
100 3
100 488
100 202
100 124
100 262
100 80
100 155
100 284
100 8
100 141
100 223
100 355
100 145
100 39
100 708
100 116
100 215
100 68
100 165
100 666
100 202
100 193
100 78
100 176
100 51
100 163
100 48
100 27
100 59
100 663
100 286
100 96
100 249
100 111
100 200
100 217
100 121
100 9
100 112
100 114
100 12
100 6
100 25
100 260
100 57
100 533
100 26
100 248
100 337
100 130
100 313
100 13
100 30
100 225
100 11
100 311
100 64
100 305
100 58
100 89
100 198
100 35
100 162
100 283
100 49
100 285
100 207
100 69
100 636
100 264
100 23
100 163
100 100
100 168
100 98
100 472
100 34
100 9
100 6
100 222
100 856
100 194
100 319
100 560
100 4
100 67
100 6
100 328
100 357
100 34
100 178
100 137
100 61
100 354
100 74
100 7
100 44
100 287
100 61
100 284
100 113
100 105
100 262
100 363
100 79
100 219
100 86
100 206
100 196
100 145
100 45
100 10
100 44
100 182
100 87
100 436
100 162
100 349
100 169
100 95
100 208
100 252
100 2
100 825
100 6
100 2
100 277
100 12
100 403
100 42
100 102
100 63
100 68
100 262
100 228
100 44
100 659
100 551
100 68
100 914
100 42
100 38
100 82
100 42
100 684
100 34
100 68
100 85
100 34
100 226
100 63
100 70
100 38
100 568
100 37
100 48
100 10
100 1
100 492
100 60
100 771
100 116
100 3
100 57
100 175
100 37
100 91
100 12
100 108
100 69
100 171
100 81
100 36
100 164
100 23
100 38
100 35
100 86
100 121
100 117
100 16
100 97
100 452
100 73
100 188
100 558
100 66
100 215
100 55
100 139
100 68
100 224
100 661
100 146
100 130
100 236
100 28
100 337
100 155
100 72
100 10
100 569
100 101
100 570
100 2
100 83
100 36
100 552
100 554
100 227
100 544
100 64
100 117
100 147
100 1069
100 33
100 12
100 146
100 106
100 359
100 201
100 143
100 122
100 206
100 281
100 101
100 129
100 186
100 312
100 200
100 66
100 99
100 150
100 148
100 74
100 174
100 6
100 249
100 356
100 71
100 83
100 339
100 311
100 146
100 2
100 97
100 171
100 192
100 5
100 95
100 272
100 60
100 3
100 155
100 112
100 15
100 60
100 91
100 62
100 142
100 73
100 66
100 406
100 292
100 639
100 18
100 196
100 236
100 114
100 212
100 102
100 24
100 19
100 360
100 117
100 275
100 145
100 155
100 27
100 84
100 369
100 264
100 713
100 49
100 291
100 99
100 378
100 80
100 261
100 169
100 451
100 154
100 93
100 154
100 43
100 22
100 218
100 518
100 103
100 2
100 189
100 142
100 37
100 100
100 404
100 188
100 40
100 172
100 102
100 5
100 78
100 75
100 168
100 87
100 340
100 275
100 43
100 8
100 330
100 116
100 142
100 68
100 514
100 62
100 618
100 130
100 110
100 429
100 278
100 37
100 144
100 119
100 251
100 161
100 102
100 157
100 1
100 149
100 16
100 36
100 37
100 122
100 174
100 498
100 235
100 116
100 75
100 137
100 819
100 72
100 316
100 60
100 105
100 242
100 207
100 63
100 213
100 298
100 42
100 0
100 19
100 33
100 41
100 347
100 249
100 324
100 180
100 162
100 175
100 151
100 415
100 225
100 11
100 79
100 574
100 39
100 604
100 354
100 262
100 76
100 174
100 253
100 62
100 331
100 577
100 0
100 54
100 60
100 247
100 145
100 219
100 289
100 262
100 255
100 529
100 195
100 91
100 105
100 119
100 95
100 185
100 448
100 175
100 150
100 25
100 79
100 110
100 369
100 102
100 91
100 95
100 63
100 41
100 121
100 184
100 35
100 1094
100 52
100 38
100 92
100 652
100 18
100 55
100 157
100 31
100 37
100 33
100 46
100 89
100 12
100 499
100 368
100 30
100 230
100 270
100 259
100 703
100 152
100 254
100 55
100 180
100 127
100 228
100 95
100 811
100 170
100 219
100 149
100 67
100 104
100 229
100 185
100 80
100 364
100 44
100 179
100 621
100 643
100 0
100 302
100 420
100 271
100 218
100 3
100 130
100 1
100 123
100 75
100 196
100 302
100 276
100 128
100 95
100 264
100 128
100 199
100 39
100 92
100 39
100 14
100 117
100 237
100 79
100 270
100 145
100 61
100 46
100 162
100 35
100 145
100 197
100 1
100 12
100 881
100 370
100 76
100 13
100 354
100 188
100 275
100 181
100 154
100 351
100 81
100 655
100 7
100 6
100 310
100 360
100 666
100 355
100 180
100 746
100 179
100 93
100 61
100 54
100 2
100 67
100 35
100 188
100 85
100 90
100 150
100 12
100 5
100 839
100 118
100 169
100 506
100 3
100 203
100 116
100 239
100 32
100 58
100 569
100 3
100 37
100 503
100 71
100 294
100 64
100 72
100 297
100 91
100 10
100 148
100 4
100 454
100 88
100 135
100 133
100 19
100 4
100 126
100 113
100 56
100 155
100 72
100 249
100 123
100 70
100 416
100 78
100 256
100 651
100 268
100 83
100 247
100 80
100 216
100 72
100 178
100 525
100 164
100 318
100 38
100 71
100 425
100 10
100 152
100 33
100 20
100 221
100 84
100 70
100 37
100 232
100 222
100 46
100 0
100 72
100 122
100 135
100 82
100 325
100 196
100 141
100 161
100 78
100 9
100 249
100 148
100 122
100 97
100 1
100 321
100 3
100 3
100 155
100 89
100 770
100 69
100 11
100 296
100 235
100 20
100 82
100 136
100 100
100 337
100 44
100 183
100 111
100 85
100 166
100 82
100 415
100 277
100 5
100 10
100 175
100 176
100 279
100 0
100 190
100 59
100 189
100 440
100 73
100 27
100 93
100 45
100 47
100 113
100 37
100 129
100 225
100 68
100 528
100 57
100 171
100 4
100 52
100 113
100 2
100 180
100 40
100 378
100 297
100 164
100 442
100 444
100 12
100 252
100 145
100 119
100 91
100 71
100 184
100 169
100 108
100 17
100 192
100 98
100 191
100 64
100 96
100 167
100 145
100 171
100 1427
100 143
100 22
100 58
100 229
100 250
100 823
100 166
100 64
100 112
100 288
100 181
100 307
100 10
100 100
100 467
100 305
100 98
100 17
100 188
100 379
100 86
100 758
100 217
100 389
100 55
100 218
100 208
100 497
100 40
100 69
100 974
100 1
100 640
100 109
100 355
100 232
100 0
100 20
100 168
100 470
100 173
100 145
100 215
100 68
100 154
100 270
100 109
100 52
100 275
100 303
100 12
100 23
100 125
100 135
100 13
100 352
100 8
100 226
100 187
100 77
100 525
100 29
100 103
100 232
100 420
100 60
100 57
100 107
100 248
100 339
100 50
100 14
100 218
100 2016
100 949
100 128
100 543
100 606
100 146
100 314
100 13
100 101
100 265
100 145
100 53
100 121
100 688
100 256
100 109
100 86
100 296
100 163
100 244
100 22
100 111
100 48
100 392
100 8
100 80
100 26
100 13
100 47
100 16
100 675
100 125
100 121
100 126
100 321
100 176
100 447
100 16
100 378
100 79
100 935
100 43
100 28
100 141
100 239
100 163
100 109
100 221
100 699
100 52
100 197
100 33
100 41
100 60
100 251
100 7
100 178
100 69
100 105
100 22
100 141
100 479
100 52
100 49
100 101
100 25
100 58
100 199
100 374
100 332
100 17
100 104
100 12
100 9
100 102
100 131
100 32
100 235
100 14
100 81
100 200
100 476
100 270
100 266
100 371
100 259
100 287
100 35
100 45
100 158
100 244
100 260
100 199
100 18
100 90
100 153
100 222
100 138
100 76
100 83
100 332
100 31
100 417
100 20
100 36
100 202
100 40
100 239
100 594
100 398
100 244
100 598
100 722
100 35
100 376
100 96
100 132
100 325
100 54
100 137
100 45
100 351
100 154
100 70
100 388
100 133
100 44
100 243
100 83
100 118
100 405
100 60
100 85
100 149
100 374
100 203
100 204
100 204
100 156
100 371
100 140
100 71
100 176
100 742
100 37
100 139
100 10
100 24
100 26
100 96
100 257
100 20
100 321
100 85
100 154
100 51
100 236
100 209
100 51
100 138
100 1036
100 85
100 170
100 21
100 514
100 145
100 148
100 224
100 73
100 223
100 421
100 225
100 532
100 22
100 646
100 434
100 17
100 534
100 59
100 262
100 18
100 27
100 194
100 128
100 97
100 309
100 220
100 65
100 30
100 60
100 107
100 189
100 38
100 275
100 406
100 844
100 16
100 65
100 4
100 891
100 445
100 2
100 496
100 128
100 151
100 133
100 0
100 642
100 50
100 34
100 178
100 30
100 36
100 21
100 57
100 333
100 65
100 129
100 163
100 209
100 334
100 54
100 419
100 72
100 407
100 64
100 194
100 24
100 338
100 262
100 140
100 417
100 131
100 96
100 190
100 177
100 50
100 192
100 76
100 444
100 45
100 273
100 558
100 259
100 673
100 81
100 284
100 159
100 274
100 328
100 409
100 37
100 2
100 138
100 15
100 24
100 87
100 69
100 175
100 18
100 68
100 7
100 235
100 344
100 175
100 180
100 96
100 141
100 23
100 22
100 218
100 124
100 173
100 205
100 191
100 45
100 155
100 233
100 160
100 313
100 75
100 185
100 67
100 72
100 129
100 346
100 143
100 17
100 364
100 882
100 258
100 43
100 13
100 56
100 122
100 351
100 30
100 29
100 76
100 151
100 7
100 11
100 66
100 48
100 165
100 54
100 197
100 0
100 99
100 278
100 65
100 71
100 41
100 208
100 160
100 267
100 47
100 68
100 143
100 253
100 29
100 145
100 180
100 101
100 398
100 300
100 401
100 269
100 871
100 127
100 170
100 86
100 55
100 206
100 268
100 409
100 11
100 20
100 102
100 650
100 44
100 276
100 191
100 74
100 282
100 75
100 45
100 73
100 97
100 341
100 65
100 48
100 398
100 1
100 50
100 604
100 17
100 30
100 147
100 144
100 4
100 68
100 210
100 242
100 101
100 105
100 49
100 260
100 202
100 138
100 12
100 130
100 163
100 278
100 62
100 321
100 25
100 298
100 5
100 56
100 288
100 422
100 37
100 240
100 116
100 246
100 63
100 92
100 189
100 318
100 285
100 5
100 69
100 35
100 248
100 361
100 144
100 625
100 173
100 42
100 37
100 45
100 205
100 405
100 69
100 6
100 214
100 130
100 151
100 218
100 143
100 14
100 317
100 110
100 168
100 248
100 38
100 112
100 166
100 3
100 185
100 106
100 5
100 297
100 138
100 30
100 273
100 13
100 8
100 126
100 245
100 230
100 191
100 25
100 351
100 42
100 326
100 160
100 191
100 17
100 211
100 240
100 141
100 215
100 366
100 35
100 13
100 81
100 32
100 38
100 2
100 209
100 192
100 138
100 374
100 89
100 43
100 279
100 161
100 623
100 250
100 126
100 417
100 92
100 305
100 164
100 270
100 68
100 433
100 296
100 59
100 120
100 217
100 4
100 253
100 727
100 157
100 182
100 477
100 68
100 184
100 263
100 19
100 72
100 8
100 53
100 59
100 46
100 321
100 95
100 70
100 49
100 389
100 192
100 292
100 216
100 86
100 78
100 63
100 17
100 514
100 104
100 58
100 467
100 33
100 240
100 182
100 286
100 218
100 33
100 14
100 84
100 104
100 57
100 147
100 45
100 205
100 120
100 539
100 438
100 295
100 653
100 328
100 90
100 389
100 206
100 484
100 111
100 545
100 79
100 28
100 30
100 123
100 244
100 52
100 122
100 72
100 56
100 121
100 65
100 110
100 75
100 583
100 411
100 109
100 79
100 89
100 28
100 17
100 61
100 33
100 83
100 12
100 106
100 24
100 113
100 63
100 456
100 985
100 77
100 45
100 337
100 201
100 86
100 56
100 328
100 197
100 132
100 448
100 256
100 185
100 88
100 122
100 258
100 23
100 1164
100 23
100 249
100 251
100 2
100 43
100 11
100 118
100 9
100 83
100 430
100 319
100 85
100 9
100 25
100 2
100 977
100 233
100 7
100 148
100 398
100 61
100 104
100 79
100 127
100 135
100 30
100 45
100 33
100 607
100 34
100 118
100 224
100 31
100 492
100 7
100 75
100 67
100 14
100 17
100 14
100 11
100 80
100 42
100 201
100 178
100 91
100 393
100 250
100 184
100 178
100 97
100 261
100 335
100 105
100 219
100 449
100 6
100 116
100 72
100 411
100 244
100 66
100 236
100 34
100 86
100 86
100 249
100 97
100 493
100 112
100 363
100 161
100 89
100 303
100 110
100 21
100 85
100 311
100 13
100 180
100 196
100 248
100 251
100 32
100 46
100 207
100 145
100 42
100 136
100 172
100 25
100 66
100 68
100 17
100 112
100 158
100 72
100 54
100 121
100 256
100 284
100 10
100 66
100 36
100 16
100 107
100 17
100 370
100 209
100 64
100 617
100 118
100 29
100 295
100 175
100 7
100 153
100 104
100 63
100 221
100 168
100 0
100 461
