100 472
100 33
100 105
100 93
100 20
100 112
100 85
100 184
100 90
100 200
100 80
100 190
100 219
100 76
100 251
100 180
100 263
100 170
100 218
100 116
100 49
100 102
100 855
100 9
100 603
100 62
100 341
100 77
100 80
100 747
100 421
100 258
100 62
100 192
100 95
100 262
100 269
100 90
100 60
100 652
100 98
100 479
100 82
100 920
100 619
100 1
100 65
100 272
100 300
100 302
100 33
100 99
100 4
100 611
100 106
100 207
100 773
100 62
100 138
100 467
100 40
100 29
100 868
100 387
100 509
100 181
100 380
100 36
100 7
100 147
100 30
100 51
100 362
100 494
100 211
100 48
100 55
100 7
100 548
100 215
100 544
100 100
100 44
100 39
100 119
100 599
100 222
100 163
100 384
100 585
100 425
100 19
100 55
100 177
100 212
100 40
100 52
100 0
100 578
100 229
100 168
100 1040
100 185
100 526
100 31
100 30
100 69
100 78
100 390
100 89
100 33
100 162
100 151
100 849
100 82
100 518
100 646
100 15
100 238
100 29
100 559
100 487
100 696
100 188
100 55
100 816
100 226
100 877
100 260
100 248
100 111
100 22
100 196
100 36
100 69
100 297
100 70
100 227
100 128
100 397
100 409
100 12
100 698
100 109
100 87
100 337
100 166
100 274
100 61
100 59
100 255
100 118
100 427
100 89
100 36
100 124
100 561
100 600
100 56
100 265
100 784
100 35
100 0
100 1319
100 286
100 164
100 181
100 77
100 37
100 397
100 445
100 114
100 124
100 80
100 607
100 764
100 509
100 136
100 469
100 13
100 172
100 61
100 311
100 334
100 67
100 1177
100 824
100 28
100 307
100 234
100 432
100 18
100 259
100 360
100 135
100 115
100 417
100 689
100 194
100 368
100 918
100 184
100 5
100 397
100 55
100 646
100 474
100 432
100 163
100 463
100 269
100 330
100 33
100 67
100 490
100 565
100 265
100 254
100 18
100 377
100 55
100 65
100 54
100 69
100 246
100 131
100 194
100 110
100 240
100 101
100 64
100 158
100 114
100 0
100 82
100 282
100 282
100 61
100 185
100 7
100 409
100 233
100 254
100 734
100 686
100 341
100 291
100 73
100 132
100 539
100 29
100 201
100 82
100 187
100 131
100 681
100 779
100 307
100 646
100 290
100 140
100 83
100 54
100 557
100 171
100 996
100 160
100 251
100 779
100 102
100 492
100 634
100 640
100 343
100 271
100 39
100 101
100 74
100 18
100 215
100 23
100 9
100 83
100 41
100 117
100 189
100 202
100 512
100 810
100 166
100 156
100 406
100 46
100 262
100 51
100 366
100 129
100 282
100 106
100 325
100 153
100 19
100 637
100 209
100 16
100 98
100 135
100 468
100 333
100 27
100 1620
100 32
100 834
100 318
100 16
100 20
100 496
100 140
100 402
100 358
100 405
100 720
100 66
100 170
100 49
100 154
100 185
100 532
100 500
100 354
100 77
100 198
100 8
100 281
100 144
100 880
100 51
100 327
100 166
100 661
100 245
100 96
100 69
100 1242
100 303
100 88
100 1333
100 132
100 358
100 291
100 434
100 254
100 137
100 222
100 386
100 80
100 46
100 74
100 245
100 31
100 503
100 405
100 195
100 39
100 275
100 173
100 22
100 14
100 179
100 109
100 405
100 127
100 83
100 150
100 337
100 45
100 1
100 207
100 49
100 311
100 114
100 740
100 187
100 104
100 310
100 162
100 386
100 81
100 187
100 69
100 190
100 354
100 237
100 266
100 177
100 85
100 195
100 230
100 167
100 54
100 432
100 157
100 356
100 297
100 56
100 240
100 124
100 98
100 59
100 32
100 46
100 69
100 103
100 36
100 89
100 4
100 489
100 151
100 178
100 117
100 505
100 116
100 391
100 308
100 5
100 31
100 464
100 354
100 59
100 27
100 604
100 64
100 372
100 316
100 8
100 47
100 196
100 340
100 214
100 352
100 689
100 60
100 56
100 83
100 189
100 15
100 634
100 48
100 1157
100 56
100 229
100 165
100 264
100 1103
100 236
100 148
100 92
100 415
100 146
100 3
100 97
100 447
100 547
100 132
100 849
100 49
100 123
100 587
100 156
100 213
100 375
100 158
100 30
100 387
100 225
100 74
100 220
100 565
100 88
100 363
100 85
100 126
100 201
100 159
100 153
100 413
100 62
100 180
100 278
100 420
100 96
100 341
100 509
100 85
100 156
100 267
100 1395
100 80
100 194
100 133
100 1328
100 123
100 33
100 245
100 117
100 70
100 334
100 157
100 235
100 165
100 114
100 19
100 87
100 436
100 21
100 71
100 77
100 225
100 9
100 257
100 418
100 259
100 428
100 81
100 45
100 68
100 249
100 328
100 212
100 367
100 438
100 283
100 126
100 55
100 103
100 188
100 219
100 297
100 626
100 85
100 29
100 227
100 69
100 42
100 199
100 362
100 47
100 73
100 78
100 102
100 68
100 37
100 256
100 483
100 250
100 355
100 347
100 113
100 172
100 402
100 803
100 99
100 131
100 105
100 97
100 611
100 89
100 7
100 97
100 922
100 606
100 61
100 673
100 269
100 613
100 183
100 85
100 198
100 581
100 93
100 62
100 87
100 1058
100 98
100 510
100 553
100 79
100 107
100 53
100 455
100 153
100 92
100 217
100 392
100 531
100 544
100 303
100 270
100 25
100 941
100 94
100 64
100 241
100 83
100 54
100 67
100 488
100 163
100 101
100 90
100 415
100 532
100 141
100 277
100 175
100 272
100 443
100 185
100 337
100 461
100 51
100 649
100 30
100 164
100 76
100 260
100 226
100 5
100 25
100 814
100 462
100 188
100 951
100 14
100 96
100 153
100 354
100 141
100 2
100 135
100 665
100 144
100 36
100 226
100 224
100 7
100 323
100 44
100 512
100 51
100 87
100 27
100 164
100 455
100 189
100 96
100 15
100 113
100 194
100 44
100 185
100 62
100 102
100 454
100 101
100 86
100 565
100 232
100 37
100 368
100 111
100 242
100 45
100 202
100 477
100 282
100 973
100 614
100 81
100 332
100 743
100 12
100 55
100 2
100 152
100 3
100 81
100 57
100 292
100 556
100 254
100 31
100 433
100 103
100 157
100 233
100 30
100 170
100 148
100 641
100 14
100 131
100 298
100 3
100 26
100 91
100 83
100 54
100 10
100 12
100 348
100 425
100 35
100 735
100 308
100 27
100 252
100 93
100 238
100 208
100 173
100 520
100 116
100 434
100 109
100 14
100 360
100 19
100 715
100 225
100 257
100 173
100 484
100 129
100 548
100 340
100 149
100 28
100 206
100 951
100 443
100 62
100 52
100 67
100 1130
100 36
100 48
100 163
100 175
100 1106
100 80
100 466
100 227
100 94
100 300
100 296
100 215
100 729
100 130
100 14
100 612
100 324
100 223
100 742
100 156
100 191
100 182
100 354
100 478
100 249
100 84
100 4
100 343
100 218
100 29
100 165
100 181
100 186
100 120
100 208
100 59
100 90
100 137
100 135
100 17
100 88
100 100
100 38
100 131
100 489
100 191
100 231
100 314
100 135
100 503
100 140
100 125
100 532
100 162
100 148
100 3
100 37
100 147
100 146
100 171
100 195
100 34
100 31
100 232
100 64
100 97
100 835
100 62
100 220
100 45
100 813
100 218
100 82
100 42
100 68
100 272
100 204
100 168
100 9
100 197
100 207
100 257
100 569
100 77
100 693
100 23
100 215
100 206
100 368
100 8
100 31
100 329
100 30
100 404
100 8
100 85
100 41
100 24
100 156
100 180
100 249
100 559
100 208
100 198
100 50
100 9
100 317
100 298
100 134
100 92
100 64
100 203
100 190
100 183
100 53
100 46
100 124
100 6
100 77
100 54
100 434
100 9
100 1
100 576
100 144
100 37
100 148
100 110
100 322
100 491
100 159
100 93
100 41
100 269
100 1316
100 2
100 56
100 883
100 129
100 376
100 35
100 167
100 138
100 116
100 355
100 739
100 216
100 15
100 321
100 327
100 375
100 322
100 836
100 433
100 20
100 604
100 126
100 438
100 467
100 18
100 12
100 112
100 52
100 434
100 67
100 768
100 415
100 320
100 60
100 548
100 7
100 17
100 702
100 228
100 605
100 263
100 94
100 107
100 68
100 113
100 55
100 274
100 7
100 175
100 419
100 21
100 131
100 83
100 99
100 356
100 388
100 728
100 41
100 269
100 32
100 179
100 351
100 581
100 134
100 99
100 9
100 58
100 49
100 171
100 78
100 459
100 349
100 6
100 76
100 28
100 251
100 454
100 533
100 136
100 152
100 35
100 414
100 121
100 273
100 42
100 46
100 71
100 185
100 115
100 576
100 604
100 39
100 103
100 165
100 26
100 64
100 71
100 58
100 78
100 7
100 136
100 80
100 271
100 222
100 253
100 128
100 22
100 91
100 157
100 79
100 72
100 239
100 119
100 64
100 261
100 284
100 25
100 266
100 64
100 205
100 248
100 26
100 336
100 429
100 554
100 304
100 481
100 209
100 507
100 469
100 342
100 52
100 534
100 274
100 202
100 384
100 447
100 52
100 225
100 500
100 284
100 52
100 155
100 99
100 58
100 359
100 246
100 37
100 69
100 90
100 601
100 279
100 44
100 423
100 242
100 277
100 75
100 0
100 345
100 778
100 81
100 109
100 214
100 4
100 100
100 43
100 221
100 358
100 136
100 379
100 430
100 17
100 67
100 85
100 4
100 141
100 288
100 204
100 664
100 6
100 849
100 47
100 143
100 124
100 218
100 11
100 116
100 60
100 353
100 15
100 33
100 786
100 157
100 9
100 166
100 192
100 40
100 250
100 489
100 533
100 375
100 323
100 445
100 73
100 70
100 94
100 119
100 139
100 437
100 52
100 60
100 535
100 499
100 1293
100 34
100 883
100 704
100 528
100 83
100 1654
100 248
100 145
100 383
100 67
100 89
100 108
100 625
100 386
100 170
100 204
100 156
100 407
100 219
100 680
100 80
100 288
100 414
100 31
100 327
100 17
100 13
100 702
100 15
100 1289
100 6
100 68
100 26
100 749
100 216
100 5
100 68
100 672
100 2
100 544
100 67
100 130
100 696
100 61
100 77
100 328
100 277
100 96
100 49
100 237
100 333
100 273
100 220
100 136
100 372
100 14
100 178
100 1153
100 151
100 458
100 471
100 147
100 162
100 57
100 305
100 221
100 570
100 152
100 623
100 204
100 233
100 344
100 69
100 313
100 109
100 121
100 256
100 228
100 96
100 149
100 88
100 16
100 352
100 274
100 112
100 153
100 87
100 337
100 187
100 22
100 365
100 444
100 230
100 389
100 47
100 94
100 149
100 19
100 67
100 264
100 439
100 80
100 771
100 268
100 16
100 661
100 195
100 682
100 41
100 17
100 20
100 447
100 81
100 126
100 58
100 116
100 291
100 249
100 33
100 419
100 126
100 90
100 658
100 281
100 391
100 587
100 193
100 455
100 692
100 2
100 107
100 27
100 262
100 28
100 572
100 133
100 111
100 157
100 5
100 272
100 57
100 217
100 65
100 22
100 318
100 109
100 253
100 448
100 266
100 28
100 384
100 1350
100 20
100 521
100 447
100 463
100 112
100 306
100 18
100 30
100 184
100 113
100 193
100 19
100 142
100 106
100 141
100 228
100 174
100 326
100 337
100 117
100 115
100 217
100 491
100 397
100 48
100 32
100 107
100 326
100 914
100 498
100 317
100 189
100 200
100 506
100 1276
100 47
100 698
100 671
100 83
100 95
100 607
100 481
100 120
100 337
100 189
100 32
100 304
100 153
100 394
100 57
100 216
100 65
100 2
100 106
100 404
100 37
100 684
100 62
100 320
100 106
100 291
100 403
100 481
100 58
100 235
100 35
100 32
100 214
100 56
100 133
100 294
100 12
100 450
100 68
100 165
100 195
100 178
100 108
100 184
100 120
100 334
100 321
100 257
100 221
100 116
100 163
100 18
100 5
100 362
100 347
100 130
100 337
100 203
100 53
100 326
100 131
100 171
100 194
100 94
100 111
100 601
100 407
100 136
100 321
100 624
100 408
100 212
100 781
100 103
100 542
100 129
100 172
100 176
100 322
100 193
100 106
100 124
100 496
100 35
100 30
100 19
100 58
100 140
100 178
100 0
100 248
100 40
100 30
100 626
100 259
100 453
100 241
100 109
100 484
100 847
100 38
100 244
100 205
100 199
100 12
100 262
100 9
100 114
100 463
100 869
100 44
100 46
100 92
100 319
100 604
100 116
100 792
100 93
100 434
100 23
100 64
100 232
100 95
100 5
100 88
100 85
100 612
100 172
100 242
100 211
100 37
100 51
100 209
100 103
100 276
100 68
100 170
100 276
100 273
100 232
100 96
100 122
100 351
100 15
100 121
100 93
100 818
100 418
100 62
100 39
100 70
100 15
100 254
100 124
100 270
100 47
100 240
100 204
100 198
100 16
100 134
100 294
100 238
100 23
100 170
100 130
100 111
100 46
100 274
100 864
100 294
100 308
100 96
100 289
100 169
100 74
100 346
100 355
100 293
100 244
100 108
100 120
100 117
100 171
100 110
100 119
100 789
100 411
100 343
100 3
100 686
100 161
100 100
100 540
100 267
100 12
100 472
100 87
100 45
100 11
100 213
100 459
100 228
100 75
100 249
100 303
100 235
100 385
100 163
100 203
100 252
100 785
100 551
100 175
100 563
100 622
100 288
100 26
100 637
100 81
100 704
100 319
100 186
100 24
100 201
100 119
100 20
100 426
100 524
100 25
100 519
100 262
100 349
100 1032
100 104
100 109
100 188
100 213
100 119
100 105
100 193
100 100
100 75
100 361
100 82
100 9
100 185
100 274
100 335
100 28
100 57
100 89
100 178
100 294
100 241
100 347
100 70
100 29
100 337
100 190
100 301
100 139
100 139
100 88
100 7
100 428
100 101
100 120
100 306
100 389
100 166
100 512
100 211
100 99
100 455
100 52
100 49
100 42
100 64
100 114
100 157
100 42
100 498
100 11
100 9
100 39
100 213
100 16
100 66
100 632
100 76
100 0
100 70
100 314
100 62
100 479
100 196
100 395
100 190
100 244
100 18
100 24
100 398
100 137
100 340
100 328
100 144
100 125
100 68
100 45
100 687
100 345
100 203
100 372
100 6
100 403
100 1164
100 4
100 372
100 57
100 285
100 583
100 40
100 38
100 102
100 450
100 166
100 71
100 231
100 719
100 70
100 286
100 315
100 60
100 541
100 42
100 6
100 51
100 64
100 318
100 195
100 26
100 45
100 286
100 351
100 288
100 87
100 609
100 386
100 36
100 588
100 64
100 26
100 312
100 119
100 5
100 76
100 340
100 525
100 21
100 157
100 161
100 1334
100 282
100 93
100 575
100 276
100 10
100 245
100 304
100 498
100 227
100 178
100 125
100 300
100 356
100 219
100 287
100 162
100 5
100 63
100 333
100 122
100 2
100 63
100 10
100 381
100 501
100 276
100 51
100 202
100 67
100 318
100 130
100 95
100 154
100 202
100 97
100 167
100 121
100 311
100 10
100 650
100 161
100 179
100 409
100 40
100 498
100 38
100 87
100 1121
100 130
100 192
100 127
100 115
100 354
100 31
100 192
100 353
100 27
100 603
100 208
100 37
100 816
100 319
100 253
100 540
100 84
100 348
100 97
100 68
100 392
100 128
100 334
100 498
100 302
100 284
100 33
100 325
100 215
100 924
100 420
100 119
100 337
100 265
100 68
100 514
100 442
100 69
100 368
100 221
100 246
100 122
100 107
100 80
100 14
100 165
100 425
100 244
100 410
100 117
100 501
100 432
100 992
100 86
100 119
100 279
100 1
100 272
100 224
100 32
100 138
100 108
100 94
100 413
100 177
100 90
100 9
100 142
100 44
100 60
100 113
100 1273
100 158
100 10
100 85
100 123
100 18
100 118
100 609
100 80
100 329
100 754
100 77
100 71
100 31
100 442
100 121
100 200
100 625
100 25
100 55
100 152
100 215
100 43
100 243
100 267
100 81
100 169
100 72
100 281
100 409
100 168
100 682
100 101
100 25
100 47
100 6
100 106
100 64
100 581
100 239
100 926
100 197
100 68
100 210
100 201
100 8
100 550
100 111
100 766
100 3
100 184
100 143
100 223
100 95
100 210
100 163
100 168
100 193
100 117
100 50
100 955
100 247
100 503
100 179
100 5
100 9
100 298
100 14
100 121
100 50
100 134
100 335
100 1
100 201
100 2
100 261
100 120
100 217
100 144
100 207
100 196
100 1165
100 9
100 197
100 191
100 110
100 273
100 496
100 57
100 83
100 189
100 31
100 144
100 84
100 161
100 768
100 351
100 354
100 189
100 124
100 85
100 63
100 458
100 141
100 290
100 346
100 59
100 226
100 38
100 1015
100 57
100 93
100 144
100 396
100 424
100 501
100 100
100 1186
100 262
100 98
100 292
100 463
100 673
100 194
100 485
100 23
100 154
100 596
100 89
100 410
100 203
100 63
100 139
100 282
100 18
100 73
100 323
100 122
100 271
100 26
100 666
100 479
100 298
100 170
100 123
100 317
100 56
100 169
100 31
100 332
100 207
100 128
100 303
100 325
100 299
100 871
100 224
100 410
100 127
100 45
100 953
100 399
100 203
100 290
100 320
100 99
100 460
100 440
100 394
100 244
100 143
100 291
100 500
100 0
100 279
100 258
100 575
100 407
100 274
100 28
100 198
100 31
100 53
100 307
100 476
100 515
100 167
100 70
100 279
100 115
100 97
100 351
100 230
100 530
100 29
100 81
100 533
100 59
100 592
100 151
100 663
100 29
100 73
100 348
100 178
100 601
100 245
100 354
100 77
100 126
100 105
100 580
100 42
100 252
100 117
100 439
100 10
100 359
100 68
100 484
100 2
100 71
100 302
100 723
100 936
100 1167
100 122
100 604
100 373
100 137
100 263
100 43
100 444
100 275
100 220
100 20
100 233
100 140
100 216
100 85
100 211
100 900
100 367
100 13
100 238
100 16
100 11
100 38
100 138
100 228
100 47
100 16
100 30
100 131
100 28
100 858
100 228
100 76
100 138
100 111
100 258
100 197
100 118
100 421
100 172
100 259
100 10
100 658
100 462
100 634
100 61
100 463
100 20
100 1264
100 1024
100 466
100 452
100 446
100 309
100 7
100 48
100 78
100 170
100 34
100 513
100 556
100 118
100 458
100 4
100 56
100 61
100 529
100 103
100 298
100 854
100 436
100 111
100 19
100 226
100 1
100 104
100 27
100 9
100 619
100 87
100 97
100 416
100 50
100 32
100 648
100 647
100 511
100 149
100 18
100 211
100 2
100 192
100 127
100 180
100 107
100 463
100 9
100 27
100 64
100 490
100 82
100 421
100 282
100 592
100 806
100 550
100 92
100 559
100 93
100 352
100 723
100 50
100 410
100 955
100 267
100 395
100 0
100 75
100 18
100 9
100 3
100 447
100 110
100 407
100 517
100 178
100 60
100 386
100 482
100 64
100 4
100 20
100 80
100 139
100 282
100 106
100 224
100 163
100 36
100 20
100 200
100 249
100 54
100 40
100 390
100 425
100 298
100 128
100 277
100 22
100 187
100 63
100 36
100 62
100 1041
100 238
100 166
100 164
100 162
100 92
100 373
100 3
100 286
100 400
100 8
100 230
100 403
100 70
100 192
100 28
100 252
100 259
100 5
100 839
100 589
100 107
100 546
100 72
100 365
100 43
100 52
100 244
100 2
100 175
100 136
100 198
100 1047
100 340
100 908
100 49
100 313
100 581
100 215
100 206
100 175
100 1
100 20
100 12
100 153
100 229
100 110
100 214
100 390
100 17
100 211
100 410
100 359
100 128
100 1052
100 103
100 128
100 487
100 39
100 2
100 6
100 650
100 253
100 175
100 60
100 121
100 101
100 219
100 68
100 8
100 127
100 238
100 72
100 137
100 376
100 212
100 146
100 95
100 252
100 370
100 647
100 232
100 680
100 12
100 657
100 176
100 182
100 48
100 258
100 91
100 121
100 875
100 124
100 109
100 360
100 484
100 397
100 386
100 449
100 40
100 128
100 463
100 17
100 249
100 226
100 131
100 214
100 76
100 402
100 49
100 136
100 326
100 54
100 47
100 143
100 39
100 276
100 474
100 241
100 96
100 30
100 211
100 135
100 16
100 159
100 164
100 164
100 189
100 940
100 150
100 616
100 19
100 9
100 631
100 565
100 25
100 242
100 109
100 475
100 314
100 142
100 262
100 308
100 850
100 66
100 85
100 413
100 702
100 288
100 359
100 462
100 178
100 958
100 366
100 244
100 184
100 74
100 14
100 165
100 40
100 1027
100 25
100 278
100 677
100 505
100 24
100 182
100 163
100 336
100 185
100 151
100 169
100 55
100 136
100 864
100 262
100 79
100 304
100 246
100 101
100 146
100 96
100 347
100 22
100 162
100 137
100 104
100 90
100 423
100 572
100 670
100 372
100 474
100 110
100 341
100 95
100 953
100 60
100 340
100 513
100 189
100 527
100 633
100 397
100 197
100 293
100 188
100 341
100 13
100 260
100 138
100 690
100 177
100 187
100 220
100 98
100 224
100 676
100 155
100 42
100 470
100 25
100 244
100 450
100 132
100 48
100 300
100 110
100 95
100 199
100 361
100 1690
100 105
100 24
100 9
100 195
100 78
100 46
100 9
100 196
100 464
100 144
100 34
100 174
100 239
100 349
100 484
100 478
100 310
100 180
100 54
100 201
100 258
100 5
100 183
100 524
100 9
100 68
100 618
100 206
100 99
100 147
100 60
100 420
100 1863
100 201
100 101
100 162
100 3
100 90
100 163
100 29
100 14
100 76
100 447
100 60
100 298
100 269
100 36
100 214
100 221
100 274
100 56
100 506
100 199
100 30
100 1291
100 75
100 986
100 27
100 40
100 321
100 218
100 85
100 65
100 999
100 23
100 76
100 257
100 340
100 277
100 357
100 52
100 151
100 497
100 24
100 321
100 60
100 340
100 81
100 181
100 85
100 578
100 366
100 86
100 151
100 68
100 57
100 418
100 249
100 99
100 564
100 161
100 98
100 121
100 536
100 23
100 649
100 754
100 270
100 287
100 111
100 269
100 351
100 167
100 220
100 852
100 346
100 1578
100 495
100 63
100 243
100 316
100 113
100 18
100 285
100 260
100 80
100 369
100 53
100 305
100 874
100 69
100 85
100 267
100 29
100 319
100 51
100 100
100 380
100 0
100 588
100 779
100 141
100 27
100 448
100 146
100 202
100 192
100 12
100 221
100 277
100 53
100 285
100 209
100 650
100 36
100 282
100 28
100 230
100 50
100 390
100 223
100 44
100 395
100 94
100 212
100 1213
100 373
100 46
100 414
100 321
100 274
100 0
100 707
100 208
100 145
100 6
100 173
100 83
100 319
100 347
100 206
100 71
100 79
100 303
100 455
100 203
100 476
100 10
100 340
100 225
100 176
100 197
100 143
100 209
100 876
100 398
100 493
100 266
100 146
100 217
100 616
100 169
100 201
100 51
100 658
100 115
100 237
100 265
100 915
100 235
100 250
100 43
100 150
100 125
100 528
100 200
100 623
100 293
100 158
100 130
100 515
100 142
100 171
100 568
100 92
100 455
100 3
100 127
100 125
100 177
100 548
100 64
100 555
100 170
100 47
100 226
100 19
100 246
100 304
100 41
100 420
100 41
100 204
100 40
100 78
100 58
100 178
100 178
100 64
100 178
100 10
100 464
100 80
100 105
100 40
100 142
100 108
100 121
100 201
100 9
100 40
100 247
100 248
100 310
100 365
100 517
100 24
100 262
100 10
100 167
100 112
100 5
100 861
100 387
100 20
100 79
100 34
100 63
100 582
100 1173
100 22
100 214
100 298
100 165
100 387
100 272
100 963
100 182
100 37
100 510
100 706
100 1519
100 187
100 13
100 91
100 330
100 378
100 897
100 217
100 168
100 439
100 311
100 31
100 21
100 28
100 298
100 491
100 140
100 135
100 404
100 269
100 68
100 162
100 45
100 13
100 424
100 502
100 1053
100 69
100 935
100 11
100 437
100 9
100 444
100 225
100 478
100 18
100 284
100 280
100 423
100 30
100 488
100 144
100 59
100 50
100 173
100 17
100 318
100 337
100 46
100 39
100 325
100 124
100 41
100 38
100 122
100 86
100 178
100 33
100 627
100 149
100 173
100 957
100 237
100 14
100 134
100 409
100 174
100 41
100 243
100 107
100 14
100 6
100 298
100 138
100 250
100 501
100 4
100 75
100 233
100 324
100 64
100 453
100 62
100 139
100 420
100 189
100 60
100 225
100 642
100 311
100 60
100 47
100 127
100 78
100 430
100 175
100 36
100 958
100 604
100 37
100 77
100 17
100 376
100 177
100 352
100 548
100 951
100 353
100 264
100 151
100 172
100 5
100 356
100 17
100 6
100 306
100 264
100 102
100 129
100 181
100 176
100 291
100 101
100 224
100 149
100 318
100 138
100 282
100 102
100 1195
100 2
100 362
100 24
100 20
100 33
100 351
100 122
100 360
100 111
100 427
100 259
100 666
100 129
100 255
100 56
100 250
100 119
100 480
100 54
100 206
100 161
100 121
100 35
100 348
100 218
100 22
100 22
100 70
100 470
100 190
100 688
100 27
100 199
100 268
100 604
100 127
100 140
100 80
100 83
100 248
100 296
100 438
100 8
100 70
100 569
100 163
100 67
100 560
100 137
100 12
100 1015
100 270
100 151
100 253
100 31
100 477
100 128
100 1
100 166
100 241
100 104
100 120
100 104
100 61
100 38
100 404
100 315
100 17
100 42
100 261
100 65
100 316
100 33
100 371
100 450
100 38
100 233
100 404
100 317
100 798
100 94
100 472
100 245
100 61
100 12
100 153
100 159
100 444
100 280
100 461
100 239
100 189
100 352
100 12
100 140
100 63
100 215
100 96
100 120
100 71
100 452
100 18
100 63
100 16
100 729
100 31
100 556
100 287
100 68
100 86
100 726
100 41
100 534
100 120
100 198
100 419
100 50
100 98
100 414
100 516
100 207
100 117
100 14
100 42
100 198
100 166
100 357
100 38
100 186
100 94
100 237
100 19
100 141
100 133
100 201
100 0
100 302
100 40
100 156
100 51
100 1163
100 182
100 104
100 399
100 842
100 238
100 267
100 633
100 562
100 38
100 1222
100 391
100 178
100 304
100 160
100 485
100 43
100 551
100 739
100 139
100 620
100 231
100 248
100 545
100 73
100 118
100 910
100 38
100 25
100 85
100 304
100 83
100 145
100 158
100 133
100 18
100 193
100 228
100 43
100 243
100 468
100 168
100 155
100 224
100 139
100 462
100 392
100 912
100 772
100 42
100 125
100 732
100 64
100 339
100 181
100 340
100 176
100 184
100 409
100 403
100 339
100 757
100 150
100 917
100 174
100 268
100 27
100 674
100 131
100 176
100 19
100 624
100 144
100 106
100 441
100 138
100 301
100 409
100 37
100 479
100 338
100 94
100 421
100 91
100 413
100 253
100 342
100 608
100 130
100 34
100 111
100 35
100 419
100 2
100 579
100 118
100 702
100 63
100 433
100 26
100 325
100 165
100 674
100 142
100 566
100 19
100 235
100 58
100 563
100 114
100 485
100 229
100 82
100 751
100 51
100 71
100 8
100 463
100 38
100 241
100 608
100 70
100 129
100 14
100 32
100 43
100 210
100 48
100 457
100 351
100 311
100 3
100 264
100 495
100 31
100 138
100 1025
100 1133
100 521
100 242
100 1
100 806
100 178
100 359
100 235
100 62
100 716
100 385
100 150
100 52
100 84
100 131
100 29
100 402
100 50
100 537
100 152
100 127
100 308
100 253
100 56
100 38
100 311
100 392
100 593
100 103
100 352
100 160
100 409
100 483
100 361
100 80
100 63
100 174
100 125
100 15
100 675
100 81
100 793
100 38
100 127
100 20
100 157
100 115
100 610
100 317
100 503
100 207
100 139
100 232
100 157
100 480
100 1021
100 102
100 243
100 446
100 131
100 260
100 62
100 749
100 300
100 84
100 488
100 520
100 135
100 36
100 95
100 250
100 199
100 261
100 6
100 386
100 135
100 25
100 29
100 866
100 335
100 458
100 164
100 36
100 189
100 16
100 35
100 623
100 18
100 100
100 525
100 481
100 124
100 76
100 272
100 265
100 306
100 244
100 110
100 8
100 255
100 536
100 147
100 456
100 96
100 347
100 307
100 64
100 52
100 39
100 261
100 21
100 130
100 22
100 32
100 17
100 10
100 46
100 57
100 37
100 39
100 797
100 98
100 201
100 265
100 1147
100 363
100 612
100 123
100 230
100 252
100 239
100 29
100 31
100 181
100 87
100 132
100 1
100 170
100 258
100 59
100 65
100 385
100 86
100 70
100 21
100 0
100 180
100 487
100 210
100 165
100 50
100 575
100 44
100 45
100 634
100 295
100 286
100 11
100 56
100 135
100 23
100 398
100 364
100 490
100 890
100 23
100 237
100 399
100 132
100 35
100 99
100 68
100 68
100 2
100 420
100 204
100 1
100 13
100 65
100 286
100 651
100 377
100 78
100 153
100 190
100 523
100 885
100 33
100 52
100 224
100 29
100 210
100 130
100 412
100 209
100 247
100 80
100 160
100 450
100 7
100 296
100 826
100 881
100 99
100 1289
100 0
100 208
100 903
100 17
100 251
100 177
100 428
100 35
100 93
100 134
100 291
100 339
100 20
100 84
100 774
100 29
100 91
100 387
100 106
100 44
100 139
100 472
100 885
100 40
100 343
100 323
100 89
100 87
100 343
100 36
100 4
100 56
100 1215
100 299
100 501
100 103
100 156
100 292
100 324
100 101
100 5
100 509
100 226
100 58
100 34
100 14
100 93
100 480
100 271
100 341
100 663
100 100
100 138
100 323
100 259
100 175
100 151
100 327
100 520
100 71
100 195
100 214
100 11
100 456
100 157
100 351
100 73
100 69
100 27
100 373
100 250
100 879
100 380
100 102
100 151
100 513
100 1024
100 204
100 878
100 63
100 342
100 347
100 383
100 5
100 197
100 17
100 808
100 229
100 358
100 394
100 128
100 757
100 351
100 62
100 247
100 362
100 342
100 241
100 269
100 167
100 201
100 174
100 405
100 196
100 158
100 126
100 63
100 270
100 880
100 250
100 34
100 281
100 276
100 372
100 419
100 324
100 25
100 278
100 119
100 65
100 147
100 110
100 368
100 106
100 64
100 12
100 683
100 255
100 37
100 126
100 867
100 91
100 295
100 270
100 165
100 521
100 287
100 130
100 667
100 20
100 16
100 372
100 128
100 524
100 924
100 82
100 139
100 1232
100 236
100 319
100 66
100 946
100 14
100 112
100 10
100 174
100 246
100 100
100 7
100 54
100 190
100 354
100 46
100 267
100 143
100 100
100 207
100 47
100 118
100 5
100 436
100 146
100 37
100 458
100 58
100 530
100 158
100 484
100 205
100 626
100 74
100 371
100 429
100 462
100 23
100 502
100 26
100 133
100 147
100 79
100 523
100 192
100 64
100 55
100 27
100 421
100 765
100 161
100 60
100 452
100 34
100 110
100 538
100 133
100 41
100 201
100 163
100 147
100 639
100 522
100 398
100 113
100 300
100 369
100 58
100 176
100 180
100 41
100 90
100 255
100 218
100 56
100 157
100 282
100 22
100 563
100 287
100 154
100 1393
100 385
100 426
100 676
100 36
100 26
100 264
100 298
100 339
100 237
100 208
100 23
100 62
100 168
100 247
100 757
100 131
100 134
100 32
100 44
100 209
100 59
100 40
100 134
100 466
100 354
100 118
100 273
100 282
100 116
100 286
100 354
100 107
100 293
100 150
100 134
100 13
100 37
100 75
100 79
100 83
100 53
100 321
100 27
100 25
100 272
100 165
100 324
100 200
100 163
100 516
100 110
100 143
100 24
100 199
100 104
100 146
100 493
100 870
100 145
100 182
100 271
100 156
100 77
100 112
100 72
100 126
100 447
100 543
100 40
100 576
100 24
100 229
100 113
100 11
100 161
100 447
100 228
100 1547
100 122
100 271
100 112
100 202
100 335
100 328
100 6
100 177
100 176
100 27
100 465
100 444
100 119
100 218
100 59
100 139
100 71
100 41
100 101
100 565
100 262
100 458
100 19
100 1151
100 424
100 104
100 108
100 105
100 90
100 40
100 131
100 293
100 576
100 364
100 699
100 356
100 343
100 390
100 233
100 419
100 428
100 729
100 49
100 60
100 874
100 48
100 80
100 34
100 1029
100 173
100 385
100 489
100 189
100 211
100 151
100 288
100 322
100 195
100 140
100 105
100 134
100 279
100 112
100 40
100 278
100 289
100 17
100 181
100 213
100 25
100 32
100 374
100 400
100 333
100 430
100 83
100 388
100 218
100 182
100 500
100 527
100 658
100 497
100 67
100 305
100 96
100 83
100 32
100 36
100 248
100 169
100 204
100 559
100 18
100 213
100 731
100 97
100 522
100 16
100 68
100 126
100 107
100 82
100 100
100 236
100 165
100 355
100 77
100 336
100 959
100 108
100 19
100 54
100 152
100 120
100 150
100 141
100 762
100 130
100 140
100 76
100 158
100 263
100 115
100 419
100 1272
100 215
100 100
100 215
100 669
100 38
100 106
100 237
100 435
100 96
100 326
100 485
100 69
100 26
100 32
100 6
100 211
100 309
100 140
100 125
100 227
100 150
100 177
100 103
100 428
100 126
100 208
100 469
100 36
100 91
100 128
100 267
100 731
100 610
100 164
100 4
100 327
100 616
100 64
100 394
100 332
100 176
100 492
100 36
100 72
100 29
100 445
100 95
100 262
100 148
100 280
100 385
100 120
100 109
100 377
100 68
100 214
100 618
100 133
100 32
100 2
100 296
100 175
100 47
100 150
100 195
100 136
100 215
100 54
100 138
100 6
100 1670
100 276
100 13
100 245
100 296
100 708
100 11
100 23
100 148
100 340
100 300
100 51
100 801
100 221
100 30
100 127
100 26
100 16
100 138
100 165
100 129
100 372
100 63
100 98
100 13
100 53
100 355
100 282
100 251
100 132
100 575
100 443
100 57
100 231
100 106
100 200
100 461
100 283
100 65
100 606
100 405
100 95
100 602
100 133
100 157
100 325
100 307
100 155
100 758
100 1150
100 40
100 118
100 83
100 82
100 271
100 912
100 1146
100 19
100 121
100 79
100 377
100 126
100 156
100 322
100 130
100 341
100 10
100 223
100 353
100 363
100 183
100 157
100 20
100 236
100 147
100 126
100 363
100 184
100 75
100 127
100 794
100 265
100 466
100 398
100 235
100 193
100 1528
100 299
100 63
100 204
100 159
100 796
100 692
100 355
100 293
100 382
100 787
100 121
100 91
100 457
100 41
100 276
100 68
100 327
100 131
100 20
100 386
100 135
100 290
100 198
100 287
100 93
100 2
100 347
100 304
100 654
100 394
100 10
100 166
100 290
100 446
100 575
100 285
100 19
100 981
100 187
100 210
100 104
100 400
100 842
100 184
100 189
100 47
100 197
100 92
100 268
100 85
100 130
100 97
100 36
100 562
100 211
100 217
100 58
100 177
100 72
100 18
100 144
100 60
100 332
100 48
100 228
100 49
100 198
100 523
100 751
100 258
100 55
100 62
100 69
100 67
100 549
100 127
100 99
100 395
100 833
100 471
100 683
100 260
100 69
100 300
100 9
100 573
100 367
100 140
100 217
100 174
100 516
100 35
100 27
100 358
100 209
100 21
100 259
100 889
100 389
100 15
100 152
100 50
100 138
100 50
100 1309
100 145
100 224
100 332
100 309
100 171
100 184
100 3
100 183
100 253
100 234
100 281
100 349
100 119
100 443
100 27
100 407
100 70
100 54
100 25
100 254
100 1087
100 145
100 294
100 283
100 674
100 40
100 1101
100 885
100 119
100 97
100 126
100 203
100 213
100 424
100 324
100 127
100 5
100 207
100 63
100 39
100 86
100 87
100 508
100 294
100 257
100 387
100 17
100 121
100 149
100 339
100 305
100 18
100 43
100 270
100 88
100 831
100 428
100 1432
100 289
100 305
100 204
100 68
100 290
100 209
100 481
100 247
100 94
100 271
100 186
100 13
100 175
100 425
100 390
100 54
100 772
100 78
100 179
100 430
100 58
100 189
100 177
100 140
100 10
100 43
100 157
100 223
100 167
100 64
100 153
100 298
100 316
100 169
100 296
100 371
100 66
100 862
100 186
100 1332
100 109
100 269
100 388
100 492
100 318
100 23
100 790
100 124
100 68
100 89
100 177
100 73
100 174
100 1230
100 344
100 117
100 746
100 3
100 252
100 196
100 29
100 236
100 381
100 43
100 857
100 575
100 259
100 65
100 39
100 9
100 609
100 390
100 432
100 904
100 362
100 6
100 294
100 526
100 267
100 98
100 301
100 643
100 204
100 14
100 482
100 644
100 56
100 136
100 361
100 81
100 317
100 242
100 91
100 273
100 40
100 63
100 322
100 125
100 3
100 600
100 27
100 32
100 18
100 88
100 50
100 184
100 44
100 851
100 126
100 790
100 589
100 92
100 388
100 316
100 20
100 5
100 505
100 146
100 172
100 331
100 33
100 3
100 231
100 459
100 94
100 240
100 9
100 235
100 368
100 475
100 268
100 576
100 625
100 54
100 147
100 400
100 150
100 51
100 996
100 202
100 358
100 308
100 97
100 185
100 302
100 110
100 351
100 91
100 512
100 268
100 47
100 480
100 570
100 42
100 201
100 46
100 740
100 71
100 139
100 70
100 225
100 336
100 185
100 551
100 262
100 820
100 39
100 11
100 73
100 520
100 692
100 569
100 322
100 313
100 40
100 62
100 232
100 840
100 475
100 191
100 322
100 300
100 595
100 5
100 52
100 53
100 60
100 327
100 206
100 494
100 179
100 192
100 49
100 110
100 94
100 251
100 218
100 75
100 1349
100 24
100 50
100 57
100 56
100 51
100 784
100 38
100 369
100 198
100 138
100 64
100 775
100 58
100 742
100 19
100 157
100 77
100 25
100 35
100 163
100 662
100 366
100 585
100 80
100 212
100 388
100 419
100 150
100 168
100 155
100 516
100 183
100 200
100 56
100 14
100 25
100 248
100 127
100 84
100 37
100 146
100 92
100 299
100 104
100 311
100 963
100 274
100 136
100 75
100 387
100 862
100 506
100 559
100 487
100 336
100 296
100 170
100 33
100 174
100 251
100 194
100 466
100 311
100 8
100 29
100 33
100 640
100 53
100 180
100 439
100 45
100 25
100 89
100 162
100 274
100 455
100 104
100 146
100 101
100 259
100 205
100 263
100 0
100 180
100 237
100 499
100 335
100 396
100 69
100 267
100 424
100 185
100 357
100 205
100 207
100 795
100 288
100 111
100 80
100 270
100 139
100 120
100 220
100 455
100 417
100 5
100 38
100 13
100 76
100 89
100 170
100 53
100 103
100 111
100 422
100 10
100 157
100 455
100 206
100 414
100 235
100 117
100 153
100 755
100 140
100 268
100 233
100 258
100 1281
100 885
100 314
100 483
100 344
100 6
100 11
100 430
100 100
100 4
100 407
100 7
100 27
100 152
100 4
100 75
100 256
100 556
100 8
100 131
100 471
100 1
100 27
100 234
100 1119
100 489
100 159
100 0
100 18
100 626
100 14
100 499
100 227
100 182
100 11
100 162
100 106
100 190
100 313
100 485
100 280
100 30
100 67
100 89
100 178
100 92
100 74
100 834
100 253
100 168
100 523
100 208
100 112
100 76
100 325
100 367
100 418
100 12
100 383
100 319
100 7
100 513
100 441
100 107
100 72
100 24
100 295
100 79
100 5
100 553
100 25
100 213
100 206
100 70
100 73
100 74
100 267
100 29
100 93
100 101
100 555
100 122
100 422
100 1154
100 352
100 3
100 34
100 142
100 32
100 23
100 399
100 161
100 113
100 10
100 494
100 158
100 586
100 4
100 23
100 643
100 717
100 78
100 23
100 52
100 410
100 153
100 216
100 168
100 203
100 709
100 94
100 8
100 208
100 80
100 48
100 62
100 579
100 9
100 44
100 848
100 10
100 1163
100 239
100 92
100 244
100 178
100 347
100 25
100 74
100 96
100 24
100 85
100 473
100 90
100 32
100 415
100 142
100 100
100 30
100 64
100 310
100 236
100 29
100 496
100 384
100 422
100 496
100 93
100 191
100 339
100 271
100 25
100 546
100 37
100 1024
100 89
100 84
100 517
100 31
100 155
100 301
100 60
100 593
100 207
100 294
100 58
100 376
100 3
100 480
100 104
100 94
100 29
100 111
100 52
100 55
100 132
100 511
100 189
100 17
100 86
100 64
100 88
100 390
100 215
100 22
100 26
100 353
100 1048
100 106
100 297
100 64
100 465
100 212
100 1165
100 509
100 40
100 200
100 397
100 217
100 166
100 218
100 3
100 41
100 384
100 74
100 217
100 239
100 127
100 346
100 300
100 114
100 49
100 442
100 89
100 315
100 575
100 1237
100 68
100 35
100 276
100 51
100 204
100 201
100 993
100 34
100 95
100 189
100 18
100 91
100 216
100 113
100 1034
100 1148
100 39
100 330
100 242
100 425
100 82
100 72
100 2
100 67
100 672
100 68
100 3
100 34
100 248
100 385
100 551
100 101
100 223
100 184
100 206
100 22
100 333
100 163
100 62
100 232
100 295
100 84
100 680
100 55
100 92
100 222
100 34
100 285
100 60
100 67
100 1
100 76
100 40
100 19
100 32
100 786
100 4
100 220
100 562
100 178
100 587
100 491
100 91
100 397
100 53
100 244
100 615
100 39
100 12
100 168
100 178
100 107
100 169
100 293
100 68
100 175
100 319
100 265
100 253
100 237
100 189
100 65
100 249
100 219
100 28
100 86
100 383
100 41
100 154
100 201
100 415
100 43
100 0
100 41
100 165
100 476
100 174
100 27
100 112
100 23
100 944
100 641
100 224
100 126
100 70
100 206
100 201
100 179
100 734
100 97
100 202
100 153
100 578
100 42
100 42
100 47
100 154
100 182
100 48
100 39
100 445
100 158
100 50
100 181
100 138
100 267
100 216
100 323
100 97
100 258
100 1059
100 403
100 415
100 54
100 87
100 42
100 202
100 513
100 135
100 206
100 17
100 285
100 202
100 2
100 62
100 180
100 292
100 394
100 57
100 185
100 140
100 198
100 68
100 247
100 72
100 441
100 301
100 150
100 271
100 1514
100 119
100 249
100 642
100 8
100 107
100 24
100 356
100 380
100 279
100 131
100 218
100 5
100 75
100 244
100 127
100 679
100 476
100 51
100 72
100 50
100 159
100 280
100 718
100 132
100 246
100 574
100 298
100 167
100 7
100 317
100 573
100 97
100 757
100 22
100 52
100 41
100 244
100 259
100 909
100 7
100 69
100 76
100 96
100 46
100 612
100 103
100 165
100 48
100 1019
100 298
100 9
100 347
100 1308
100 259
100 421
100 146
100 68
100 41
100 83
100 37
100 121
100 252
100 185
100 182
100 197
100 498
100 196
100 1049
100 72
100 3
100 118
100 13
100 80
100 532
100 324
100 269
100 690
100 402
100 64
100 65
100 425
100 33
100 447
100 259
100 133
100 120
100 88
100 84
100 27
100 103
100 586
100 178
100 252
100 406
100 714
100 288
100 306
100 147
100 101
100 479
100 220
100 114
100 177
100 2
100 317
100 191
100 1330
100 9
100 183
100 260
100 22
100 258
100 122
100 16
100 173
100 914
100 10
100 135
100 189
100 30
100 423
100 25
100 66
100 188
100 214
100 238
100 320
100 107
100 244
100 52
100 48
100 50
100 953
100 240
100 118
100 233
100 545
100 938
100 290
100 261
100 59
100 914
100 37
100 318
100 430
100 135
100 382
100 84
100 542
100 216
100 526
100 99
100 265
100 136
100 46
100 31
100 990
100 114
100 400
100 86
100 832
100 10
100 508
100 9
100 135
100 441
100 5
100 77
100 459
100 645
100 458
100 119
100 22
100 1211
100 354
100 118
100 195
100 17
100 145
100 383
100 249
100 89
100 319
100 105
100 28
100 169
100 527
100 72
100 639
100 233
100 451
100 169
100 332
100 40
100 282
100 209
100 1083
100 292
100 287
100 49
100 301
100 24
100 197
100 34
100 133
100 3
100 23
100 106
100 409
100 261
100 116
100 10
100 239
100 236
100 92
100 119
100 85
100 292
100 173
100 474
100 503
100 61
100 29
100 243
100 314
100 253
100 442
100 284
100 386
100 412
100 23
100 74
100 40
100 253
100 245
100 309
100 1
100 183
100 341
100 134
100 72
100 560
100 269
100 284
100 204
100 430
100 78
100 462
100 0
100 104
100 161
100 149
100 238
100 168
100 77
100 71
100 88
100 473
100 549
100 26
100 457
100 495
100 81
100 237
100 155
100 136
100 330
100 164
100 296
100 1080
100 357
100 19
100 498
100 115
100 463
100 30
100 168
100 74
100 714
100 5
100 140
100 123
100 204
100 191
100 396
100 31
100 216
100 117
100 207
100 158
100 209
100 291
100 551
100 76
100 184
100 583
100 568
100 1332
100 113
100 327
100 214
100 391
100 326
100 207
100 472
100 117
100 121
100 946
100 373
100 33
100 41
100 483
100 32
100 153
100 106
100 232
100 315
100 9
100 22
100 277
100 405
100 11
100 286
100 287
100 276
100 514
100 409
100 247
100 404
100 2
100 194
100 227
100 61
100 542
100 52
100 158
100 673
100 314
100 99
100 427
100 304
100 7
100 283
100 702
100 140
100 60
100 184
100 137
100 225
100 273
100 35
100 109
100 521
100 162
100 25
100 16
100 332
100 40
100 662
100 141
100 227
100 124
100 256
100 6
100 239
100 199
100 258
100 744
100 47
100 171
100 111
100 80
100 262
100 221
100 398
100 95
100 259
100 13
100 150
100 72
100 348
100 150
100 104
100 412
100 222
100 186
100 260
100 583
100 78
100 1018
100 5
100 44
100 96
100 108
100 169
100 338
100 342
100 727
100 45
100 469
100 54
100 406
100 324
100 349
100 10
100 46
100 210
100 150
100 530
100 141
100 182
100 130
100 297
100 45
100 519
100 517
100 186
100 9
100 166
100 8
100 111
100 89
100 68
100 104
100 109
100 141
100 128
100 123
100 59
100 478
100 131
100 531
100 52
100 144
100 13
100 228
100 118
100 407
100 103
100 314
100 62
100 348
100 112
100 180
100 621
100 193
100 211
100 198
100 320
100 329
100 112
100 218
100 92
100 68
100 1058
100 36
100 53
100 89
100 132
100 80
100 284
100 57
100 555
100 197
100 25
100 170
100 726
100 111
100 31
100 112
100 169
100 651
100 4
100 32
100 518
100 75
100 20
100 446
100 297
100 740
100 612
100 96
100 32
100 7
100 75
100 73
100 178
100 231
100 100
100 116
100 153
100 470
100 54
100 872
100 256
100 42
100 206
100 58
100 548
100 190
100 138
100 120
100 421
100 778
100 57
100 7
100 96
100 34
100 424
100 455
100 342
100 295
100 194
100 417
100 73
100 86
100 599
100 302
100 515
100 43
100 40
100 325
100 390
100 31
100 60
100 289
100 175
100 350
100 356
100 895
100 14
100 567
100 214
100 495
100 141
100 157
100 23
100 198
100 992
100 635
100 601
100 238
100 720
100 262
100 92
100 622
100 345
100 2
100 103
100 25
100 381
100 99
100 85
100 421
100 140
100 303
100 137
100 418
100 417
100 1111
100 155
100 307
100 132
100 205
100 316
100 56
100 440
100 135
100 1054
100 619
100 258
100 466
100 614
100 81
100 23
100 416
100 5
100 94
100 3
100 1407
100 362
100 95
100 187
100 186
100 61
100 13
100 92
100 486
100 203
100 201
100 117
100 86
100 1574
100 60
100 2
100 164
100 326
100 30
100 309
100 920
100 493
100 0
100 99
100 64
100 1348
100 51
100 198
100 241
100 9
100 492
100 368
100 584
100 144
100 988
100 212
100 489
100 32
100 9
100 591
100 115
100 271
100 229
100 176
100 96
100 68
100 265
100 15
100 729
100 69
100 813
100 5
100 71
100 131
100 168
100 503
100 96
100 184
100 247
100 33
100 194
100 500
100 128
100 115
100 955
100 284
100 265
100 497
100 14
100 82
100 441
100 54
100 24
100 615
100 196
100 28
100 119
100 180
100 924
100 263
100 78
100 108
100 44
100 11
100 473
100 80
100 256
100 231
100 320
100 216
100 114
100 141
100 307
100 49
100 24
100 9
100 60
100 24
100 412
100 362
100 68
100 19
100 28
100 275
100 162
100 186
100 516
100 56
100 504
100 239
100 642
100 549
100 4
100 232
100 91
100 103
100 540
100 523
100 111
100 985
100 69
100 168
100 136
100 116
100 857
100 563
100 372
100 463
100 428
100 66
100 230
100 135
100 66
100 90
100 410
100 18
100 26
100 171
100 41
100 334
100 99
100 702
100 335
100 435
100 148
100 79
100 158
100 283
100 217
100 236
100 89
100 649
100 221
100 33
100 218
100 12
100 27
100 313
100 152
100 302
100 204
100 420
100 39
100 43
100 684
100 6
100 144
100 30
100 120
100 92
100 75
100 59
100 269
100 664
100 104
100 364
100 472
100 149
100 41
100 47
100 88
100 371
100 187
100 305
100 6
100 23
100 446
100 86
100 157
100 38
100 904
100 83
100 130
100 89
100 234
100 241
100 105
100 251
100 1601
100 220
100 104
100 197
100 399
100 450
100 177
100 226
100 69
100 197
100 113
100 607
100 234
100 100
100 56
100 235
100 419
100 65
100 519
100 369
100 395
100 101
100 362
100 479
100 205
100 220
100 1
100 424
100 792
100 29
100 586
100 90
100 4
100 39
100 4
100 75
100 16
100 54
100 214
100 386
100 561
100 4
100 136
100 2
100 85
100 375
100 741
100 711
100 34
100 1
100 473
100 164
100 256
100 344
100 23
100 288
100 49
100 572
100 310
100 297
100 88
100 792
100 148
100 140
100 512
100 0
100 348
100 34
100 146
100 315
100 16
100 578
100 29
100 49
100 993
100 1163
100 3
100 895
100 153
100 31
100 17
100 629
100 591
100 122
100 37
100 1003
100 65
100 457
100 214
100 20
100 27
100 59
100 30
100 170
100 204
100 343
100 48
100 166
100 374
100 322
100 420
100 202
100 275
100 73
100 346
100 49
100 324
100 55
100 60
100 971
100 482
100 112
100 426
100 383
100 46
100 290
100 46
100 58
100 104
100 553
100 91
100 192
100 30
100 355
100 460
100 137
100 33
100 615
100 10
100 88
100 23
100 84
100 386
100 667
100 15
100 38
100 70
100 658
100 91
100 15
100 747
100 41
100 454
100 303
100 82
100 254
100 249
100 168
100 180
100 552
100 402
100 181
100 162
100 81
100 26
100 20
100 68
100 158
100 256
100 40
100 129
100 501
100 20
100 34
100 152
100 80
100 66
100 513
100 519
100 386
100 138
100 270
100 290
100 652
100 211
100 613
100 99
100 374
100 414
100 143
100 17
100 531
100 10
100 437
100 150
100 309
100 7
100 296
100 286
100 1
100 597
100 126
100 90
100 30
100 165
100 268
100 312
100 687
100 271
100 84
100 549
100 274
100 704
100 641
100 373
100 37
100 334
100 501
100 38
100 2
100 228
100 45
100 139
100 387
100 154
100 33
100 189
100 53
100 402
100 80
100 289
100 208
100 117
100 204
100 251
100 437
100 436
100 305
100 969
100 712
100 666
100 59
100 111
100 13
100 743
100 80
100 497
100 692
100 59
100 74
100 107
100 321
100 802
100 220
100 207
100 159
100 371
100 87
100 70
100 19
100 146
100 120
100 277
100 86
100 579
100 338
100 188
100 212
100 136
100 0
100 174
100 435
100 133
100 503
100 236
100 394
100 184
100 106
100 678
100 234
100 659
100 1
100 166
100 329
100 85
100 142
100 28
100 572
100 23
100 24
100 35
100 21
100 659
100 87
100 276
100 5
100 19
100 287
100 80
100 429
100 186
100 174
100 635
100 86
100 34
100 235
100 488
100 139
100 66
100 362
100 634
100 402
100 59
100 353
100 247
100 190
100 25
100 3
100 37
100 244
100 337
100 111
100 932
100 42
100 461
100 539
100 35
100 335
100 105
100 93
100 25
100 249
100 190
100 65
100 272
100 94
100 61
100 487
100 48
100 49
100 304
100 176
100 223
100 40
100 861
100 20
100 235
100 166
100 335
100 367
100 46
100 169
100 296
100 30
100 35
100 102
100 133
100 56
100 259
100 232
100 56
100 137
100 0
100 614
100 269
100 619
100 432
100 8
100 328
100 78
100 132
100 21
100 75
100 78
100 292
100 651
100 250
100 43
100 81
100 452
100 352
100 75
100 289
100 425
100 387
100 244
100 43
100 149
100 617
100 24
100 289
100 102
100 187
100 19
100 538
100 137
100 378
100 508
100 230
100 388
100 264
100 26
100 356
100 204
100 153
100 327
100 736
100 232
100 473
100 14
100 23
100 81
100 320
100 250
100 76
100 336
100 678
100 95
100 383
100 99
100 362
100 36
100 94
100 292
100 408
100 148
100 291
100 12
100 212
100 46
100 60
100 178
100 37
100 84
100 260
100 109
100 160
100 99
100 340
100 83
100 30
100 183
100 213
100 131
100 152
100 32
100 76
100 478
100 65
100 24
100 610
100 586
100 900
100 57
100 65
100 558
100 177
100 108
100 139
100 110
100 805
100 134
100 329
100 455
100 1513
100 847
100 58
100 223
100 240
100 43
100 32
100 3
100 257
100 658
100 230
100 99
100 5
100 560
100 486
100 226
100 243
100 288
100 93
100 1
100 346
100 332
100 54
100 268
100 682
100 52
100 168
100 148
100 303
100 22
100 644
100 35
100 160
100 223
100 397
100 53
100 159
100 414
100 139
100 192
100 226
100 200
100 261
100 825
100 98
100 34
100 97
100 190
100 480
100 139
100 337
100 536
100 558
100 8
100 17
100 317
100 107
100 374
100 271
100 182
100 119
100 44
100 147
100 150
100 28
100 15
100 375
100 32
100 164
100 328
100 941
100 121
100 89
100 258
100 560
100 411
100 124
100 854
100 358
100 132
100 294
100 23
100 2
100 53
100 136
100 124
100 164
100 617
100 29
100 217
100 151
100 176
100 12
100 38
100 442
100 95
100 55
100 427
100 37
100 482
100 353
100 582
100 19
100 15
100 133
100 187
100 204
100 502
100 31
100 197
100 46
100 64
100 706
100 326
100 52
100 91
100 66
100 108
100 99
100 30
100 176
100 313
100 36
100 100
100 73
100 86
100 125
100 487
100 620
100 61
100 35
100 67
100 57
100 96
100 652
100 361
100 350
100 63
100 192
100 0
100 54
100 224
100 70
100 137
100 169
100 959
100 167
100 78
100 113
100 14
100 23
100 272
100 146
100 99
100 4
100 212
100 55
100 791
100 696
100 267
100 174
100 249
100 33
100 119
100 754
100 336
100 21
100 102
100 678
100 189
100 357
100 67
100 170
100 603
100 191
100 113
100 8
100 282
100 0
100 545
100 51
100 66
100 26
100 376
100 131
100 77
100 297
100 66
100 83
100 147
100 89
100 267
100 180
100 64
100 303
100 634
100 43
100 208
100 143
100 535
100 70
100 484
100 659
100 223
100 755
100 416
100 197
100 81
100 104
100 93
100 99
100 50
100 5
100 48
100 412
100 81
100 68
100 127
100 278
100 323
100 366
100 1
100 83
100 65
100 49
100 406
100 376
100 151
100 162
100 182
100 47
100 74
100 107
100 70
100 449
100 118
100 155
100 450
100 39
100 384
100 108
100 189
100 401
100 250
100 199
100 196
100 280
100 108
100 240
100 741
100 262
100 303
100 72
100 1083
100 213
100 175
100 638
100 6
100 97
100 80
100 90
100 357
100 182
100 581
100 137
100 565
100 654
100 8
100 197
100 37
100 1
100 1469
100 112
100 412
100 101
100 928
100 965
100 775
100 159
100 325
100 71
100 599
100 150
100 108
100 405
100 110
100 103
100 64
100 62
100 291
100 416
100 56
100 472
100 95
100 171
100 186
100 140
100 204
100 1121
100 46
100 219
100 206
100 89
100 312
100 3
100 197
100 224
100 691
100 516
100 662
100 213
100 576
100 107
100 333
100 384
100 23
100 674
100 193
100 33
100 13
100 400
100 144
100 198
100 731
100 857
100 880
100 186
100 294
100 142
100 433
100 12
100 403
100 618
100 126
100 152
100 20
100 19
100 619
100 1
100 82
100 738
100 35
100 176
100 89
100 767
100 786
100 272
100 133
100 157
100 34
100 1018
100 142
100 578
100 253
100 37
100 10
100 190
100 28
100 1492
100 254
100 193
100 369
100 16
100 168
100 71
100 43
100 173
100 331
100 299
100 998
100 59
100 368
100 163
100 207
100 15
100 626
100 21
100 229
100 15
100 26
100 389
100 23
100 216
100 32
100 260
100 385
100 294
100 365
100 198
100 31
100 20
100 45
100 321
100 86
100 459
100 153
100 145
100 431
100 570
100 356
100 298
100 262
100 37
100 124
100 133
100 86
100 96
100 133
100 106
100 433
100 119
100 43
100 226
100 322
100 58
100 277
100 814
100 43
100 227
100 477
100 249
100 220
100 137
100 5
100 636
100 268
100 352
100 172
100 283
100 464
100 119
100 385
100 70
100 402
100 579
100 1
100 218
100 70
100 181
100 47
100 6
100 323
100 184
100 265
100 11
100 830
100 450
100 54
100 145
100 372
100 77
100 244
100 66
100 141
100 47
100 6
100 423
100 80
100 96
100 110
100 324
100 103
100 143
100 217
100 415
100 567
100 638
100 62
100 154
100 48
100 18
100 115
100 665
100 15
100 587
100 189
100 109
100 178
100 58
100 187
100 238
100 464
100 230
100 197
100 217
100 17
100 663
100 742
100 159
100 630
100 192
100 197
100 381
100 305
100 154
100 156
100 168
100 123
100 144
100 211
100 125
100 15
100 480
100 40
100 232
100 38
100 255
100 126
100 282
100 167
100 715
100 1025
100 38
100 311
100 68
100 27
100 26
100 29
100 481
100 4
100 91
100 32
100 180
100 397
100 8
100 22
100 334
100 321
100 815
100 82
100 11
100 383
100 63
100 168
100 168
100 373
100 27
100 278
100 762
100 230
100 37
100 1440
100 412
100 41
100 337
100 78
100 97
100 435
100 67
100 475
100 1137
100 362
100 907
100 45
100 38
100 609
100 17
100 133
100 138
100 405
100 67
100 323
100 348
100 218
100 10
100 23
100 714
100 204
100 201
100 320
100 130
100 131
100 79
100 5
100 304
100 6
100 49
100 5
100 146
100 86
100 171
100 7
100 190
100 226
100 0
100 501
100 126
100 78
100 56
100 116
100 161
100 42
100 40
100 354
100 11
100 97
100 46
100 158
100 98
100 27
100 195
100 44
100 13
100 9
100 96
100 98
100 223
100 313
100 114
100 262
100 145
100 121
100 23
100 140
100 13
100 338
100 488
100 63
100 480
100 734
100 109
100 122
100 21
100 83
100 327
100 279
100 257
100 68
100 4
100 461
100 40
100 71
100 65
100 284
100 154
100 156
100 201
100 31
100 26
100 375
100 335
100 164
100 625
100 72
100 193
100 302
100 640
100 266
100 8
100 164
100 66
100 134
100 7
100 130
100 88
100 229
100 126
100 6
100 229
100 131
100 145
100 10
100 12
100 54
100 212
100 198
100 288
100 387
100 68
100 185
100 29
100 106
100 310
100 892
100 509
100 126
100 34
100 241
100 177
100 164
100 107
100 47
100 82
100 1719
100 216
100 222
100 74
100 52
100 248
100 43
100 236
100 756
100 117
100 140
100 150
100 383
100 158
100 120
100 293
100 81
100 178
100 324
100 126
100 407
100 4
100 211
100 57
100 72
100 325
100 136
100 332
100 499
100 162
100 177
100 116
100 307
100 352
100 87
100 125
100 236
100 338
100 171
100 296
100 83
100 70
100 33
100 6
100 57
100 1001
100 132
100 179
100 502
100 457
100 451
100 50
100 85
100 72
100 95
100 125
100 324
100 175
100 74
100 234
100 516
100 281
100 134
100 348
100 63
100 463
100 887
100 35
100 1169
100 631
100 34
100 310
100 105
100 111
100 33
100 153
100 101
100 57
100 131
100 269
100 22
100 485
100 756
100 390
100 255
100 291
100 131
100 41
100 22
100 52
100 35
100 127
100 332
100 177
100 439
100 256
100 87
100 614
100 245
100 225
100 142
100 45
100 150
100 94
100 299
100 58
100 100
100 5
100 10
100 335
100 604
100 259
100 176
100 193
100 1553
100 23
100 63
100 925
100 265
100 69
100 243
100 24
100 642
100 80
100 145
100 28
100 603
100 116
100 151
100 90
100 32
100 632
100 594
100 340
100 41
100 828
100 289
100 174
100 238
100 225
100 276
100 4
100 68
100 181
100 172
100 511
100 143
100 274
100 508
100 108
100 227
100 698
100 189
100 162
100 90
100 348
100 172
100 195
100 119
100 33
100 76
100 132
100 66
100 217
100 453
100 18
100 318
100 41
100 186
100 177
100 35
100 297
100 587
100 628
100 75
100 72
100 61
100 798
100 74
100 92
100 43
100 304
100 95
100 44
100 595
100 155
100 31
100 26
100 333
100 154
100 393
100 48
100 362
100 22
100 446
100 942
100 187
100 251
100 220
100 5
100 113
100 102
100 11
100 49
100 163
100 307
100 142
100 1448
100 123
100 95
100 466
100 8
100 30
100 74
100 28
100 130
100 172
100 18
100 388
100 125
100 199
100 715
100 259
100 165
100 149
100 17
100 74
100 377
100 79
100 614
100 137
100 189
100 449
100 299
100 309
100 22
100 112
100 65
100 22
100 270
100 18
100 244
100 308
100 352
100 1197
100 106
100 16
100 163
100 76
100 361
100 144
100 192
100 60
100 0
100 421
100 106
100 96
100 94
100 107
100 12
100 658
100 1214
100 26
100 40
100 754
100 201
100 120
100 12
100 104
100 211
100 618
100 190
100 27
100 386
100 310
100 162
100 164
100 643
100 188
100 210
100 334
100 164
100 241
100 86
100 205
100 27
100 364
100 321
100 119
100 129
100 89
100 1097
100 31
100 604
100 612
100 387
100 121
100 209
100 215
100 200
100 110
100 78
100 472
100 559
100 798
100 60
100 603
100 149
100 422
100 710
100 185
100 182
100 139
100 34
100 184
100 280
100 248
100 452
100 713
100 214
100 122
100 4
100 1304
100 176
100 215
100 338
100 63
100 234
100 448
100 243
100 145
100 78
100 75
100 428
100 225
100 25
100 130
100 1378
100 113
100 329
100 58
100 7
100 155
100 29
100 229
100 212
100 433
100 67
100 8
100 21
100 30
100 235
100 40
100 373
100 93
100 41
100 35
100 266
100 12
100 215
100 40
100 103
100 5
100 249
100 222
100 593
100 266
100 388
100 169
100 4
100 243
100 51
100 545
100 18
100 636
100 23
100 134
100 326
100 158
100 373
100 17
100 35
100 35
100 58
100 57
100 331
100 350
100 23
100 875
100 184
100 399
100 219
100 457
100 186
100 753
100 70
100 157
100 580
100 43
100 124
100 145
100 39
100 418
100 425
100 11
100 7
100 344
100 295
100 20
100 100
100 189
100 95
100 188
100 38
100 1613
100 88
100 71
100 313
100 314
100 374
100 19
100 35
100 147
100 33
100 337
100 84
100 16
100 224
100 171
100 233
100 491
100 185
100 275
100 168
100 182
100 49
100 204
100 435
100 128
100 289
100 72
100 114
100 922
100 598
100 52
100 138
100 16
100 104
100 65
100 372
100 185
100 393
100 479
100 47
100 176
100 472
100 382
100 273
100 796
100 115
100 15
100 379
100 100
100 469
100 88
100 25
100 8
100 232
100 108
100 156
100 84
100 27
100 350
100 16
100 585
100 736
100 22
100 733
100 383
100 205
100 369
100 431
100 221
100 102
100 278
100 285
100 89
100 373
100 196
100 626
100 454
100 251
100 35
100 16
100 393
100 2
100 0
100 638
100 310
100 43
100 492
100 53
100 663
100 21
100 763
100 223
100 62
100 216
100 286
100 279
100 148
100 240
100 44
100 75
100 224
100 124
100 172
100 643
100 612
100 154
100 157
100 493
100 175
100 101
100 341
100 47
100 188
100 12
100 772
100 11
100 158
100 30
100 201
100 300
100 296
100 42
100 24
100 442
100 508
100 197
100 156
100 196
100 5
100 88
100 73
100 254
100 366
100 575
100 342
100 94
100 378
100 144
100 288
100 181
100 19
100 596
100 63
100 278
100 17
100 66
100 82
100 30
100 217
100 85
100 185
100 285
100 768
100 112
100 95
100 261
100 204
100 1224
100 68
100 984
100 238
100 489
100 496
100 611
100 281
100 582
100 246
100 648
100 863
100 122
100 1826
100 44
100 140
100 10
100 292
100 527
100 979
100 31
100 178
100 403
100 768
100 64
100 162
100 9
100 203
100 556
100 72
100 38
100 106
100 238
100 68
100 166
100 1417
100 43
100 359
100 337
100 174
100 83
100 82
100 184
100 146
100 229
100 78
100 602
100 1222
100 430
100 3
100 244
100 108
100 23
100 376
100 312
100 303
100 276
100 514
100 86
100 82
100 720
100 891
100 69
100 64
100 312
100 220
100 229
100 86
100 752
100 77
100 9
100 99
100 108
100 10
100 74
100 481
100 283
100 156
100 28
100 473
100 105
100 309
100 216
100 212
100 114
100 3
100 316
100 639
100 788
100 662
100 444
100 279
100 246
100 503
100 508
100 42
100 145
100 36
100 30
100 144
100 183
100 753
100 459
100 142
100 505
100 32
100 735
100 171
100 18
100 1135
100 91
100 64
100 118
100 62
100 256
100 157
100 102
100 165
100 929
100 213
100 245
100 176
100 252
100 91
100 324
100 469
100 352
100 7
100 417
100 166
100 216
100 118
100 232
100 75
100 155
100 610
100 44
100 150
100 5
100 224
100 273
100 388
100 13
100 28
100 227
100 94
100 256
100 21
100 536
100 35
100 532
100 682
100 68
100 5
100 244
100 138
100 79
100 1116
100 532
100 115
100 198
100 166
100 321
100 102
100 312
100 233
100 79
100 131
100 178
100 441
100 177
100 514
100 548
100 61
100 165
100 81
100 448
100 828
100 181
100 5
100 230
100 29
100 41
100 148
100 130
100 218
100 224
100 193
100 1460
100 170
100 319
100 412
100 736
100 144
100 68
100 1026
100 97
100 430
100 130
100 191
100 318
100 182
100 22
100 271
100 1351
100 77
100 191
100 447
100 219
100 286
100 481
100 319
100 465
100 55
100 319
100 45
100 84
100 540
100 95
100 61
100 435
100 479
100 230
100 13
100 273
100 39
100 578
100 85
100 371
100 42
100 80
100 101
100 272
100 188
100 631
100 17
100 57
100 10
100 53
100 143
100 324
100 281
100 262
100 120
100 1125
100 7
100 17
100 93
100 27
100 75
100 155
100 311
100 210
100 343
100 922
100 286
100 345
100 219
100 29
100 51
100 46
100 187
100 201
100 219
100 220
100 555
100 46
100 40
100 155
100 76
100 268
100 274
100 386
100 471
100 257
100 147
100 16
100 1342
100 70
100 464
100 660
100 168
100 337
100 693
100 189
100 750
100 109
100 172
100 107
100 39
100 12
100 218
100 227
100 233
100 89
100 118
100 27
100 89
100 187
100 242
100 152
100 25
100 395
100 218
100 73
100 41
100 574
100 483
100 600
100 4
100 1565
100 313
100 26
100 111
100 767
100 154
100 183
100 461
100 47
100 611
100 124
100 1610
100 432
100 31
100 48
100 419
100 424
100 34
100 18
100 410
100 97
100 369
100 266
100 68
100 76
100 513
100 128
100 1077
100 17
100 243
100 311
100 585
100 75
100 458
100 171
100 71
100 6
100 142
100 40
100 157
100 2
100 145
100 148
100 108
100 127
100 88
100 701
100 378
100 273
100 227
100 298
100 365
100 136
100 303
100 73
100 394
100 169
100 274
100 35
100 59
100 77
100 66
100 475
100 195
100 236
100 129
100 682
100 825
100 157
100 2
100 26
100 414
100 103
100 111
100 199
100 60
100 892
100 267
100 361
100 640
100 112
100 161
100 738
100 229
100 12
100 230
100 90
100 107
100 506
100 163
100 103
100 256
100 42
100 399
100 264
100 204
100 126
100 222
100 31
100 203
100 0
100 674
100 163
100 4
100 97
100 16
100 35
100 279
100 102
100 27
100 19
100 650
100 81
100 1133
100 404
100 5
100 15
100 329
100 180
100 949
100 160
100 106
100 102
100 144
100 264
100 23
100 199
100 55
100 24
100 95
100 49
100 142
100 115
100 132
100 340
100 833
100 464
100 342
100 244
100 19
100 331
100 676
100 222
100 401
100 10
100 346
100 45
100 371
100 108
100 18
100 157
100 45
100 107
100 97
100 8
100 267
100 269
100 125
100 115
100 285
100 340
100 243
100 31
100 22
100 284
100 230
100 273
100 35
100 94
100 40
100 21
100 625
100 5
100 296
100 355
100 167
100 129
100 195
100 238
100 46
100 103
100 327
100 196
100 185
100 14
100 162
100 29
100 237
100 324
100 123
100 51
100 79
100 549
100 141
100 569
100 717
100 572
100 199
100 30
100 62
100 20
100 589
100 412
100 248
100 205
100 675
100 93
100 82
100 13
100 103
100 162
100 268
100 620
100 150
100 84
100 346
100 414
100 120
100 483
100 282
100 42
100 412
100 37
100 73
100 78
100 1581
100 244
100 386
100 222
100 1016
100 125
100 105
100 41
100 312
100 766
100 18
100 10
100 455
100 817
100 10
100 1100
100 5
100 89
100 101
100 89
100 351
100 21
100 365
100 593
100 624
100 272
100 464
100 50
100 212
100 195
100 117
100 69
100 356
100 367
100 472
100 445
100 291
100 113
100 113
100 960
100 65
100 249
100 652
100 213
100 79
100 19
100 570
100 225
100 203
100 495
100 166
100 14
100 11
100 78
100 41
100 106
100 124
100 28
100 446
100 1117
100 448
100 244
100 7
100 172
100 328
100 147
100 211
100 50
100 200
100 368
100 357
100 559
100 90
100 183
100 35
100 55
100 143
100 176
100 88
100 16
100 230
100 181
100 79
100 65
100 29
100 370
100 385
100 252
100 10
100 65
100 485
100 79
100 291
100 196
100 52
100 517
100 251
100 460
100 90
100 36
100 122
100 12
100 576
100 10
100 394
100 74
100 86
100 188
100 416
100 65
100 171
100 157
100 125
100 155
100 62
100 212
100 218
100 120
100 178
100 237
100 78
100 201
100 81
100 28
100 1299
100 335
100 43
100 114
100 167
100 373
100 145
100 111
100 109
100 52
100 290
100 217
100 285
100 6
100 96
100 146
100 696
100 81
100 778
100 30
100 441
100 115
100 753
100 736
100 401
100 503
100 207
100 32
100 288
100 24
100 42
100 333
100 109
100 185
100 1007
100 527
100 155
100 87
100 98
100 189
100 271
100 569
100 80
100 129
100 126
100 117
100 470
100 139
100 45
100 154
100 21
100 53
100 401
100 384
100 258
100 182
100 206
100 214
100 1244
100 21
100 627
100 250
100 143
100 330
100 107
100 190
100 238
100 226
100 376
100 0
100 178
100 190
100 367
100 196
100 131
100 164
100 197
100 698
100 229
100 498
100 35
100 214
100 23
100 8
100 87
100 88
100 389
100 659
100 546
100 102
100 2
100 1
100 204
100 349
100 39
100 37
100 80
100 3
100 267
100 15
100 98
100 60
100 88
100 764
100 502
100 58
100 39
100 174
100 33
100 280
100 90
100 244
100 963
100 215
100 187
100 69
100 351
100 43
100 332
100 43
100 507
100 51
100 93
100 137
100 23
100 131
100 249
100 84
100 80
100 268
100 15
100 10
100 1581
100 233
100 208
100 320
100 134
100 18
100 104
100 232
100 97
100 149
100 127
100 283
100 7
100 64
100 578
100 127
100 1018
100 23
100 300
100 194
100 524
100 43
100 139
100 502
100 62
100 7
100 1201
100 223
100 281
100 246
100 571
100 28
100 243
100 571
100 167
100 40
100 558
100 284
100 278
100 1086
100 115
100 430
100 275
100 300
100 89
100 61
100 231
100 7
100 151
100 327
100 363
100 9
100 175
100 53
100 18
100 52
100 146
100 56
100 532
100 429
100 181
100 329
100 1362
100 141
100 261
100 409
100 227
100 242
100 18
100 28
100 50
100 488
100 91
100 26
100 463
100 61
100 152
100 14
100 169
100 47
100 112
100 100
100 124
100 123
100 129
100 190
100 390
100 61
100 33
100 298
100 730
100 20
100 262
100 314
100 115
100 1
100 72
100 670
100 223
100 673
100 100
100 93
100 190
100 452
100 245
100 296
100 203
100 105
100 184
100 20
100 29
100 34
100 88
100 57
100 164
100 838
100 58
100 74
100 457
100 113
100 8
100 257
100 80
100 108
100 1469
100 189
100 501
100 1268
100 43
100 590
100 472
100 213
100 160
100 270
100 157
100 470
100 692
100 1231
100 125
100 281
100 217
100 68
100 161
100 527
100 23
100 161
100 54
100 64
100 243
100 303
100 288
100 67
100 41
100 7
100 61
100 89
100 205
100 16
100 1
100 1132
100 308
100 13
100 187
100 1095
100 363
100 163
100 293
100 11
100 134
100 104
100 2
100 177
100 257
100 498
100 154
100 76
100 19
100 486
100 12
100 52
100 84
100 599
100 293
100 135
100 350
100 202
100 372
100 187
100 193
100 262
100 243
100 151
100 959
100 207
100 31
100 44
100 963
100 1040
100 237
100 214
100 462
100 213
100 142
100 295
100 16
100 23
100 264
100 124
100 157
100 499
100 220
100 29
100 295
100 295
100 366
100 172
100 212
100 39
100 280
100 14
100 68
100 252
100 74
100 28
100 82
100 205
100 24
100 107
100 263
100 19
100 35
100 233
100 375
100 565
100 217
100 314
100 73
100 72
100 10
100 165
100 81
100 42
100 167
100 327
100 78
100 1
100 70
100 110
100 11
100 166
100 194
100 275
100 228
100 5
100 276
100 25
100 403
100 1749
100 73
100 535
100 946
100 160
100 204
100 172
100 765
100 795
100 759
100 829
100 655
100 23
100 5
100 25
100 991
100 214
100 244
100 225
100 82
100 44
100 219
100 185
100 398
100 524
100 154
100 221
100 61
100 6
100 535
100 311
100 204
100 89
100 201
100 456
100 387
100 175
100 50
100 39
100 238
100 372
100 11
100 66
100 231
100 767
100 504
100 136
100 19
100 98
100 71
100 335
100 447
100 40
100 155
100 20
100 191
100 26
100 561
100 199
100 300
100 192
100 40
100 176
100 326
100 37
100 4
100 318
100 136
100 150
100 126
100 50
100 590
100 0
100 373
100 132
100 544
100 256
100 21
100 93
100 113
100 19
100 46
100 118
100 119
100 24
100 431
100 165
100 79
100 33
100 31
100 326
100 593
100 275
100 233
100 449
100 436
100 95
100 73
100 127
100 230
100 548
100 12
100 74
100 35
100 165
100 48
100 69
100 236
100 178
100 189
100 921
100 19
100 183
100 58
100 176
100 295
100 43
100 37
100 234
100 128
100 87
100 203
100 331
100 250
100 207
100 318
100 165
100 181
100 45
100 2
100 95
100 452
100 83
100 145
100 298
100 186
100 17
100 207
100 165
100 162
100 61
100 16
100 202
100 425
100 570
100 153
100 277
100 40
100 451
100 7
100 36
100 204
100 265
100 626
100 344
100 399
100 127
100 195
100 151
100 106
100 732
100 538
100 40
100 62
100 16
100 127
100 367
100 368
100 184
100 168
100 372
100 20
100 95
100 818
100 52
100 101
100 466
100 128
100 419
100 299
100 71
100 631
100 90
100 22
100 696
100 665
100 167
100 87
100 24
100 187
100 267
100 156
100 129
100 336
100 508
100 32
100 372
100 282
100 8
100 242
100 334
100 199
100 86
100 300
100 389
100 20
100 238
100 213
100 78
100 558
100 63
100 348
100 93
100 360
100 341
100 223
100 84
100 75
100 317
100 41
100 114
100 157
100 57
100 353
100 175
100 67
100 364
100 181
100 575
100 302
100 14
100 773
100 142
100 171
100 116
100 134
100 28
100 201
100 742
100 1341
100 259
100 8
100 29
100 267
100 5
100 314
100 10
100 15
100 670
100 823
100 296
100 388
100 369
100 179
100 175
100 263
100 547
100 145
100 82
100 632
100 349
100 189
100 119
100 166
100 23
100 95
100 196
100 123
100 59
100 56
100 221
100 86
100 535
100 54
100 852
100 35
100 287
100 86
100 122
100 303
100 850
100 344
100 63
100 50
100 790
100 80
100 37
100 68
100 90
100 66
100 41
100 42
100 956
100 148
100 235
100 1249
100 98
100 83
100 15
100 229
100 463
100 498
100 485
100 53
100 226
100 180
100 178
100 48
100 70
100 287
100 53
100 101
100 178
100 449
100 26
100 48
100 289
100 118
100 360
100 515
100 33
100 225
100 163
100 28
100 123
100 92
100 45
100 312
100 163
100 597
100 80
100 168
100 501
100 277
100 247
100 16
100 334
100 719
100 1
100 154
100 210
100 41
100 167
100 193
100 315
100 244
100 324
100 222
100 656
100 669
100 391
100 1105
100 366
100 675
100 159
100 778
100 155
100 20
100 127
100 161
100 20
100 108
100 237
100 337
100 323
100 221
100 106
100 100
100 243
100 385
100 113
100 525
100 35
100 20
100 322
100 27
100 25
100 41
100 24
100 67
100 760
100 17
100 6
100 215
100 237
100 573
100 467
100 272
100 30
100 257
100 5
100 204
100 4
100 988
100 50
100 49
100 12
100 49
100 437
100 97
100 74
100 98
100 669
100 452
100 237
100 596
100 263
100 358
100 107
100 998
100 1362
100 278
100 226
100 257
100 568
100 635
100 573
100 50
100 155
100 91
100 277
100 462
100 92
100 709
100 140
100 158
100 66
100 149
100 15
100 135
100 276
100 614
100 623
100 116
100 181
100 236
100 132
100 445
100 67
100 625
100 619
100 413
100 62
100 85
100 631
100 704
100 35
100 21
100 41
100 14
100 149
100 102
100 82
100 53
100 386
100 818
100 346
100 50
100 179
100 32
100 275
100 92
100 194
100 343
100 106
100 277
100 47
100 410
100 10
100 163
100 123
100 578
100 117
100 76
100 165
100 571
100 473
100 50
100 27
100 18
100 365
100 61
100 235
100 391
100 111
100 1
100 5
100 884
100 124
100 414
100 372
100 422
100 4
100 74
100 77
100 486
100 217
100 164
100 128
100 1324
100 52
100 67
100 156
100 131
100 46
100 119
100 50
100 90
100 492
100 91
100 850
100 940
100 355
100 223
100 436
100 329
100 257
100 100
100 12
100 693
100 78
100 348
100 628
100 636
100 336
100 152
100 148
100 177
100 284
100 25
100 59
100 194
100 101
100 119
100 20
100 88
100 26
100 291
100 156
100 63
100 43
100 42
100 15
100 329
100 205
100 63
100 341
100 274
100 982
100 593
100 413
100 207
100 210
100 282
100 244
100 248
100 105
100 52
100 389
100 299
100 430
100 320
100 547
100 626
100 64
100 1710
100 174
100 562
100 668
100 225
100 370
100 88
100 26
100 537
100 49
100 3
100 939
100 144
100 258
100 58
100 118
100 116
100 128
100 112
100 8
100 176
100 80
100 175
100 152
100 178
100 13
100 239
100 210
100 57
100 364
100 122
100 189
100 692
100 539
100 348
100 222
100 193
100 168
100 355
100 8
100 376
100 20
100 781
100 543
100 334
100 159
100 92
100 172
100 451
100 250
100 170
100 92
100 885
100 120
100 122
100 343
100 46
100 121
100 48
100 196
100 1335
100 55
100 105
100 327
100 6
100 48
100 193
100 73
100 147
100 272
100 326
100 389
100 89
100 250
100 781
100 0
100 92
100 190
100 785
100 323
100 171
100 593
100 170
100 180
100 205
100 53
100 79
100 42
100 180
100 506
100 138
100 327
100 686
100 26
100 75
100 183
100 173
100 187
100 115
100 430
100 305
100 273
100 229
100 321
100 582
100 51
100 104
100 66
100 624
100 44
100 874
100 18
100 244
100 122
100 70
100 657
100 129
100 100
100 616
100 360
100 1
100 83
100 34
100 28
100 35
100 35
100 1297
100 199
100 180
100 43
100 56
100 323
100 86
100 7
100 1256
100 73
100 415
100 416
100 521
100 146
100 94
100 74
100 486
100 147
100 583
100 267
100 699
100 201
100 69
100 400
100 1049
100 404
100 137
100 183
100 281
100 432
100 110
100 75
100 401
100 261
100 176
100 526
100 385
100 53
100 488
100 467
100 31
100 847
100 370
100 119
100 83
100 14
100 177
100 99
100 224
100 41
100 199
100 74
100 139
100 178
100 35
100 196
100 82
100 115
100 79
100 426
100 581
100 102
100 132
100 638
100 431
100 28
100 67
100 27
100 272
100 102
100 93
100 393
100 102
100 260
100 27
100 77
100 29
100 142
100 271
100 153
100 615
100 104
100 97
100 608
100 405
100 0
100 79
100 556
100 227
100 763
100 335
100 408
100 23
100 253
100 68
100 38
100 114
100 380
100 658
100 511
100 497
100 158
100 183
100 344
100 76
100 120
100 298
100 262
100 374
100 77
100 381
100 44
100 746
100 5
100 40
100 467
100 170
100 60
100 84
100 15
100 46
100 263
100 130
100 444
100 81
100 475
100 123
100 113
100 133
100 105
100 683
100 40
100 38
100 117
100 60
100 15
100 512
100 120
100 577
100 856
100 173
100 254
100 197
100 115
100 36
100 271
100 136
100 91
100 409
100 71
100 272
100 151
100 80
100 309
100 38
100 141
100 314
100 27
100 2
100 142
100 301
100 8
100 369
100 624
100 800
100 368
100 327
100 82
100 87
100 140
100 291
100 77
100 123
100 70
100 38
100 841
100 213
100 541
100 562
100 57
100 159
100 136
100 217
100 205
100 19
100 483
100 418
100 189
100 92
100 312
100 73
100 21
100 66
100 20
100 85
100 14
100 195
100 321
100 258
100 23
100 28
100 261
100 280
100 235
100 292
100 379
100 94
100 1173
100 227
100 113
100 834
100 110
100 83
100 307
100 105
100 254
100 470
100 94
100 53
100 347
100 265
100 147
100 108
100 186
100 255
100 370
100 73
100 575
100 219
100 522
100 592
100 168
100 300
100 495
100 75
100 408
100 176
100 96
100 212
100 115
100 201
100 313
100 32
100 351
100 714
100 597
100 25
100 142
100 476
100 52
100 399
100 135
100 349
100 8
100 80
100 743
100 97
100 55
100 221
100 13
100 53
100 888
100 103
100 16
100 11
100 275
100 31
100 308
100 2
100 216
100 680
100 290
100 86
100 29
100 52
100 499
100 891
100 48
100 556
100 588
100 201
100 56
100 222
100 153
100 79
100 453
100 240
100 103
100 218
100 1111
100 7
100 79
100 49
100 236
100 378
100 55
100 32
100 71
100 1073
100 329
100 231
100 490
100 290
100 18
100 589
100 855
100 170
100 86
100 275
100 78
100 292
100 105
100 142
100 231
100 368
100 1
100 188
100 77
100 155
100 171
100 126
100 183
100 361
100 21
100 134
100 37
100 70
100 45
100 1035
100 15
100 132
100 696
100 317
100 309
100 133
100 780
100 4
100 103
100 376
100 21
100 22
100 209
100 31
100 74
100 27
100 113
100 155
100 27
100 105
100 531
100 18
100 1064
100 26
100 869
100 48
100 705
100 575
100 119
100 248
100 695
100 298
100 51
100 176
100 71
100 15
100 117
100 66
100 354
100 252
100 379
100 53
100 135
100 18
100 23
100 350
100 793
100 887
100 107
100 31
100 177
100 10
100 875
100 719
100 501
100 1006
100 19
100 214
100 468
100 626
100 16
100 418
100 150
100 23
100 200
100 526
100 101
100 208
100 1161
100 462
100 53
100 361
100 137
100 130
100 108
100 351
100 401
100 137
100 498
100 57
100 508
100 92
100 23
100 26
100 88
100 583
100 137
100 365
100 253
100 16
100 21
100 579
100 845
100 203
100 816
100 103
100 152
100 47
100 457
100 31
100 90
100 164
100 181
100 198
100 105
100 377
100 164
100 407
100 32
100 1
100 571
100 16
100 22
100 972
100 97
100 458
100 281
100 41
100 318
100 201
100 522
100 61
100 1293
100 3
100 118
100 115
100 507
100 285
100 354
100 204
100 143
100 47
100 554
100 425
100 74
100 144
100 104
100 40
100 11
100 385
100 218
100 61
100 177
100 9
100 1000
100 385
100 788
100 298
100 52
100 712
100 103
100 403
100 57
100 176
100 463
100 375
100 494
100 54
100 272
100 174
100 135
100 178
100 204
100 83
100 174
100 787
100 165
100 627
100 53
100 70
100 1400
100 567
100 23
100 93
100 354
100 253
100 642
100 312
100 68
100 497
100 128
100 363
100 395
100 395
100 323
100 238
100 298
100 96
100 6
100 443
100 386
100 52
100 1003
100 386
100 237
100 890
100 361
100 216
100 129
100 14
100 603
100 231
100 22
100 13
100 729
100 70
100 272
100 883
100 50
100 352
100 94
100 150
100 178
100 677
100 361
100 960
100 56
100 76
100 1334
100 971
100 127
100 705
100 188
100 5
100 225
100 404
100 290
100 178
100 268
100 874
100 434
100 61
100 150
100 553
100 273
100 266
100 404
100 128
100 167
100 765
100 264
100 19
100 104
100 404
100 597
100 204
100 90
100 243
100 51
100 276
100 174
100 175
100 161
100 132
100 10
100 780
100 313
100 129
100 110
100 20
100 132
100 101
100 185
100 207
100 169
100 3
100 145
100 790
100 150
100 58
100 28
100 135
100 91
100 95
100 357
100 166
100 797
100 495
100 12
100 773
100 318
100 155
100 0
100 7
100 173
100 285
100 66
100 411
100 5
100 379
100 735
100 26
100 90
100 198
100 435
100 97
100 153
100 63
100 647
100 29
100 69
100 546
100 207
100 348
100 81
100 14
100 137
100 220
100 23
100 121
100 172
100 14
100 313
100 210
100 4
100 91
100 187
100 158
100 167
100 448
100 307
100 76
100 49
100 571
100 52
100 171
100 144
100 297
100 963
100 18
100 287
100 2
100 445
100 605
100 179
100 141
100 260
100 840
100 69
100 558
100 116
100 202
100 128
100 188
100 50
100 5
100 115
100 445
100 781
100 132
100 24
100 620
100 175
100 953
100 139
100 299
100 22
100 738
100 76
100 402
100 142
100 793
100 215
100 25
100 400
100 86
100 439
100 196
100 45
100 6
100 563
100 145
100 0
100 328
100 77
100 13
100 686
100 134
100 158
100 348
100 9
100 13
100 650
100 247
100 230
100 433
100 154
100 114
100 185
100 67
100 12
100 120
100 130
100 18
100 193
100 241
100 41
100 367
100 403
100 170
100 5
100 313
100 61
100 141
100 607
100 603
100 376
100 70
100 539
100 668
100 456
100 190
100 252
100 104
100 86
100 17
100 19
100 229
100 695
100 42
100 102
100 527
100 63
100 794
100 336
100 26
100 66
100 143
100 485
100 412
100 7
100 108
100 18
100 71
100 317
100 90
100 70
100 491
100 128
100 769
100 209
100 80
100 166
100 136
100 872
100 467
100 904
100 102
100 53
100 410
100 74
100 440
100 216
100 305
100 97
100 493
100 266
100 138
100 28
100 80
100 6
100 166
100 936
100 62
100 300
100 509
100 401
100 58
100 75
100 851
100 45
100 56
100 478
100 418
100 405
100 424
100 116
100 214
100 63
100 252
100 112
100 199
100 290
100 16
100 6
100 93
100 1638
100 66
100 0
100 293
100 39
100 242
100 20
100 433
100 49
100 438
100 510
100 27
100 310
100 89
100 162
100 17
100 286
100 625
100 19
100 45
100 87
100 354
100 217
100 2
100 20
100 266
100 625
100 32
100 15
100 196
100 1
100 21
100 118
100 413
100 314
100 185
100 218
100 1119
100 410
100 98
100 296
100 321
100 183
100 148
100 167
100 160
100 423
100 201
100 451
100 219
100 177
100 301
100 132
100 260
100 844
100 131
100 54
100 30
100 59
100 436
100 264
100 13
100 393
100 27
100 26
100 204
100 108
100 299
100 0
100 319
100 471
100 36
100 80
100 227
100 62
100 328
100 84
100 51
100 279
100 311
100 7
100 41
100 161
100 213
100 670
100 24
100 108
100 52
100 113
100 173
100 46
100 111
100 497
100 218
100 373
100 474
100 16
100 88
100 169
100 967
100 217
100 347
100 149
100 245
100 309
100 289
100 456
100 11
100 220
100 48
100 302
100 545
100 131
100 559
100 221
100 119
100 359
100 510
100 418
100 10
100 603
100 155
100 72
100 41
100 519
100 3
100 275
100 24
100 226
100 1287
100 318
100 73
100 394
100 80
100 237
100 143
100 563
100 169
100 490
100 598
100 205
100 285
100 16
100 193
100 831
100 1302
100 0
100 81
100 219
100 55
100 226
100 171
100 488
100 35
100 158
100 353
100 229
100 193
100 16
100 100
100 234
100 108
100 31
100 681
100 715
100 1067
100 836
100 870
100 226
100 357
100 619
100 85
100 45
100 488
100 358
100 288
100 95
100 471
100 704
100 921
100 50
100 252
100 230
100 19
100 617
100 636
100 22
100 336
100 3
100 789
100 197
100 243
100 656
100 355
100 42
100 585
100 160
100 638
100 558
100 106
100 144
100 37
100 180
100 24
100 182
100 365
100 127
100 122
100 108
100 666
100 281
100 756
100 224
100 582
100 83
100 111
100 251
100 173
100 41
100 185
100 457
100 282
100 772
100 231
100 97
100 19
100 291
100 564
100 480
100 136
100 605
100 210
100 420
100 455
100 184
100 212
100 102
