100 1067
100 3007
100 615
100 252
100 487
100 423
100 1715
100 504
100 471
100 1300
100 416
100 1387
100 1325
100 1698
100 1779
100 363
100 106
100 2922
100 38
100 183
100 404
100 1224
100 2035
100 1278
100 1872
100 220
100 718
100 1680
100 1104
100 2215
100 855
100 201
100 1709
100 1117
100 285
100 519
100 112
100 1813
100 324
100 1531
100 251
100 2827
100 200
100 245
100 1552
100 575
100 1906
100 1266
100 508
100 306
100 404
100 1376
100 322
100 1260
100 980
100 1741
100 878
100 4197
100 418
100 2020
100 151
100 1069
100 929
100 1062
100 1482
100 1405
100 1205
100 355
100 2383
100 1155
100 1008
100 1823
100 1285
100 41
100 3728
100 337
100 92
100 216
100 63
100 1074
100 1599
100 285
100 589
100 258
100 1672
100 315
100 362
100 48
100 143
100 1305
100 447
100 2059
100 803
100 517
100 335
100 492
100 670
100 1297
100 2419
100 1751
100 90
100 2819
100 33
100 974
100 100
100 274
100 667
100 2276
100 2011
100 190
100 1496
100 14
100 953
100 1355
100 576
100 723
100 1236
100 163
100 410
100 748
100 973
100 320
100 35
100 288
100 650
100 890
100 6807
100 1570
100 90
100 397
100 583
100 901
100 910
100 618
100 171
100 709
100 652
100 198
100 5635
100 12
100 579
100 396
100 698
100 726
100 863
100 1340
100 1253
100 882
100 281
100 1638
100 194
100 708
100 1559
100 246
100 592
100 644
100 905
100 1184
100 936
100 96
100 1320
100 883
100 466
100 1028
100 174
100 297
100 302
100 180
100 100
100 106
100 1910
100 408
100 131
100 190
100 801
100 1687
100 5936
100 1368
100 1000
100 2500
100 110
100 1787
100 941
100 2342
100 1138
100 20
100 854
100 497
100 397
100 196
100 40
100 698
100 3717
100 2207
100 263
100 975
100 352
100 18
100 686
100 1005
100 673
100 1086
100 602
100 1002
100 143
100 1301
100 43
100 1615
100 309
100 179
100 157
100 137
100 717
100 593
100 16
100 61
100 241
100 2654
100 965
100 2967
100 1957
100 1117
100 1896
100 206
100 687
100 810
100 1842
100 2119
100 2061
100 792
100 1222
100 12
100 967
100 2113
100 1541
100 2556
100 786
100 498
100 560
100 247
100 722
100 2875
100 421
100 251
100 1867
100 805
100 90
100 790
100 728
100 113
100 886
100 137
100 228
100 204
100 1499
100 471
100 759
100 440
100 462
100 202
100 2751
100 2088
100 335
100 80
100 272
100 525
100 1378
100 1633
100 1803
100 63
100 1994
100 628
100 9
100 245
100 1894
100 746
100 134
100 1495
100 78
100 294
100 1761
100 586
100 644
100 277
100 76
100 1898
100 206
100 618
100 279
100 854
100 766
100 603
100 1725
100 1143
100 2242
100 192
100 524
100 1753
100 645
100 19
100 70
100 65
100 1589
100 87
100 727
100 1544
100 781
100 761
100 25
100 1289
100 901
100 1348
100 510
100 217
100 521
100 585
100 879
100 135
100 1126
100 686
100 333
100 741
100 2787
100 83
100 162
100 136
100 262
100 2243
100 96
100 849
100 450
100 973
100 195
100 472
100 342
100 775
100 281
100 871
100 1629
100 2548
100 380
100 291
100 77
100 187
100 471
100 296
100 1802
100 1572
100 471
100 154
100 444
100 861
100 95
100 1889
100 468
100 373
100 515
100 898
100 2063
100 83
100 593
100 2287
100 1044
100 207
100 127
100 2926
100 487
100 751
100 746
100 777
100 573
100 190
100 736
100 1629
100 2845
100 452
100 86
100 1707
100 234
100 337
100 2839
100 817
100 617
100 306
100 222
100 3271
100 2156
100 1030
100 8
100 390
100 35
100 288
100 65
100 480
100 183
100 1051
100 508
100 346
100 2538
100 48
100 6
100 1357
100 440
100 202
100 392
100 106
100 545
100 652
100 6629
100 1968
100 1356
100 651
100 92
100 3847
100 643
100 383
100 47
100 181
100 1186
100 537
100 1101
100 154
100 654
100 1371
100 445
100 1263
100 297
100 416
100 883
100 337
100 515
100 33
100 617
100 1103
100 2350
100 541
100 2280
100 252
100 199
100 13
100 159
100 1901
100 271
100 1256
100 775
100 1635
100 4096
100 423
100 314
100 2354
100 895
100 418
100 71
100 447
100 97
100 942
100 981
100 1781
100 252
100 983
100 883
100 347
100 357
100 560
100 464
100 2205
100 1329
100 304
100 229
100 2577
100 229
100 1787
100 4805
100 849
100 31
100 893
100 2376
100 873
100 152
100 1208
100 882
100 127
100 428
100 108
100 173
100 230
100 4135
100 111
100 804
100 93
100 1813
100 44
100 4160
100 1194
100 570
100 376
100 701
100 593
100 2191
100 218
100 578
100 228
100 562
100 1751
100 486
100 2223
100 345
100 394
100 790
100 608
100 335
100 1299
100 1227
100 2759
100 568
100 674
100 25
100 405
100 488
100 214
100 915
100 221
100 1466
100 1146
100 1432
100 241
100 195
100 1742
100 4258
100 462
100 443
100 175
100 316
100 323
100 885
100 1118
100 212
100 492
100 62
100 663
100 1502
100 245
100 861
100 249
100 385
100 744
100 64
100 1449
100 3012
100 1054
100 758
100 565
100 2556
100 1209
100 259
100 502
100 115
100 48
100 1168
100 94
100 59
100 968
100 1228
100 122
100 1269
100 1091
100 1777
100 487
100 794
100 616
100 302
100 1542
100 2797
100 5129
100 3386
100 71
100 557
100 78
100 2073
100 970
100 1165
100 289
100 31
100 39
100 1143
100 420
100 1241
100 962
100 1410
100 1586
100 1685
100 202
100 2105
100 760
100 3
100 749
100 711
100 165
100 156
100 734
100 1614
100 247
100 946
100 2688
100 1780
100 819
100 900
100 799
100 75
100 1758
100 368
100 581
100 107
100 272
100 296
100 3121
100 1229
100 1029
100 1701
100 1689
100 1403
100 1190
100 162
100 3299
100 475
100 2883
100 726
100 92
100 2680
100 3170
100 631
100 2462
100 5076
100 1240
100 532
100 452
100 3371
100 172
100 17
100 126
100 546
100 609
100 1676
100 1135
100 893
100 159
100 298
100 634
100 742
100 1100
100 188
100 809
100 2049
100 698
100 883
100 174
100 1991
100 2287
100 48
100 1488
100 424
100 483
100 1302
100 973
100 336
100 2119
100 1384
100 341
100 2311
100 105
100 86
100 603
100 1053
100 63
100 3603
100 1937
100 551
100 2540
100 241
100 470
100 639
100 35
100 521
100 591
100 590
100 1653
100 4157
100 920
100 572
100 1924
100 1641
100 85
100 702
100 246
100 1883
100 1981
100 1216
100 142
100 263
100 20
100 201
100 1229
100 2113
100 2409
100 2223
100 543
100 883
100 197
100 176
100 2667
100 1071
100 94
100 826
100 908
100 1106
100 301
100 1955
100 1307
100 236
100 197
100 2238
100 1712
100 82
100 638
100 6067
100 900
100 1081
100 404
100 2719
100 490
100 2203
100 1056
100 3162
100 833
100 1043
100 3412
100 1443
100 751
100 356
100 647
100 996
100 2532
100 27
100 1280
100 762
100 2504
100 189
100 921
100 1499
100 308
100 1082
100 232
100 240
100 1590
100 564
100 545
100 1425
100 113
100 643
100 1012
100 2703
100 285
100 499
100 1140
100 1158
100 862
100 1650
100 817
100 1342
100 2170
100 90
100 72
100 1026
100 2252
100 539
100 16
100 1258
100 636
100 2436
100 1068
100 2092
100 55
100 243
100 572
100 3538
100 436
100 1757
100 21
100 1950
100 4
100 1006
100 281
100 710
100 133
100 1602
100 150
100 655
100 2117
100 168
100 110
100 1530
100 958
100 871
100 582
100 1227
100 1804
100 485
100 478
100 364
100 1212
100 1351
100 78
100 832
100 54
100 150
100 3667
100 2487
100 1790
100 815
100 697
100 970
100 2661
100 1113
100 1596
100 1043
100 641
100 804
100 553
100 2092
100 627
100 399
100 418
100 2818
100 168
100 2134
100 856
100 725
100 1808
100 640
100 349
100 109
100 2219
100 114
100 124
100 2482
100 287
100 565
100 174
100 2720
100 283
100 206
100 1903
100 1163
100 172
100 1049
100 2522
100 226
100 564
100 312
100 47
100 2772
100 3343
100 1537
100 90
100 3126
100 241
100 431
100 389
100 438
100 1083
100 1283
100 760
100 1055
100 968
100 1393
100 456
100 203
100 2010
100 523
100 1734
100 995
100 1958
100 1161
100 2088
100 348
100 2007
100 543
100 250
100 1088
100 667
100 778
100 133
100 47
100 1113
100 694
100 199
100 205
100 397
100 715
100 1341
100 1408
100 3602
100 166
100 196
100 157
100 1301
100 279
100 2377
100 906
100 442
100 777
100 368
100 1019
100 865
100 3801
100 1117
100 147
100 3953
100 173
100 298
100 1168
100 935
100 252
100 1833
100 664
100 946
100 415
100 675
100 584
100 165
100 4599
100 3629
100 855
100 342
100 2057
100 2581
100 115
100 308
100 1022
100 1207
100 1670
100 40
100 1402
100 240
100 1132
100 427
100 2534
100 49
100 538
100 52
100 2078
100 1345
100 967
100 3833
100 1335
100 2935
100 502
100 170
100 63
100 1219
100 1407
100 370
100 1003
100 140
100 571
100 1107
100 198
100 1030
100 347
100 710
100 1585
100 514
100 99
100 442
100 594
100 1484
100 287
100 252
100 737
100 779
100 1315
100 884
100 615
100 96
100 1266
100 1231
100 276
100 433
100 8
100 437
100 548
100 287
100 283
100 177
100 299
100 888
100 682
100 1327
100 31
100 23
100 1473
100 182
100 516
100 348
100 282
100 2237
100 1354
100 1063
100 1298
100 88
100 451
100 455
100 1384
100 54
100 331
100 620
100 2735
100 36
100 1973
100 2036
100 54
100 1265
100 594
100 460
100 1969
100 1175
100 88
100 1438
100 1039
100 111
100 517
100 4646
100 867
100 65
100 364
100 514
100 159
100 928
100 144
100 1046
100 1557
100 906
100 257
100 217
100 3611
100 475
100 1033
100 1221
100 211
100 722
100 174
100 74
100 1184
100 143
100 387
100 13
100 735
100 1578
100 445
100 2636
100 164
100 582
100 784
100 2097
100 1222
100 563
100 2251
100 1800
100 96
100 96
100 265
100 1915
100 181
100 593
100 789
100 1328
100 230
100 2930
100 620
100 499
100 600
100 505
100 1664
100 837
100 988
100 718
100 1983
100 201
100 637
100 777
100 1208
100 1116
100 278
100 1731
100 408
100 494
100 619
100 490
100 1206
100 555
100 2193
100 1084
100 109
100 1213
100 38
100 724
100 551
100 435
100 477
100 162
100 1565
100 472
100 40
100 693
100 2164
100 223
100 3740
100 1475
100 2076
100 971
100 1691
100 2181
100 500
100 1016
100 670
100 109
100 339
100 926
100 988
100 40
100 815
100 295
100 900
100 892
100 1629
100 219
100 212
100 1760
100 628
100 508
100 709
100 948
100 1182
100 456
100 96
100 5689
100 0
100 347
100 2273
100 1148
100 838
100 375
100 1036
100 138
100 2975
100 332
100 1981
100 150
100 1240
100 697
100 2419
100 843
100 683
100 134
100 401
100 1039
100 162
100 520
100 1258
100 2410
100 103
100 142
100 33
100 986
100 321
100 382
100 1744
100 1005
100 723
100 696
100 676
100 2084
100 3337
100 326
100 675
100 1118
100 395
100 1819
100 856
100 810
100 1082
100 582
100 2407
100 410
100 247
100 1185
100 783
100 1714
100 1118
100 76
100 634
100 869
100 794
100 2736
100 1259
100 26
100 236
100 243
100 69
100 78
100 1166
100 1295
100 397
100 1523
100 505
100 386
100 758
100 160
100 252
100 1126
100 206
100 585
100 583
100 873
100 150
100 135
100 263
100 1153
100 1915
100 228
100 766
100 1866
100 184
100 3139
100 1945
100 1557
100 2346
100 424
100 427
100 657
100 47
100 243
100 722
100 1826
100 1957
100 123
100 339
100 79
100 76
100 1794
100 25
100 1602
100 975
100 535
100 2536
100 930
100 139
100 463
100 1876
100 1073
100 329
100 910
100 489
100 110
100 33
100 75
100 553
100 391
100 2426
100 2092
100 73
100 921
100 1184
100 418
100 1135
100 2276
100 2656
100 1596
100 2089
100 608
100 429
100 833
100 625
100 1017
100 17
100 92
100 1287
100 4001
100 221
100 1146
100 1174
100 453
100 283
100 385
100 315
100 689
100 1322
100 2559
100 6404
100 2270
100 359
100 428
100 484
100 64
100 510
100 245
100 270
100 780
100 170
100 1055
100 631
100 1639
100 3201
100 72
100 2213
100 791
100 165
100 1653
100 862
100 2287
100 134
100 974
100 236
100 334
100 503
100 1026
100 397
100 135
100 2569
100 517
100 1169
100 1925
100 776
100 229
100 823
100 271
100 1341
100 1413
100 2016
100 1927
100 338
100 617
100 1436
100 1339
100 381
100 127
100 1431
100 488
100 1469
100 317
100 856
100 2938
100 729
100 1674
100 2278
100 1044
100 1491
100 625
100 372
100 462
100 2297
100 1155
100 175
100 98
100 109
100 556
100 543
100 3487
100 151
100 5144
100 1003
100 198
100 141
100 72
100 2648
100 1324
100 852
100 2315
100 536
100 329
100 1394
100 3324
100 861
100 2641
100 0
100 279
100 333
100 39
100 1396
100 853
100 1447
100 1055
100 1044
100 6971
100 2421
100 1028
100 102
100 146
100 1214
100 85
100 1444
100 976
100 1881
100 2724
100 609
100 826
100 4675
100 345
100 1278
100 1726
100 365
100 999
100 3896
100 236
100 1257
100 1805
100 344
100 41
100 72
100 930
100 858
100 657
100 315
100 1542
100 415
100 544
100 605
100 1044
100 569
100 1339
100 1720
100 670
100 532
100 1124
100 636
100 488
100 912
100 1606
100 421
100 654
100 1594
100 1559
100 485
100 1414
100 2240
100 26
100 1603
100 2979
100 979
100 689
100 959
100 348
100 614
100 192
100 3749
100 759
100 1164
100 1154
100 1011
100 61
100 149
100 949
100 1755
100 101
100 133
100 260
100 3687
100 678
100 668
100 705
100 2836
100 196
100 370
100 630
100 226
100 1767
100 792
100 192
100 419
100 326
100 981
100 1688
100 92
100 153
100 278
100 367
100 3467
100 10859
100 384
100 1308
100 168
100 36
100 249
100 689
100 222
100 178
100 698
100 189
100 1181
100 1
100 249
100 254
100 783
100 1026
100 138
100 380
100 1678
100 604
100 1051
100 3092
100 342
100 1919
100 616
100 408
100 1230
100 397
100 324
100 174
100 1008
100 221
100 580
100 19
100 141
100 722
100 483
100 2485
100 671
100 2068
100 317
100 305
100 3967
100 2719
100 205
100 200
100 184
100 1796
100 282
100 149
100 949
100 2131
100 827
100 499
100 2185
100 1469
100 1519
100 267
100 7165
100 986
100 46
100 436
100 162
100 2639
100 1866
100 105
100 1765
100 2103
100 1146
100 793
100 497
100 792
100 622
100 680
100 158
100 47
100 1279
100 404
100 417
100 27
100 963
100 1511
100 302
100 561
100 1313
100 2411
100 240
100 249
100 524
100 1924
100 1368
100 407
100 66
100 392
100 364
100 2189
100 129
100 69
100 302
100 404
100 535
100 379
100 111
100 260
100 274
100 1789
100 3512
100 4514
100 686
100 260
100 718
100 199
100 198
100 162
100 295
100 2199
100 62
100 511
100 3811
100 3044
100 181
100 1118
100 1263
100 1418
100 828
100 563
100 3244
100 368
100 112
100 557
100 3422
100 1143
100 162
100 71
100 255
100 319
100 380
100 872
100 257
100 1121
100 800
100 702
100 584
100 60
100 96
100 2299
100 163
100 1681
100 104
100 298
100 2817
100 539
100 694
100 2001
100 335
100 545
100 1122
100 1129
100 762
100 1966
100 70
100 359
100 260
100 2
100 1906
100 499
100 1919
100 1446
100 797
100 66
100 114
100 80
100 1505
100 337
100 303
100 567
100 357
100 1460
100 1922
100 1486
100 537
100 339
100 514
100 638
100 226
100 1037
100 1994
100 294
100 2181
100 441
100 3337
100 2820
100 122
100 2556
100 751
100 333
100 132
100 2417
100 1265
100 619
100 497
100 262
100 388
100 374
100 2397
100 353
100 834
100 146
100 857
100 482
100 1454
100 149
100 1079
100 706
100 1427
100 823
100 209
100 802
100 292
100 2053
100 2326
100 872
100 903
100 702
100 2699
100 6487
100 264
100 759
100 683
100 260
100 575
100 878
100 1687
100 1167
100 1551
100 739
100 2105
100 385
100 1052
100 210
100 570
100 1376
100 2611
100 2632
100 1198
100 1482
100 1201
100 633
100 1638
100 453
100 417
100 757
100 873
100 1506
100 486
100 2366
100 5083
100 344
100 1055
100 2201
100 1078
100 1594
100 303
100 1503
100 523
100 212
100 869
100 803
100 1704
100 858
100 291
100 1027
100 2563
100 958
100 1
100 2312
100 1317
100 165
100 327
100 341
100 1932
100 207
100 2674
100 888
100 1206
100 937
100 1481
100 136
100 379
100 104
100 201
100 996
100 2605
100 2764
100 1043
100 559
100 558
100 61
100 972
100 1889
100 788
100 1443
100 690
100 170
100 698
100 432
100 400
100 234
100 1727
100 221
100 126
100 82
100 1197
100 467
100 1759
100 636
100 720
100 1764
100 61
100 740
100 873
100 1157
100 675
100 2075
100 3173
100 482
100 225
100 33
100 936
100 669
100 343
100 16
100 49
100 334
100 370
100 2475
100 64
100 1041
100 1587
100 436
100 200
100 1900
100 128
100 142
100 26
100 259
100 1554
100 585
100 56
100 391
100 1478
100 13
100 2664
100 1946
100 332
100 141
100 1647
100 662
100 103
100 5
100 2143
100 88
100 649
100 61
100 1134
100 205
100 669
100 658
100 1097
100 272
100 124
100 247
100 23
100 152
100 274
100 198
100 2608
100 619
100 254
100 236
100 1237
100 905
100 962
100 1304
100 62
100 1122
100 122
100 1127
100 735
100 127
100 734
100 1022
100 1411
100 516
100 1157
100 571
100 2960
100 1751
100 1733
100 1571
100 2391
100 2225
100 1331
100 600
100 25
100 58
100 1621
100 778
100 1008
100 666
100 138
100 928
100 3002
100 361
100 718
100 130
100 681
100 509
100 4698
100 1581
100 91
100 1415
100 2228
100 308
100 723
100 1171
100 2625
100 603
100 166
100 543
100 641
100 334
100 2862
100 2433
100 96
100 297
100 1401
100 10
100 1918
100 480
100 480
100 1471
100 270
100 337
100 724
100 321
100 566
100 543
100 1262
100 321
100 1164
100 167
100 1551
100 429
100 647
100 60
100 601
100 616
100 4464
100 300
100 745
100 92
100 965
100 4578
100 1883
100 1092
100 64
100 1380
100 70
100 261
100 1810
100 240
100 184
100 1404
100 638
100 38
100 1396
100 2139
100 4956
100 1349
100 991
100 197
100 259
100 399
100 76
100 235
100 2127
100 482
100 1627
100 348
100 82
100 180
100 868
100 186
100 603
100 2980
100 616
100 351
100 777
100 135
100 65
100 1196
100 657
100 1233
100 1338
100 812
100 2294
100 468
100 2486
100 471
100 12
100 1593
100 1184
100 751
100 900
100 235
100 3162
100 3982
100 498
100 5541
100 110
100 3328
100 407
100 594
100 1219
100 36
100 278
100 144
100 75
100 1191
100 268
100 1789
100 1353
100 1189
100 624
100 88
100 627
100 2409
100 2242
100 1509
100 137
100 2504
100 127
100 1087
100 175
100 706
100 1964
100 4087
100 1055
100 681
100 304
100 208
100 111
100 47
100 59
100 121
100 380
100 1374
100 580
100 416
100 184
100 1191
100 412
100 29
100 2668
100 282
100 5036
100 489
100 128
100 960
100 930
100 2644
100 2361
100 1042
100 343
100 413
100 104
100 357
100 2250
100 616
100 254
100 422
100 1090
100 623
100 1823
100 309
100 123
100 1380
100 254
100 113
100 1559
100 796
100 1389
100 216
100 973
100 4718
100 519
100 1841
100 297
100 210
100 1194
100 752
100 500
100 111
100 461
100 1195
100 448
100 1300
100 2143
100 669
100 1437
100 354
100 1139
100 1021
100 3131
100 1334
100 599
100 505
100 401
100 46
100 5648
100 495
100 63
100 446
100 148
100 1533
100 53
100 453
100 458
100 470
100 262
100 412
100 1431
100 457
100 959
100 1909
100 164
100 35
100 2
100 137
100 1634
100 71
100 341
100 745
100 1685
100 1796
100 513
100 191
100 1441
100 30
100 411
100 1484
100 789
100 155
100 683
100 1416
100 1127
100 133
100 805
100 220
100 441
100 2643
100 628
100 627
100 1249
100 177
100 1667
100 1115
100 648
100 111
100 900
100 1545
100 1117
100 826
100 755
100 914
100 1186
100 498
100 1426
100 205
100 340
100 1412
100 620
100 36
100 2676
100 379
100 30
100 781
100 261
100 847
100 328
100 575
100 578
100 709
100 47
100 126
100 529
100 905
100 475
100 1226
100 1708
100 2719
100 647
100 250
100 1031
100 1422
100 252
100 890
100 1164
100 379
100 37
100 1566
100 750
100 33
100 811
100 122
100 1065
100 92
100 1165
100 1065
100 2395
100 1023
100 100
100 354
100 1008
100 943
100 1662
100 396
100 1403
100 328
100 504
100 2517
100 1298
100 2682
100 229
100 2409
100 1928
100 1133
100 1185
100 808
100 387
100 872
100 133
100 661
100 115
100 3509
100 1341
100 1384
100 850
100 2439
100 552
100 1406
100 887
100 2396
100 1684
100 4285
100 280
100 351
100 231
100 1557
100 453
100 528
100 332
100 568
100 498
100 491
100 541
100 2704
100 652
100 859
100 1768
100 46
100 448
100 217
100 2520
100 316
100 555
100 1784
100 31
100 3
100 2063
100 431
100 1837
100 1440
100 593
100 1325
100 1230
100 343
100 254
100 609
100 1403
100 159
100 3229
100 3752
100 2477
100 235
100 372
100 148
100 456
100 949
100 223
100 684
100 3588
100 1864
100 2377
100 192
100 1068
100 24
100 221
100 179
100 2369
100 2633
100 391
100 399
100 2007
100 655
100 1664
100 2403
100 789
100 488
100 1587
100 938
100 534
100 1807
100 1006
100 3594
100 1033
100 1328
100 2582
100 285
100 4173
100 651
100 329
100 196
100 3109
100 523
100 1067
100 37
100 992
100 432
100 244
100 278
100 1772
100 34
100 420
100 64
100 351
100 184
100 1131
100 45
100 177
100 2537
100 3104
100 680
100 152
100 336
100 267
100 126
100 4945
100 2545
100 2584
100 109
100 2148
100 1657
100 286
100 2905
100 1355
100 849
100 2199
100 2527
100 946
100 203
100 399
100 457
100 49
100 21
100 1674
100 295
100 1651
100 24
100 1083
100 1323
100 1410
100 1036
100 4
100 711
100 1151
100 2030
100 117
100 1574
100 371
100 1065
100 13
100 1258
100 1126
100 3268
100 1519
100 2301
100 531
100 1286
100 1018
100 52
100 607
100 60
100 2298
100 1175
100 2243
100 2947
100 825
100 495
100 1859
100 277
100 401
100 321
100 1834
100 3233
100 416
100 3855
100 894
100 354
100 2770
100 1926
100 238
100 1753
100 531
100 1668
100 4
100 279
100 684
100 602
100 735
100 632
100 1048
100 803
100 1099
100 1453
100 161
100 611
100 880
100 1912
100 27
100 341
100 720
100 1136
100 801
100 182
100 4662
100 1190
100 2148
100 146
100 94
100 150
100 353
100 1314
100 242
100 2092
100 118
100 198
100 378
100 1571
100 73
100 162
100 832
100 1151
100 379
100 48
100 249
100 1242
100 512
100 194
100 656
100 1037
100 781
100 163
100 84
100 178
100 1862
100 371
100 449
100 162
100 680
100 517
100 2180
100 1238
100 1267
100 998
100 890
100 266
100 561
100 859
100 469
100 243
100 152
100 519
100 288
100 1509
100 958
100 1433
100 662
100 11
100 1308
100 3842
100 1497
100 1285
100 327
100 4150
100 198
100 278
100 503
100 1623
100 159
100 1235
100 594
100 657
100 1234
100 530
100 668
100 585
100 3966
100 1388
100 46
100 2274
100 96
100 382
100 282
100 781
100 908
100 64
100 2009
100 163
100 157
100 781
100 2200
100 84
100 1438
100 354
100 487
100 385
100 412
100 206
100 377
100 787
100 4
100 46
100 1763
100 639
100 917
100 812
100 3659
100 1589
100 125
100 1645
100 649
100 2410
100 778
100 844
100 2832
100 1508
100 121
100 1666
100 2028
100 814
100 21
100 1789
100 38
100 907
100 92
100 443
100 766
100 758
100 29
100 271
100 3329
100 114
100 2783
100 3511
100 7
100 1392
100 134
100 158
100 1011
100 715
100 601
100 359
100 344
100 579
100 32
100 139
100 2636
100 1358
100 109
100 342
100 228
100 270
100 93
100 301
100 1753
100 138
100 511
100 2815
100 1929
100 136
100 490
100 119
100 3265
100 95
100 513
100 39
100 2359
100 1873
100 1903
100 199
100 687
100 1273
100 356
100 497
100 98
100 49
100 833
100 2040
100 71
100 1707
100 189
100 2233
100 1465
100 420
100 127
100 500
100 692
100 2488
100 1573
100 812
100 437
100 991
100 823
100 1609
100 1225
100 541
100 2145
100 772
100 96
100 459
100 29
100 1884
100 2934
100 107
100 343
100 1443
100 2623
100 127
100 1003
100 171
100 422
100 488
100 149
100 99
100 480
100 1471
100 1453
100 400
100 55
100 3432
100 8300
100 2641
100 1084
100 1111
100 433
100 2374
100 442
100 1544
100 106
100 713
100 985
100 35
100 355
100 2755
100 173
100 1141
100 1735
100 351
100 1556
100 824
100 702
100 1384
100 159
100 261
100 317
100 925
100 570
100 806
100 737
100 75
100 1079
100 630
100 1112
100 211
100 1632
100 991
100 1137
100 737
100 1356
100 1825
100 332
100 715
100 492
100 3057
100 616
100 182
100 149
100 140
100 152
100 93
100 220
100 252
100 1264
100 615
100 3836
100 458
100 1805
100 1716
100 117
100 555
100 1056
100 372
100 2690
100 4002
100 931
100 289
100 472
100 1950
100 880
100 2056
100 627
100 2381
100 601
100 510
100 3079
100 72
100 373
100 411
100 163
100 1070
100 389
100 684
100 2644
100 1259
100 3072
100 449
100 2753
100 240
100 332
100 2832
100 1230
100 6361
100 2858
100 920
100 654
100 363
100 3730
100 47
100 256
100 1469
100 1054
100 984
100 62
100 187
100 506
100 289
100 1842
100 621
100 3013
100 216
100 1441
100 32
100 63
100 307
100 796
100 1126
100 101
100 610
100 308
100 1314
100 1481
100 595
100 569
100 8
100 1135
100 88
100 624
100 1704
100 220
100 5
100 1310
100 2728
100 750
100 1388
100 212
100 603
100 352
100 1233
100 527
100 390
100 1608
100 313
100 62
100 880
100 891
100 1244
100 255
100 738
100 1030
100 486
100 826
100 2848
100 951
100 62
100 508
100 4893
100 752
100 774
100 203
100 1395
100 804
100 1532
100 43
100 429
100 7057
100 243
100 1705
100 182
100 429
100 1208
100 111
100 373
100 1240
100 1303
100 3702
100 2321
100 311
100 278
100 1960
100 239
100 89
100 1208
100 803
100 2490
100 279
100 2112
100 201
100 310
100 706
100 1267
100 4442
100 5317
100 59
100 2132
100 4611
100 1717
100 1092
100 1425
100 1468
100 977
100 386
100 446
100 460
100 347
100 25
100 176
100 6012
100 4897
100 2294
100 848
100 366
100 767
100 2027
100 1847
100 185
100 198
100 2940
100 160
100 78
100 2339
100 21
100 407
100 395
100 2419
100 1487
100 965
100 2616
100 782
100 798
100 454
100 637
100 958
100 386
100 209
100 1126
100 147
100 1462
100 0
100 337
100 212
100 260
100 733
100 646
100 342
100 1833
100 1729
100 0
100 1908
100 855
100 2255
100 137
100 747
100 3483
100 150
100 8
100 1660
100 466
100 816
100 145
100 483
100 1708
100 310
100 129
100 4151
100 638
100 1105
100 973
100 2183
100 1441
100 354
100 2965
100 750
100 1060
100 22
100 170
100 86
100 5
100 309
100 387
100 942
100 377
100 204
100 345
100 922
100 958
100 679
100 47
100 1009
100 1140
100 1666
100 1228
100 747
100 592
100 132
100 1919
100 963
100 1878
100 2510
100 1815
100 1264
100 241
100 255
100 385
100 3244
100 1128
100 461
100 2206
100 435
100 163
100 2401
100 66
100 405
100 780
100 1618
100 929
100 1020
100 2187
100 188
100 1082
100 998
100 1093
100 1828
100 204
100 1600
100 2830
100 889
100 599
100 331
100 3056
100 1588
100 4176
100 119
100 362
100 473
100 1692
100 672
100 1194
100 1342
100 966
100 2472
100 487
100 2299
100 681
100 1164
100 383
100 2346
100 4506
100 2459
100 433
100 4114
100 442
100 205
100 148
100 116
100 222
100 36
100 50
100 1716
100 6053
100 382
100 96
100 5088
100 692
100 110
100 912
100 121
100 56
100 750
100 1707
100 1278
100 258
100 54
100 2536
100 1361
100 1122
100 1196
100 782
100 112
100 4334
100 95
100 1118
100 1457
100 577
100 801
100 181
100 1124
100 1057
100 348
100 169
100 661
100 185
100 949
100 107
100 741
100 91
100 1239
100 670
100 1012
100 174
100 546
100 151
100 1654
100 2121
100 982
100 3470
100 637
100 1849
100 786
100 20
100 1803
100 700
100 710
100 338
100 327
100 167
100 455
100 488
100 771
100 423
100 132
100 342
100 2074
100 340
100 334
100 2359
100 581
100 41
100 494
100 416
100 153
100 136
100 1576
100 959
100 1772
100 874
100 395
100 902
100 83
100 2205
100 27
100 728
100 1648
100 443
100 150
100 4463
100 1486
100 134
100 190
100 2025
100 1332
100 1067
100 656
100 2398
100 227
100 1617
100 1497
100 212
100 1986
100 353
100 1636
100 2248
100 869
100 170
100 1065
100 2067
100 89
100 1048
100 595
100 2099
100 205
100 158
100 291
100 2628
100 365
100 210
100 433
100 443
100 706
100 376
100 1703
100 278
100 465
100 740
100 1470
100 1409
100 1342
100 195
100 196
100 864
100 2954
100 1395
100 158
100 244
100 1742
100 264
100 726
100 551
100 55
100 307
100 2048
100 509
100 575
100 15
100 1375
100 807
100 730
100 1411
100 2355
100 902
100 2595
100 124
100 2391
100 152
100 78
100 84
100 127
100 39
100 12
100 731
100 21
100 197
100 791
100 1166
100 212
100 967
100 1121
100 1219
100 1193
100 437
100 752
100 348
100 658
100 879
100 1155
100 1517
100 782
100 383
100 718
100 738
100 879
100 504
100 686
100 1701
100 769
100 1277
100 463
100 642
100 694
100 1233
100 388
100 407
100 477
100 946
100 2906
100 710
100 1014
100 204
100 712
100 844
100 2093
100 1467
100 730
100 4739
100 1104
100 89
100 258
100 1209
100 2609
100 665
100 4224
100 378
100 1643
100 258
100 659
100 2208
100 3380
100 555
100 1032
100 1001
100 2087
100 840
100 364
100 474
100 3585
100 2625
100 135
100 1338
100 199
100 1429
100 743
100 519
100 533
100 1094
100 479
100 18
100 127
100 2571
100 1092
100 255
100 2
100 1166
100 189
100 411
100 214
100 3024
100 514
100 14
100 292
100 1994
100 114
100 326
100 567
100 1273
100 319
100 270
100 163
100 376
100 110
100 2158
100 1221
100 238
100 37
100 2472
100 2566
100 384
100 694
100 1887
100 34
100 1071
100 579
100 1071
100 158
100 697
100 667
100 510
100 2626
100 177
100 532
100 970
100 41
100 607
100 183
100 1167
100 643
100 438
100 953
100 959
100 2116
100 2136
100 165
100 100
100 1242
100 331
100 2618
100 636
100 723
100 531
100 1882
100 2147
100 672
100 403
100 2407
100 453
100 1332
100 1104
100 851
100 1238
100 1844
100 1833
100 3384
100 464
100 141
100 202
100 493
100 1072
100 99
100 1066
100 43
100 772
100 1130
100 558
100 909
100 612
100 2314
100 390
100 310
100 626
100 572
100 2530
100 31
100 1844
100 565
100 758
100 3156
100 1812
100 1828
100 249
100 3760
100 504
100 1375
100 289
100 2048
100 73
100 2140
100 1140
100 76
100 142
100 352
100 419
100 77
100 844
100 414
100 2039
100 2434
100 1446
100 363
100 2459
100 1426
100 1725
100 838
100 1574
100 1572
100 1060
100 1469
100 892
100 960
100 421
100 937
100 3308
100 1240
100 131
100 3752
100 449
100 1473
100 56
100 292
100 1405
100 781
100 12
100 584
100 315
100 572
100 257
100 413
100 644
100 2096
100 2099
100 675
100 1634
100 45
100 476
100 1032
100 40
100 1696
100 251
100 1289
100 4337
100 93
100 1350
100 599
100 909
100 531
100 1425
100 713
100 180
100 151
100 682
100 478
100 1768
100 7139
100 1005
100 796
100 736
100 270
100 113
100 4211
100 284
100 1015
100 1174
100 474
100 468
100 1290
100 71
100 229
100 789
100 345
100 80
100 361
100 1290
100 754
100 1410
100 172
100 139
100 676
100 549
100 559
100 326
100 237
100 2197
100 102
100 393
100 925
100 101
100 570
100 1531
100 763
100 2622
100 141
100 52
100 179
100 0
100 558
100 540
100 574
100 74
100 72
100 2953
100 345
100 793
100 3777
100 75
100 428
100 936
100 399
100 938
100 8
100 842
100 54
100 5718
100 31
100 175
100 107
100 807
100 317
100 2157
100 173
100 1851
100 105
100 864
100 262
100 1851
100 782
100 1906
100 6177
100 2207
100 77
100 201
100 1850
100 191
100 1996
100 468
100 1037
100 549
100 3116
100 1660
100 74
100 799
100 915
100 224
100 1170
100 3084
100 1802
100 728
100 128
100 1730
100 1986
100 1279
100 27
100 1842
100 3
100 1065
100 1016
100 759
100 442
100 333
100 217
100 50
100 446
100 470
100 627
100 436
100 983
100 287
100 1683
100 1500
100 711
100 1008
100 1322
100 1495
100 2803
100 1038
100 374
100 245
100 77
100 204
100 539
100 814
100 1165
100 1296
100 1693
100 1631
100 86
100 144
100 405
100 119
100 268
100 1182
100 1025
100 4222
100 654
100 1682
100 1797
100 71
100 108
100 1882
100 166
100 404
100 3506
100 2406
100 64
100 931
100 775
100 228
100 888
100 16
100 1247
100 1333
100 484
100 3480
100 290
100 369
100 216
100 2902
100 252
100 391
100 1314
100 75
100 405
100 12
100 152
100 261
100 273
100 4225
100 1148
100 3
100 20
100 777
100 1943
100 321
100 1542
100 113
100 1684
100 372
100 611
100 174
100 552
100 744
100 108
100 27
100 479
100 199
100 3799
100 674
100 647
100 1713
100 1315
100 299
100 1259
100 352
100 451
100 448
100 1112
100 845
100 1597
100 703
100 340
100 2604
100 330
100 527
100 189
100 8
100 2187
100 1117
100 3359
100 152
100 438
100 171
100 1293
100 768
100 2593
100 258
100 1432
100 209
100 1651
100 102
100 753
100 964
100 233
100 160
100 1623
100 245
100 1323
100 514
100 18
100 2083
100 342
100 400
100 480
100 444
100 1440
100 78
100 451
100 156
100 66
100 945
100 494
100 447
100 2221
100 941
100 639
100 2731
100 1485
100 200
100 1709
100 1291
100 1345
100 517
100 298
100 184
100 3193
100 97
100 607
100 1368
100 578
100 398
100 518
100 592
100 29
100 1063
100 1759
100 668
100 2856
100 401
100 98
100 224
100 764
100 683
100 1603
100 2484
100 629
100 4020
100 1038
100 214
100 68
100 4147
100 2987
100 2211
100 1552
100 180
100 827
100 169
100 283
100 499
100 792
100 387
100 2829
100 165
100 87
100 629
100 3759
100 2761
100 2776
100 1220
100 30
100 928
100 239
100 2071
100 1069
100 307
100 456
100 2642
100 305
100 152
100 72
100 376
100 22
100 133
100 379
100 397
100 181
100 287
100 790
100 964
100 766
100 1519
100 1607
100 1207
100 5061
100 1400
100 4944
100 409
100 27
100 1604
100 910
100 522
100 231
100 398
100 49
100 331
100 207
100 1487
100 2804
100 173
100 2128
100 165
100 56
100 1163
100 400
100 451
100 258
100 1102
100 322
100 692
100 411
100 1170
100 775
100 717
100 1256
100 77
100 194
100 172
100 480
100 641
100 497
100 66
100 380
100 1315
100 1051
100 1929
100 40
100 122
100 20
100 2419
100 1317
100 69
100 161
100 1710
100 328
100 1284
100 2748
100 1767
100 398
100 379
100 469
100 1157
100 82
100 21
100 1993
100 54
100 772
100 1178
100 1595
100 3510
100 209
100 2760
100 400
100 2559
100 298
100 1049
100 689
100 124
100 1258
100 515
100 1339
100 1798
100 2056
100 1991
100 443
100 1231
100 282
100 71
100 1623
100 1804
100 433
100 1627
100 58
100 284
100 66
100 2733
100 355
100 2727
100 164
100 337
100 142
100 247
100 355
100 164
100 576
100 1792
100 1967
100 1732
100 476
100 59
100 738
100 4069
100 496
100 57
100 17
100 1032
100 747
100 387
100 1350
100 1516
100 219
100 683
100 125
100 2397
100 1240
100 597
100 105
100 45
100 142
100 938
100 3260
100 466
100 5027
100 1214
100 62
100 710
100 495
100 1401
100 305
100 324
100 245
100 365
100 285
100 1859
100 456
100 497
100 214
100 617
100 1283
100 857
100 722
100 2710
100 79
100 3117
100 1655
100 1589
100 82
100 2965
100 814
100 5
100 3181
100 2182
100 1287
100 803
100 737
100 490
100 1369
100 1587
100 1625
100 876
100 77
100 750
100 2905
100 227
100 983
100 653
100 150
100 1000
100 234
100 1435
100 1104
100 637
100 445
100 1133
100 453
100 16
100 1371
100 59
100 424
100 1282
100 1285
100 224
100 478
100 2058
100 328
100 662
100 131
100 148
100 391
100 69
100 1531
100 103
100 1865
100 884
100 497
100 63
100 1111
100 1407
100 969
100 23
100 5832
100 470
100 29
100 671
100 711
100 350
100 22
100 64
100 1
100 268
100 987
100 553
100 202
100 632
100 118
100 230
100 2479
100 57
100 406
100 372
100 437
100 637
100 2505
100 243
100 2091
100 938
100 286
100 84
100 479
100 23
100 600
100 1814
100 3294
100 256
100 2744
100 4480
100 73
100 285
100 1066
100 650
100 520
100 665
100 501
100 2510
100 64
100 1771
100 106
100 1549
100 1652
100 322
100 126
100 15
100 1698
100 2218
100 350
100 1058
100 1323
100 451
100 196
100 659
100 825
100 376
100 120
100 200
100 138
100 510
100 648
100 278
100 2110
100 1432
100 2262
100 1329
100 1115
100 428
100 301
100 1341
100 389
100 91
100 1145
100 407
100 340
100 1341
100 89
100 860
100 2
100 384
100 182
100 432
100 2841
100 310
100 1270
100 133
100 408
100 3006
100 188
100 334
100 429
100 811
100 1309
100 1340
100 427
100 1302
100 894
100 979
100 383
100 847
100 605
100 1818
100 1435
100 398
100 155
100 1733
100 2443
100 542
100 1823
100 3821
100 494
100 194
100 54
100 603
100 605
100 1856
100 1530
100 513
100 758
100 2015
100 878
100 2543
100 278
100 882
100 2139
100 1884
100 2091
100 2639
100 801
100 274
100 527
100 476
100 82
100 189
100 128
100 788
100 4120
100 499
100 182
100 509
100 238
100 248
100 527
100 416
100 440
100 708
100 325
100 1624
100 997
100 805
100 546
100 809
100 3076
100 901
100 975
100 194
100 608
100 440
100 221
100 47
100 858
100 2212
100 1947
100 380
100 93
100 1089
100 765
100 1161
100 65
100 10
100 1043
100 416
100 143
100 499
100 15
100 751
100 39
100 1187
100 216
100 95
100 850
100 2496
100 112
100 1831
100 1586
100 1009
100 1529
100 2781
100 920
100 1193
100 844
100 3367
100 430
100 3845
100 220
100 654
100 1180
100 144
100 2272
100 1340
100 1277
100 664
100 1806
100 1298
100 1139
100 486
100 877
100 685
100 998
100 897
100 385
100 3873
100 1287
100 561
100 1611
100 1369
100 88
100 930
100 2439
100 613
100 430
100 1624
100 89
100 1121
100 227
100 3973
100 557
100 957
100 2760
100 551
100 435
100 1136
100 656
100 793
100 547
100 2608
100 2934
100 992
100 125
100 1018
100 41
100 60
100 1393
100 2855
100 1887
100 472
100 1022
100 66
100 843
100 766
100 70
100 40
100 2566
100 123
100 4947
100 892
100 31
100 1797
100 286
100 245
100 564
100 365
100 138
100 1260
100 883
100 1302
100 404
100 4110
100 592
100 338
100 2427
100 139
100 577
100 577
100 35
100 1313
100 386
100 117
100 135
100 321
100 126
100 845
100 524
100 694
100 211
100 2605
100 608
100 2037
100 3842
100 358
100 3536
100 17
100 679
100 1198
100 610
100 626
100 66
100 1757
100 221
100 962
100 434
100 606
100 16
100 940
100 494
100 470
100 135
100 4261
100 2
100 1173
100 1359
100 1902
100 145
100 3
100 145
100 6248
100 17
100 619
100 2086
100 1558
100 427
100 474
100 756
100 2352
100 272
100 426
100 5400
100 141
100 67
100 704
100 2835
100 34
100 1681
100 263
100 2831
100 96
100 1871
100 283
100 904
100 560
100 102
100 632
100 52
100 88
100 920
100 1893
100 325
100 893
100 885
100 166
100 1379
100 296
100 648
100 675
100 32
100 670
100 334
100 520
100 198
100 2967
100 887
100 1127
100 28
100 970
100 1136
100 127
100 1280
100 194
100 2257
100 3231
100 199
100 339
100 3558
100 224
100 145
100 1433
100 1936
100 290
100 228
100 846
100 1156
100 2082
100 2934
100 3582
100 325
100 5502
100 837
100 625
100 635
100 368
100 1239
100 272
100 930
100 780
100 8
100 949
100 371
100 660
100 52
100 823
100 913
100 457
100 1041
100 948
100 1561
100 2813
100 784
100 3021
100 524
100 1586
100 79
100 1113
100 500
100 159
100 756
100 383
100 465
100 321
100 1368
100 355
100 1084
100 1049
100 62
100 726
100 477
100 3562
100 293
100 1059
100 360
100 1732
100 574
100 1878
100 340
100 506
100 3935
100 601
100 321
100 452
100 930
100 643
100 753
100 2714
100 3101
100 447
100 486
100 1141
100 3118
100 651
100 753
100 726
100 1860
100 39
100 837
100 543
100 312
100 644
100 1037
100 765
100 50
100 17
100 492
100 1298
100 410
100 2889
100 367
100 2425
100 829
100 645
100 775
100 657
100 1039
100 925
100 4130
100 1261
100 807
100 523
100 695
100 2685
100 848
100 1066
100 772
100 701
100 1888
100 2702
100 860
100 890
100 1193
100 893
100 1800
100 2425
100 1965
100 373
100 355
100 1645
100 476
100 509
100 2185
100 122
100 543
100 681
100 582
100 644
100 970
100 1071
100 637
100 454
100 630
100 2394
100 854
100 468
100 1433
100 135
100 1494
100 587
100 367
100 1159
100 920
100 2442
100 287
100 2868
100 87
100 1428
100 1025
100 178
100 35
100 215
100 348
100 193
100 2399
100 1447
100 1043
100 2406
100 574
100 184
100 118
100 753
100 994
100 22
100 752
100 329
100 514
100 657
100 214
100 1980
100 757
100 1275
100 768
100 622
100 2015
100 16
100 1094
100 1189
100 1326
100 2061
100 849
100 2015
100 1788
100 1149
100 1707
100 708
100 221
100 475
100 761
100 129
100 1622
100 2311
100 5258
100 1008
100 934
100 1771
100 117
100 401
100 460
100 1762
100 90
100 1095
100 203
100 686
100 835
100 262
100 719
100 848
100 98
100 139
100 636
100 452
100 1383
100 150
100 1251
100 223
100 482
100 3198
100 565
100 17
100 1584
100 1359
100 2351
100 1230
100 194
100 384
100 799
100 274
100 178
100 59
100 379
100 2993
100 653
100 180
100 684
100 83
100 2007
100 520
100 278
100 2473
100 726
100 603
100 386
100 480
100 473
100 1726
100 821
100 1238
100 112
100 3539
100 1383
100 905
100 1505
100 1732
100 822
100 1875
100 91
100 418
100 63
100 1044
100 1699
100 1200
100 698
100 756
100 447
100 3137
100 58
100 741
100 2997
100 1114
100 85
100 2192
100 602
100 666
100 1799
100 1653
100 3299
100 235
100 604
100 1509
100 436
100 1377
100 469
100 4030
100 118
100 3362
100 424
100 1535
100 262
100 900
100 598
100 479
100 2063
100 916
100 1607
100 59
100 352
100 485
100 22
100 30
100 1288
100 72
100 1841
100 223
100 212
100 709
100 139
100 1253
100 715
100 498
100 60
100 2021
100 142
100 3394
100 962
100 240
100 1693
100 70
100 986
100 735
100 74
100 1933
100 383
100 331
100 358
100 802
100 1066
100 21
100 610
100 1154
100 416
100 368
100 144
100 1439
100 395
100 1386
100 1216
100 225
100 207
100 235
100 1578
100 917
100 405
100 1389
100 3850
100 384
100 1275
100 269
100 1903
100 774
100 869
100 355
100 1725
100 1857
100 423
100 1458
100 391
100 491
100 2156
100 393
100 4228
100 275
100 1289
100 313
100 1868
100 752
100 482
100 1046
100 470
100 543
100 957
100 2225
100 486
100 3213
100 2403
100 806
100 404
100 971
100 194
100 154
100 894
100 1249
100 951
100 262
100 1431
100 240
100 943
100 89
100 552
100 589
100 2240
100 263
100 110
100 136
100 814
100 112
100 501
100 215
100 273
100 3220
100 1641
100 180
100 281
100 641
100 715
100 56
100 1077
100 125
100 1962
100 173
100 143
100 540
100 581
100 276
100 701
100 129
100 1173
100 312
100 250
100 595
100 1714
100 482
100 2629
100 641
100 6081
100 1096
100 2243
100 707
100 1512
100 161
100 256
100 62
100 1554
100 161
100 1121
100 272
100 455
100 272
100 2099
100 2317
100 84
100 251
100 348
100 12
100 3805
100 1617
100 385
100 567
100 950
100 1781
100 82
100 492
100 2917
100 571
100 219
100 1278
100 3615
100 128
100 587
100 222
100 408
100 1211
100 885
100 700
100 184
100 527
100 1698
100 404
100 63
100 139
100 867
100 131
100 1404
100 1199
100 107
100 884
100 1237
100 262
100 357
100 6140
100 239
100 344
100 1135
100 1084
100 120
100 43
100 4726
100 3486
100 810
100 1159
100 936
100 1268
100 847
100 90
100 22
100 2153
100 535
100 102
100 346
100 542
100 1152
100 1855
100 1733
100 1633
100 765
100 256
100 579
100 425
100 1251
100 1806
100 4228
100 4648
100 800
100 284
100 80
100 414
100 1376
100 742
100 743
100 326
100 329
100 2607
100 1215
100 2618
100 330
100 27
100 3080
100 224
100 907
100 2772
100 187
100 1433
100 2305
100 804
100 844
100 1298
100 1664
100 69
100 502
100 2661
100 2023
100 333
100 79
100 2421
100 3452
100 1724
100 266
100 727
100 2222
100 1756
100 171
100 1208
100 656
100 186
100 706
100 1370
100 374
100 461
100 212
100 16
100 199
100 272
100 54
100 2195
100 2680
100 5620
100 1579
100 279
100 100
100 2693
100 4666
100 1056
100 208
100 270
100 684
100 5571
100 61
100 2213
100 71
100 889
100 544
100 3811
100 469
100 1058
100 2872
100 1603
100 1048
100 483
100 710
100 2623
100 1119
100 655
100 542
100 180
100 20
100 74
100 199
100 591
100 1929
100 1464
100 96
100 114
100 1051
100 1820
100 980
100 627
100 136
100 2495
100 1366
100 1687
100 960
100 3356
100 660
100 2012
100 4017
100 774
100 279
100 1376
100 1880
100 5066
100 632
100 616
100 886
100 3056
100 159
100 459
100 655
100 803
100 832
100 2209
100 1818
100 360
100 1018
100 281
100 1109
100 833
100 1678
100 440
100 317
100 231
100 1
100 1373
100 4070
100 305
100 516
100 419
100 1692
100 1014
100 2017
100 657
100 1201
100 1324
100 326
100 864
100 4880
100 80
100 1765
100 812
100 608
100 1309
100 224
100 556
100 1310
100 479
100 1826
100 74
100 1161
100 3171
100 74
100 586
100 253
100 515
100 650
100 80
100 1424
100 715
100 63
100 745
100 5415
100 2036
100 900
100 24
100 131
100 477
100 309
100 297
100 1239
100 915
100 2951
100 965
100 276
100 806
100 984
100 683
100 735
100 515
100 778
100 170
100 2322
100 339
100 82
100 2553
100 817
100 405
100 3396
100 100
100 793
100 1274
100 1725
100 2781
100 2285
100 3325
100 952
100 392
100 2322
100 1466
100 1705
100 71
100 217
100 1550
100 1046
100 148
100 1469
100 935
100 92
100 1366
100 189
100 755
100 14
100 1138
100 414
100 526
100 623
100 516
100 475
100 760
100 5306
100 802
100 212
100 257
100 2977
100 513
100 377
100 354
100 1463
100 202
100 1751
100 1565
100 1244
100 804
100 1184
100 1340
100 444
100 402
100 197
100 768
100 1427
100 1049
100 498
100 67
100 128
100 1002
100 392
100 1217
100 3542
100 403
100 1037
100 403
100 1700
100 2349
100 289
100 630
100 1517
100 472
100 904
100 1075
100 775
100 379
100 104
100 1435
100 2297
100 941
100 1038
100 1262
100 1455
100 1716
100 509
100 1848
100 5759
100 850
100 117
100 650
100 1437
100 3652
100 2683
100 1276
100 1795
100 689
100 3162
100 238
100 129
100 510
100 707
100 1686
100 1794
100 311
100 1432
100 131
100 1177
100 617
100 113
100 2430
100 1393
100 419
100 547
100 376
100 610
100 539
100 114
100 4548
100 418
100 71
100 1285
100 365
100 299
100 1018
100 1406
100 974
100 1083
100 146
100 1942
100 1547
100 661
100 270
100 782
100 272
100 1141
100 669
100 2123
100 215
100 6227
100 605
100 1303
100 516
100 3039
100 1577
100 350
100 265
100 333
100 183
100 383
100 1390
100 35
100 370
100 420
100 2189
100 725
100 2406
100 3996
100 259
100 1070
100 647
100 2241
100 398
100 208
100 365
100 201
100 2299
100 786
100 144
100 3241
100 223
100 139
100 927
100 1663
100 504
100 164
100 281
100 19
100 128
100 358
100 420
100 1509
100 1081
100 35
100 773
100 140
100 3
100 120
100 329
100 189
100 4656
100 0
100 1345
100 705
100 156
100 139
100 1295
100 183
100 1902
100 277
100 312
100 334
100 556
100 1163
100 28
100 1311
100 397
100 334
100 748
100 1183
100 133
100 888
100 62
100 932
100 483
100 30
100 743
100 905
100 2684
100 2595
100 1021
100 3278
100 257
100 806
100 1091
100 743
100 136
100 796
100 1433
100 75
100 4736
100 798
100 2222
100 192
100 2118
100 875
100 383
100 60
100 1101
100 1057
100 564
100 1509
100 188
100 93
100 2861
100 198
100 520
100 922
100 971
100 21
100 433
100 2214
100 164
100 1985
100 943
100 121
100 118
100 8
100 186
100 2666
100 625
100 3998
100 1643
100 1232
100 97
100 1276
100 548
100 920
100 2088
100 1171
100 107
100 473
100 1576
100 930
100 2465
100 631
100 3815
100 1728
100 279
100 688
100 220
100 998
100 860
100 2156
100 397
100 258
100 4009
100 251
100 2050
100 540
100 161
100 3009
100 1496
100 1118
100 1219
100 3670
100 261
100 358
100 632
100 130
100 1577
100 1407
100 742
100 396
100 1795
100 990
100 2487
100 263
100 329
100 4254
100 3150
100 1587
100 1685
100 414
100 18
100 122
100 267
100 77
100 1746
100 3032
100 2991
100 20
100 1260
100 4
100 2080
100 2540
100 499
100 192
100 2626
100 993
100 836
100 1112
100 413
100 73
100 183
100 445
100 451
100 1294
100 7776
100 2697
100 271
100 93
100 457
100 10
100 1860
100 291
100 564
100 1023
100 913
100 4998
100 1748
100 606
100 111
100 1464
100 238
100 1081
100 42
100 655
100 604
100 302
100 288
100 356
100 189
100 3802
100 2931
100 1520
100 736
100 3076
100 462
100 1342
100 915
100 905
100 2921
100 1383
100 1019
100 501
100 1681
100 163
100 401
100 479
100 262
100 1017
100 581
100 894
100 392
100 3410
100 169
100 63
100 169
100 877
100 1225
100 651
100 305
100 309
100 1580
100 521
100 78
100 172
100 656
100 498
100 930
100 608
100 231
100 2282
100 106
100 596
100 345
100 3562
100 1898
100 281
100 93
100 2134
100 51
100 297
100 489
100 740
100 3363
100 1191
100 328
100 613
100 414
100 1296
100 820
100 971
100 7
100 506
100 1137
100 1450
100 2613
100 550
100 137
100 1587
100 107
100 1138
100 955
100 1436
100 1578
100 6930
100 1249
100 914
100 150
100 2568
100 325
100 365
100 6940
100 219
100 321
100 27
100 273
100 882
100 733
100 1938
100 1989
100 994
100 275
100 710
100 364
100 56
100 1638
100 1533
100 1515
100 962
100 2544
100 81
100 50
100 1179
100 2
100 1184
100 335
100 279
100 1117
100 1482
100 2227
100 3358
100 254
100 2
100 170
100 2304
100 54
100 1490
100 1998
100 671
100 255
100 2547
100 2474
100 269
100 817
100 257
100 194
100 3491
100 203
100 2699
100 220
100 192
100 283
100 3830
100 1047
100 299
100 181
100 969
100 1287
100 6
100 2697
100 439
100 127
100 277
100 2152
100 102
100 517
100 317
100 876
100 200
100 444
100 977
100 74
100 279
100 781
100 381
100 1115
100 1291
100 553
100 1001
100 474
100 2238
100 1021
100 1266
100 1431
100 338
100 63
100 295
100 547
100 970
100 456
100 661
100 4
100 1032
100 1146
100 24
100 18
100 778
100 119
100 1444
100 186
100 94
100 1381
100 1863
100 1556
100 674
100 69
100 726
100 139
100 2207
100 181
100 2633
100 2913
100 237
100 554
100 174
100 923
100 134
100 8713
100 1337
100 596
100 2435
100 1119
100 3133
100 1288
100 149
100 41
100 1251
100 4363
100 340
100 358
100 610
100 1585
100 1682
100 1645
100 3260
100 51
100 3385
100 332
100 262
100 425
100 598
100 5034
100 1228
100 28
100 260
100 870
100 2861
100 711
100 1361
100 29
100 1102
100 636
100 1381
100 467
100 208
100 802
100 1277
100 1220
100 195
100 253
100 209
100 71
100 922
100 307
100 819
100 1173
100 1570
100 236
100 1133
100 270
100 69
100 765
100 2224
100 93
100 202
100 404
100 76
100 919
100 84
100 3306
100 2443
100 3039
100 164
100 698
100 120
100 2184
100 727
100 27
100 309
100 1825
100 347
100 1169
100 775
100 425
100 295
100 225
100 2144
100 63
100 338
100 3351
100 865
100 505
100 90
100 748
100 274
100 1238
100 738
100 159
100 1152
100 784
100 23
100 2765
100 986
100 420
100 2600
100 2958
100 511
100 2086
100 1239
100 159
100 30
100 201
100 166
100 278
100 3458
100 1545
100 2003
100 427
100 284
100 1085
100 1672
100 2524
100 521
100 1931
100 2654
100 3478
100 6383
100 724
100 2155
100 502
100 664
100 1187
100 675
100 889
100 1957
100 100
100 250
100 244
100 1553
100 647
100 1504
100 1040
100 440
100 4496
100 143
100 1343
100 2944
100 322
100 173
100 556
100 774
100 507
100 487
100 288
100 646
100 444
100 32
100 1673
100 1065
100 2344
100 1843
100 82
100 254
100 241
100 43
100 447
100 2156
100 473
100 200
100 1434
100 52
100 3688
100 459
100 796
100 1537
100 899
100 1401
100 1258
100 1206
100 157
100 35
100 671
100 120
100 1207
100 303
100 938
100 184
100 144
100 177
100 467
100 2058
100 1040
100 161
100 242
100 780
100 1527
100 3006
100 40
100 349
100 619
100 952
100 740
100 732
100 809
100 1472
100 798
100 1106
100 1165
100 1457
100 126
100 339
100 457
100 2198
100 259
100 1071
100 287
100 1971
100 67
100 537
100 68
100 1151
100 86
100 1884
100 714
100 1770
100 315
100 727
100 924
100 2096
100 2129
100 367
100 511
100 870
100 566
100 1461
100 181
100 745
100 1334
100 1895
100 936
100 927
100 171
100 317
100 1425
100 1627
100 1389
100 359
100 463
100 807
100 92
100 301
100 2823
100 2380
100 2384
100 429
100 156
100 1378
100 2791
100 163
100 372
100 1735
100 460
100 4323
100 474
100 1561
100 276
100 3847
100 119
100 7294
100 1114
100 11
100 3628
100 809
100 1026
100 1206
100 35
100 916
100 1404
100 337
100 2727
100 666
100 752
100 1058
100 294
100 308
100 488
100 667
100 163
100 381
100 263
100 1338
100 1950
100 1596
100 318
100 1302
100 715
100 53
100 974
100 1270
100 463
100 1666
100 1021
100 610
100 397
100 1700
100 463
100 526
100 998
100 1173
100 952
100 891
100 1783
100 1634
100 1030
100 48
100 7
100 2140
100 399
100 778
100 1674
100 22
100 322
100 2277
100 1809
100 404
100 657
100 2512
100 65
100 1842
100 980
100 1615
100 2280
100 405
100 1427
100 779
100 2558
100 151
100 633
100 810
100 294
100 188
100 3014
100 1822
100 815
100 2655
100 136
100 509
100 1657
100 420
100 4442
100 1174
100 1268
100 2039
100 9
100 87
100 133
100 3304
100 1296
100 1749
100 482
100 373
100 1067
100 223
100 1624
100 306
100 1339
100 555
100 340
100 1459
100 172
100 62
100 452
100 2496
100 769
100 1155
100 705
100 179
100 2196
100 2024
100 612
100 847
100 1734
100 1535
100 127
100 91
100 506
100 123
100 1828
100 4271
100 38
100 1242
100 13
100 1865
100 1892
100 577
100 1708
100 692
100 109
100 1546
100 11
100 321
100 2300
100 129
100 1235
100 79
100 62
100 134
100 174
100 1100
100 441
100 1818
100 776
100 213
100 918
100 600
100 64
100 18
100 701
100 539
100 1750
100 226
100 108
100 1774
100 3023
100 63
100 300
100 267
100 870
100 197
100 2092
100 1592
100 1045
100 2097
100 79
100 398
100 3159
100 1344
100 662
100 1474
100 490
100 995
100 200
100 1380
100 372
100 1880
100 1224
100 132
100 386
100 19
100 962
100 412
100 1333
100 2305
100 275
100 2866
100 446
100 873
100 1157
100 786
100 275
100 2406
100 928
100 583
100 884
100 260
100 541
100 2525
100 1903
100 2383
100 289
100 67
100 202
100 2794
100 285
100 1232
100 544
100 1112
100 64
100 1374
100 1431
100 629
100 61
100 416
100 2070
100 1061
100 266
100 755
100 349
100 1607
100 783
100 904
100 1334
100 1461
100 1571
100 940
100 661
100 17
100 1499
100 26
100 3295
100 669
100 1413
100 81
100 1661
100 1310
100 445
100 1494
100 2030
100 721
100 1447
100 1048
100 1773
100 885
100 747
100 673
100 1693
100 2543
100 1555
100 568
100 155
100 913
100 2746
100 200
100 519
100 871
100 2073
100 1315
100 1072
100 488
100 806
100 455
100 455
100 764
100 1112
100 418
100 1635
100 112
100 443
100 2524
100 76
100 359
100 635
100 848
100 12
100 477
100 880
100 420
100 804
100 470
100 1304
100 3297
100 190
100 275
100 454
100 382
100 96
100 1526
100 79
100 951
100 256
100 1874
100 1407
100 61
100 1708
100 465
100 2823
100 273
100 1052
100 648
100 120
100 2572
100 801
100 103
100 392
100 300
100 486
100 950
100 1699
100 2065
100 620
100 69
100 1240
100 1808
100 389
100 638
100 1345
100 1526
100 1064
100 390
100 472
100 730
100 1482
100 81
100 2679
100 521
100 1035
100 2078
100 447
100 884
100 1235
100 1017
100 240
100 4058
100 5797
100 1680
100 105
100 2984
100 299
100 620
100 177
100 690
100 537
100 1805
100 856
100 1090
100 1257
100 246
100 729
100 724
100 485
100 1553
100 800
100 52
100 1381
100 1461
100 781
100 459
100 3426
100 237
100 1286
100 1357
100 1201
100 368
100 1871
100 1071
100 1635
100 900
100 497
100 93
100 664
100 195
100 167
100 64
100 20
100 404
100 156
100 634
100 69
100 87
100 209
100 617
100 99
100 556
100 4725
100 2040
100 91
100 1189
100 679
100 3110
100 200
100 1813
100 516
100 2229
100 378
100 393
100 154
100 1137
100 646
100 481
100 205
100 540
100 46
100 129
100 1530
100 1567
100 1866
100 840
100 3009
100 627
100 1400
100 339
100 948
100 960
100 1390
100 388
100 1212
100 1255
100 790
100 3181
100 1168
100 2364
100 1055
100 1557
100 338
100 813
100 597
100 235
100 1108
100 2404
100 106
100 63
100 648
100 1324
100 569
100 942
100 672
100 340
100 166
100 767
100 203
100 273
100 280
100 168
100 709
100 471
100 258
100 1060
100 307
100 359
100 182
100 763
100 692
100 140
100 773
100 821
100 541
100 331
100 1634
100 718
100 51
100 306
100 1010
100 144
100 1466
100 475
100 157
100 1597
100 50
100 2196
100 373
100 2328
100 802
100 2238
100 2100
100 1693
100 1677
100 690
100 2276
100 2094
100 1489
100 680
100 928
100 2
100 428
100 333
100 759
100 1190
100 2068
100 1088
100 1829
100 841
100 543
100 137
100 168
100 1353
100 769
100 1150
100 1107
100 199
100 2541
100 1415
100 110
100 10
100 18
100 31
100 94
100 2086
100 2153
100 1368
100 1087
100 14
100 591
100 293
100 846
100 834
100 484
100 864
100 2309
100 1109
100 290
100 639
100 271
100 1896
100 146
100 1891
100 2500
100 247
100 944
100 346
100 153
100 452
100 442
100 309
100 5320
100 197
100 637
100 692
100 2786
100 367
100 576
100 1854
100 810
100 470
100 89
100 494
100 208
100 1217
100 370
100 240
100 696
100 223
100 328
100 923
100 1324
100 1555
100 212
100 1248
100 908
100 1463
100 5
100 5108
100 2645
100 87
100 2280
100 402
100 813
100 217
100 955
100 1105
100 343
100 3865
100 1488
100 310
100 580
100 2391
100 436
100 226
100 452
100 2344
100 215
100 552
100 554
100 426
100 1490
100 352
100 958
100 19
100 1103
100 1854
100 299
100 608
100 906
100 2312
100 3077
100 50
100 495
100 786
100 261
100 45
100 184
100 1186
100 780
100 1175
100 122
100 1379
100 957
100 516
100 593
100 262
100 682
100 1031
100 2455
100 3895
100 290
100 1837
100 2986
100 301
100 425
100 286
100 362
100 67
100 517
100 1242
100 29
100 1154
100 2180
100 2272
100 2271
100 2724
100 3645
100 733
100 445
100 834
100 523
100 2267
100 309
100 1447
100 1614
100 128
100 3318
100 962
100 810
100 2039
100 70
100 1712
100 534
100 173
100 625
100 477
100 637
100 6
100 100
100 1309
100 168
100 327
100 2111
100 1371
100 1926
100 7
100 55
100 1625
100 151
100 1139
100 74
100 474
100 31
100 3752
100 1424
100 77
100 431
100 1050
100 1532
100 695
100 875
100 547
100 85
100 1408
100 967
100 707
100 468
100 2771
100 176
100 2
100 2942
100 1711
100 1493
100 817
100 1066
100 274
100 300
100 792
100 177
100 158
100 788
100 1293
100 331
100 447
100 9
100 119
100 1134
100 1433
100 225
100 914
100 324
100 41
100 565
100 515
100 1825
100 483
100 21
100 2246
100 534
100 1245
100 126
100 945
100 1721
100 3316
100 1181
100 707
100 2369
100 1122
100 430
100 339
100 307
100 544
100 52
100 760
100 911
100 1485
100 2818
100 1295
100 1157
100 245
100 2819
100 1090
100 396
100 1007
100 104
100 1116
100 1074
100 1701
100 2099
100 779
100 158
100 403
100 60
100 585
100 814
100 877
100 519
100 1036
100 979
100 776
100 2862
100 2168
100 361
100 309
100 99
100 217
100 1179
100 720
100 62
100 114
100 1103
100 1480
100 49
100 656
100 16
100 1544
100 864
100 1223
100 1309
100 2338
100 2021
100 3245
100 1180
100 847
100 1126
100 900
100 1175
100 127
100 752
100 499
100 1758
100 588
100 2480
100 663
100 2968
100 383
100 2705
100 949
100 2232
100 1621
100 1199
100 522
100 2123
100 440
100 901
100 2377
100 1794
100 1027
100 1912
100 40
100 1559
100 258
100 789
100 1776
100 1472
100 276
100 733
100 432
100 81
100 648
100 1167
100 1980
100 18
100 1036
100 147
100 882
100 148
100 838
100 907
100 1163
100 165
100 1258
100 597
100 232
100 1314
100 1120
100 310
100 617
100 1156
100 1362
100 1063
100 2847
100 966
100 629
100 562
100 1831
100 373
100 250
100 331
100 149
100 654
100 119
100 158
100 179
100 575
100 1838
100 350
100 914
100 718
100 2162
100 3245
100 780
100 525
100 452
100 2305
100 1469
100 1203
100 1526
100 772
100 985
100 1947
100 212
100 731
100 64
100 789
100 213
100 217
100 1948
100 1641
100 240
100 452
100 2376
100 222
100 3893
100 3226
100 0
100 65
100 518
100 2788
100 458
100 2635
100 208
100 599
100 1469
100 1781
100 623
100 1304
100 2269
100 3071
100 1051
100 754
100 22
100 795
100 165
100 443
100 1548
100 1546
100 1511
100 94
100 296
100 2482
100 64
100 3769
100 609
100 282
100 239
100 182
100 25
100 2769
100 377
100 2100
100 1644
100 524
100 688
100 1086
100 680
100 392
100 23
100 2913
100 821
100 1063
100 966
100 1168
100 21
100 1654
100 93
100 404
100 1244
100 198
100 63
100 1366
100 4754
100 168
100 194
100 661
100 4900
100 1005
100 447
100 139
100 971
100 606
100 3204
100 1176
100 1365
100 1234
100 1754
100 209
100 1085
100 392
100 2536
100 114
100 2432
100 204
100 109
100 22
100 920
100 39
100 53
100 997
100 131
100 65
100 395
100 2096
100 842
100 283
100 259
100 42
100 1505
100 687
100 398
100 324
100 2513
100 786
100 176
100 984
100 2475
100 261
100 111
100 442
100 463
100 381
100 1816
100 1937
100 3747
100 302
100 539
100 2110
100 558
100 411
100 1683
100 581
100 1103
100 124
100 19
100 1714
100 767
100 35
100 2033
100 701
100 1082
100 486
100 703
100 29
100 79
100 76
100 881
100 22
100 479
100 1996
100 665
100 811
100 1702
100 880
100 4
100 66
100 1591
100 869
100 2212
100 381
100 51
100 1032
100 328
100 1023
100 87
100 448
100 490
100 3408
100 54
100 295
100 946
100 720
100 764
100 642
100 13
100 1242
100 118
100 1242
100 401
100 756
100 10
100 134
100 314
100 844
100 79
100 3495
100 79
100 269
100 1492
100 677
100 233
100 41
100 2120
100 411
100 267
100 35
100 47
100 3475
100 2982
100 474
100 391
100 790
100 256
100 1092
100 859
100 138
100 266
100 365
100 2478
100 469
100 944
100 935
100 214
100 68
100 2056
100 55
100 1228
100 1390
100 603
100 942
100 444
100 376
100 150
100 350
100 526
100 913
100 696
100 157
100 668
100 14
100 1
100 1007
100 789
100 202
100 1022
100 2125
100 315
100 360
100 14
100 168
100 503
100 1018
100 561
100 1748
100 1167
100 444
100 1939
100 945
100 168
100 5010
100 814
100 81
100 1818
100 820
100 506
100 109
100 654
100 821
100 138
100 1840
100 788
100 300
100 745
100 763
100 1137
100 307
100 1219
100 2388
100 1320
100 1041
100 451
100 220
100 751
100 1690
100 551
100 814
100 395
100 1392
100 2556
100 550
100 1068
100 258
100 449
100 398
100 116
100 396
100 1378
100 112
100 313
100 117
100 345
100 583
100 652
100 3028
100 1254
100 209
100 21
100 351
100 2054
100 1168
100 251
100 309
100 272
100 1049
100 2569
100 731
100 1912
100 1006
100 2331
100 1131
100 1735
100 1101
100 662
100 366
100 251
100 6
100 600
100 227
100 744
100 74
100 2719
100 410
100 321
100 708
100 569
100 5549
100 1734
100 160
100 576
100 2178
100 1423
100 1113
100 24
100 1166
100 1330
100 241
100 502
100 253
100 1917
100 1168
100 659
100 949
100 1162
100 202
100 1028
100 1286
100 980
100 1081
100 1376
100 3109
100 257
100 2779
100 6153
100 88
100 1236
100 54
100 1400
100 680
100 2852
100 379
100 790
100 1635
100 178
100 1535
100 1201
100 412
100 150
100 111
100 453
100 704
100 903
100 57
100 933
100 776
100 522
100 946
100 1793
100 1654
100 131
100 1161
100 1398
100 2094
100 1821
100 1644
100 306
100 516
100 185
100 11
100 1616
100 3183
100 72
100 32
100 843
100 2039
100 758
100 688
100 1035
100 1608
100 1900
100 673
100 845
100 403
100 558
100 780
100 287
100 849
100 300
100 750
100 485
100 1071
100 1489
100 150
100 377
100 703
100 201
100 3814
100 0
100 21
100 1482
100 107
100 654
100 272
100 573
100 1234
100 2821
100 2046
100 222
100 88
100 220
100 702
100 468
100 59
100 2806
100 371
100 2
100 303
100 454
100 1481
100 440
100 2325
100 1394
100 582
100 688
100 495
100 692
100 566
100 895
100 2329
100 1670
100 3275
100 1365
100 435
100 2192
100 1209
100 1496
100 792
100 194
100 3457
100 3061
100 2358
100 2986
100 270
100 1006
100 157
100 73
100 343
100 4236
100 33
100 27
100 117
100 23
100 1820
100 2704
100 1940
100 766
100 92
100 184
100 460
100 136
100 116
100 135
100 6666
100 1937
100 796
100 695
100 43
100 613
100 237
100 179
100 1988
100 798
100 1784
100 582
100 39
100 1202
100 1866
100 449
100 991
100 401
100 643
100 1764
100 586
100 180
100 951
100 800
100 815
100 2373
100 1643
100 195
100 1411
100 4223
100 386
100 2420
100 716
100 179
100 201
100 327
100 632
100 197
100 970
100 1618
100 1311
100 3633
100 250
100 1623
100 1300
100 709
100 925
100 478
100 1257
100 642
100 1724
100 1028
100 1176
100 3390
100 3402
100 981
100 3157
100 3072
100 1234
100 1992
100 903
100 1621
100 1234
100 478
100 2437
100 1217
100 138
100 343
100 129
100 607
100 298
100 1683
100 1206
100 1429
100 583
100 162
100 987
100 476
100 1120
100 588
100 44
100 1133
100 316
100 2629
100 1866
100 3631
100 367
100 1628
100 166
100 717
100 85
100 1414
100 289
100 105
100 171
100 34
100 459
100 95
100 676
100 266
100 699
100 1253
100 120
100 1550
100 1682
100 805
100 1637
100 96
100 1323
100 799
100 8
100 748
100 654
100 105
100 187
100 1060
100 978
100 15
100 680
100 2585
100 323
100 1773
100 1526
100 288
100 1655
100 94
100 1598
100 220
100 2779
100 413
100 388
100 413
100 405
100 4599
100 661
100 2121
100 14
100 317
100 513
100 237
100 478
100 1452
100 2753
100 1567
100 69
100 985
100 1599
100 1377
100 312
100 296
100 404
100 1232
100 1568
100 995
100 199
100 975
100 245
100 18
100 482
100 1118
100 112
100 61
100 73
100 59
100 718
100 239
100 311
100 464
100 462
100 1175
100 1132
100 955
100 745
100 262
100 205
100 533
100 470
100 128
100 390
100 553
100 1985
100 626
100 1791
100 125
100 887
100 263
100 707
100 375
100 1178
100 1129
100 975
100 1031
100 296
100 146
100 712
100 706
100 368
100 1607
100 422
100 931
100 434
100 170
100 471
100 149
100 340
100 283
100 9
100 274
100 847
100 163
100 1285
100 2297
100 665
100 53
100 1419
100 664
100 518
100 11
100 1527
100 555
100 931
100 232
100 415
100 288
100 1852
100 278
100 1094
100 2168
100 2212
100 1523
100 1032
100 1727
100 1780
100 492
100 863
100 4826
100 322
100 641
100 3374
100 724
100 524
100 198
100 698
100 2073
100 791
100 2889
100 1506
100 1518
100 2991
100 2534
100 2257
100 1361
100 760
100 131
100 2533
100 405
100 276
100 1991
100 1611
100 533
100 1252
100 33
100 1687
100 370
100 1291
100 508
100 894
100 1088
100 1835
100 152
100 1154
100 203
100 404
100 1502
100 1325
100 1650
100 177
100 197
100 30
100 233
100 247
100 173
100 1195
100 1904
100 2432
100 1246
100 2118
100 1483
100 2064
100 1769
100 2057
100 670
100 3408
100 257
100 979
100 1283
100 490
100 378
100 604
100 977
100 894
100 137
100 964
100 724
100 2226
100 498
100 1164
100 518
100 372
100 2178
100 3204
100 18
100 1668
100 1208
100 2369
100 2643
100 1800
100 185
100 1491
100 146
100 611
100 308
100 732
100 111
100 1257
100 410
100 1392
100 800
100 2318
100 3248
100 113
100 92
100 2133
100 855
100 282
100 1664
100 70
100 99
100 1972
100 2924
100 267
100 215
100 253
100 110
100 307
100 29
100 1734
100 1498
100 229
100 1030
100 3
100 251
100 95
100 43
100 1275
100 451
100 2466
100 2830
100 3579
100 376
100 51
100 166
100 244
100 9
100 50
100 1185
100 47
100 507
100 145
100 424
100 294
100 837
100 119
100 106
100 606
100 612
100 443
100 1480
100 1235
100 276
100 777
100 426
100 1801
100 366
100 2529
100 17
100 1323
100 981
100 67
100 102
100 8
100 2562
100 921
100 874
100 2417
100 95
100 2946
100 913
100 2736
100 1610
100 823
100 675
100 1198
100 715
100 929
100 40
100 10
100 4246
100 1614
100 246
100 755
100 614
100 994
100 953
100 179
100 1406
100 3493
100 494
100 238
100 1875
100 334
100 163
100 152
100 351
100 240
100 157
100 214
100 280
100 1409
100 741
100 5018
100 1820
100 939
100 1275
100 1811
100 37
100 502
100 1322
100 1818
100 284
100 1959
100 1094
100 247
100 1128
100 376
100 59
100 419
100 974
100 4971
100 243
100 521
100 435
100 139
100 4253
100 43
100 227
100 973
100 141
100 1056
100 2132
100 630
100 2076
100 1094
100 955
100 1429
100 1728
100 80
100 406
100 9
100 2015
100 169
100 326
100 512
100 1541
100 546
100 459
100 958
100 1177
100 2719
100 528
100 2681
100 1631
100 856
100 648
100 112
100 337
100 1052
100 128
100 1752
100 23
100 1936
100 930
100 687
100 992
100 1450
100 1349
100 291
100 1981
100 299
100 247
100 710
100 2933
100 191
100 2401
100 164
100 1394
100 199
100 494
100 166
100 360
100 1399
100 408
100 1488
100 235
100 31
100 1278
100 87
100 2227
100 1093
100 1980
100 488
100 375
100 334
100 944
100 1833
100 506
100 1296
100 1757
100 779
100 595
100 569
100 152
100 240
100 143
100 1160
100 2258
100 130
100 307
100 1490
100 4943
100 470
100 336
100 664
100 3488
100 108
100 87
100 2614
100 134
100 344
100 1184
100 535
100 361
100 214
100 47
100 601
100 462
100 109
100 897
100 1114
100 490
100 207
100 273
100 818
100 976
100 243
100 2175
100 393
100 295
100 114
100 309
100 394
100 1331
100 149
100 279
100 74
100 938
100 195
100 2819
100 27
100 42
100 1941
100 746
100 825
100 301
100 492
100 15
100 908
100 1771
100 495
100 1512
100 840
100 582
100 142
100 69
100 859
100 439
100 49
100 180
100 1780
100 3476
100 306
100 2273
100 697
100 358
100 250
100 686
100 107
100 1119
100 724
100 126
100 1936
100 2017
100 3730
100 1556
100 770
100 509
100 1113
100 342
100 1349
100 2628
100 817
100 35
100 39
100 1278
100 1973
100 216
100 2073
100 704
100 653
100 166
100 100
100 180
100 949
100 692
100 1084
100 820
100 202
100 597
100 3386
100 11
100 873
100 23
100 1036
100 401
100 787
100 863
100 160
100 59
100 285
100 2335
100 710
100 1020
100 2017
100 48
100 1770
100 2075
100 3471
100 2217
100 77
100 276
100 2930
100 816
100 268
100 566
100 12
100 169
100 87
100 661
100 1298
100 492
100 1675
100 328
100 1928
100 820
100 182
100 711
100 1289
100 1791
100 499
100 881
100 643
100 2314
100 933
100 4
100 30
100 89
100 2917
100 562
100 2100
100 1381
100 4349
100 1446
100 1548
100 584
100 2234
100 28
100 562
100 1850
100 1496
100 848
100 625
100 37
100 1464
100 120
100 2186
100 104
100 1224
100 2661
100 582
100 2691
100 252
100 392
100 781
100 1101
100 252
100 29
100 471
100 3693
100 2732
100 1685
100 104
100 143
100 2569
100 2593
100 608
100 1478
100 733
100 1546
100 137
100 1115
100 54
100 521
100 313
100 348
100 382
100 309
100 1215
100 988
100 1975
100 465
100 724
100 2941
100 666
100 1704
100 302
100 193
100 1
100 755
100 376
100 420
100 734
100 78
100 1485
100 1825
100 1629
100 782
100 348
100 744
100 165
100 525
100 377
100 715
100 1301
100 39
100 1643
100 2499
100 120
100 256
100 484
100 376
100 282
100 1991
100 773
100 356
100 110
100 280
100 267
100 978
100 528
100 1285
100 1165
100 644
100 702
100 2328
100 629
100 195
100 549
100 778
100 692
100 2492
100 465
100 1278
100 1244
100 36
100 487
100 2251
100 1266
100 458
100 27
100 39
100 537
100 852
100 1324
100 2319
100 1296
100 590
100 1815
100 243
100 547
100 565
100 141
100 794
100 80
100 1228
100 1061
100 584
100 133
100 1296
100 717
100 66
100 775
100 54
100 100
100 1275
100 385
100 485
100 893
100 565
100 342
100 947
100 1113
100 80
100 868
100 1031
100 181
100 627
100 317
100 34
100 826
100 1116
100 173
100 261
100 3078
100 3290
100 292
100 416
100 536
100 1044
100 214
100 585
100 68
100 146
100 1437
100 293
100 1777
100 288
100 564
100 1909
100 3085
100 300
100 638
100 509
100 1169
100 1796
100 2086
100 888
100 155
100 239
100 42
100 280
100 2158
100 620
100 805
100 889
100 81
100 1449
100 311
100 379
100 4378
100 25
100 906
100 1736
100 335
100 439
100 2161
100 2050
100 1352
100 338
100 364
100 939
100 233
100 2683
100 258
100 154
100 1110
100 1323
100 3348
100 1547
100 471
100 12
100 426
100 176
100 63
100 1170
100 540
100 58
100 2500
100 677
100 661
100 929
100 366
100 42
100 165
100 352
100 1697
100 3337
100 2365
100 156
100 230
100 1600
100 1862
100 96
100 12
100 5630
100 1471
100 310
100 662
100 2965
100 1893
100 286
100 673
100 773
100 2925
100 572
100 1352
100 822
100 16
100 149
100 607
100 1079
100 355
100 1315
100 348
100 2918
100 3882
100 800
100 1754
100 764
100 593
100 548
100 73
100 465
100 3143
100 1005
100 221
100 1413
100 1211
100 1121
100 1998
100 873
100 612
100 58
100 433
100 844
100 116
100 865
100 27
100 260
100 303
100 187
100 153
100 888
100 1989
100 606
100 125
100 59
100 415
100 642
100 493
100 2628
100 1529
100 333
100 818
100 1759
100 89
100 2746
100 119
100 918
100 889
100 2126
100 357
100 264
100 122
100 176
100 164
100 129
100 38
100 190
100 1490
100 1007
100 3896
100 3349
100 1268
100 814
100 61
100 690
100 370
100 281
100 1884
100 998
100 383
100 1463
100 2497
100 618
100 718
100 51
100 61
100 581
100 3630
100 902
100 3930
100 676
100 2318
100 197
100 1788
100 1179
100 75
100 74
100 1874
100 23
100 1980
100 469
100 377
100 963
100 292
100 1665
100 2158
100 213
100 1130
100 2260
100 851
100 2866
100 48
100 1027
100 484
100 1142
100 456
100 969
100 329
100 115
100 453
100 443
100 1194
100 291
100 2661
100 255
100 811
100 507
100 75
100 576
100 908
100 485
100 1632
100 589
100 1824
100 381
100 700
100 537
100 852
100 133
100 515
100 1222
100 1911
100 2193
100 417
100 979
100 3430
100 598
100 546
100 981
100 621
100 961
100 518
100 403
100 96
100 2744
100 1336
100 571
100 760
100 314
100 1758
100 1945
100 814
100 118
100 206
100 176
100 1103
100 181
100 2508
100 1671
100 311
100 627
100 625
100 558
100 4585
100 1977
100 243
100 1489
100 1183
100 382
100 856
100 721
100 542
100 1070
100 666
100 2694
100 1187
100 247
100 3683
100 4
100 3505
100 2267
100 739
100 186
100 419
100 830
100 2715
100 2026
100 1902
100 294
100 103
100 114
100 56
100 112
100 56
100 738
100 1104
100 942
100 1378
100 1461
100 173
100 1200
100 2344
100 865
100 1102
100 924
100 1476
100 979
100 99
100 218
100 2381
100 1095
100 1063
100 4814
100 68
100 1928
100 1791
100 3024
100 1222
100 527
100 116
100 407
100 566
100 1477
100 59
100 1242
100 643
100 1005
100 136
100 1945
100 425
100 207
100 2105
100 325
100 330
100 56
100 1851
100 267
100 124
100 129
100 4479
100 1790
100 162
100 97
100 1152
100 788
100 2065
100 926
100 2184
100 6188
100 349
100 2418
100 1049
100 536
100 615
100 197
100 1232
100 120
100 79
100 2126
100 511
100 54
100 714
100 1091
100 194
100 2271
100 660
100 209
100 1722
100 824
100 423
100 131
100 1256
100 614
100 18
100 935
100 1643
100 28
100 384
100 469
100 243
100 1555
100 664
100 572
100 2178
100 214
100 340
100 4868
100 414
100 900
100 1432
100 5052
100 855
100 833
100 1481
100 476
100 37
100 1898
100 234
100 301
100 2263
100 738
100 2732
100 135
100 377
100 359
100 373
100 2838
100 65
100 1317
100 986
100 282
100 1193
100 3994
100 390
100 438
100 565
100 457
100 497
100 367
100 1972
100 1888
100 1389
100 280
100 368
100 2431
100 1311
100 207
100 53
100 1610
100 794
100 1203
100 3376
100 173
100 170
100 956
100 4922
100 1175
100 1750
100 161
100 234
100 744
100 3
100 1935
100 179
100 123
100 61
100 411
100 39
100 86
100 4795
100 357
100 972
100 305
100 399
100 979
100 981
100 732
100 1110
100 2331
100 352
100 144
100 1681
100 623
100 995
100 376
100 183
100 1444
100 213
100 3475
100 101
100 305
100 1
100 97
100 362
100 673
100 1231
100 3192
100 683
100 938
100 1015
100 2258
100 3793
100 3363
100 2941
100 1304
100 674
100 399
100 1043
100 3827
100 426
100 907
100 1069
100 1855
100 675
100 23
100 195
100 270
100 195
100 1110
100 390
100 163
100 256
100 26
100 663
100 6256
100 487
100 1696
100 627
100 1768
100 2575
100 432
100 309
100 48
100 1320
100 2386
100 1954
100 77
100 635
100 963
100 544
100 549
100 74
100 493
100 358
100 128
100 1542
100 3230
100 558
100 59
100 1955
100 1318
100 1826
100 16
100 1177
100 218
100 285
100 1949
100 644
100 164
100 507
100 33
100 1624
100 3103
100 156
100 445
100 3498
100 229
100 1129
100 1604
100 557
100 58
100 247
100 1264
100 1882
100 1972
100 344
100 485
100 168
100 711
100 2173
100 361
100 2258
100 861
100 2276
100 2687
100 697
100 1796
100 755
100 265
100 439
100 941
100 229
100 678
100 2317
100 1267
100 400
100 290
100 3212
100 298
100 1698
100 2891
100 424
100 137
100 430
100 3143
100 1326
100 750
100 1607
100 1204
100 1493
100 2682
100 2099
100 251
100 2697
100 544
100 906
100 1920
100 404
100 715
100 939
100 71
100 853
100 896
100 1185
100 538
100 780
100 1082
100 197
100 126
100 437
100 356
100 1599
100 1975
100 3061
100 1656
100 3470
100 2118
100 294
100 671
100 452
100 419
100 1037
100 369
100 4745
100 290
100 390
100 285
100 2125
100 1472
100 2180
100 1340
100 4134
100 481
100 1587
100 2595
100 697
100 750
100 38
100 746
100 3345
100 1157
100 323
100 194
100 134
100 1346
100 1653
100 819
100 640
100 48
100 1670
100 836
100 277
100 21
100 591
100 399
100 225
100 1522
100 3064
100 2147
100 15
100 1452
100 3476
100 878
100 230
100 1660
100 1274
100 60
100 1805
100 140
100 30
100 97
100 2367
100 2070
100 1230
100 1243
100 493
100 373
100 831
100 35
100 403
100 624
100 2597
100 5
100 1494
100 993
100 872
100 373
100 1145
100 155
100 600
100 281
100 1264
100 3156
100 198
100 640
100 1577
100 548
100 664
100 328
100 1306
100 1539
100 407
100 542
100 78
100 447
100 591
100 893
100 931
100 1090
100 415
100 1681
100 667
100 649
100 1523
100 2911
100 607
100 928
100 3007
100 558
100 3273
100 4191
100 1912
100 527
100 412
100 644
100 842
100 1061
100 385
100 117
100 1192
100 20
100 1174
100 472
100 1129
100 2508
100 4662
100 99
100 1105
100 313
100 2939
100 2782
100 379
100 2643
100 6292
100 563
100 120
100 47
100 1398
100 813
100 623
100 991
100 161
100 2060
100 2533
100 1188
100 100
100 1009
100 9
100 1320
100 1544
100 1561
100 276
100 29
100 1171
100 990
100 100
100 2121
100 316
100 331
100 850
100 1222
100 339
100 1873
100 2741
100 49
100 2913
100 225
100 496
100 1174
100 2075
100 3399
100 2542
100 925
100 1519
100 1022
100 752
100 306
100 291
100 134
100 2523
100 2553
100 1175
100 1229
100 1765
100 1
100 1473
100 2991
100 216
100 87
100 575
100 1016
100 5083
100 833
100 336
100 13
100 1969
100 1528
100 886
100 158
100 406
100 907
100 555
100 195
100 217
100 421
100 1128
100 2436
100 850
100 446
100 1299
100 103
100 1271
100 234
100 73
100 1549
100 341
100 97
100 839
100 427
100 40
100 234
100 2927
100 2161
100 848
100 387
100 1284
100 3285
100 4
100 322
100 1139
100 163
100 220
100 350
100 1457
100 389
100 1190
100 840
100 1189
100 1260
100 1448
100 78
100 371
100 2448
100 1030
100 125
100 315
100 2317
100 1501
100 1268
100 697
100 1268
100 1976
100 338
100 636
100 596
100 576
100 902
100 579
100 123
100 2409
100 107
100 646
100 297
100 692
100 973
100 446
100 807
100 1859
100 2201
100 353
100 2522
100 1664
100 264
100 421
100 554
100 997
100 296
100 1200
100 435
100 209
100 1179
100 314
100 23
100 950
100 1180
100 1685
100 2884
100 1532
100 51
100 1331
100 346
100 3885
100 5830
100 251
100 724
100 942
100 975
100 1213
100 338
100 832
100 1311
100 1048
100 23
100 409
100 4499
100 291
100 1513
100 336
100 764
100 113
100 1639
100 39
100 241
100 10
100 413
100 2104
100 93
100 683
100 503
100 445
100 229
100 48
100 495
100 554
100 481
100 2313
100 705
100 636
100 1827
100 2749
100 99
100 1638
100 2699
100 397
100 326
100 2731
100 166
100 2918
100 279
100 1220
100 2810
100 689
100 239
100 1204
100 1842
100 986
100 2308
100 685
100 851
100 1237
100 469
100 726
100 994
100 935
100 913
100 708
100 375
100 283
100 1365
100 95
100 193
100 118
100 1475
100 1300
100 1029
100 928
100 1151
100 976
100 3449
100 20
100 137
100 659
100 415
100 56
100 1485
100 211
100 230
100 953
100 237
100 1223
100 215
100 6
100 552
100 734
100 1649
100 1077
100 378
100 715
100 1267
100 39
100 665
100 313
100 144
100 761
100 2433
100 230
100 2489
100 2016
100 816
100 823
100 771
100 2039
100 1689
100 773
100 1148
100 126
100 1122
100 7555
100 615
100 14
100 6
100 652
100 36
100 578
100 1704
100 2831
100 2960
100 4103
100 537
100 2729
100 2030
100 1398
100 31
100 1697
100 7253
100 932
100 795
100 288
100 1492
100 14
100 1131
100 789
100 799
100 817
100 195
100 418
100 1226
100 1178
100 1158
100 2089
100 2177
100 760
100 360
100 2026
100 1915
100 333
100 1479
100 143
100 1601
100 1654
100 767
100 1236
100 738
100 1646
100 1529
100 34
100 706
100 221
100 902
100 1502
100 1593
100 559
100 3133
100 1080
100 2618
100 1414
100 301
100 104
100 1296
100 805
100 1031
100 169
100 1250
100 655
100 401
100 1461
100 1787
100 102
100 783
100 994
100 253
100 64
100 492
100 4941
100 314
100 1743
100 767
100 1596
100 1719
100 1059
100 387
100 1182
100 916
100 2180
100 492
100 1714
100 194
100 1015
100 1846
100 2669
100 489
100 18
100 318
100 872
100 348
100 782
100 38
100 1235
100 160
100 1023
100 329
100 171
100 1785
100 816
100 104
100 135
100 2941
100 378
100 744
100 908
100 1123
100 583
100 44
100 365
100 1778
100 967
100 27
100 73
100 2063
100 926
100 272
100 585
100 1802
100 2087
100 340
100 608
100 2196
100 1322
100 3215
100 1211
100 2708
100 2272
100 1534
100 446
100 322
100 675
100 898
100 812
100 421
100 1865
100 148
100 518
100 256
100 461
100 3138
100 2317
100 10
100 1600
100 1230
100 1789
100 517
100 8
100 1967
100 15
100 717
100 3481
100 1005
100 1683
100 196
100 33
100 620
100 1038
100 481
100 2161
100 663
100 1715
100 63
100 2826
100 3177
100 132
100 3020
100 3
100 591
100 362
100 471
100 102
100 1144
100 559
100 129
100 152
100 921
100 1157
100 2533
100 87
100 1935
100 1143
100 3784
100 202
100 1291
100 889
100 472
100 1166
100 3388
100 1377
100 3472
100 1151
100 301
100 359
100 322
100 292
100 2415
100 128
100 994
100 2700
100 350
100 1158
100 216
100 592
100 416
100 242
100 288
100 316
100 464
100 445
100 962
100 638
100 173
100 824
100 470
100 268
100 2586
100 1185
100 1513
100 117
100 741
100 135
100 289
100 724
100 351
100 555
100 53
100 2115
100 591
100 798
100 725
100 694
100 1697
100 1523
100 842
100 466
100 435
100 294
100 1746
100 660
100 285
100 1943
100 2216
100 3832
100 2370
100 701
100 11
100 213
100 906
100 1140
100 601
100 1758
100 987
100 1552
100 3457
100 852
100 127
100 408
100 147
100 215
100 2688
100 1223
100 327
100 2222
100 84
100 504
100 610
100 868
100 78
100 320
100 2124
100 256
100 662
100 20
100 2625
100 34
100 176
100 445
100 879
100 1318
100 501
100 276
100 1058
100 2887
100 1758
100 506
100 2133
100 70
100 238
100 1548
100 138
100 378
100 1161
100 233
100 714
100 1579
100 4
100 47
100 296
100 234
100 1379
100 632
100 2330
100 95
100 458
100 1941
100 2014
100 691
100 87
100 199
100 84
100 607
100 446
100 1739
100 668
100 829
100 256
100 349
100 62
100 1388
100 710
100 1007
100 2518
100 1086
100 751
100 695
100 1017
100 1117
100 945
100 429
100 505
100 927
100 1144
100 6316
100 2310
100 124
100 26
100 1274
100 3798
100 1
100 1586
100 167
100 20
100 385
100 1800
100 317
100 49
100 2095
100 144
100 409
100 64
100 89
100 1435
100 104
100 561
100 562
100 1040
100 1909
100 152
100 98
100 961
100 897
100 1352
100 3400
100 1196
100 818
100 2031
100 2119
100 542
100 3014
100 652
100 744
100 50
100 2174
100 220
100 850
100 372
100 471
100 492
100 245
100 4
100 632
100 320
100 1991
100 1718
100 1499
100 380
100 825
100 4303
100 609
100 1512
100 1262
100 1960
100 520
100 980
100 2248
100 378
100 221
100 1890
100 1641
100 795
100 706
100 2004
100 221
100 3668
100 1314
100 300
100 1233
100 1280
100 491
100 1162
100 495
100 231
100 955
100 252
100 3200
100 881
100 773
100 1981
100 74
100 476
100 487
100 197
100 725
100 75
100 5712
100 1748
100 373
100 425
100 986
100 813
100 851
100 14
100 186
100 883
100 143
100 1421
100 513
100 247
100 249
100 843
100 944
100 321
100 1306
100 1800
100 214
100 1108
100 705
100 2383
100 810
100 136
100 112
100 923
100 1013
100 808
100 45
100 29
100 245
100 2319
100 3232
100 221
100 1349
100 2334
100 554
100 1391
100 3554
100 213
100 44
100 653
100 2784
100 330
100 34
100 92
100 5521
100 211
100 139
100 1229
100 377
100 4828
100 265
100 335
100 393
100 1443
100 559
100 309
100 490
100 316
100 531
100 816
100 325
100 1197
100 1790
100 1713
100 1297
100 2374
100 2514
100 1755
100 898
100 272
100 660
100 1442
100 941
100 2054
100 717
100 1759
100 1374
100 829
100 129
100 694
100 40
100 59
100 2731
100 582
100 589
100 1886
100 1403
100 2619
100 2272
100 134
100 944
100 1715
100 412
100 665
100 65
100 1313
100 246
100 57
100 1179
100 221
100 818
100 114
100 4444
100 529
100 378
100 1031
100 307
100 468
100 13
100 504
100 2029
100 2073
100 1579
100 1441
100 778
100 36
100 83
100 399
100 407
100 811
100 336
100 39
100 473
100 2019
100 329
100 609
100 44
100 11
100 551
100 237
100 290
100 114
100 1363
100 94
100 1014
100 3835
100 447
100 1491
100 423
100 1989
100 1374
100 30
100 3265
100 171
100 1427
100 39
100 309
100 2428
100 134
100 11
100 1305
100 249
100 525
100 725
100 813
100 1485
100 331
100 2080
100 66
100 295
100 1461
100 394
100 625
100 1100
100 4733
100 2686
100 246
100 231
100 76
100 357
100 706
100 92
100 3555
100 19
100 100
100 1521
100 1345
100 1047
100 1456
100 568
100 1345
100 348
100 116
100 739
100 1661
100 100
100 805
100 643
100 176
100 154
100 337
100 1048
100 207
100 2565
100 39
100 119
100 1389
100 1040
100 809
100 319
100 441
100 1081
100 241
100 2753
100 105
100 1400
100 1023
100 109
100 205
100 360
100 1541
100 205
100 3099
100 1824
100 2903
100 1246
100 93
100 174
100 1202
100 1141
100 420
100 172
100 541
100 640
100 996
100 1295
100 2453
100 3434
100 1354
100 1128
100 840
100 1957
100 1434
100 108
100 3887
100 1984
100 1285
100 579
100 748
100 444
100 165
100 485
100 153
100 4
100 1125
100 774
100 736
100 643
100 1901
100 2360
100 210
100 703
100 1281
100 1501
100 1536
100 537
100 749
100 1756
100 1375
100 2146
100 181
100 805
100 150
100 23
100 2098
100 1821
100 60
100 883
100 320
100 202
100 468
100 783
100 431
100 4831
100 1000
100 28
100 1124
100 386
100 637
100 391
100 721
100 1064
100 686
100 43
100 1558
100 1613
100 1057
100 254
100 233
100 296
100 1803
100 1513
100 4840
100 545
100 2590
100 174
100 1059
100 364
100 52
100 137
100 816
100 1349
100 215
100 1175
100 68
100 559
100 1684
100 685
100 1468
100 480
100 940
100 819
100 183
100 625
100 626
100 159
100 58
100 666
100 255
100 726
100 1661
100 928
100 270
100 479
100 265
100 917
100 1297
100 167
100 3869
100 2718
100 826
100 25
100 1494
100 413
100 206
100 957
100 136
100 823
100 80
100 4023
100 1790
100 65
100 3908
100 419
100 167
100 169
100 687
100 3026
100 1414
100 19
100 1240
100 506
100 1009
100 2717
100 45
100 1341
100 690
100 66
100 1668
100 41
100 160
100 493
100 2133
100 311
100 371
100 228
100 1089
100 1271
100 705
100 199
100 722
100 2309
100 689
100 2907
100 621
100 540
100 1538
100 78
100 365
100 97
100 161
100 1101
100 346
100 1273
100 699
100 218
100 658
100 1490
100 342
100 1407
100 3666
100 2586
100 1284
100 1176
100 69
100 238
100 393
100 266
100 1168
100 87
100 180
100 29
100 2028
100 141
100 1747
100 54
100 432
100 773
100 69
100 13
100 113
100 2503
100 1159
100 923
100 1330
100 234
100 737
100 1626
100 1698
100 1622
100 865
100 790
100 639
100 4842
100 3230
100 3201
100 529
100 253
100 24
100 1527
100 11
100 2532
100 1029
100 2923
100 1427
100 237
100 3757
100 92
100 129
100 578
100 1240
100 1149
100 112
100 390
100 5177
100 1596
100 72
100 517
100 972
100 650
100 603
100 165
100 198
100 3672
100 231
100 2477
100 192
100 634
100 457
100 1017
100 776
100 35
100 131
100 1233
100 692
100 99
100 50
100 628
100 655
100 3747
100 2325
100 839
100 253
100 136
100 1440
100 725
100 2602
100 883
100 1844
100 100
100 998
100 190
100 2213
100 179
100 205
100 650
100 1016
100 1167
100 2252
100 5052
100 1219
100 2147
100 4922
100 44
100 131
100 738
100 407
100 645
100 207
100 60
100 1601
100 628
100 1123
100 871
100 3080
100 1574
