100 26
100 264
100 134
100 138
100 50
100 91
100 84
100 221
100 125
100 39
100 205
100 39
100 373
100 32
100 93
100 57
100 32
100 687
100 33
100 398
100 517
100 28
100 81
100 293
100 21
100 82
100 197
100 50
100 68
100 321
100 130
100 26
100 20
100 203
100 92
100 113
100 412
100 0
100 256
100 223
100 284
100 95
100 399
100 34
100 49
100 116
100 214
100 365
100 72
100 44
100 392
100 200
100 132
100 355
100 247
100 331
100 100
100 150
100 303
100 18
100 65
100 66
100 511
100 10
100 47
100 378
100 54
100 396
100 276
100 68
100 410
100 137
100 60
100 197
100 74
100 387
100 486
100 70
100 40
100 328
100 2
100 42
100 210
100 79
100 176
100 174
100 55
100 75
100 105
100 421
100 46
100 137
100 204
100 490
100 21
100 31
100 74
100 98
100 287
100 95
100 61
100 71
100 82
100 66
100 338
100 98
100 66
100 121
100 7
100 23
100 155
100 357
100 322
100 415
100 96
100 167
100 9
100 14
100 30
100 99
100 9
100 89
100 267
100 109
100 85
100 164
100 181
100 1
100 96
100 88
100 10
100 3
100 70
100 40
100 318
100 33
100 72
100 268
100 218
100 225
100 55
100 123
100 322
100 241
100 2
100 91
100 290
100 150
100 35
100 29
100 39
100 75
100 41
100 8
100 105
100 3
100 81
100 742
100 52
100 184
100 8
100 41
100 231
100 21
100 91
100 143
100 345
100 61
100 346
100 159
100 47
100 202
100 110
100 81
100 14
100 55
100 32
100 141
100 126
100 38
100 20
100 273
100 289
100 570
100 47
100 38
100 174
100 77
100 59
100 79
100 42
100 91
100 31
100 22
100 158
100 58
100 154
100 333
100 93
100 44
100 10
100 27
100 16
100 88
100 188
100 303
100 338
100 79
100 6
100 121
100 63
100 277
100 192
100 53
100 34
100 85
100 166
100 166
100 47
100 88
100 242
100 39
100 25
100 190
100 54
100 48
100 21
100 23
100 29
100 4
100 289
100 21
100 53
100 89
100 273
100 26
100 71
100 395
100 187
100 20
100 74
100 204
100 239
100 462
100 174
100 91
100 22
100 49
100 2
100 174
100 35
100 34
100 6
100 55
100 146
100 205
100 4
100 243
100 137
100 16
100 70
100 139
100 628
100 154
100 85
100 479
100 56
100 95
100 188
100 246
100 62
100 136
100 96
100 237
100 64
100 78
100 70
100 3
100 149
100 35
100 77
100 177
100 257
100 10
100 88
100 261
100 4
100 41
100 26
100 23
100 476
100 200
100 113
100 83
100 66
100 66
100 66
100 8
100 234
100 55
100 871
100 287
100 163
100 247
100 16
100 217
100 117
100 303
100 79
100 296
100 112
100 46
100 486
100 14
100 14
100 109
100 25
100 396
100 27
100 5
100 27
100 113
100 113
100 72
100 74
100 72
100 28
100 24
100 138
100 116
100 1
100 86
100 111
100 35
100 28
100 118
100 93
100 66
100 73
100 66
100 335
100 25
100 104
100 201
100 382
100 104
100 115
100 136
100 4
100 218
100 274
100 100
100 308
100 389
100 25
100 24
100 129
100 18
100 94
100 203
100 51
100 26
100 168
100 52
100 81
100 32
100 141
100 68
100 142
100 101
100 73
100 93
100 82
100 250
100 92
100 96
100 17
100 4
100 19
100 41
100 16
100 271
100 129
100 279
100 46
100 251
100 403
100 25
100 133
100 65
100 210
100 116
100 119
100 439
100 10
100 49
100 239
100 22
100 55
100 59
100 49
100 89
100 116
100 13
100 1
100 43
100 138
100 113
100 43
100 79
100 308
100 500
100 69
100 78
100 17
100 168
100 73
100 90
100 8
100 359
100 193
100 69
100 34
100 184
100 65
100 113
100 17
100 292
100 250
100 96
100 0
100 47
100 18
100 45
100 77
100 111
100 162
100 35
100 88
100 179
100 26
100 94
100 394
100 616
100 60
100 49
100 20
100 89
100 47
100 228
100 173
100 56
100 753
100 114
100 65
100 58
100 70
100 34
100 78
100 40
100 4
100 216
100 250
100 106
100 29
100 464
100 29
100 30
100 43
100 118
100 59
100 9
100 61
100 272
100 38
100 97
100 112
100 117
100 143
100 143
100 193
100 221
100 569
100 323
100 444
100 16
100 28
100 30
100 23
100 60
100 113
100 0
100 49
100 42
100 111
100 56
100 1
100 459
100 16
100 149
100 46
100 14
100 44
100 188
100 648
100 20
100 21
100 21
100 146
100 160
100 106
100 87
100 171
100 6
100 181
100 158
100 390
100 414
100 45
100 4
100 133
100 160
100 55
100 23
100 33
100 475
100 25
100 81
100 25
100 325
100 186
100 163
100 3
100 44
100 107
100 454
100 70
100 60
100 123
100 79
100 56
100 92
100 12
100 645
100 51
100 59
100 88
100 299
100 232
100 126
100 28
100 279
100 48
100 128
100 11
100 91
100 29
100 136
100 566
100 309
100 29
100 2
100 40
100 30
100 335
100 188
100 186
100 101
100 111
100 39
100 35
100 152
100 34
100 198
100 295
100 26
100 4
100 30
100 17
100 100
100 44
100 656
100 94
100 128
100 272
100 18
100 20
100 152
100 162
100 45
100 54
100 67
100 67
100 54
100 118
100 151
100 113
100 13
100 143
100 843
100 55
100 183
100 18
100 97
100 72
100 109
100 42
100 27
100 79
100 103
100 15
100 144
100 30
100 506
100 18
100 122
100 120
100 76
100 21
100 35
100 276
100 58
100 139
100 104
100 56
100 189
100 170
100 39
100 37
100 38
100 76
100 56
100 63
100 115
100 15
100 20
100 189
100 187
100 48
100 129
100 47
100 38
100 178
100 66
100 226
100 133
100 81
100 196
100 8
100 165
100 119
100 142
100 68
100 11
100 41
100 202
100 118
100 86
100 54
100 108
100 77
100 4
100 7
100 91
100 58
100 192
100 45
100 25
100 160
100 159
100 26
100 98
100 88
100 37
100 14
100 105
100 141
100 121
100 161
100 409
100 4
100 205
100 317
100 49
100 171
100 274
100 132
100 39
100 404
100 264
100 3
100 509
100 88
100 186
100 0
100 142
100 0
100 124
100 164
100 30
100 26
100 27
100 87
100 159
100 511
100 78
100 173
100 70
100 6
100 146
100 194
100 185
100 222
100 54
100 32
100 36
100 65
100 0
100 86
100 13
100 142
100 136
100 425
100 397
100 50
100 10
100 70
100 31
100 103
100 153
100 425
100 28
100 155
100 327
100 139
100 214
100 83
100 199
100 181
100 281
100 26
100 189
100 222
100 2
100 231
100 24
100 31
100 990
100 149
100 251
100 4
100 87
100 0
100 96
100 62
100 41
100 36
100 63
100 184
100 154
100 226
100 31
100 369
100 50
100 523
100 44
100 363
100 1
100 142
100 148
100 137
100 248
100 29
100 469
100 24
100 88
100 271
100 64
100 36
100 593
100 70
100 178
100 3
100 35
100 115
100 171
100 286
100 75
100 5
100 188
100 199
100 55
100 23
100 196
100 73
100 149
100 88
100 40
100 9
100 100
100 170
100 17
100 38
100 42
100 235
100 124
100 68
100 246
100 86
100 18
100 2
100 352
100 316
100 249
100 114
100 156
100 142
100 94
100 89
100 69
100 84
100 1
100 99
100 25
100 484
100 126
100 40
100 250
100 26
100 2
100 59
100 135
100 151
100 258
100 147
100 209
100 41
100 351
100 374
100 56
100 98
100 28
100 30
100 119
100 286
100 467
100 123
100 4
100 16
100 151
100 56
100 131
100 163
100 146
100 289
100 47
100 39
100 557
100 13
100 15
100 17
100 65
100 31
100 34
100 577
100 17
100 395
100 37
100 54
100 87
100 53
100 247
100 401
100 653
100 513
100 44
100 425
100 485
100 258
100 263
100 80
100 24
100 207
100 24
100 152
100 58
100 177
100 168
100 303
100 456
100 206
100 86
100 330
100 227
100 148
100 89
100 344
100 17
100 23
100 159
100 5
100 114
100 124
100 95
100 161
100 14
100 172
100 26
100 65
100 22
100 9
100 111
100 17
100 127
100 252
100 260
100 38
100 40
100 197
100 176
100 258
100 93
100 273
100 74
100 222
100 120
100 112
100 53
100 134
100 222
100 173
100 8
100 109
100 772
100 144
100 39
100 56
100 34
100 136
100 94
100 165
100 103
100 95
100 38
100 54
100 32
100 350
100 131
100 57
100 16
100 194
100 179
100 72
100 223
100 102
100 23
100 143
100 26
100 222
100 46
100 116
100 10
100 34
100 28
100 15
100 19
100 216
100 209
100 34
100 450
100 325
100 377
100 118
100 138
100 141
100 140
100 52
100 23
100 141
100 188
100 25
100 267
100 66
100 31
100 24
100 108
100 263
100 27
100 84
100 70
100 83
100 13
100 166
100 109
100 97
100 216
100 34
100 43
100 124
100 158
100 164
100 307
100 175
100 31
100 110
100 47
100 351
100 211
100 31
100 63
100 244
100 35
100 196
100 37
100 83
100 114
100 74
100 42
100 72
100 5
100 57
100 142
100 109
100 126
100 191
100 89
100 353
100 204
100 7
100 175
100 135
100 22
100 22
100 119
100 29
100 26
100 28
100 385
100 453
100 321
100 3
100 62
100 29
100 278
100 144
100 148
100 9
100 131
100 127
100 3
100 93
100 14
100 344
100 139
100 136
100 46
100 218
100 305
100 97
100 409
100 4
100 119
100 43
100 229
100 159
100 68
100 508
100 364
100 72
100 365
100 51
100 26
100 60
100 203
100 315
100 270
100 432
100 280
100 130
100 28
100 108
100 24
100 274
100 90
100 131
100 12
100 189
100 51
100 131
100 238
100 136
100 199
100 88
100 106
100 16
100 284
100 20
100 122
100 155
100 54
100 179
100 24
100 121
100 213
100 108
100 121
100 24
100 212
100 90
100 15
100 176
100 0
100 41
100 384
100 340
100 232
100 136
100 67
100 62
100 12
100 99
100 26
100 139
100 200
100 64
100 115
100 71
100 97
100 40
100 94
100 92
100 124
100 10
100 128
100 44
100 91
100 21
100 42
100 79
100 11
100 24
100 254
100 177
100 164
100 6
100 280
100 59
100 51
100 53
100 58
100 12
100 77
100 43
100 231
100 5
100 191
100 32
100 111
100 101
100 158
100 0
100 122
100 276
100 264
100 145
100 96
100 129
100 53
100 44
100 518
100 28
100 128
100 59
100 91
100 160
100 202
100 20
100 170
100 273
100 62
100 312
100 16
100 103
100 181
100 51
100 143
100 35
100 59
100 342
100 118
100 11
100 30
100 92
100 92
100 295
100 61
100 22
100 68
100 28
100 79
100 94
100 228
100 168
100 36
100 135
100 43
100 249
100 159
100 34
100 55
100 127
100 4
100 54
100 512
100 10
100 23
100 0
100 71
100 53
100 24
100 21
100 20
100 215
100 452
100 14
100 449
100 132
100 99
100 64
100 5
100 0
100 75
100 163
100 539
100 141
100 25
100 4
100 304
100 182
100 164
100 19
100 20
100 315
100 122
100 196
100 732
100 75
100 73
100 160
100 190
100 65
100 386
100 15
100 53
100 161
100 103
100 86
100 397
100 73
100 141
100 130
100 59
100 116
100 271
100 39
100 120
100 70
100 96
100 613
100 50
100 110
100 11
100 203
100 50
100 109
100 18
100 94
100 274
100 5
100 91
100 279
100 84
100 84
100 53
100 88
100 7
100 494
100 11
100 82
100 299
100 127
100 153
100 297
100 88
100 172
100 25
100 50
100 302
100 115
100 103
100 65
100 60
100 22
100 16
100 434
100 317
100 40
100 27
100 13
100 243
100 324
100 78
100 464
100 7
100 73
100 73
100 75
100 340
100 87
100 406
100 9
100 201
100 57
100 370
100 64
100 131
100 337
100 57
100 1
100 165
100 75
100 57
100 5
100 202
100 166
100 63
100 120
100 94
100 17
100 72
100 352
100 481
100 13
100 197
100 36
100 37
100 10
100 14
100 39
100 89
100 162
100 30
100 38
100 20
100 152
100 27
100 95
100 588
100 35
100 188
100 66
100 811
100 237
100 330
100 17
100 46
100 58
100 94
100 87
100 104
100 246
100 94
100 264
100 533
100 11
100 356
100 36
100 23
100 86
100 41
100 210
100 89
100 83
100 3
100 75
100 79
100 300
100 102
100 428
100 33
100 136
100 202
100 137
100 127
100 36
100 88
100 64
100 88
100 115
100 34
100 159
100 855
100 21
100 59
100 31
100 105
100 56
100 95
100 87
100 25
100 17
100 54
100 4
100 155
100 63
100 11
100 56
100 198
100 88
100 65
100 0
100 10
100 135
100 84
100 188
100 24
100 145
100 194
100 152
100 102
100 376
100 188
100 75
100 156
100 78
100 134
100 100
100 25
100 409
100 86
100 72
100 120
100 156
100 20
100 141
100 84
100 29
100 2
100 241
100 66
100 126
100 16
100 59
100 48
100 216
100 19
100 245
100 44
100 100
100 182
100 83
100 18
100 809
100 78
100 155
100 60
100 21
100 204
100 189
100 22
100 172
100 125
100 8
100 64
100 307
100 631
100 8
100 24
100 62
100 134
100 77
100 72
100 7
100 91
100 16
100 305
100 16
100 77
100 398
100 464
100 355
100 43
100 351
100 357
100 677
100 27
100 78
100 120
100 183
100 54
100 71
100 5
100 130
100 253
100 85
100 200
100 404
100 107
100 27
100 9
100 70
100 79
100 129
100 238
100 155
100 50
100 5
100 155
100 122
100 137
100 320
100 307
100 165
100 9
100 123
100 23
100 52
100 246
100 131
100 3
100 159
100 8
100 71
100 27
100 207
100 216
100 83
100 22
100 17
100 42
100 72
100 44
100 189
100 153
100 120
100 98
100 26
100 10
100 36
100 128
100 126
100 1
100 277
100 213
100 0
100 148
100 127
100 10
100 108
100 56
100 392
100 58
100 413
100 99
100 128
100 47
100 499
100 135
100 132
100 145
100 195
100 26
100 77
100 115
100 43
100 24
100 175
100 191
100 39
100 100
100 214
100 208
100 65
100 217
100 47
100 81
100 187
100 158
100 106
100 272
100 12
100 287
100 28
100 352
100 131
100 26
100 37
100 1
100 140
100 111
100 128
100 242
100 7
100 37
100 2
100 20
100 73
100 396
100 70
100 1
100 73
100 17
100 26
100 99
100 33
100 548
100 140
100 75
100 8
100 26
100 231
100 12
100 62
100 71
100 91
100 57
100 274
100 8
100 304
100 150
100 245
100 84
100 171
100 108
100 98
100 19
100 69
100 52
100 150
100 41
100 26
100 352
100 69
100 44
100 98
100 125
100 128
100 12
100 174
100 120
100 253
100 523
100 217
100 12
100 187
100 4
100 171
100 123
100 50
100 73
100 168
100 10
100 150
100 516
100 120
100 150
100 31
100 131
100 25
100 189
100 99
100 112
100 310
100 13
100 13
100 83
100 285
100 81
100 94
100 208
100 219
100 162
100 73
100 39
100 71
100 198
100 200
100 118
100 187
100 189
100 79
100 200
100 86
100 231
100 97
100 13
100 12
100 462
100 209
100 143
100 130
100 24
100 49
100 79
100 78
100 71
100 6
100 1
100 49
100 81
100 322
100 366
100 55
100 671
100 72
100 225
100 240
100 269
100 178
100 26
100 373
100 217
100 22
100 122
100 25
100 283
100 71
100 34
100 174
100 224
100 58
100 146
100 15
100 47
100 69
100 172
100 210
100 116
100 69
100 116
100 361
100 71
100 68
100 39
100 196
100 47
100 156
100 24
100 26
100 52
100 121
100 3
100 189
100 115
100 343
100 92
100 145
100 205
100 252
100 176
100 47
100 574
100 215
100 48
100 144
100 139
100 56
100 34
100 102
100 102
100 20
100 223
100 26
100 34
100 68
100 15
100 275
100 265
100 383
100 55
100 160
100 131
100 33
100 90
100 358
100 71
100 179
100 53
100 99
100 160
100 97
100 102
100 356
100 6
100 126
100 65
100 34
100 194
100 431
100 39
100 27
100 56
100 379
100 45
100 292
100 64
100 65
100 124
100 112
100 40
100 21
100 24
100 86
100 107
100 25
100 54
100 171
100 383
100 588
100 69
100 17
100 133
100 58
100 19
100 127
100 175
100 56
100 90
100 118
100 83
100 92
100 80
100 144
100 87
100 215
100 187
100 256
100 55
100 4
100 6
100 228
100 71
100 32
100 297
100 37
100 145
100 80
100 1
100 0
100 27
100 143
100 106
100 48
100 382
100 101
100 263
100 432
100 8
100 197
100 57
100 88
100 360
100 221
100 5
100 39
100 158
100 42
100 5
100 255
100 36
100 46
100 27
100 47
100 50
100 194
100 251
100 88
100 86
100 4
100 152
100 240
100 3
100 23
100 98
100 198
100 233
100 23
100 5
100 244
100 164
100 41
100 102
100 27
100 54
100 91
100 151
100 64
100 46
100 62
100 58
100 75
100 83
100 130
100 161
100 48
100 9
100 31
100 144
100 62
100 72
100 65
100 144
100 8
100 49
100 315
100 88
100 153
100 106
100 38
100 33
100 12
100 123
100 153
100 35
100 231
100 111
100 62
100 31
100 166
100 113
100 25
100 55
100 96
100 94
100 130
100 76
100 118
100 8
100 11
100 41
100 159
100 398
100 19
100 170
100 216
100 41
100 20
100 0
100 350
100 36
100 207
100 314
100 62
100 66
100 11
100 134
100 193
100 497
100 23
100 155
100 59
100 26
100 79
100 21
100 29
100 102
100 630
100 275
100 38
100 10
100 229
100 96
100 36
100 62
100 1
100 134
100 60
100 91
100 364
100 327
100 81
100 58
100 142
100 158
100 163
100 141
100 479
100 97
100 158
100 92
100 26
100 198
100 29
100 37
100 40
100 74
100 122
100 124
100 327
100 30
100 25
100 184
100 417
100 18
100 159
100 66
100 78
100 50
100 47
100 55
100 116
100 146
100 152
100 89
100 25
100 27
100 482
100 3
100 297
100 264
100 127
100 218
100 129
100 330
100 149
100 395
100 241
100 374
100 18
100 49
100 39
100 40
100 453
100 9
100 26
100 180
100 90
100 350
100 206
100 28
100 14
100 106
100 2
100 44
100 67
100 28
100 57
100 160
100 61
100 24
100 88
100 30
100 25
100 19
100 452
100 13
100 170
100 376
100 406
100 209
100 10
100 434
100 9
100 397
100 82
100 13
100 2
100 49
100 175
100 139
100 44
100 16
100 433
100 24
100 20
100 115
100 78
100 31
100 231
100 238
100 596
100 347
100 235
100 309
100 63
100 634
100 65
100 12
100 326
100 22
100 200
100 215
100 59
100 225
100 95
100 351
100 51
100 59
100 6
100 97
100 61
100 231
100 4
100 53
100 65
100 698
100 5
100 9
100 140
100 45
100 50
100 64
100 221
100 365
100 121
100 129
100 169
100 25
100 187
100 57
100 350
100 46
100 2
100 366
100 198
100 254
100 308
100 310
100 84
100 71
100 246
100 233
100 671
100 68
100 199
100 203
100 184
100 373
100 27
100 185
100 148
100 322
100 441
100 197
100 85
100 64
100 187
100 79
100 24
100 2
100 186
100 22
100 217
100 56
100 66
100 189
100 23
100 12
100 331
100 95
100 121
100 64
100 11
100 486
100 136
100 47
100 133
100 2
100 188
100 44
100 139
100 76
100 153
100 140
100 58
100 18
100 19
100 239
100 15
100 79
100 115
100 12
100 79
100 123
100 173
100 1
100 572
100 81
100 20
100 24
100 180
100 36
100 62
100 237
100 160
100 185
100 26
100 252
100 73
100 8
100 161
100 62
100 8
100 115
100 183
100 72
100 45
100 94
100 425
100 16
100 329
100 26
100 93
100 14
100 173
100 68
100 800
100 79
100 78
100 19
100 28
100 127
100 374
100 178
100 118
100 11
100 15
100 51
100 288
100 66
100 235
100 40
100 227
100 12
100 31
100 22
100 55
100 347
100 14
100 196
100 0
100 234
100 39
100 345
100 44
100 293
100 844
100 2
100 130
100 20
100 82
100 3
100 324
100 133
100 101
100 34
100 109
100 174
100 115
100 47
100 261
100 84
100 154
100 66
100 24
100 1
100 3
100 6
100 48
100 32
100 299
100 16
100 27
100 50
100 30
100 9
100 17
100 315
100 56
100 99
100 109
100 379
100 156
100 245
100 246
100 69
100 13
100 47
100 144
100 37
100 75
100 128
100 33
100 60
100 48
100 8
100 7
100 15
100 181
100 49
100 12
100 215
100 309
100 185
100 515
100 19
100 147
100 28
100 252
100 23
100 131
100 119
100 132
100 106
100 38
100 3
100 43
100 342
100 9
100 129
100 79
100 60
100 98
100 34
100 150
100 49
100 220
100 128
100 82
100 47
100 204
100 164
100 71
100 38
100 89
100 568
100 10
100 106
100 80
100 74
100 66
100 17
100 357
100 4
100 87
100 42
100 31
100 53
100 995
100 1
100 35
100 51
100 53
100 105
100 6
100 127
100 7
100 79
100 246
100 312
100 60
100 1
100 54
100 6
100 17
100 130
100 25
100 44
100 10
100 142
100 70
100 30
100 14
100 30
100 631
100 77
100 373
100 57
100 105
100 39
100 127
100 297
100 450
100 132
100 321
100 18
100 191
100 23
100 136
100 15
100 97
100 408
100 154
100 1
100 45
100 72
100 212
100 276
100 17
100 10
100 443
100 115
100 107
100 18
100 103
100 202
100 116
100 24
100 100
100 145
100 42
100 90
100 59
100 215
100 149
100 13
100 196
100 218
100 18
100 123
100 273
100 124
100 122
100 16
100 296
100 147
100 274
100 199
100 98
100 160
100 85
100 311
100 289
100 8
100 192
100 61
100 39
100 254
100 93
100 38
100 63
100 23
100 34
100 41
100 126
100 36
100 177
100 34
100 103
100 104
100 54
100 59
100 253
100 47
100 90
100 26
100 313
100 20
100 103
100 38
100 35
100 17
100 126
100 214
100 69
100 62
100 152
100 36
100 137
100 29
100 142
100 100
100 17
100 31
100 214
100 0
100 88
100 28
100 287
100 22
100 4
100 97
100 184
100 77
100 321
100 126
100 126
100 25
100 146
100 23
100 118
100 38
100 106
100 41
100 246
100 253
100 11
100 123
100 300
100 113
100 185
100 4
100 292
100 143
100 105
100 163
100 318
100 48
100 52
100 130
100 4
100 17
100 32
100 22
100 93
100 5
100 25
100 100
100 38
100 86
100 638
100 196
100 54
100 56
100 12
100 46
100 36
100 41
100 417
100 171
100 181
100 100
100 136
100 258
100 40
100 75
100 69
100 418
100 24
100 53
100 22
100 14
100 136
100 186
100 186
100 104
100 10
100 90
100 6
100 75
100 51
100 86
100 160
100 424
100 11
100 177
100 59
100 21
100 4
100 249
100 74
100 83
100 52
100 3
100 23
100 25
100 187
100 107
100 39
100 38
100 3
100 340
100 269
100 445
100 5
100 311
100 272
100 642
100 185
100 107
100 81
100 104
100 46
100 41
100 240
100 254
100 259
100 62
100 74
100 264
100 64
100 184
100 33
100 46
100 5
100 181
100 89
100 17
100 109
100 66
100 428
100 23
100 200
100 208
100 164
100 19
100 269
100 440
100 90
100 9
100 64
100 166
100 101
100 132
100 228
100 354
100 401
100 121
100 140
100 222
100 62
100 303
100 102
100 53
100 34
100 25
100 45
100 62
100 63
100 244
100 69
100 19
100 347
100 87
100 155
100 45
100 224
100 251
100 162
100 183
100 105
100 79
100 187
100 8
100 154
100 308
100 1
100 43
100 199
100 56
100 36
100 35
100 17
100 254
100 42
100 25
100 117
100 42
100 492
100 42
100 112
100 90
100 40
100 148
100 104
100 236
100 63
100 110
100 16
100 23
100 74
100 303
100 69
100 161
100 187
100 221
100 62
100 62
100 195
100 213
100 534
100 158
100 176
100 8
100 245
100 189
100 16
100 279
100 151
100 24
100 415
100 106
100 18
100 21
100 38
100 30
100 105
100 43
100 306
100 227
100 29
100 83
100 88
100 433
100 27
100 19
100 195
100 104
100 74
100 140
100 91
100 95
100 2
100 62
100 110
100 84
100 5
100 41
100 231
100 381
100 16
100 165
100 9
100 30
100 269
100 122
100 77
100 319
100 54
100 15
100 37
100 112
100 115
100 116
100 53
100 30
100 75
100 132
100 86
100 109
100 13
100 76
100 5
100 129
100 5
100 25
100 157
100 293
100 93
100 322
100 121
100 185
100 17
100 42
100 186
100 245
100 38
100 217
100 95
100 81
100 229
100 99
100 78
100 126
100 59
100 83
100 202
100 20
100 106
100 32
100 29
100 291
100 212
100 5
100 176
100 87
100 264
100 14
100 99
100 22
100 15
100 243
100 72
100 99
100 28
100 90
100 170
100 149
100 180
100 29
100 73
100 94
100 96
100 65
100 144
100 237
100 9
100 125
100 367
100 15
100 91
100 36
100 54
100 189
100 69
100 0
100 90
100 364
100 191
100 24
100 47
100 16
100 120
100 4
100 64
100 20
100 123
100 22
100 15
100 3
100 56
100 197
100 13
100 354
100 491
100 510
100 146
100 221
100 171
100 143
100 157
100 8
100 121
100 107
100 165
100 186
100 72
100 257
100 178
100 142
100 44
100 21
100 31
100 4
100 61
100 10
100 36
100 66
100 50
100 174
100 19
100 221
100 220
100 71
100 15
100 167
100 2
100 72
100 122
100 260
100 181
100 21
100 100
100 187
100 47
100 51
100 331
100 77
100 303
100 145
100 103
100 242
100 12
100 615
100 116
100 46
100 70
100 16
100 80
100 195
100 115
100 391
100 38
100 497
100 94
100 22
100 39
100 117
100 1
100 163
100 216
100 136
100 186
100 79
100 259
100 696
100 332
100 79
100 93
100 46
100 59
100 283
100 24
100 33
100 12
100 30
100 222
100 45
100 349
100 240
100 85
100 146
100 413
100 87
100 148
100 3
100 146
100 52
100 364
100 193
100 38
100 7
100 343
100 100
100 47
100 322
100 151
100 72
100 2
100 263
100 10
100 402
100 226
100 18
100 49
100 2
100 77
100 166
100 39
100 147
100 54
100 133
100 99
100 64
100 20
100 52
100 222
100 251
100 26
100 23
100 50
100 10
100 40
100 167
100 260
100 16
100 107
100 217
100 213
100 126
100 34
100 144
100 254
100 113
100 108
100 132
100 8
100 29
100 54
100 45
100 154
100 129
100 16
100 102
100 77
100 160
100 10
100 114
100 10
100 240
100 125
100 333
100 83
100 21
100 518
100 53
100 8
100 215
100 32
100 87
100 212
100 50
100 26
100 149
100 189
100 114
100 37
100 257
100 38
100 21
100 279
100 227
100 24
100 85
100 159
100 24
100 9
100 471
100 4
100 221
100 36
100 19
100 16
100 427
100 0
100 7
100 106
100 36
100 63
100 0
100 15
100 158
100 76
100 76
100 521
100 209
100 18
100 3
100 91
100 4
100 8
100 4
100 149
100 101
100 69
100 9
100 263
100 264
100 105
100 115
100 64
100 72
100 301
100 301
100 246
100 44
100 68
100 339
100 60
100 9
100 55
100 132
100 13
100 3
100 144
100 34
100 80
100 231
100 67
100 72
100 274
100 206
100 121
100 326
100 16
100 232
100 6
100 78
100 25
100 79
100 6
100 12
100 0
100 434
100 12
100 41
100 53
100 31
100 22
100 9
100 56
100 180
100 425
100 307
100 42
100 64
100 122
100 109
100 194
100 47
100 85
100 201
100 81
100 297
100 10
100 24
100 64
100 336
100 90
100 324
100 174
100 152
100 5
100 13
100 132
100 25
100 441
100 10
100 117
100 71
100 80
100 96
100 468
100 23
100 68
100 91
100 121
100 50
100 55
100 154
100 37
100 38
100 6
100 123
100 6
100 112
100 277
100 26
100 52
100 477
100 67
100 47
100 319
100 58
100 141
100 344
100 377
100 227
100 15
100 301
100 116
100 232
100 4
100 217
100 41
100 185
100 189
100 303
100 58
100 171
100 99
100 42
100 9
100 132
100 212
100 75
100 182
100 136
100 70
100 19
100 67
100 151
100 217
100 17
100 10
100 59
100 778
100 236
100 38
100 98
100 107
100 210
100 27
100 11
100 109
100 139
100 44
100 257
100 323
100 286
100 397
100 185
100 90
100 50
100 269
100 14
100 182
100 45
100 126
100 404
100 276
100 371
100 226
100 80
100 99
100 188
100 29
100 332
100 22
100 104
100 234
100 83
100 153
100 151
100 222
100 118
100 230
100 99
100 24
100 25
100 143
100 107
100 114
100 134
100 65
100 19
100 69
100 123
100 174
100 247
100 85
100 129
100 238
100 91
100 46
100 3
100 89
100 86
100 206
100 123
100 26
100 107
100 502
100 184
100 54
100 182
100 216
100 20
100 8
100 84
100 116
100 131
100 197
100 114
100 82
100 224
100 137
100 123
100 9
100 15
100 69
100 3
100 162
100 7
100 206
100 181
100 196
100 280
100 3
100 173
100 271
100 116
100 170
100 212
100 86
100 221
100 118
100 109
100 407
100 161
100 45
100 13
100 123
100 145
100 25
100 223
100 55
100 59
100 0
100 85
100 380
100 15
100 77
100 31
100 46
100 109
100 7
100 106
100 119
100 39
100 8
100 32
100 57
100 62
100 106
100 53
100 54
100 422
100 104
100 39
100 137
100 119
100 40
100 52
100 41
100 15
100 101
100 48
100 99
100 96
100 47
100 594
100 58
100 2
100 46
100 61
100 455
100 87
100 114
100 130
100 132
100 282
100 393
100 32
100 70
100 0
100 97
100 3
100 115
100 20
100 288
100 304
100 71
100 196
100 121
100 92
100 92
100 67
100 437
100 56
100 137
100 60
100 68
100 2
100 102
100 44
100 192
100 142
100 174
100 13
100 29
100 77
100 28
100 485
100 166
100 110
100 322
100 100
100 46
100 22
100 87
100 480
100 20
100 152
100 271
100 22
100 721
100 122
100 66
100 86
100 37
100 415
100 240
100 280
100 20
100 111
100 180
100 311
100 101
100 31
100 11
100 359
100 66
100 126
100 35
100 177
100 49
100 88
100 220
100 115
100 37
100 99
100 19
100 363
100 1
100 17
100 20
100 97
100 39
100 200
100 134
100 363
100 1
100 21
100 22
100 139
100 31
100 74
100 26
100 177
100 476
100 153
100 158
100 55
100 62
100 6
100 22
100 197
100 226
100 40
100 196
100 301
100 129
100 230
100 98
100 388
100 41
100 405
100 5
100 48
100 48
100 17
100 176
100 164
100 277
100 328
100 65
100 4
100 44
100 190
100 22
100 81
100 2
100 147
100 167
100 89
100 294
100 280
100 37
100 243
100 16
100 6
100 138
100 447
100 52
100 118
100 12
100 123
100 247
100 25
100 34
100 163
100 504
100 16
100 2
100 343
100 24
100 148
100 23
100 390
100 30
100 16
100 307
100 54
100 7
100 46
100 256
100 121
100 126
100 7
100 91
100 24
100 119
100 235
100 226
100 28
100 26
100 268
100 10
100 23
100 225
100 382
100 19
100 114
100 61
100 63
100 158
100 132
100 50
100 27
100 172
100 139
100 380
100 226
100 31
100 12
100 210
100 215
100 88
100 17
100 61
100 222
100 76
100 47
100 45
100 177
100 35
100 141
100 8
100 297
100 177
100 260
100 33
100 354
100 89
100 100
100 373
100 83
100 79
100 162
100 85
100 8
100 183
100 110
100 0
100 62
100 74
100 466
100 349
100 67
100 9
100 71
100 1
100 104
100 169
100 9
100 40
100 113
100 264
100 354
100 184
100 306
100 73
100 4
100 171
100 107
100 42
100 42
100 169
100 29
100 206
100 89
100 3
100 293
100 8
100 585
100 248
100 105
100 19
100 71
100 19
100 293
100 40
100 5
100 304
100 55
100 335
100 100
100 256
100 217
100 298
100 107
100 77
100 275
100 56
100 13
100 94
100 27
100 88
100 201
100 99
100 228
100 107
100 66
100 74
100 125
100 13
100 16
100 613
100 446
100 39
100 94
100 136
100 310
100 189
100 388
100 30
100 108
100 186
100 2
100 264
100 77
100 37
100 3
100 62
100 70
100 156
100 23
100 133
100 74
100 13
100 94
100 115
100 147
100 39
100 3
100 60
100 129
100 249
100 262
100 67
100 3
100 151
100 130
100 106
100 116
100 691
100 70
100 10
100 63
100 364
100 227
100 124
100 411
100 26
100 274
100 19
100 306
100 61
100 15
100 237
100 116
100 188
100 101
100 1186
100 67
100 88
100 355
100 133
100 0
100 241
100 23
100 40
100 125
100 78
100 68
100 96
100 123
100 186
100 386
100 71
100 1
100 60
100 222
100 17
100 149
100 5
100 2
100 97
100 240
100 154
100 129
100 227
100 65
100 12
100 26
100 160
100 77
100 23
100 38
100 46
100 126
100 153
100 43
100 60
100 130
100 125
100 34
100 0
100 13
100 78
100 45
100 120
100 83
100 66
100 298
100 60
100 73
100 356
100 49
100 7
100 251
100 224
100 116
100 68
100 5
100 191
100 46
100 76
100 223
100 72
100 355
100 114
100 499
100 159
100 52
100 221
100 7
100 143
100 0
100 72
100 178
100 13
100 165
100 130
100 277
100 31
100 86
100 501
100 23
100 331
100 11
100 103
100 162
100 131
100 229
100 107
100 60
100 7
100 34
100 140
100 312
100 108
100 207
100 8
100 73
100 59
100 332
100 214
100 31
100 98
100 383
100 126
100 154
100 131
100 247
100 22
100 117
100 44
100 17
100 137
100 156
100 357
100 486
100 167
100 64
100 70
100 38
100 193
100 247
100 136
100 116
100 106
100 53
100 216
100 17
100 9
100 35
100 125
100 60
100 90
100 154
100 147
100 56
100 421
100 36
100 147
100 140
100 435
100 210
100 50
100 191
100 24
100 230
100 168
100 214
100 379
100 25
100 23
100 53
100 142
100 143
100 665
100 9
100 95
100 74
100 121
100 19
100 146
100 159
100 79
100 94
100 58
100 134
100 22
100 21
100 410
100 266
100 737
100 60
100 33
100 95
100 67
100 150
100 18
100 63
100 34
100 88
100 26
100 29
100 118
100 201
100 43
100 140
100 70
100 351
100 39
100 8
100 178
100 320
100 784
100 68
100 692
100 34
100 44
100 212
100 9
100 148
100 40
100 162
100 109
100 114
100 24
100 23
100 85
100 95
100 105
100 4
100 328
100 266
100 109
100 98
100 13
100 14
100 59
100 43
100 189
100 208
100 4
100 234
100 66
100 115
100 251
100 281
100 92
100 24
100 32
100 88
100 391
100 53
100 23
100 49
100 151
100 3
100 18
100 97
100 49
100 36
100 2
100 76
100 122
100 97
100 311
100 13
100 96
100 51
100 109
100 132
100 57
100 135
100 22
100 62
100 74
100 138
100 32
100 154
100 474
100 426
100 128
100 206
100 282
100 306
100 148
100 40
100 293
100 797
100 30
100 89
100 53
100 15
100 54
100 359
100 193
100 72
100 112
100 54
100 3
100 242
100 127
100 6
100 87
100 239
100 224
100 145
100 108
100 357
100 85
100 117
100 50
100 25
100 138
100 50
100 81
100 132
100 26
100 125
100 151
100 6
100 21
100 289
100 44
100 57
100 36
100 526
100 302
100 76
100 195
100 122
100 100
100 329
100 4
100 197
100 147
100 162
100 41
100 191
100 12
100 37
100 73
100 66
100 120
100 6
100 121
100 96
100 195
100 41
100 29
100 122
100 158
100 246
100 56
100 77
100 218
100 33
100 8
100 248
100 24
100 82
100 388
100 61
100 14
100 148
100 234
100 134
100 150
100 60
100 35
100 19
100 16
100 98
100 16
100 124
100 98
100 538
100 66
100 66
100 291
100 142
100 274
100 71
100 31
100 255
100 10
100 46
100 6
100 295
100 134
100 323
100 1
100 1
100 38
100 101
100 96
100 107
100 23
100 93
100 113
100 115
100 317
100 204
100 41
100 77
100 79
100 38
100 222
100 107
100 141
100 55
100 17
100 84
100 351
100 126
100 402
100 383
100 40
100 165
100 38
100 264
100 45
100 222
100 48
100 108
100 164
100 294
100 82
100 172
100 513
100 252
100 96
100 88
100 71
100 96
100 9
100 63
100 329
100 68
100 298
100 177
100 35
100 43
100 1
100 113
100 49
100 19
100 84
100 166
100 91
100 166
100 329
100 92
100 16
100 361
100 264
100 137
100 291
100 93
100 3
100 26
100 19
100 159
100 12
100 131
100 426
100 27
100 8
100 109
100 153
100 120
100 48
100 550
100 18
100 141
100 25
100 49
100 80
100 167
100 369
100 83
100 14
100 156
100 103
100 22
100 269
100 29
100 17
100 130
100 67
100 118
100 17
100 122
100 2
100 169
100 15
100 127
100 25
100 230
100 56
100 11
100 23
100 233
100 23
100 140
100 160
100 52
100 49
100 13
100 60
100 199
100 11
100 130
100 12
100 253
100 391
100 69
100 362
100 116
100 293
100 426
100 227
100 36
100 106
100 20
100 324
100 2
100 35
100 357
100 65
100 95
100 55
100 73
100 53
100 69
100 201
100 133
100 154
100 23
100 96
100 206
100 71
100 15
100 114
100 2
100 112
100 12
100 292
100 174
100 81
100 19
100 19
100 13
100 21
100 76
100 15
100 215
100 306
100 36
100 131
100 109
100 121
100 246
100 324
100 26
100 324
100 23
100 25
100 105
100 5
100 54
100 19
100 317
100 89
100 138
100 181
100 53
100 72
100 24
100 181
100 21
100 246
100 234
100 15
100 77
100 163
100 32
100 179
100 1
100 91
100 187
100 101
100 89
100 12
100 201
100 161
100 6
100 26
100 11
100 406
100 66
100 107
100 19
100 354
100 658
100 104
100 85
100 185
100 107
100 175
100 120
100 37
100 271
100 81
100 98
100 24
100 68
100 148
100 40
100 45
100 171
100 140
100 26
100 49
100 104
100 40
100 325
100 66
100 48
100 49
100 43
100 76
100 153
100 107
100 69
100 177
100 8
100 297
100 90
100 62
100 55
100 52
100 157
100 50
100 11
100 221
100 27
100 285
100 241
100 101
100 82
100 288
100 235
100 271
100 110
100 148
100 199
100 417
100 12
100 141
100 302
100 122
100 222
100 252
100 38
100 82
100 64
100 22
100 134
100 830
100 94
100 68
100 404
100 118
100 169
100 26
100 34
100 69
100 28
100 24
100 15
100 151
100 54
100 127
100 77
100 160
100 165
100 60
100 59
100 155
100 6
100 133
100 24
100 59
100 64
100 423
100 464
100 47
100 68
100 48
100 64
100 201
100 62
100 220
100 345
100 95
100 61
100 53
100 80
100 5
100 220
100 47
100 155
100 19
100 51
100 86
100 141
100 100
100 38
100 45
100 148
100 3
100 56
100 141
100 196
100 51
100 19
100 62
100 325
100 421
100 79
100 106
100 104
100 700
100 131
100 219
100 230
100 142
100 319
100 15
100 89
100 101
100 15
100 395
100 15
100 456
100 15
100 14
100 115
100 328
100 67
100 232
100 203
100 127
100 166
100 76
100 748
100 282
100 328
100 26
100 67
100 117
100 182
100 84
100 39
100 171
100 75
100 151
100 57
100 135
100 27
100 62
100 31
100 269
100 60
100 114
100 18
100 12
100 118
100 51
100 67
100 18
100 97
100 307
100 18
100 154
100 80
100 24
100 239
100 73
100 316
100 44
100 14
100 15
100 41
100 97
100 206
100 156
100 336
100 86
100 131
100 32
100 29
100 98
100 2
100 117
100 10
100 379
100 5
100 69
100 423
100 39
100 108
100 16
100 2
100 383
100 37
100 109
100 63
100 163
100 53
100 97
100 56
100 67
100 76
100 173
100 30
100 234
100 23
100 41
100 30
100 186
100 88
100 136
100 3
100 222
100 30
100 59
100 13
100 59
100 116
100 76
100 221
100 197
100 431
100 24
100 1074
100 210
100 128
100 6
100 46
100 53
100 37
100 30
100 180
100 31
100 24
100 62
100 10
100 308
100 108
100 229
100 238
100 1
100 44
100 27
100 12
100 85
100 0
100 28
100 166
100 52
100 20
100 91
100 159
100 1
100 101
100 8
100 138
100 35
100 2
100 26
100 197
100 0
100 78
100 542
100 10
100 42
100 72
100 156
100 202
100 680
100 221
100 59
100 4
100 41
100 118
100 117
100 116
100 40
100 46
100 692
100 45
100 48
100 32
100 68
100 154
100 244
100 208
100 74
100 172
100 113
100 167
100 42
100 287
100 99
100 9
100 218
100 163
100 39
100 111
100 27
100 28
100 0
100 101
100 113
100 33
100 23
100 5
100 49
100 70
100 832
100 118
100 55
100 58
100 213
100 3
100 50
100 162
100 207
100 116
100 220
100 20
100 96
100 12
100 104
100 272
100 6
100 252
100 11
100 27
100 81
100 62
100 46
100 6
100 213
100 91
100 217
100 112
100 117
100 235
100 226
100 203
100 64
100 21
100 178
100 64
100 100
100 31
100 225
100 246
100 15
100 51
100 135
100 208
100 101
100 40
100 251
100 355
100 100
100 266
100 36
100 23
100 304
100 23
100 35
100 89
100 77
100 18
100 46
100 172
100 81
100 44
100 175
100 190
100 170
100 250
100 218
100 59
100 47
100 188
100 177
100 294
100 35
100 40
100 9
100 7
100 240
100 35
100 137
100 166
100 125
100 253
100 91
100 117
100 67
100 185
100 6
100 78
100 77
100 242
100 346
100 101
100 72
100 2
100 11
100 241
100 146
100 241
100 21
100 374
100 264
100 608
100 201
100 115
100 14
100 127
100 0
100 1
100 42
100 152
100 62
100 39
100 95
100 0
100 200
100 123
100 56
100 41
100 37
100 28
100 94
100 5
100 6
100 122
100 134
100 80
100 65
100 35
100 755
100 15
100 213
100 561
100 349
100 252
100 309
100 6
100 296
100 236
100 36
100 147
100 32
100 350
100 581
100 77
100 52
100 41
100 7
100 139
100 193
100 190
100 460
100 174
100 64
100 115
100 16
100 183
100 6
100 6
100 170
100 353
100 34
100 147
100 225
100 145
100 45
100 16
100 37
100 26
100 69
100 6
100 292
100 31
100 122
100 17
100 209
100 169
100 26
100 257
100 95
100 35
100 15
100 177
100 84
100 4
100 275
100 237
100 15
100 446
100 6
100 63
100 97
100 141
100 189
100 102
100 61
100 14
100 16
100 267
100 18
100 116
100 260
100 55
100 120
100 150
100 92
100 56
100 119
100 2
100 557
100 39
100 46
100 285
100 91
100 318
100 19
100 85
100 128
100 243
100 222
100 58
100 24
100 27
100 165
100 228
100 2
100 167
100 86
100 466
100 318
100 135
100 194
100 16
100 38
100 340
100 47
100 252
100 239
100 279
100 136
100 106
100 26
100 34
100 27
100 415
100 18
100 77
100 453
100 22
100 149
100 35
100 185
100 279
100 14
100 102
100 18
100 101
100 34
100 17
100 48
100 179
100 313
100 96
100 102
100 231
100 72
100 154
100 282
100 100
100 269
100 187
100 25
100 50
100 70
100 688
100 111
100 49
100 148
100 163
100 75
100 101
100 12
100 5
100 144
100 240
100 20
100 291
100 51
100 39
100 56
100 527
100 115
100 284
100 44
100 48
100 234
100 167
100 8
100 137
100 51
100 179
100 139
100 101
100 17
100 47
100 65
100 93
100 6
100 225
100 350
100 43
100 631
100 140
100 151
100 29
100 53
100 353
100 145
100 10
100 18
100 45
100 56
100 8
100 85
100 26
100 110
100 16
100 120
100 146
100 172
100 19
100 15
100 12
100 153
100 25
100 328
100 4
100 31
100 34
100 43
100 171
100 326
100 298
100 86
100 206
100 261
100 137
100 195
100 25
100 232
100 61
100 86
100 52
100 115
100 92
100 107
100 110
100 82
100 178
100 94
100 769
100 94
100 137
100 91
100 79
100 183
100 51
100 33
100 86
100 50
100 98
100 168
100 81
100 157
100 148
100 52
100 101
100 32
100 68
100 143
100 79
100 197
100 103
100 70
100 171
100 159
100 145
100 5
100 21
100 40
100 17
100 99
100 17
100 220
100 48
100 135
100 80
100 39
100 221
100 41
100 11
100 103
100 114
100 32
100 511
100 82
100 193
100 67
100 159
100 542
100 12
100 96
100 211
100 0
100 64
100 71
100 290
100 141
100 24
100 184
100 33
100 23
100 48
100 579
100 53
100 97
100 28
100 59
100 137
100 79
100 26
100 105
100 103
100 223
100 330
100 77
100 80
100 92
100 61
100 398
100 91
100 202
100 20
100 108
100 46
100 56
100 223
100 289
100 15
100 16
100 61
100 280
100 92
100 78
100 0
100 295
100 13
100 123
100 84
100 88
100 148
100 258
100 77
100 651
100 173
100 28
100 100
100 116
100 167
100 126
100 36
100 19
100 22
100 76
100 441
100 249
100 113
100 2
100 1
100 27
100 159
100 346
100 179
100 578
100 201
100 41
100 439
100 66
100 233
100 68
100 36
100 302
100 43
100 91
100 38
100 16
100 45
100 64
100 150
100 239
100 26
100 185
100 46
100 246
100 135
100 27
100 29
100 186
100 13
100 44
100 113
100 230
100 162
100 37
100 44
100 76
100 223
100 11
100 64
100 704
100 4
100 24
100 23
100 178
100 199
100 45
100 16
100 27
100 31
100 524
100 19
100 180
100 133
100 77
100 31
100 101
100 211
100 671
100 123
100 16
100 29
100 58
100 115
100 45
100 395
100 125
100 21
100 5
100 90
100 119
100 27
100 63
100 17
100 28
100 52
100 0
100 16
100 137
100 197
100 6
100 159
100 376
100 267
100 83
100 303
100 154
100 117
100 217
100 258
100 12
100 514
100 42
100 0
100 142
100 154
100 245
100 134
100 97
100 42
100 311
100 196
100 23
100 22
100 224
100 407
100 209
100 221
100 31
100 199
100 93
100 54
100 120
100 43
100 221
100 249
100 38
100 152
100 241
100 42
100 188
100 24
100 233
100 2
100 16
100 86
100 45
100 180
100 25
100 235
100 103
100 9
100 70
100 48
100 125
100 108
100 178
100 240
100 87
100 19
100 125
100 333
100 0
100 87
100 120
100 96
100 213
100 5
100 149
100 88
100 170
100 64
100 218
100 115
100 212
100 58
100 471
100 26
100 129
100 89
100 22
100 5
100 120
100 147
100 55
100 23
100 249
100 55
100 23
100 52
100 178
100 52
100 59
100 30
100 119
100 448
100 137
100 117
100 160
100 5
100 149
100 60
100 66
100 174
100 309
100 191
100 13
100 4
100 83
100 34
100 29
100 27
100 22
100 232
100 214
100 76
100 413
100 260
100 237
100 34
100 259
100 127
100 87
100 6
100 124
100 15
100 61
100 132
100 90
100 137
100 245
100 161
100 199
100 31
100 298
100 254
100 69
100 15
100 104
100 63
100 259
100 438
100 57
100 72
100 463
100 65
100 103
100 323
100 28
100 105
100 35
100 172
100 166
100 548
100 193
100 116
100 40
100 13
100 234
100 16
100 46
100 87
100 169
100 29
100 467
100 458
100 264
100 469
100 11
100 50
100 276
100 14
100 297
100 14
100 198
100 3
100 289
100 143
100 18
100 166
100 102
100 330
100 107
100 23
100 56
100 191
100 142
100 163
100 18
100 280
100 42
100 132
100 188
100 2
100 143
100 6
100 243
100 346
100 123
100 156
100 116
100 40
100 13
100 125
100 137
100 52
100 70
100 78
100 261
100 61
100 185
100 295
100 2
100 23
100 121
100 117
100 219
100 60
100 110
100 34
100 179
100 51
100 223
100 32
100 234
100 28
100 78
100 1161
100 127
100 9
100 134
100 124
100 147
100 14
100 42
100 34
100 281
100 155
100 32
100 64
100 23
100 254
100 218
100 197
100 20
100 30
100 1
100 635
100 68
100 35
100 239
100 207
100 15
100 59
100 156
100 23
100 63
100 91
100 76
100 51
100 40
100 420
100 476
100 87
100 139
100 87
100 64
100 276
100 41
100 448
100 169
100 161
100 36
100 93
100 184
100 294
100 150
100 132
100 64
100 146
100 32
100 41
100 189
100 362
100 89
100 386
100 114
100 87
100 39
100 6
100 52
100 22
100 319
100 187
100 15
100 59
100 226
100 57
100 14
100 32
100 9
100 18
100 48
100 184
100 0
100 30
100 220
100 173
100 127
100 122
100 324
100 20
100 169
100 16
100 11
100 76
100 120
100 415
100 275
100 40
100 71
100 210
100 31
100 176
100 270
100 80
100 390
100 14
100 149
100 477
100 11
100 13
100 18
100 205
100 87
100 64
100 219
100 17
100 25
100 107
100 90
100 87
100 0
100 67
100 419
100 69
100 69
100 258
100 562
100 94
100 121
100 123
100 189
100 13
100 2
100 27
100 101
100 30
100 107
100 291
100 206
100 242
100 19
100 38
100 106
100 28
100 44
100 38
100 312
100 9
100 46
100 69
100 6
100 26
100 103
100 155
100 77
100 145
100 61
100 408
100 140
100 27
100 318
100 27
100 10
100 36
100 630
100 23
100 37
100 162
100 29
100 259
100 35
100 69
100 18
100 304
100 41
100 125
100 37
100 96
100 45
100 7
100 32
100 32
100 3
100 255
100 132
100 33
100 194
100 21
100 211
100 201
100 269
100 37
100 786
100 55
100 3
100 21
100 181
100 43
100 43
100 42
100 20
100 69
100 142
100 71
100 464
100 121
100 37
100 7
100 38
100 361
100 126
100 7
100 468
100 177
100 150
100 131
100 84
100 246
100 97
100 102
100 37
100 48
100 10
100 74
100 9
100 314
100 67
100 187
100 152
100 39
100 28
100 144
100 265
100 185
100 229
100 6
100 241
100 13
100 46
100 204
100 147
100 13
100 38
100 7
100 96
100 2
100 160
100 43
100 131
100 40
100 295
100 132
100 3
100 12
100 66
100 56
100 20
100 15
100 7
100 127
100 404
100 133
100 0
100 40
100 153
100 103
100 163
100 140
100 100
100 360
100 187
100 72
100 162
100 534
100 39
100 146
100 4
100 15
100 201
100 51
100 142
100 233
100 52
100 0
100 19
100 101
100 94
100 49
100 94
100 42
100 278
100 5
100 138
100 218
100 42
100 460
100 125
100 146
100 114
100 15
100 1
100 88
100 9
100 6
100 69
100 621
100 13
100 164
100 95
100 34
100 232
100 129
100 147
100 109
100 423
100 24
100 215
100 533
100 24
100 204
100 296
100 185
100 111
100 76
100 47
100 29
100 70
100 46
100 48
100 134
100 58
100 311
100 200
100 145
100 36
100 158
100 187
100 448
100 110
100 176
100 144
100 271
100 8
100 195
100 27
100 15
100 458
100 16
100 59
100 215
100 81
100 29
100 212
100 150
100 132
100 86
100 33
100 164
100 32
100 46
100 37
100 153
100 134
100 158
100 12
100 4
100 73
100 139
100 42
100 216
100 22
100 12
100 131
100 51
100 46
100 140
100 52
100 32
100 60
100 91
100 225
100 26
100 67
100 33
100 46
100 24
100 46
100 215
100 94
100 55
100 109
100 24
100 27
100 66
100 69
100 58
100 31
100 405
100 759
100 33
100 99
100 1
100 60
100 11
100 33
100 140
100 110
100 88
100 16
100 65
100 99
100 37
100 13
100 72
100 43
100 132
100 8
100 87
100 151
100 21
100 18
100 426
100 113
100 43
100 69
100 44
100 8
100 51
100 25
100 23
100 128
100 71
100 88
100 190
100 423
100 194
100 96
100 64
100 247
100 1
100 617
100 138
100 150
100 51
100 149
100 5
100 326
100 38
100 56
100 100
100 47
100 58
100 56
100 139
100 73
100 191
100 115
100 28
100 31
100 158
100 215
100 53
100 52
100 50
100 75
100 61
100 2
100 136
100 197
100 44
100 69
100 79
100 182
100 106
100 54
100 320
100 2
100 180
100 8
100 44
100 79
100 28
100 35
100 143
100 68
100 217
100 40
100 27
100 210
100 45
100 39
100 229
100 29
100 42
100 78
100 280
100 49
100 518
100 89
100 61
100 97
100 42
100 94
100 264
100 151
100 82
100 18
100 6
100 118
100 12
100 104
100 16
100 29
100 12
100 316
100 26
100 334
100 35
100 15
100 162
100 188
100 182
100 105
100 23
100 96
100 166
100 25
100 60
100 14
100 155
100 155
100 23
100 505
100 144
100 152
100 150
100 153
100 10
100 182
100 139
100 234
100 359
100 227
100 14
100 36
100 116
100 90
100 351
100 200
100 13
100 100
100 199
100 79
100 96
100 110
100 116
100 58
100 110
100 101
100 1
100 164
100 94
100 36
100 164
100 73
100 31
100 465
100 81
100 157
100 244
100 81
100 407
100 140
100 90
100 16
100 348
100 374
100 8
100 18
100 149
100 51
100 46
100 196
100 54
100 24
100 76
100 230
100 285
100 324
100 474
100 0
100 385
100 136
100 249
100 87
100 211
100 124
100 95
100 56
100 153
100 150
100 9
100 319
100 298
100 38
100 321
100 98
100 76
100 12
100 73
100 87
100 23
100 65
100 163
100 31
100 97
100 53
100 5
100 49
100 11
100 41
100 52
100 126
100 259
100 27
100 62
100 136
100 8
100 40
100 60
100 507
100 119
100 69
100 7
100 345
100 170
100 15
100 328
100 4
100 29
100 309
100 8
100 2
100 21
100 251
100 117
100 70
100 170
100 63
100 415
100 63
100 155
100 82
100 0
100 142
100 0
100 119
100 209
100 216
100 17
100 108
100 18
100 6
100 57
100 486
100 270
100 221
100 224
100 86
100 27
100 145
100 205
100 178
100 82
100 69
100 145
100 183
100 163
100 94
100 158
100 39
100 14
100 41
100 189
100 143
100 28
100 49
100 302
100 114
100 77
100 86
100 28
100 302
100 102
100 191
100 192
100 37
100 12
100 66
100 37
100 62
100 73
100 338
100 74
100 54
100 284
100 171
100 196
100 89
100 51
100 145
100 259
100 102
100 126
100 195
100 174
100 3
100 24
100 9
100 23
100 97
100 66
100 96
100 71
100 20
100 154
100 235
100 252
100 401
100 65
100 159
100 163
100 48
100 139
100 409
100 11
100 120
100 109
100 161
100 4
100 511
100 69
100 233
100 31
100 579
100 58
100 88
100 42
100 8
100 353
100 24
100 170
100 224
100 80
100 266
100 295
100 251
100 1
100 214
100 81
100 29
100 600
100 255
100 10
100 338
100 155
100 1
100 25
100 28
100 43
100 263
100 13
100 128
100 113
100 377
100 33
100 204
100 86
100 135
100 191
100 72
100 111
100 293
100 137
100 181
100 16
100 321
100 75
100 32
100 241
100 67
100 30
100 68
100 102
100 264
100 126
100 116
100 218
100 889
100 112
100 54
100 259
100 88
100 4
100 101
100 9
100 68
100 247
100 192
100 78
100 14
100 19
100 160
100 101
100 36
100 152
100 47
100 4
100 300
100 94
100 135
100 49
100 206
100 133
100 67
100 152
100 78
100 204
100 19
100 8
100 20
100 87
100 1
100 8
100 67
100 470
100 99
100 114
100 8
100 7
100 169
100 2
100 83
100 12
100 375
100 0
100 69
100 22
100 45
100 7
100 69
100 81
100 3
100 25
100 372
100 16
100 90
100 177
100 36
100 149
100 101
100 161
100 22
100 89
100 20
100 114
100 514
100 438
100 52
100 83
100 31
100 254
100 582
100 418
100 28
100 19
100 148
100 58
100 227
100 72
100 67
100 21
100 114
100 318
100 192
100 1
100 439
100 165
100 13
100 30
100 21
100 37
100 142
100 88
100 37
100 110
100 69
100 355
100 54
100 176
100 142
100 282
100 25
100 261
100 23
100 169
100 91
100 233
100 110
100 80
100 319
100 18
100 129
100 23
100 133
100 93
100 44
100 144
100 91
100 50
100 198
100 47
100 168
100 4
100 12
100 39
100 19
100 291
100 42
100 127
100 112
100 131
100 145
100 38
100 173
100 26
100 92
100 192
100 7
100 217
100 224
100 36
100 251
100 136
100 15
100 106
100 311
100 22
100 33
100 14
100 83
100 1053
100 175
100 69
100 128
100 53
100 569
100 196
100 0
100 19
100 44
100 100
100 94
100 593
100 39
100 0
100 45
100 179
100 106
100 31
100 337
100 104
100 50
100 269
100 271
100 20
100 240
100 76
100 181
100 222
100 159
100 76
100 53
100 104
100 210
100 135
100 1064
100 397
100 42
100 428
100 20
100 31
100 55
100 7
100 168
100 186
100 118
100 125
100 188
100 52
100 23
100 62
100 98
100 143
100 8
100 58
100 133
100 282
100 343
100 199
100 7
100 29
100 362
100 49
100 153
100 203
100 369
100 676
100 432
100 11
100 216
100 73
100 113
100 209
100 29
100 152
100 86
100 612
100 165
100 201
100 118
100 104
100 78
100 48
100 212
100 78
100 48
100 75
100 90
100 1
100 147
100 43
100 217
100 139
100 57
100 288
100 80
100 392
100 17
100 88
100 385
100 429
100 145
100 233
100 223
100 144
100 76
100 118
100 19
100 91
100 132
100 505
100 109
100 361
100 57
100 161
100 173
100 171
100 79
100 18
100 279
100 7
100 12
100 114
100 189
100 35
100 146
100 90
100 78
100 357
100 124
100 266
100 103
100 16
100 15
100 358
100 56
100 3
100 77
100 190
100 44
100 75
100 325
100 46
100 179
100 83
100 57
100 148
100 253
100 0
100 167
100 102
100 15
100 104
100 109
100 33
100 63
100 86
100 271
100 14
100 345
100 60
100 159
100 139
100 170
100 119
100 178
100 198
100 41
100 83
100 47
100 132
100 17
100 78
100 249
100 74
100 1
100 162
100 47
100 101
100 283
100 155
100 35
100 76
100 141
100 72
100 18
100 53
100 67
100 153
100 78
100 79
100 80
100 149
100 96
100 108
100 162
100 17
100 21
100 170
100 24
100 41
100 71
100 166
100 18
100 25
100 225
100 43
100 79
100 59
100 138
100 25
100 293
100 176
100 338
100 120
100 501
100 173
100 20
100 157
100 15
100 64
100 130
100 117
100 20
100 167
100 17
100 109
100 119
100 33
100 23
100 7
100 32
100 43
100 69
100 82
100 29
100 207
100 72
100 219
100 66
100 224
100 226
100 81
100 40
100 123
100 383
100 102
100 74
100 426
100 139
100 9
100 6
100 59
100 274
100 59
100 71
100 31
100 29
100 115
100 345
100 11
100 126
100 209
100 173
100 179
100 5
100 63
100 44
100 20
100 309
100 40
100 33
100 168
100 249
100 4
100 376
100 10
100 10
100 19
100 44
100 9
100 90
100 257
100 18
100 157
100 161
100 9
100 122
100 166
100 47
100 5
100 6
100 89
100 119
100 49
100 68
100 171
100 83
100 98
100 141
100 302
100 189
100 441
100 226
100 147
100 7
100 149
100 0
100 90
100 176
100 9
100 39
100 59
100 156
100 48
100 149
100 19
100 180
100 4
100 6
100 59
100 216
100 11
100 214
100 206
100 195
100 245
100 4
100 5
100 232
100 398
100 232
100 18
100 95
100 23
100 172
100 35
100 104
100 170
100 59
100 73
100 110
100 196
100 100
100 22
100 44
100 62
100 43
100 411
100 75
100 36
100 127
100 11
100 264
100 64
100 154
100 94
100 141
100 185
100 62
100 164
100 574
100 154
100 0
100 12
100 209
100 163
100 139
100 50
100 18
100 36
100 69
100 335
100 30
100 53
100 192
100 150
100 109
100 22
100 189
100 99
100 174
100 111
100 12
100 162
100 133
100 127
100 186
100 98
100 201
100 10
100 15
100 2
100 500
100 129
100 45
100 68
100 55
100 5
100 280
100 162
100 245
100 150
100 188
100 41
100 138
100 0
100 21
100 26
100 31
100 102
100 114
100 115
100 7
100 31
100 322
100 119
100 243
100 164
100 74
100 115
100 190
100 117
100 195
100 120
100 4
100 462
100 403
100 21
100 6
100 27
100 54
100 60
100 72
100 179
100 20
100 251
100 3
100 83
100 21
100 31
100 59
100 66
100 8
100 4
100 358
100 134
100 325
100 128
100 49
100 22
100 13
100 85
100 31
100 28
100 138
100 113
100 16
100 160
100 86
100 143
100 86
100 6
100 52
100 142
100 48
100 118
100 56
100 28
100 130
100 32
100 58
100 134
100 103
100 2
100 111
100 28
100 182
100 58
100 7
100 4
100 293
100 223
100 35
100 40
100 30
100 384
100 145
100 223
100 54
100 692
100 14
100 97
100 43
100 247
100 74
100 161
100 30
100 329
100 74
100 96
100 53
100 114
100 0
100 17
100 78
100 90
100 124
100 27
100 20
100 93
100 104
100 133
100 133
100 129
100 21
100 30
100 186
100 133
100 131
100 56
100 54
100 113
100 78
100 224
100 101
100 73
100 111
100 35
100 2
100 124
100 172
100 85
100 764
100 3
100 86
100 11
100 22
100 26
100 131
100 95
100 16
100 95
100 157
100 152
100 127
100 114
100 24
100 118
100 610
100 22
100 116
100 157
100 271
100 8
100 109
100 13
100 14
100 19
100 87
100 140
100 0
100 8
100 67
100 38
100 197
100 126
100 222
100 212
100 43
100 28
100 136
100 77
100 185
100 19
100 112
100 235
100 61
100 335
100 380
100 0
100 68
100 54
100 615
100 74
100 21
100 18
100 379
100 11
100 4
100 95
100 204
100 56
100 13
100 134
100 239
100 597
100 10
100 174
100 6
100 45
100 16
100 75
100 127
100 66
100 13
100 265
100 113
100 330
100 73
100 36
100 85
100 98
100 212
100 361
100 16
100 115
100 9
100 187
100 51
100 4
100 279
100 308
100 159
100 33
100 140
100 634
100 3
100 143
100 91
100 69
100 30
100 322
100 276
100 226
100 156
100 100
100 74
100 8
100 68
100 178
100 142
100 280
100 174
100 14
100 121
100 41
100 76
100 73
100 83
100 27
100 181
100 99
100 274
100 60
100 60
100 147
100 22
100 42
100 95
100 93
100 155
100 126
100 102
100 4
100 64
100 24
100 69
100 246
100 95
100 40
100 307
100 19
100 56
100 105
100 199
100 6
100 41
100 172
100 15
100 516
100 145
100 94
100 44
100 97
100 96
100 29
100 27
100 22
100 103
100 53
100 73
100 119
100 22
100 341
100 54
100 15
100 96
100 4
100 237
100 53
100 0
100 51
100 58
100 9
100 173
100 202
100 114
100 165
100 101
100 242
100 119
100 98
100 54
100 47
100 151
100 177
100 116
100 211
100 491
100 120
100 91
100 99
100 183
100 171
100 59
100 11
100 136
100 13
100 283
100 156
100 53
100 0
100 51
100 495
100 241
100 246
100 165
100 228
100 120
100 201
100 351
100 69
100 62
100 33
100 58
100 85
100 220
100 164
100 215
100 104
100 135
100 0
100 80
100 16
100 110
100 12
100 292
100 51
100 25
100 237
100 35
100 22
100 90
100 311
100 11
100 205
100 381
100 108
100 134
100 400
100 296
100 149
100 45
100 436
100 74
100 267
100 15
100 26
100 29
100 29
100 14
100 151
100 32
100 58
100 207
100 62
100 482
100 51
100 0
100 18
100 750
100 70
100 113
100 367
100 10
100 5
100 126
100 214
100 100
100 711
100 62
100 59
100 98
100 249
100 113
100 243
100 295
100 88
100 43
100 14
100 7
100 2
100 29
100 329
100 118
100 2
100 189
100 66
100 23
100 21
100 39
100 211
100 6
100 289
100 161
100 373
100 351
100 44
100 21
100 5
100 135
100 49
100 39
100 147
100 560
100 432
100 2
100 127
100 247
100 174
100 515
100 274
100 142
100 279
100 333
100 98
100 19
100 45
100 98
100 55
100 127
100 355
100 170
100 35
100 91
100 44
100 40
100 48
100 31
100 70
100 52
100 398
100 119
100 17
100 523
100 147
100 316
100 85
100 92
100 73
100 69
100 56
100 221
100 20
100 70
100 28
100 64
100 52
100 324
100 7
100 14
100 98
100 48
100 12
100 49
100 77
100 40
100 52
100 382
100 224
100 8
100 567
100 75
100 76
100 41
100 8
100 221
100 368
100 22
100 538
100 79
100 55
100 61
100 39
100 66
100 50
100 83
100 169
100 607
100 338
100 117
100 5
100 151
100 202
100 212
100 321
100 428
100 72
100 256
100 15
100 181
100 49
100 413
100 111
100 34
100 123
100 99
100 30
100 256
100 41
100 492
100 17
100 20
100 155
100 602
100 146
100 92
100 172
100 190
100 539
100 116
100 242
100 165
100 172
100 20
100 388
100 47
100 88
100 81
100 65
100 113
100 180
100 61
100 44
100 59
100 303
100 38
100 194
100 320
100 42
100 227
100 187
100 15
100 162
100 55
100 273
100 14
100 182
100 73
100 22
100 30
100 495
100 106
100 293
100 1
100 101
100 95
100 161
100 298
100 50
100 7
100 21
100 23
100 57
100 28
100 102
100 11
100 93
100 31
100 94
100 27
100 8
100 85
100 107
100 244
100 40
100 95
100 12
100 318
100 104
100 122
100 457
100 146
100 182
100 295
100 70
100 7
100 36
100 92
100 77
100 20
100 173
100 116
100 309
100 11
100 84
100 125
100 80
100 44
100 156
100 12
100 147
100 29
100 498
100 79
100 60
100 261
100 317
100 108
100 158
100 18
100 148
100 243
100 11
100 313
100 90
100 46
100 244
100 116
100 23
100 239
100 278
100 1
100 33
100 340
100 489
100 75
100 213
100 79
100 15
100 32
100 29
100 28
100 22
100 121
100 14
100 46
100 34
100 22
100 317
100 197
100 28
100 208
100 76
100 26
100 100
100 5
100 58
100 135
100 168
100 102
100 27
100 114
100 123
100 459
100 66
100 121
100 19
100 30
100 141
100 59
100 172
100 161
100 2
100 300
100 118
100 3
100 115
100 212
100 75
100 154
100 41
100 195
100 70
100 132
100 18
100 57
100 85
100 23
100 435
100 34
100 78
100 99
100 245
100 338
100 44
100 6
100 17
100 0
100 91
100 137
100 716
100 31
100 116
100 50
100 121
100 142
100 7
100 179
100 96
100 45
100 190
100 344
100 115
100 56
100 196
100 304
100 254
100 95
100 30
100 183
100 37
100 261
100 257
100 15
100 106
100 25
100 135
100 230
100 34
100 149
100 204
100 190
100 134
100 58
100 219
100 109
100 486
100 150
100 352
100 47
100 169
100 7
100 387
100 65
100 49
100 142
100 43
100 25
100 24
100 23
100 284
100 8
100 366
100 176
100 329
100 244
100 30
100 190
100 94
100 33
100 98
100 545
100 131
100 135
100 100
100 90
100 49
100 27
100 222
100 229
100 32
100 114
100 60
100 80
100 8
100 119
100 112
100 271
100 339
100 144
100 64
100 85
100 250
100 178
100 136
100 129
100 153
100 87
100 64
100 140
100 19
100 32
100 52
100 102
100 225
100 145
100 292
100 137
100 73
100 113
100 23
100 48
100 35
100 97
100 206
100 136
100 70
100 25
100 11
100 18
100 281
100 117
100 395
100 36
100 56
100 102
100 8
100 111
100 37
100 180
100 177
100 141
100 76
100 20
100 185
100 266
100 156
100 80
100 175
100 193
100 124
100 86
100 86
100 147
100 293
100 264
100 186
100 232
100 57
100 137
100 127
100 55
100 180
100 433
100 153
100 73
100 78
100 172
100 164
100 101
100 62
100 48
100 203
100 8
100 77
100 160
100 106
100 32
100 77
100 18
100 200
100 63
100 83
100 265
100 7
100 116
100 187
100 90
100 343
100 4
100 6
100 138
100 100
100 128
100 144
100 189
100 591
100 130
100 8
100 9
100 8
100 189
100 25
100 76
100 24
100 368
100 22
100 53
100 69
100 69
100 23
100 6
100 50
100 286
100 105
100 349
100 10
100 68
100 21
100 162
100 98
100 128
100 396
100 71
100 931
100 176
100 380
100 721
100 40
100 265
100 196
100 18
100 6
100 169
100 427
100 266
100 52
100 61
100 36
100 447
100 81
100 82
100 11
100 42
100 38
100 39
100 264
100 52
100 405
100 256
100 228
100 778
100 405
100 52
100 312
100 89
100 334
100 99
100 112
100 389
100 69
100 71
100 9
100 22
100 22
100 11
100 369
100 76
100 0
100 45
100 72
100 353
100 160
100 109
100 299
100 84
100 5
100 79
100 51
100 140
100 70
100 103
100 49
100 66
100 42
100 160
100 63
100 81
100 84
100 40
100 145
100 69
100 83
100 81
100 545
100 239
100 319
100 144
100 140
100 330
100 582
100 249
100 97
100 175
100 730
100 239
100 129
100 9
100 108
100 56
100 454
100 330
100 29
100 158
100 14
100 86
100 224
100 294
100 149
100 68
100 220
100 16
100 137
100 289
100 216
100 20
100 1
100 235
100 198
100 377
100 1
100 227
100 37
100 24
100 97
100 15
100 180
100 144
100 223
100 136
100 249
100 73
100 37
100 6
100 281
100 86
100 298
100 74
100 97
100 99
100 15
100 211
100 92
100 314
100 1
100 14
100 48
100 133
100 71
100 96
100 288
100 20
100 60
100 439
100 43
100 40
100 211
100 56
100 43
100 132
100 16
100 160
100 64
100 254
100 88
100 153
100 18
100 202
100 81
100 74
100 36
100 0
100 379
100 75
100 210
100 139
100 79
100 212
100 3
100 57
100 5
100 120
100 21
100 32
100 0
100 219
100 88
100 136
100 167
100 124
100 32
100 143
100 8
100 32
100 216
100 27
100 55
100 83
100 473
100 73
100 72
100 305
100 57
100 8
100 73
100 161
100 39
100 84
100 307
100 46
100 102
100 148
100 187
100 90
100 3
100 29
100 65
100 40
100 33
100 16
100 39
100 123
100 26
100 44
100 187
100 275
100 178
100 88
100 113
100 104
100 414
100 445
100 139
100 34
100 7
100 132
100 7
100 88
100 104
100 118
100 142
100 130
100 182
100 4
100 54
100 34
100 65
100 163
100 130
100 157
100 33
100 83
100 44
100 15
100 59
100 330
100 32
100 351
100 50
100 400
100 170
100 270
100 115
100 176
100 66
100 251
100 106
100 111
100 17
100 48
100 160
100 13
100 74
100 6
100 155
100 174
100 118
100 91
100 13
100 524
100 212
100 131
100 252
100 0
100 63
100 147
100 71
100 362
100 87
100 389
100 276
100 237
100 8
100 24
100 7
100 71
100 254
100 235
100 252
100 65
100 38
100 160
100 7
100 4
100 6
100 45
100 1
100 159
100 25
100 157
100 164
100 52
100 37
100 21
100 55
100 142
100 282
100 154
100 290
100 231
100 65
100 235
100 103
100 46
100 34
100 4
100 109
100 78
100 27
100 53
100 225
100 24
100 99
100 372
100 454
100 329
100 31
100 421
100 74
100 46
100 141
100 188
100 71
100 206
100 13
100 93
100 187
100 104
100 76
100 76
100 10
100 30
100 149
100 217
100 15
100 133
100 62
100 95
100 29
100 131
100 131
100 8
100 114
100 60
100 23
100 35
100 166
100 80
100 43
100 18
100 392
100 763
100 108
100 142
100 29
100 69
100 89
100 176
100 23
100 94
100 147
100 117
100 13
100 63
100 217
100 59
100 54
100 69
100 168
100 4
100 31
100 11
100 11
100 380
100 6
100 363
100 34
100 99
100 122
100 104
100 127
100 227
100 65
100 7
100 185
100 285
100 157
100 65
100 26
100 119
100 65
100 70
100 219
100 30
100 123
100 145
100 271
100 155
100 275
100 82
100 101
100 14
100 107
100 258
100 163
100 111
100 258
100 8
100 319
100 54
100 63
100 334
100 26
100 53
100 179
100 202
100 44
100 463
100 280
100 91
100 36
100 62
100 131
100 23
100 81
100 85
100 3
100 84
100 39
100 343
100 40
100 102
100 399
100 310
100 49
100 142
100 251
100 25
100 68
100 18
100 30
100 55
100 38
100 347
100 19
100 79
100 39
100 15
100 123
100 276
100 113
100 56
100 219
100 163
100 266
100 59
100 511
100 205
100 88
100 197
100 345
100 223
100 294
100 53
100 23
100 108
100 294
100 660
100 179
100 160
100 39
100 9
100 119
100 327
100 39
100 141
100 139
100 3
100 0
100 73
100 77
100 42
100 24
100 446
100 100
100 161
100 55
100 7
100 53
100 153
100 112
100 33
100 71
100 7
100 156
100 2
100 363
100 39
100 185
100 39
100 208
100 18
100 146
100 113
100 51
100 22
100 53
100 195
100 267
100 308
100 21
100 141
100 28
100 105
100 36
100 460
100 142
100 53
100 90
100 35
100 108
100 282
100 5
100 5
100 134
100 154
100 149
100 86
100 53
100 374
100 44
100 401
100 23
100 49
100 12
100 193
100 263
100 135
100 191
100 0
100 23
100 164
100 41
100 13
100 73
100 55
100 108
100 19
100 7
100 0
100 16
100 34
100 52
100 1
100 106
100 27
100 259
100 19
100 348
100 0
100 73
100 144
100 42
100 95
100 163
100 91
100 77
100 10
100 7
100 105
100 328
100 141
100 14
100 218
100 66
100 240
100 205
100 123
100 258
100 12
100 1
100 193
100 506
100 27
100 88
100 5
100 70
100 49
100 140
100 217
100 38
100 49
100 275
100 65
100 22
100 137
100 153
100 304
100 11
100 240
100 14
100 12
100 2
100 49
100 40
100 516
100 42
100 116
100 130
100 588
100 12
100 54
100 80
100 30
100 7
100 87
100 88
100 93
100 169
100 103
100 2
100 235
100 132
100 37
100 268
100 9
100 8
100 201
100 20
100 219
100 35
100 36
100 65
100 133
100 125
100 69
100 3
100 29
100 12
100 205
100 207
100 186
100 28
100 237
100 59
100 19
100 52
100 45
100 49
100 44
100 6
100 442
100 315
100 66
100 174
100 15
100 43
100 54
100 75
100 65
100 56
100 30
100 82
100 16
100 29
100 7
100 132
100 39
100 26
100 8
100 102
100 91
100 9
100 116
100 703
100 162
100 162
100 213
100 76
100 71
100 49
100 114
100 170
100 42
100 733
100 245
100 488
100 62
100 56
100 66
100 353
100 30
100 12
100 41
100 6
100 59
100 5
100 18
100 18
100 126
100 37
100 116
100 351
100 32
100 104
100 9
100 9
100 122
100 240
100 39
100 202
100 1
100 622
100 216
100 17
100 179
100 67
100 112
100 30
100 25
100 83
100 26
100 90
100 144
100 7
100 12
100 165
100 17
100 122
100 44
100 77
100 32
100 49
100 409
100 268
100 99
100 24
100 146
100 466
100 82
100 134
100 20
100 23
100 99
100 58
100 268
100 69
100 136
100 35
100 27
100 197
100 55
100 110
100 147
100 23
100 244
100 19
100 135
100 168
100 114
100 339
100 78
100 217
100 289
100 74
100 13
100 296
100 99
100 211
100 64
100 90
100 414
100 168
100 14
100 84
100 57
100 216
100 20
100 131
100 32
100 89
100 34
100 55
100 10
100 313
100 3
100 158
100 28
100 20
100 126
100 99
100 79
100 15
100 163
100 119
100 332
100 74
100 47
100 192
100 17
100 131
100 9
100 13
100 49
100 24
100 46
100 97
100 123
100 98
100 22
100 4
100 170
100 69
100 81
100 60
100 108
100 156
100 154
100 81
100 3
100 12
100 209
100 85
100 10
100 13
100 333
100 135
100 48
100 6
100 78
100 11
100 198
100 20
100 331
100 19
100 349
100 79
100 93
100 8
100 97
100 131
100 34
100 44
100 161
100 87
100 404
100 118
100 253
100 98
100 93
100 21
100 190
100 74
100 44
100 41
100 17
100 152
100 74
100 2
100 223
100 152
100 491
100 599
100 23
100 26
100 182
100 46
100 374
100 228
100 217
100 25
100 14
100 4
100 51
100 265
100 119
100 54
100 162
100 93
100 115
100 219
100 227
100 166
100 10
100 163
100 150
100 174
100 236
100 233
100 267
100 332
100 27
100 96
100 56
100 90
100 56
100 302
100 316
100 10
100 278
100 132
100 114
100 138
100 99
100 8
100 212
100 525
100 9
100 30
100 228
100 8
100 209
100 8
100 0
100 233
100 114
100 26
100 112
100 191
100 28
100 65
100 65
100 70
100 214
100 7
100 87
100 78
100 140
100 35
100 26
100 23
100 429
100 93
100 369
100 139
100 155
100 143
100 64
100 88
100 108
100 85
100 373
100 133
100 24
100 66
100 44
100 11
100 41
100 207
100 64
100 311
100 111
100 20
100 107
100 21
100 206
100 9
100 31
100 520
100 54
100 48
100 182
100 385
100 12
100 113
100 224
100 20
100 1
100 241
100 115
100 104
100 82
100 43
100 21
100 15
100 216
100 39
100 588
100 211
100 747
100 76
100 36
100 12
100 68
100 11
100 86
100 173
100 30
100 6
100 115
100 283
100 186
100 183
100 82
100 202
100 107
100 9
100 139
100 589
100 45
100 24
100 488
100 98
100 205
100 12
100 204
100 46
100 24
100 16
100 10
100 284
100 52
100 229
100 39
100 53
100 423
100 137
100 250
100 21
100 81
100 91
100 1
100 255
100 33
100 556
100 8
100 20
100 24
100 480
100 102
100 256
100 49
100 76
100 36
100 114
100 20
100 10
100 76
100 119
100 17
100 68
100 14
100 52
100 142
100 219
100 173
100 94
100 21
100 126
100 113
100 84
100 34
100 41
100 17
100 29
100 130
100 74
100 56
100 4
100 91
100 34
100 141
100 52
100 204
100 12
100 93
100 101
100 18
100 92
100 363
100 132
100 55
100 633
100 40
100 44
100 243
100 313
100 96
100 46
100 8
100 0
100 59
100 36
100 36
100 116
100 29
100 13
100 93
100 130
100 4
100 83
100 403
100 228
100 177
100 63
100 146
100 99
100 88
100 15
100 90
100 68
100 241
100 284
100 83
100 5
100 31
100 35
100 127
100 19
100 22
100 163
100 469
100 154
100 173
100 33
100 103
100 43
100 50
100 38
100 280
100 669
100 33
100 359
100 0
100 71
100 45
100 41
100 9
100 126
100 3
100 4
100 2
100 556
100 54
100 263
100 152
100 160
100 71
100 193
100 73
100 34
100 91
100 59
100 27
100 14
100 33
100 17
100 485
100 111
100 639
100 155
100 257
100 682
100 4
100 71
100 10
100 264
100 44
100 1
100 18
100 16
100 159
100 94
100 103
100 39
100 25
100 174
100 117
100 14
100 119
100 57
100 113
100 2
100 310
100 49
100 2
100 120
100 216
100 198
100 226
100 20
100 303
100 15
100 42
100 184
100 27
100 107
100 27
100 268
100 29
100 200
100 63
100 214
100 20
100 14
100 71
100 135
100 2
100 17
100 139
100 255
100 95
100 127
100 358
100 27
100 47
100 262
100 408
100 155
100 122
100 252
100 450
100 114
100 38
100 55
100 14
100 20
100 0
100 114
100 60
100 46
100 339
100 486
100 11
100 12
100 147
100 106
100 6
100 11
100 288
100 15
100 8
100 235
100 58
100 159
100 393
100 30
100 45
100 49
100 76
100 85
100 75
100 15
100 160
100 5
100 23
100 811
100 61
100 282
100 34
100 2
100 230
100 144
100 598
100 11
100 8
100 381
100 20
100 76
100 254
100 30
100 58
100 93
100 215
100 13
100 193
100 84
100 132
100 43
100 372
100 152
100 14
100 22
100 1
100 20
100 19
100 149
100 56
100 43
100 145
100 80
100 116
100 95
100 180
100 108
100 112
100 330
100 111
100 145
100 81
100 21
100 116
100 118
100 124
100 235
100 37
100 187
100 256
100 18
100 369
100 61
100 73
100 232
100 214
100 12
100 191
100 82
100 98
100 47
100 176
100 128
100 70
100 249
100 13
100 15
100 190
100 80
100 75
100 36
100 182
100 121
100 421
100 63
100 177
100 269
100 21
100 1
100 202
100 99
100 426
100 48
100 169
100 84
100 240
100 240
100 147
100 174
100 151
100 18
100 134
100 143
100 10
100 48
100 170
100 116
100 267
100 43
100 252
100 160
100 71
100 2
100 26
100 48
100 177
100 53
100 3
100 38
100 78
100 514
100 217
100 148
100 48
100 122
100 312
100 168
100 72
100 265
100 3
100 97
100 58
100 153
100 124
100 263
100 87
100 203
100 43
100 179
100 6
100 43
100 48
100 226
100 52
100 75
100 548
100 186
100 293
100 40
100 510
100 52
100 8
100 196
100 349
100 194
100 86
100 4
100 8
100 711
100 27
100 113
100 112
100 105
100 48
100 202
100 95
100 207
100 667
100 105
100 153
100 117
100 214
100 33
100 205
100 435
100 18
100 282
100 301
100 225
100 11
100 109
100 174
100 98
100 158
100 15
100 66
100 3
100 386
100 11
100 82
100 15
100 210
100 222
100 6
100 136
100 109
100 229
100 113
100 399
100 54
100 122
100 0
100 92
100 143
100 66
100 39
100 21
100 81
100 10
100 288
100 44
100 75
100 231
100 328
100 94
100 48
100 5
100 159
100 147
100 28
100 51
100 4
100 133
100 212
100 166
100 1
100 29
100 112
100 91
100 194
100 174
100 136
100 443
100 232
100 119
100 80
100 727
100 5
100 317
100 237
100 244
100 278
100 105
100 115
100 127
100 41
100 56
100 142
100 193
100 450
100 35
100 295
100 9
100 258
100 85
100 394
100 70
100 99
100 76
100 83
100 5
100 44
100 220
100 14
100 5
100 475
100 35
100 66
100 247
100 107
100 12
100 424
100 123
100 163
100 87
100 72
100 488
100 84
100 77
100 141
100 2
100 485
100 285
100 176
100 2
100 51
100 14
100 204
100 574
100 32
100 244
100 7
100 280
100 32
100 113
100 166
100 47
100 363
100 70
100 150
100 43
100 281
100 45
100 347
100 116
100 130
100 218
100 168
100 86
100 243
100 101
100 52
100 35
100 70
100 108
100 162
100 111
100 69
100 373
100 241
100 73
100 11
100 60
100 182
100 23
100 83
100 3
100 57
100 36
100 91
100 289
100 277
100 36
100 68
100 229
100 20
100 98
100 40
100 69
100 107
100 65
100 113
100 132
100 254
100 92
100 167
100 287
100 29
100 50
100 119
100 571
100 8
100 0
100 0
100 25
100 149
100 34
100 18
100 161
100 121
100 89
100 110
100 53
100 91
100 34
100 109
100 627
100 15
100 112
100 303
100 213
100 76
100 88
100 119
100 201
100 47
100 29
100 171
100 139
100 76
100 414
100 2
100 216
100 102
100 290
100 260
100 195
100 207
100 27
100 97
100 180
100 471
100 0
100 119
100 340
100 58
100 144
100 391
100 54
100 151
100 40
100 49
100 47
100 40
100 137
100 205
100 372
100 16
100 581
100 27
100 118
100 522
100 359
100 224
100 21
100 62
100 29
100 223
100 132
100 30
100 16
100 134
100 193
100 4
100 18
100 36
100 37
100 52
100 30
100 2
100 28
100 75
100 264
100 164
100 22
100 24
100 74
100 71
100 100
100 459
100 37
100 202
100 87
100 51
100 207
100 119
100 436
100 57
100 701
100 187
100 161
100 59
100 698
100 9
100 308
100 93
100 130
100 50
100 62
100 76
100 442
100 160
100 8
100 84
100 50
100 27
100 24
100 94
100 48
100 167
100 29
100 102
100 68
100 4
100 3
100 303
100 25
100 172
100 163
100 19
100 150
100 296
100 152
100 146
100 218
100 107
100 1
100 151
100 40
100 245
100 14
100 68
100 97
100 77
100 21
100 433
100 80
100 59
100 64
100 84
100 63
100 60
100 34
100 44
100 122
100 48
100 12
100 315
100 383
100 82
100 22
100 144
100 596
100 13
100 73
100 513
100 61
100 5
100 54
100 2
100 45
100 275
100 168
100 40
100 161
100 91
100 1
100 45
100 8
100 189
100 158
100 196
100 33
100 9
100 14
100 130
100 159
100 281
100 77
100 7
100 2
100 132
100 35
100 333
100 33
100 134
100 82
100 8
100 0
100 31
100 45
100 50
100 265
100 10
100 274
100 78
100 179
100 506
100 22
100 46
100 37
100 58
100 344
100 131
100 337
100 10
100 67
100 248
100 33
100 56
100 243
100 172
100 27
100 94
100 146
100 93
100 10
100 39
100 126
100 62
100 70
100 65
100 182
100 32
100 16
100 200
100 348
100 42
100 116
100 130
100 238
100 147
100 23
100 158
100 123
100 67
100 174
100 58
100 75
100 24
100 69
100 85
100 145
100 646
100 242
100 24
100 140
100 1
100 26
100 77
100 29
100 83
100 39
100 46
100 156
100 25
100 186
100 95
100 376
100 258
100 120
100 307
100 179
100 205
100 16
100 152
100 72
100 27
100 399
100 250
100 112
100 34
100 488
100 65
100 39
100 129
100 330
100 139
100 13
100 16
100 275
100 2
100 62
100 67
100 209
100 202
100 87
100 114
100 267
100 20
100 110
100 56
100 21
100 47
100 36
100 460
100 418
100 71
100 188
100 53
100 20
100 85
100 98
100 62
100 200
100 162
100 53
100 266
100 94
100 218
100 614
100 41
100 14
100 165
100 180
100 70
100 91
100 51
100 21
100 148
100 75
100 280
100 477
100 22
100 8
100 47
100 139
100 37
100 95
100 2
100 49
100 77
100 262
100 34
100 257
100 172
100 73
100 12
100 115
100 406
100 221
100 317
100 0
100 14
100 4
100 109
100 108
100 98
100 113
100 272
100 35
100 59
100 227
100 62
100 120
100 224
100 17
100 100
100 146
100 35
100 97
100 50
100 321
100 16
100 55
100 6
100 81
100 107
100 320
100 247
100 100
100 293
100 147
100 526
100 202
100 158
100 122
100 577
100 18
100 21
100 205
100 8
100 479
100 229
100 6
100 76
100 102
100 34
100 55
100 196
100 185
100 196
100 54
100 139
100 282
100 99
100 410
100 279
100 14
100 33
100 108
100 93
100 55
100 58
100 50
100 65
100 542
100 14
100 65
100 137
100 72
100 54
100 8
100 267
100 0
100 262
100 103
100 197
100 32
100 83
100 7
100 35
100 248
100 18
100 187
100 27
100 66
100 70
100 162
100 99
100 208
100 171
100 61
100 68
100 573
100 112
100 65
100 88
100 86
100 194
100 71
100 90
100 113
100 342
100 150
100 212
100 118
100 297
100 333
100 149
100 31
100 105
100 66
100 150
100 36
100 116
100 31
100 2
100 60
100 169
100 183
100 103
100 259
100 15
100 437
100 105
100 9
100 108
100 157
100 57
100 89
100 16
100 74
100 121
100 204
100 15
100 14
100 56
100 58
100 311
100 67
100 38
100 13
100 130
100 320
100 132
100 221
100 100
100 66
100 31
100 170
100 6
100 10
100 1
100 10
100 102
100 50
100 111
100 22
100 152
100 98
100 141
100 259
100 18
100 5
100 383
100 19
100 11
100 51
100 26
100 75
100 67
100 103
100 493
100 143
100 376
100 98
100 220
100 12
100 52
100 158
100 104
100 71
100 231
100 31
100 392
100 61
100 26
100 18
100 91
100 143
100 279
100 308
100 79
100 201
100 358
100 199
100 2
100 279
100 118
100 22
100 118
100 50
100 162
100 473
100 97
100 25
100 43
100 42
100 0
100 76
100 42
100 5
100 83
100 32
100 27
100 1
100 123
100 17
100 94
100 88
100 184
100 18
100 13
100 354
100 136
100 149
100 143
100 91
100 20
100 75
100 36
100 142
100 72
100 165
100 182
100 180
100 173
100 132
100 142
100 107
100 92
100 11
100 85
100 150
100 49
100 69
100 14
100 162
100 292
100 147
100 22
100 186
100 157
100 112
100 262
100 38
100 313
100 23
100 42
100 128
100 109
100 57
100 10
100 33
100 370
100 22
100 59
100 24
100 90
100 308
100 137
100 101
100 40
100 163
100 109
100 48
100 15
100 10
100 290
100 296
100 71
100 196
100 260
100 5
100 19
100 185
100 68
100 17
100 91
100 220
100 142
100 100
100 240
100 81
100 62
100 6
100 205
100 515
100 128
100 521
100 198
100 269
100 36
100 130
100 43
100 60
100 586
100 12
100 38
100 170
100 74
100 143
100 278
100 19
100 1156
100 25
100 7
100 232
100 82
100 290
100 291
100 36
100 167
100 105
100 129
100 603
100 257
100 191
100 120
100 15
100 42
100 149
100 79
100 131
100 21
100 40
100 139
100 2
100 223
100 412
100 176
100 123
100 295
100 35
100 70
100 284
100 44
100 2
100 171
100 55
100 4
100 26
100 234
100 309
100 37
100 99
100 173
100 6
100 67
100 40
100 97
100 149
100 10
100 15
100 42
100 61
100 167
100 25
100 21
100 40
100 111
100 149
100 78
100 207
100 33
100 11
100 117
100 473
100 81
100 13
100 38
100 83
100 195
100 42
100 142
100 13
100 118
100 14
100 14
100 21
100 26
100 146
100 193
100 418
100 28
100 52
100 37
100 63
100 189
100 32
100 100
100 548
100 129
100 56
100 519
100 359
100 116
100 318
100 231
100 59
100 63
100 276
100 37
100 201
100 60
100 211
100 32
100 2
100 23
100 115
100 213
100 25
100 0
100 254
100 145
100 135
100 4
100 66
100 12
100 234
100 20
100 53
100 301
100 33
100 38
100 83
100 84
100 114
100 72
100 279
