100 200
100 35
100 64
100 67
100 158
100 17
100 78
100 122
100 34
100 7
100 37
100 49
100 209
100 77
100 54
100 12
100 100
100 13
100 23
100 69
100 56
100 179
100 32
100 131
100 154
100 192
100 97
100 118
100 28
100 161
100 274
100 96
100 314
100 56
100 27
100 31
100 74
100 206
100 15
100 83
100 376
100 192
100 225
100 132
100 7
100 19
100 2
100 71
100 17
100 13
100 293
100 182
100 63
100 32
100 162
100 12
100 15
100 20
100 87
100 41
100 182
100 4
100 60
100 52
100 210
100 164
100 266
100 156
100 9
100 137
100 13
100 25
100 13
100 525
100 155
100 27
100 12
100 53
100 295
100 77
100 15
100 273
100 14
100 16
100 1
100 29
100 46
100 1
100 55
100 19
100 112
100 8
100 5
100 100
100 216
100 2
100 176
100 157
100 71
100 110
100 273
100 72
100 120
100 2
100 27
100 64
100 61
100 39
100 0
100 103
100 230
100 4
100 108
100 55
100 133
100 24
100 80
100 158
100 8
100 7
100 75
100 101
100 94
100 113
100 29
100 76
100 81
100 76
100 37
100 231
100 207
100 219
100 65
100 18
100 9
100 14
100 46
100 242
100 89
100 1
100 53
100 235
100 35
100 28
100 18
100 133
100 212
100 8
100 95
100 301
100 75
100 74
100 126
100 377
100 38
100 12
100 7
100 3
100 165
100 233
100 314
100 235
100 143
100 24
100 57
100 7
100 137
100 8
100 16
100 234
100 114
100 102
100 51
100 111
100 236
100 95
100 134
100 8
100 108
100 18
100 110
100 17
100 52
100 151
100 6
100 91
100 258
100 0
100 114
100 275
100 16
100 47
100 92
100 160
100 157
100 2
100 258
100 91
100 28
100 7
100 127
100 30
100 50
100 113
100 454
100 145
100 256
100 63
100 48
100 6
100 236
100 56
100 1
100 43
100 94
100 24
100 21
100 2
100 39
100 163
100 267
100 21
100 130
100 41
100 9
100 98
100 108
100 229
100 173
100 9
100 49
100 69
100 87
100 182
100 217
100 74
100 3
100 33
100 11
100 87
100 5
100 44
100 18
100 128
100 120
100 12
100 162
100 43
100 41
100 14
100 19
100 7
100 27
100 22
100 54
100 21
100 289
100 129
100 119
100 252
100 53
100 32
100 191
100 101
100 197
100 99
100 0
100 16
100 98
100 26
100 74
100 197
100 159
100 8
100 65
100 22
100 1
100 18
100 42
100 30
100 86
100 81
100 229
100 15
100 219
100 93
100 33
100 38
100 32
100 82
100 56
100 20
100 27
100 10
100 101
100 75
100 103
100 503
100 36
100 51
100 90
100 67
100 515
100 22
100 35
100 174
100 77
100 229
100 15
100 38
100 20
100 180
100 12
100 5
100 46
100 122
100 109
100 268
100 50
100 48
100 29
100 11
100 38
100 135
100 0
100 36
100 164
100 42
100 197
100 49
100 175
100 24
100 31
100 27
100 185
100 140
100 45
100 13
100 21
100 95
100 31
100 76
100 133
100 135
100 6
100 19
100 69
100 40
100 101
100 52
100 12
100 69
100 83
100 8
100 17
100 57
100 176
100 59
100 157
100 107
100 67
100 73
100 48
100 245
100 280
100 46
100 13
100 70
100 186
100 75
100 11
100 52
100 55
100 14
100 63
100 138
100 48
100 293
100 2
100 19
100 237
100 14
100 32
100 35
100 52
100 79
100 73
100 68
100 66
100 88
100 114
100 66
100 48
100 13
100 227
100 57
100 68
100 300
100 285
100 52
100 117
100 18
100 96
100 6
100 161
100 3
100 92
100 23
100 73
100 161
100 142
100 429
100 376
100 222
100 435
100 102
100 55
100 63
100 282
100 293
100 198
100 61
100 18
100 8
100 140
100 180
100 7
100 42
100 60
100 408
100 26
100 164
100 80
100 372
100 15
100 200
100 366
100 16
100 401
100 50
100 532
100 180
100 61
100 42
100 61
100 108
100 197
100 1
100 168
100 157
100 363
100 160
100 170
100 307
100 34
100 174
100 33
100 208
100 201
100 311
100 51
100 340
100 385
100 23
100 91
100 21
100 130
100 22
100 54
100 245
100 155
100 161
100 40
100 142
100 38
100 38
100 202
100 456
100 254
100 14
100 18
100 197
100 154
100 16
100 94
100 345
100 98
100 378
100 15
100 34
100 53
100 47
100 12
100 106
100 36
100 170
100 166
100 25
100 28
100 270
100 13
100 58
100 90
100 84
100 101
100 182
100 148
100 222
100 115
100 133
100 22
100 51
100 129
100 13
100 31
100 134
100 77
100 263
100 55
100 41
100 80
100 33
100 144
100 19
100 141
100 155
100 164
100 183
100 4
100 103
100 101
100 57
100 19
100 67
100 42
100 155
100 153
100 35
100 241
100 228
100 181
100 94
100 31
100 61
100 6
100 8
100 133
100 62
100 8
100 23
100 195
100 70
100 42
100 26
100 98
100 81
100 40
100 4
100 117
100 23
100 36
100 34
100 119
100 153
100 50
100 133
100 98
100 361
100 196
100 414
100 5
100 190
100 71
100 71
100 110
100 92
100 41
100 133
100 120
100 62
100 124
100 210
100 123
100 86
100 216
100 75
100 83
100 260
100 49
100 57
100 139
100 124
100 81
100 46
100 99
100 1
100 116
100 18
100 63
100 354
100 25
100 39
100 160
100 7
100 311
100 14
100 174
100 9
100 16
100 184
100 19
100 10
100 76
100 11
100 50
100 74
100 116
100 141
100 6
100 48
100 22
100 29
100 124
100 283
100 96
100 52
100 31
100 8
100 169
100 11
100 34
100 73
100 30
100 52
100 115
100 61
100 0
100 57
100 80
100 56
100 48
100 106
100 36
100 137
100 218
100 30
100 134
100 12
100 222
100 55
100 19
100 63
100 128
100 112
100 39
100 98
100 141
100 78
100 137
100 54
100 146
100 97
100 160
100 62
100 64
100 131
100 79
100 65
100 288
100 226
100 47
100 20
100 144
100 17
100 122
100 54
100 49
100 74
100 234
100 75
100 93
100 102
100 98
100 89
100 360
100 7
100 28
100 172
100 126
100 31
100 60
100 77
100 90
100 189
100 234
100 140
100 79
100 1
100 123
100 41
100 129
100 41
100 410
100 36
100 321
100 22
100 171
100 35
100 80
100 23
100 70
100 110
100 142
100 279
100 265
100 0
100 54
100 18
100 71
100 83
100 210
100 269
100 141
100 52
100 28
100 76
100 124
100 61
100 3
100 120
100 266
100 54
100 12
100 119
100 113
100 156
100 254
100 28
100 149
100 29
100 7
100 44
100 42
100 456
100 9
100 149
100 53
100 28
100 307
100 165
100 155
100 172
100 42
100 129
100 11
100 45
100 194
100 0
100 66
100 236
100 4
100 3
100 170
100 6
100 12
100 110
100 213
100 103
100 33
100 86
100 50
100 80
100 75
100 44
100 9
100 32
100 36
100 144
100 95
100 107
100 34
100 400
100 160
100 189
100 22
100 189
100 192
100 71
100 129
100 17
100 175
100 92
100 66
100 319
100 152
100 130
100 60
100 109
100 140
100 11
100 104
100 138
100 0
100 44
100 14
100 326
100 37
100 427
100 253
100 54
100 8
100 137
100 44
100 215
100 118
100 13
100 50
100 19
100 129
100 41
100 24
100 51
100 22
100 59
100 109
100 24
100 22
100 68
100 114
100 116
100 10
100 165
100 45
100 108
100 79
100 110
100 43
100 16
100 57
100 111
100 139
100 85
100 86
100 207
100 78
100 29
100 203
100 58
100 175
100 107
100 113
100 30
100 31
100 71
100 148
100 29
100 60
100 31
100 63
100 224
100 147
100 201
100 166
100 234
100 81
100 17
100 61
100 91
100 11
100 150
100 99
100 156
100 0
100 67
100 63
100 104
100 94
100 231
100 1
100 353
100 83
100 127
100 110
100 5
100 163
100 21
100 19
100 124
100 7
100 2
100 118
100 1
100 166
100 69
100 42
100 195
100 6
100 190
100 6
100 40
100 26
100 12
100 5
100 51
100 9
100 78
100 11
100 49
100 46
100 85
100 3
100 47
100 402
100 79
100 163
100 39
100 7
100 110
100 18
100 8
100 173
100 145
100 76
100 18
100 98
100 226
100 93
100 251
100 102
100 59
100 127
100 13
100 58
100 324
100 17
100 359
100 10
100 163
100 6
100 7
100 6
100 48
100 141
100 176
100 41
100 61
100 425
100 133
100 677
100 71
100 47
100 36
100 259
100 219
100 188
100 10
100 156
100 82
100 16
100 42
100 14
100 58
100 51
100 78
100 398
100 358
100 62
100 64
100 126
100 79
100 109
100 354
100 16
100 167
100 28
100 147
100 350
100 11
100 5
100 113
100 205
100 1
100 44
100 70
100 67
100 67
100 80
100 41
100 4
100 70
100 37
100 787
100 9
100 52
100 113
100 91
100 14
100 6
100 55
100 138
100 7
100 47
100 44
100 44
100 6
100 112
100 108
100 136
100 250
100 41
100 21
100 182
100 47
100 341
100 67
100 13
100 111
100 83
100 145
100 95
100 129
100 137
100 41
100 139
100 274
100 8
100 55
100 161
100 295
100 67
100 58
100 117
100 14
100 62
100 19
100 263
100 23
100 25
100 203
100 13
100 59
100 78
100 33
100 17
100 53
100 139
100 114
100 47
100 345
100 4
100 50
100 47
100 229
100 189
100 71
100 73
100 77
100 17
100 288
100 51
100 73
100 37
100 143
100 12
100 443
100 297
100 77
100 22
100 7
100 68
100 17
100 177
100 2
100 16
100 43
100 435
100 157
100 215
100 170
100 66
100 57
100 111
100 191
100 12
100 8
100 190
100 268
100 230
100 133
100 57
100 4
100 15
100 86
100 216
100 28
100 174
100 129
100 108
100 17
100 149
100 70
100 125
100 33
100 14
100 55
100 85
100 33
100 72
100 19
100 353
100 46
100 176
100 178
100 32
100 423
100 3
100 38
100 4
100 253
100 122
100 16
100 190
100 77
100 84
100 254
100 152
100 21
100 103
100 61
100 19
100 112
100 75
100 40
100 23
100 27
100 136
100 11
100 0
100 139
100 107
100 13
100 171
100 45
100 5
100 163
100 134
100 20
100 13
100 254
100 108
100 158
100 275
100 54
100 37
100 69
100 149
100 29
100 30
100 82
100 91
100 60
100 102
100 85
100 161
100 313
100 0
100 426
100 132
100 169
100 426
100 71
100 179
100 131
100 191
100 122
100 36
100 82
100 100
100 6
100 65
100 34
100 7
100 48
100 142
100 105
100 43
100 250
100 218
100 40
100 81
100 111
100 23
100 30
100 23
100 203
100 291
100 14
100 25
100 16
100 8
100 26
100 93
100 140
100 131
100 611
100 131
100 22
100 107
100 175
100 163
100 15
100 86
100 198
100 109
100 92
100 42
100 79
100 322
100 94
100 43
100 48
100 28
100 1
100 4
100 33
100 174
100 177
100 190
100 280
100 171
100 51
100 18
100 9
100 113
100 179
100 108
100 6
100 35
100 70
100 83
100 272
100 151
100 183
100 37
100 202
100 115
100 195
100 107
100 77
100 58
100 91
100 44
100 164
100 146
100 226
100 121
100 93
100 58
100 143
100 56
100 179
100 100
100 29
100 47
100 56
100 81
100 53
100 130
100 22
100 16
100 25
100 105
100 73
100 132
100 276
100 10
100 82
100 3
100 420
100 3
100 117
100 93
100 86
100 16
100 106
100 59
100 185
100 394
100 17
100 318
100 160
100 14
100 29
100 17
100 569
100 40
100 22
100 16
100 176
100 89
100 7
100 128
100 5
100 97
100 2
100 82
100 31
100 96
100 56
100 422
100 42
100 195
100 16
100 3
100 203
100 229
100 105
100 278
100 0
100 8
100 6
100 33
100 15
100 29
100 115
100 105
100 39
100 77
100 115
100 95
100 95
100 41
100 11
100 14
100 120
100 49
100 11
100 11
100 53
100 152
100 40
100 30
100 43
100 4
100 91
100 114
100 38
100 246
100 5
100 68
100 49
100 121
100 4
100 26
100 284
100 19
100 51
100 37
100 2
100 59
100 74
100 54
100 48
100 13
100 117
100 256
100 92
100 152
100 135
100 117
100 34
100 366
100 216
100 112
100 86
100 185
100 47
100 103
100 254
100 266
100 69
100 106
100 10
100 55
100 121
100 871
100 132
100 7
100 83
100 38
100 6
100 21
100 55
100 6
100 51
100 57
100 88
100 123
100 49
100 109
100 43
100 1
100 180
100 195
100 61
100 138
100 79
100 56
100 31
100 77
100 255
100 293
100 175
100 2
100 181
100 142
100 79
100 64
100 94
100 55
100 195
100 111
100 166
100 24
100 56
100 23
100 225
100 47
100 269
100 327
100 38
100 143
100 21
100 81
100 106
100 29
100 48
100 162
100 99
100 122
100 75
100 43
100 555
100 46
100 16
100 49
100 86
100 84
100 91
100 92
100 126
100 227
100 392
100 29
100 76
100 113
100 84
100 8
100 55
100 36
100 94
100 50
100 92
100 15
100 231
100 62
100 120
100 77
100 14
100 13
100 24
100 113
100 240
100 20
100 143
100 43
100 169
100 7
100 84
100 26
100 99
100 3
100 26
100 124
100 108
100 35
100 0
100 136
100 92
100 139
100 59
100 5
100 62
100 73
100 21
100 361
100 112
100 94
100 0
100 98
100 1
100 274
100 27
100 29
100 32
100 19
100 7
100 155
100 4
100 206
100 157
100 11
100 28
100 115
100 109
100 14
100 230
100 205
100 7
100 30
100 96
100 61
100 153
100 81
100 14
100 203
100 35
100 75
100 201
100 301
100 177
100 403
100 122
100 234
100 101
100 37
100 84
100 165
100 59
100 72
100 110
100 99
100 31
100 197
100 203
100 389
100 3
100 13
100 28
100 47
100 21
100 51
100 8
100 13
100 9
100 23
100 86
100 11
100 155
100 39
100 83
100 414
100 243
100 212
100 34
100 70
100 47
100 76
100 136
100 396
100 116
100 12
100 53
100 25
100 135
100 65
100 89
100 43
100 141
100 131
100 156
100 0
100 13
100 52
100 44
100 8
100 77
100 52
100 48
100 41
100 63
100 194
100 11
100 50
100 91
100 71
100 1
100 8
100 161
100 33
100 132
100 37
100 2
100 2
100 121
100 21
100 95
100 287
100 56
100 15
100 130
100 75
100 103
100 66
100 189
100 30
100 116
100 42
100 128
100 3
100 125
100 16
100 45
100 352
100 39
100 11
100 395
100 228
100 64
100 287
100 198
100 25
100 30
100 237
100 317
100 161
100 25
100 141
100 240
100 2
100 56
100 193
100 37
100 32
100 70
100 59
100 129
100 60
100 13
100 3
100 85
100 6
100 35
100 0
100 79
100 51
100 26
100 4
100 48
100 40
100 137
100 181
100 116
100 135
100 18
100 142
100 26
100 38
100 169
100 104
100 133
100 27
100 113
100 485
100 250
100 158
100 99
100 70
100 32
100 15
100 160
100 18
100 495
100 39
100 651
100 39
100 274
100 33
100 89
100 1
100 200
100 113
100 7
100 145
100 15
100 308
100 58
100 83
100 5
100 110
100 123
100 230
100 29
100 205
100 105
100 122
100 124
100 5
100 22
100 29
100 51
100 160
100 106
100 64
100 19
100 29
100 28
100 46
100 31
100 144
100 33
100 496
100 37
100 47
100 55
100 47
100 89
100 70
100 84
100 12
100 49
100 93
100 85
100 33
100 59
100 132
100 345
100 74
100 24
100 213
100 2
100 234
100 5
100 36
100 1
100 9
100 23
100 110
100 41
100 28
100 157
100 96
100 41
100 69
100 320
100 36
100 23
100 153
100 74
100 289
100 52
100 69
100 138
100 14
100 172
100 7
100 3
100 132
100 99
100 3
100 63
100 39
100 75
100 13
100 5
100 5
100 72
100 394
100 24
100 42
100 137
100 234
100 116
100 11
100 34
100 37
100 3
100 7
100 403
100 170
100 64
100 36
100 252
100 91
100 98
100 15
100 106
100 8
100 9
100 33
100 56
100 88
100 42
100 196
100 264
100 137
100 101
100 34
100 12
100 54
100 111
100 59
100 33
100 136
100 160
100 166
100 178
100 112
100 57
100 18
100 117
100 111
100 10
100 526
100 66
100 48
100 147
100 99
100 111
100 67
100 116
100 40
100 42
100 10
100 109
100 69
100 25
100 217
100 49
100 13
100 105
100 197
100 106
100 70
100 197
100 31
100 57
100 241
100 85
100 43
100 83
100 135
100 7
100 70
100 106
100 52
100 429
100 65
100 58
100 176
100 260
100 22
100 42
100 29
100 216
100 109
100 216
100 41
100 5
100 53
100 346
100 20
100 59
100 35
100 279
100 8
100 57
100 6
100 103
100 187
100 18
100 121
100 52
100 203
100 125
100 40
100 36
100 17
100 15
100 180
100 29
100 76
100 167
100 209
100 100
100 65
100 15
100 211
100 60
100 47
100 139
100 42
100 82
100 18
100 45
100 35
100 20
100 63
100 44
100 218
100 24
100 52
100 305
100 154
100 98
100 227
100 108
100 99
100 55
100 97
100 40
100 62
100 67
100 207
100 24
100 63
100 14
100 57
100 46
100 117
100 224
100 114
100 34
100 275
100 119
100 100
100 22
100 41
100 247
100 18
100 70
100 3
100 11
100 50
100 331
100 262
100 3
100 17
100 154
100 178
100 50
100 81
100 14
100 2
100 116
100 65
100 11
100 41
100 109
100 191
100 13
100 168
100 42
100 27
100 141
100 22
100 13
100 12
100 136
100 49
100 5
100 27
100 347
100 36
100 94
100 76
100 74
100 16
100 145
100 30
100 148
100 52
100 248
100 152
100 101
100 75
100 43
100 52
100 311
100 30
100 71
100 102
100 103
100 27
100 158
100 21
100 177
100 79
100 186
100 317
100 242
100 138
100 63
100 27
100 86
100 179
100 43
100 163
100 97
100 128
100 252
100 136
100 70
100 55
100 34
100 115
100 78
100 148
100 99
100 42
100 8
100 188
100 152
100 8
100 42
100 163
100 103
100 33
100 76
100 88
100 20
100 51
100 183
100 163
100 95
100 30
100 146
100 99
100 106
100 66
100 12
100 71
100 49
100 79
100 122
100 43
100 7
100 514
100 124
100 36
100 254
100 118
100 11
100 6
100 128
100 291
100 57
100 61
100 162
100 21
100 220
100 8
100 50
100 42
100 39
100 40
100 50
100 1
100 209
100 42
100 190
100 210
100 150
100 186
100 36
100 332
100 234
100 63
100 52
100 146
100 244
100 25
100 56
100 350
100 262
100 237
100 10
100 63
100 27
100 155
100 98
100 403
100 40
100 69
100 20
100 84
100 249
100 154
100 301
100 54
100 142
100 60
100 22
100 95
100 137
100 44
100 174
100 84
100 21
100 146
100 67
100 17
100 174
100 83
100 172
100 164
100 150
100 206
100 99
100 55
100 56
100 57
100 103
100 135
100 48
100 84
100 10
100 147
100 84
100 38
100 137
100 256
100 67
100 147
100 137
100 118
100 37
100 12
100 27
100 22
100 29
100 19
100 64
100 171
100 42
100 133
100 62
100 82
100 152
100 371
100 94
100 99
100 114
100 93
100 231
100 464
100 68
100 40
100 65
100 81
100 24
100 69
100 326
100 73
100 25
100 133
100 105
100 0
100 137
100 2
100 133
100 0
100 328
100 129
100 76
100 89
100 240
100 206
100 143
100 50
100 311
100 178
100 154
100 68
100 7
100 87
100 151
100 42
100 36
100 125
100 75
100 295
100 6
100 2
100 76
100 63
100 144
100 7
100 33
100 12
100 5
100 42
100 208
100 63
100 9
100 12
100 38
100 27
100 58
100 200
100 18
100 37
100 44
100 90
100 86
100 132
100 135
100 19
100 143
100 3
100 450
100 97
100 18
100 103
100 79
100 9
100 25
100 37
100 15
100 44
100 90
100 12
100 34
100 356
100 181
100 21
100 66
100 166
100 102
100 39
100 22
100 24
100 3
100 126
100 21
100 131
100 106
100 88
100 146
100 136
100 8
100 320
100 105
100 16
100 37
100 10
100 5
100 51
100 118
100 18
100 51
100 90
100 154
100 24
100 108
100 118
100 8
100 305
100 34
100 112
100 110
100 36
100 62
100 261
100 140
100 10
100 226
100 67
100 189
100 140
100 19
100 46
100 91
100 55
100 148
100 36
100 36
100 51
100 56
100 16
100 66
100 17
100 40
100 101
100 94
100 43
100 7
100 193
100 109
100 195
100 400
100 73
100 32
100 49
100 105
100 79
100 53
100 4
100 134
100 56
100 15
100 164
100 82
100 271
100 87
100 12
100 195
100 37
100 35
100 17
100 205
100 57
100 53
100 89
100 226
100 200
100 11
100 172
100 6
100 49
100 17
100 139
100 91
100 27
100 338
100 10
100 125
100 132
100 135
100 25
100 11
100 71
100 619
100 155
100 142
100 25
100 92
100 47
100 120
100 30
100 1
100 0
100 104
100 150
100 211
100 37
100 108
100 85
100 25
100 89
100 19
100 24
100 120
100 277
100 158
100 172
100 265
100 42
100 450
100 306
100 35
100 155
100 23
100 11
100 38
100 200
100 8
100 43
100 32
100 18
100 188
100 29
100 103
100 617
100 30
100 113
100 23
100 59
100 156
100 314
100 15
100 56
100 17
100 57
100 140
100 21
100 87
100 51
100 38
100 9
100 94
100 195
100 87
100 44
100 94
100 72
100 21
100 94
100 85
100 178
100 49
100 80
100 9
100 197
100 93
100 66
100 334
100 122
100 112
100 520
100 89
100 14
100 116
100 102
100 27
100 176
100 70
100 122
100 100
100 85
100 159
100 47
100 266
100 183
100 126
100 57
100 223
100 63
100 187
100 6
100 87
100 17
100 94
100 1
100 191
100 102
100 171
100 362
100 29
100 16
100 7
100 9
100 78
100 18
100 160
100 32
100 91
100 34
100 165
100 283
100 86
100 227
100 114
100 34
100 67
100 72
100 114
100 149
100 90
100 23
100 160
100 41
100 117
100 198
100 105
100 343
100 60
100 125
100 20
100 188
100 203
100 84
100 5
100 20
100 84
100 252
100 37
100 237
100 224
100 12
100 107
100 43
100 77
100 151
100 73
100 27
100 32
100 116
100 43
100 27
100 11
100 403
100 34
100 73
100 102
100 38
100 204
100 9
100 183
100 54
100 88
100 119
100 117
100 20
100 159
100 660
100 111
100 36
100 1
100 169
100 84
100 63
100 2
100 5
100 38
100 119
100 31
100 84
100 188
100 298
100 90
100 18
100 86
100 63
100 35
100 77
100 33
100 15
100 109
100 124
100 67
100 40
100 3
100 92
100 135
100 61
100 127
100 212
100 55
100 75
100 64
100 27
100 146
100 59
100 16
100 153
100 148
100 267
100 11
100 123
100 112
100 224
100 75
100 29
100 104
100 7
100 147
100 48
100 321
100 126
100 90
100 49
100 19
100 175
100 122
100 186
100 229
100 190
100 1
100 33
100 36
100 81
100 59
100 104
100 247
100 83
100 98
100 131
100 9
100 34
100 273
100 148
100 18
100 129
100 46
100 300
100 319
100 60
100 13
100 104
100 52
100 95
100 32
100 106
100 151
100 32
100 93
100 10
100 84
100 1
100 31
100 151
100 15
100 170
100 296
100 93
100 4
100 40
100 31
100 28
100 11
100 13
100 221
100 408
100 168
100 11
100 76
100 26
100 183
100 40
100 76
100 144
100 25
100 145
100 19
100 34
100 102
100 19
100 65
100 17
100 28
100 1
100 28
100 119
100 78
100 476
100 70
100 39
100 65
100 121
100 39
100 72
100 8
100 230
100 71
100 26
100 33
100 18
100 2
100 53
100 44
100 180
100 35
100 225
100 68
100 35
100 370
100 245
100 125
100 7
100 56
100 84
100 31
100 37
100 8
100 219
100 24
100 51
100 53
100 25
100 83
100 44
100 17
100 51
100 203
100 15
100 30
100 0
100 136
100 39
100 71
100 180
100 117
100 473
100 2
100 335
100 0
100 50
100 13
100 75
100 83
100 54
100 39
100 75
100 33
100 118
100 5
100 30
100 63
100 24
100 173
100 193
100 296
100 28
100 644
100 9
100 156
100 83
100 91
100 103
100 97
100 4
100 90
100 53
100 39
100 377
100 109
100 204
100 173
100 39
100 88
100 39
100 103
100 48
100 293
100 226
100 58
100 97
100 33
100 90
100 136
100 31
100 67
100 90
100 5
100 33
100 34
100 44
100 53
100 39
100 8
100 38
100 86
100 15
100 336
100 36
100 333
100 256
100 2
100 171
100 57
100 34
100 47
100 128
100 22
100 19
100 18
100 99
100 83
100 74
100 53
100 121
100 101
100 7
100 4
100 28
100 12
100 26
100 35
100 44
100 26
100 81
100 194
100 32
100 2
100 85
100 7
100 150
100 278
100 65
100 97
100 294
100 76
100 202
100 111
100 75
100 33
100 17
100 96
100 47
100 139
100 77
100 219
100 4
100 27
100 117
100 40
100 93
100 41
100 33
100 91
100 30
100 101
100 49
100 94
100 292
100 62
100 34
100 83
100 264
100 14
100 27
100 2
100 17
100 198
100 6
100 67
100 217
100 338
100 29
100 180
100 225
100 0
100 213
100 3
100 164
100 51
100 163
100 198
100 102
100 3
100 87
100 289
100 14
100 10
100 42
100 50
100 150
100 43
100 21
100 3
100 38
100 125
100 49
100 30
100 325
100 107
100 1
100 31
100 181
100 274
100 32
100 63
100 27
100 9
100 4
100 45
100 31
100 2
100 198
100 126
100 125
100 40
100 11
100 38
100 110
100 86
100 173
100 13
100 138
100 180
100 177
100 254
100 162
100 115
100 20
100 324
100 122
100 110
100 196
100 120
100 176
100 61
100 139
100 7
100 60
100 211
100 167
100 33
100 6
100 140
100 8
100 138
100 63
100 247
100 66
100 23
100 21
100 141
100 117
100 22
100 94
100 94
100 37
100 64
100 412
100 472
100 36
100 25
100 29
100 115
100 62
100 57
100 8
100 265
100 2
100 12
100 56
100 6
100 136
100 279
100 69
100 42
100 16
100 21
100 53
100 0
100 20
100 345
100 10
100 6
100 363
100 4
100 24
100 46
100 24
100 167
100 38
100 12
100 24
100 2
100 147
100 142
100 197
100 78
100 100
100 231
100 26
100 174
100 67
100 77
100 50
100 46
100 65
100 233
100 11
100 163
100 58
100 14
100 2
100 127
100 20
100 48
100 19
100 159
100 19
100 437
100 96
100 171
100 39
100 6
100 72
100 75
100 26
100 104
100 68
100 30
100 108
100 39
100 50
100 80
100 50
100 259
100 104
100 78
100 88
100 8
100 107
100 78
100 57
100 19
100 275
100 162
100 129
100 114
100 90
100 56
100 23
100 80
100 31
100 25
100 337
100 6
100 0
100 149
100 73
100 2
100 43
100 134
100 47
100 32
100 6
100 17
100 34
100 261
100 65
100 134
100 21
100 88
100 147
100 81
100 102
100 399
100 38
100 53
100 20
100 42
100 147
100 12
100 468
100 233
100 18
100 100
100 49
100 39
100 50
100 96
100 76
100 52
100 134
100 49
100 100
100 48
100 68
100 136
100 70
100 204
100 156
100 103
100 365
100 132
100 235
100 73
100 46
100 31
100 42
100 110
100 22
100 134
100 35
100 24
100 43
100 184
100 138
100 63
100 4
100 82
100 26
100 99
100 4
100 13
100 186
100 135
100 2
100 204
100 39
100 677
100 11
100 49
100 65
100 140
100 24
100 111
100 121
100 15
100 0
100 11
100 60
100 61
100 48
100 25
100 2
100 24
100 82
100 26
100 257
100 254
100 110
100 10
100 100
100 28
100 121
100 70
100 19
100 173
100 34
100 79
100 232
100 15
100 45
100 13
100 19
100 65
100 34
100 125
100 15
100 53
100 57
100 23
100 207
100 58
100 109
100 49
100 26
100 41
100 9
100 132
100 122
100 29
100 139
100 2
100 39
100 93
100 71
100 65
100 57
100 74
100 2
100 2
100 112
100 26
100 32
100 100
100 150
100 201
100 6
100 81
100 20
100 31
100 476
100 46
100 111
100 165
100 153
100 112
100 63
100 76
100 28
100 27
100 6
100 233
100 6
100 106
100 87
100 44
100 15
100 45
100 46
100 5
100 260
100 18
100 106
100 128
100 174
100 9
100 15
100 50
100 47
100 82
100 69
100 310
100 143
100 65
100 91
100 46
100 88
100 107
100 259
100 199
100 352
100 70
100 573
100 153
100 109
100 13
100 87
100 204
100 102
100 275
100 14
100 52
100 41
100 11
100 262
100 0
100 28
100 1
100 113
100 627
100 148
100 180
100 102
100 130
100 55
100 21
100 63
100 102
100 27
100 34
100 17
100 123
100 41
100 10
100 91
100 150
100 159
100 111
100 100
100 7
100 4
100 75
100 228
100 237
100 66
100 45
100 109
100 192
100 33
100 72
100 107
100 115
100 134
100 197
100 148
100 71
100 171
100 27
100 184
100 325
100 19
100 30
100 91
100 220
100 33
100 12
100 2
100 85
100 45
100 141
100 44
100 81
100 245
100 30
100 151
100 40
100 100
100 26
100 73
100 38
100 100
100 145
100 177
100 43
100 7
100 284
100 114
100 158
100 53
100 159
100 112
100 72
100 16
100 133
100 174
100 40
100 223
100 303
100 27
100 26
100 46
100 103
100 68
100 292
100 21
100 112
100 157
100 183
100 28
100 89
100 4
100 81
100 44
100 92
100 60
100 83
100 275
100 170
100 119
100 23
100 114
100 68
100 9
100 127
100 54
100 102
100 31
100 1
100 10
100 146
100 208
100 232
100 56
100 91
100 39
100 198
100 24
100 18
100 84
100 279
100 151
100 39
100 469
100 136
100 223
100 380
100 52
100 17
100 199
100 16
100 98
100 66
100 74
100 2
100 33
100 74
100 87
100 93
100 34
100 156
100 36
100 423
100 61
100 81
100 14
100 399
100 180
100 11
100 250
100 222
100 71
100 290
100 14
100 46
100 146
100 5
100 82
100 8
100 46
100 112
100 47
100 231
100 80
100 4
100 6
100 94
100 105
100 19
100 249
100 245
100 53
100 206
100 2
100 132
100 251
100 9
100 11
100 70
100 4
100 91
100 120
100 132
100 16
100 27
100 78
100 101
100 171
100 188
100 46
100 0
100 72
100 41
100 2
100 14
100 153
100 177
100 137
100 3
100 114
100 47
100 31
100 16
100 31
100 59
100 148
100 15
100 27
100 100
100 124
100 221
100 128
100 171
100 203
100 73
100 45
100 136
100 85
100 71
100 5
100 121
100 152
100 13
100 259
100 17
100 41
100 228
100 87
100 67
100 119
100 60
100 34
100 71
100 44
100 278
100 90
100 93
100 30
100 6
100 119
100 123
100 80
100 33
100 9
100 15
100 203
100 73
100 126
100 3
100 104
100 97
100 19
100 83
100 25
100 28
100 230
100 96
100 237
100 113
100 13
100 13
100 50
100 52
100 44
100 24
100 3
100 23
100 133
100 42
100 6
100 65
100 2
100 299
100 228
100 49
100 76
100 5
100 2
100 445
100 186
100 16
100 8
100 96
100 141
100 295
100 90
100 33
100 8
100 44
100 22
100 145
100 49
100 37
100 229
100 20
100 114
100 14
100 151
100 21
100 39
100 127
100 76
100 133
100 97
100 158
100 273
100 37
100 19
100 107
100 20
100 0
100 54
100 70
100 182
100 163
100 199
100 123
100 57
100 226
100 110
100 43
100 62
100 182
100 156
100 43
100 31
100 64
100 100
100 105
100 200
100 12
100 81
100 256
100 32
100 34
100 36
100 106
100 288
100 21
100 156
100 233
100 341
100 72
100 3
100 70
100 99
100 169
100 212
100 103
100 459
100 144
100 40
100 96
100 25
100 40
100 208
100 58
100 145
100 93
100 272
100 90
100 9
100 21
100 66
100 45
100 98
100 21
100 132
100 75
100 177
100 86
100 121
100 54
100 3
100 35
100 144
100 31
100 100
100 33
100 64
100 15
100 83
100 96
100 19
100 83
100 350
100 56
100 313
100 53
100 84
100 57
100 17
100 69
100 356
100 112
100 134
100 25
100 180
100 19
100 69
100 63
100 48
100 97
100 16
100 102
100 157
100 144
100 76
100 117
100 66
100 6
100 110
100 101
100 39
100 21
100 2
100 8
100 191
100 211
100 98
100 8
100 174
100 165
100 236
100 93
100 124
100 4
100 97
100 129
100 72
100 42
100 6
100 266
100 86
100 84
100 132
100 59
100 106
100 74
100 18
100 122
100 204
100 188
100 185
100 111
100 24
100 105
100 8
100 124
100 49
100 98
100 403
100 83
100 32
100 312
100 15
100 203
100 28
100 116
100 7
100 174
100 262
100 28
100 220
100 322
100 153
100 155
100 9
100 349
100 410
100 364
100 66
100 64
100 182
100 23
100 135
100 0
100 193
100 46
100 30
100 23
100 233
100 12
100 36
100 48
100 247
100 0
100 31
100 66
100 65
100 60
100 117
100 69
100 8
100 37
100 9
100 11
100 11
100 106
100 45
100 1
100 206
100 45
100 48
100 24
100 42
100 42
100 28
100 162
100 22
100 42
100 41
100 126
100 167
100 104
100 85
100 216
100 73
100 125
100 48
100 11
100 262
100 84
100 6
100 69
100 35
100 106
100 50
100 111
100 55
100 109
100 20
100 294
100 70
100 247
100 41
100 32
100 128
100 124
100 13
100 32
100 54
100 46
100 23
100 122
100 158
100 95
100 112
100 337
100 103
100 76
100 62
100 58
100 125
100 84
100 36
100 79
100 20
100 148
100 119
100 26
100 53
100 118
100 43
100 187
100 35
100 103
100 61
100 247
100 64
100 32
100 145
100 48
100 2
100 111
100 43
100 63
100 145
100 136
100 4
100 53
100 4
100 176
100 10
100 16
100 43
100 13
100 3
100 198
100 139
100 31
100 21
100 5
100 178
100 56
100 41
100 143
100 84
100 135
100 64
100 246
100 194
100 8
100 73
100 36
100 22
100 705
100 23
100 234
100 227
100 138
100 311
100 48
100 4
100 25
100 33
100 49
100 14
100 175
100 58
100 9
100 46
100 8
100 2
100 51
100 107
100 130
100 59
100 100
100 116
100 123
100 155
100 185
100 153
100 271
100 10
100 150
100 50
100 152
100 46
100 108
100 42
100 31
100 124
100 106
100 35
100 186
100 66
100 26
100 11
100 157
100 8
100 107
100 72
100 44
100 19
100 19
100 11
100 208
100 22
100 25
100 43
100 34
100 56
100 4
100 354
100 43
100 23
100 42
100 229
100 70
100 23
100 191
100 197
100 216
100 1
100 24
100 32
100 70
100 12
100 74
100 184
100 54
100 259
100 63
100 10
100 109
100 286
100 10
100 79
100 345
100 70
100 155
100 163
100 322
100 222
100 71
100 21
100 280
100 164
100 293
100 48
100 113
100 178
100 36
100 2
100 200
100 0
100 32
100 12
100 26
100 278
100 67
100 15
100 152
100 152
100 24
100 485
100 65
100 227
100 174
100 71
100 308
100 188
100 220
100 27
100 88
100 146
100 79
100 180
100 265
100 105
100 36
100 19
100 176
100 100
100 328
100 5
100 141
100 43
100 163
100 75
100 55
100 14
100 95
100 42
100 48
100 1
100 88
100 337
100 41
100 64
100 21
100 89
100 14
100 47
100 72
100 18
100 113
100 26
100 113
100 103
100 23
100 164
100 16
100 195
100 116
100 113
100 43
100 210
100 24
100 5
100 4
100 123
100 60
100 180
100 114
100 80
100 67
100 318
100 73
100 20
100 330
100 23
100 59
100 131
100 71
100 221
100 118
100 222
100 87
100 35
100 2
100 182
100 77
100 127
100 42
100 40
100 67
100 9
100 9
100 36
100 457
100 3
100 41
100 354
100 35
100 11
100 45
100 150
100 643
100 70
100 93
100 24
100 166
100 51
100 127
100 6
100 167
100 77
100 243
100 195
100 35
100 14
100 55
100 6
100 4
100 46
100 155
100 91
100 24
100 34
100 1
100 85
100 20
100 163
100 134
100 14
100 16
100 37
100 138
100 81
100 166
100 151
100 60
100 45
100 80
100 145
100 121
100 92
100 209
100 129
100 2
100 94
100 38
100 35
100 240
100 63
100 93
100 34
100 133
100 5
100 317
100 79
100 106
100 105
100 61
100 23
100 189
100 98
100 189
100 258
100 25
100 187
100 27
100 239
100 35
100 1
100 200
100 159
100 65
100 133
100 41
100 76
100 50
100 80
100 143
100 259
100 35
100 67
100 140
100 6
100 215
100 41
100 48
100 40
100 43
100 19
100 75
100 190
100 43
100 122
100 211
100 118
100 24
100 16
100 82
100 23
100 124
100 49
100 294
100 31
100 37
100 18
100 3
100 3
100 10
100 91
100 284
100 47
100 206
100 208
100 9
100 258
100 123
100 6
100 243
100 57
100 101
100 87
100 59
100 56
100 31
100 3
100 5
100 52
100 0
100 81
100 96
100 20
100 50
100 22
100 324
100 49
100 182
100 816
100 380
100 248
100 159
100 202
100 15
100 57
100 227
100 33
100 428
100 125
100 72
100 170
100 44
100 67
100 6
100 198
100 43
100 89
100 13
100 21
100 2
100 150
100 46
100 20
100 18
100 280
100 46
100 136
100 308
100 11
100 429
100 90
100 68
100 7
100 49
100 37
100 103
100 70
100 216
100 18
100 55
100 122
100 99
100 116
100 63
100 126
100 113
100 85
100 9
100 56
100 145
100 3
100 102
100 74
100 48
100 212
100 170
100 160
100 60
100 184
100 160
100 30
100 36
100 34
100 68
100 34
100 27
100 19
100 167
100 41
100 31
100 61
100 29
100 7
100 244
100 142
100 114
100 93
100 197
100 65
100 18
100 0
100 93
100 121
100 26
100 48
100 41
100 198
100 60
100 61
100 180
100 208
100 16
100 18
100 53
100 743
100 363
100 17
100 96
100 0
100 148
100 39
100 10
100 23
100 224
100 242
100 0
100 110
100 27
100 196
100 44
100 103
100 197
100 302
100 22
100 213
100 163
100 57
100 142
100 120
100 80
100 117
100 37
100 120
100 296
100 50
100 134
100 112
100 153
100 92
100 6
100 138
100 81
100 88
100 157
100 42
100 78
100 47
100 31
100 86
100 64
100 14
100 44
100 66
100 21
100 60
100 868
100 33
100 184
100 474
100 296
100 26
100 109
100 197
100 78
100 26
100 5
100 70
100 101
100 79
100 130
100 40
100 99
100 171
100 84
100 7
100 23
100 56
100 44
100 9
100 64
100 27
100 5
100 211
100 306
100 101
100 84
100 28
100 69
100 120
100 26
100 366
100 95
100 179
100 220
100 34
100 24
100 61
100 41
100 296
100 47
100 174
100 105
100 16
100 73
100 122
100 5
100 45
100 77
100 4
100 34
100 13
100 42
100 88
100 129
100 37
100 93
100 44
100 6
100 52
100 101
100 294
100 187
100 80
100 102
100 76
100 159
100 129
100 2
100 215
100 348
100 118
100 216
100 138
100 78
100 169
100 13
100 15
100 71
100 0
100 83
100 105
100 98
100 188
100 16
100 145
100 16
100 104
100 66
100 198
100 50
100 100
100 8
100 50
100 42
100 18
100 5
100 157
100 444
100 157
100 106
100 39
100 18
100 7
100 143
100 203
100 39
100 29
100 242
100 492
100 10
100 52
100 135
100 58
100 58
100 45
100 55
100 34
100 39
100 121
100 149
100 15
100 39
100 118
100 150
100 173
100 169
100 80
100 68
100 44
100 56
100 44
100 65
100 21
100 166
100 180
100 10
100 27
100 24
100 119
100 79
100 155
100 172
100 12
100 25
100 149
100 11
100 70
100 12
100 0
100 46
100 36
100 42
100 42
100 80
100 140
100 43
100 120
100 235
100 71
100 59
100 32
100 145
100 54
100 4
100 49
100 21
100 0
100 9
100 11
100 410
100 142
100 14
100 71
100 107
100 158
100 184
100 39
100 103
100 321
100 123
100 131
100 16
100 92
100 26
100 6
100 32
100 105
100 74
100 68
100 265
100 12
100 87
100 122
100 56
100 29
100 75
100 12
100 143
100 8
100 28
100 52
100 62
100 29
100 82
100 61
100 280
100 198
100 4
100 211
100 30
100 112
100 104
100 84
100 123
100 26
100 399
100 47
100 57
100 134
100 275
100 102
100 51
100 113
100 4
100 467
100 61
100 203
100 81
100 142
100 4
100 7
100 369
100 3
100 61
100 7
100 250
100 40
100 28
100 204
100 13
100 35
100 52
100 20
100 93
100 44
100 223
100 14
100 123
100 24
100 0
100 70
100 41
100 53
100 291
100 47
100 35
100 280
100 386
100 40
100 43
100 46
100 29
100 6
100 25
100 60
100 48
100 198
100 11
100 450
100 37
100 125
100 39
100 15
100 143
100 8
100 361
100 209
100 176
100 31
100 40
100 253
100 11
100 14
100 0
100 180
100 62
100 22
100 241
100 122
100 10
100 103
100 95
100 29
100 29
100 46
100 150
100 57
100 73
100 245
100 114
100 186
100 87
100 38
100 254
100 210
100 61
100 38
100 280
100 233
100 19
100 42
100 161
100 268
100 15
100 300
100 76
100 19
100 106
100 45
100 164
100 122
100 247
100 103
100 99
100 1
100 196
100 174
100 58
100 26
100 0
100 103
100 4
100 17
100 44
100 184
100 17
100 138
100 147
100 219
100 118
100 50
100 99
100 31
100 12
100 146
100 278
100 89
100 138
100 38
100 62
100 94
100 62
100 43
100 8
100 41
100 45
100 98
100 109
100 86
100 20
100 15
100 260
100 281
100 164
100 215
100 26
100 99
100 7
100 43
100 205
100 158
100 9
100 107
100 364
100 58
100 116
100 60
100 116
100 67
100 48
100 14
100 211
100 6
100 14
100 8
100 150
100 1
100 24
100 6
100 60
100 227
100 86
100 357
100 129
100 127
100 6
100 10
100 205
100 36
100 118
100 10
100 8
100 148
100 161
100 173
100 124
100 296
100 2
100 103
100 66
100 15
100 30
100 193
100 160
100 67
100 17
100 141
100 148
100 28
100 39
100 79
100 63
100 35
100 229
100 41
100 676
100 8
100 8
100 212
100 431
100 128
100 111
100 82
100 46
100 379
100 22
100 58
100 72
100 1
100 10
100 173
100 73
100 180
100 98
100 26
100 143
100 21
100 11
100 10
100 662
100 86
100 43
100 119
100 229
100 20
100 58
100 41
100 293
100 185
100 142
100 6
100 56
100 116
100 66
100 81
100 106
100 19
100 91
100 67
100 137
100 94
100 81
100 8
100 103
100 150
100 4
100 97
100 48
100 346
100 262
100 38
100 27
100 15
100 77
100 116
100 10
100 29
100 131
100 146
100 231
100 305
100 28
100 115
100 77
100 300
100 48
100 21
100 21
100 177
100 25
100 290
100 85
100 62
100 40
100 19
100 29
100 28
100 114
100 29
100 6
100 45
100 42
100 213
100 70
100 45
100 209
100 542
100 49
100 26
100 179
100 222
100 13
100 11
100 185
100 52
100 43
100 142
100 103
100 21
100 210
100 27
100 6
100 23
100 4
100 62
100 328
100 8
100 42
100 49
100 97
100 18
100 81
100 282
100 126
100 163
100 191
100 42
100 11
100 0
100 38
100 286
100 256
100 79
100 124
100 112
100 232
100 12
100 57
100 27
100 427
100 67
100 159
100 107
100 105
100 222
100 146
100 99
100 108
100 387
100 50
100 36
100 12
100 87
100 2
100 111
100 140
100 59
100 275
100 53
100 88
100 2
100 9
100 372
100 64
100 21
100 2
100 231
100 81
100 32
100 39
100 214
100 150
100 5
100 145
100 308
100 21
100 62
100 58
100 51
100 50
100 115
100 133
100 391
100 149
100 40
100 12
100 46
100 25
100 36
100 28
100 12
100 76
100 231
100 81
100 68
100 2
100 79
100 225
100 172
100 76
100 211
100 238
100 50
100 188
100 27
100 130
100 59
100 112
100 64
100 12
100 68
100 284
100 105
100 28
100 2
100 65
100 42
100 104
100 42
100 339
100 28
100 24
100 58
100 13
100 14
100 24
100 27
100 119
100 0
100 9
100 84
100 189
100 238
100 79
100 301
100 169
100 18
100 141
100 21
100 192
100 215
100 57
100 69
100 35
100 151
100 89
100 66
100 80
100 32
100 132
100 59
100 21
100 77
100 107
100 12
100 8
100 7
100 94
100 35
100 93
100 154
100 136
100 2
100 58
100 16
100 1
100 294
100 28
100 20
100 259
100 214
100 24
100 39
100 42
100 197
100 5
100 103
100 14
100 41
100 37
100 111
100 82
100 5
100 70
100 128
100 92
100 11
100 14
100 28
100 15
100 219
100 126
100 38
100 219
100 78
100 9
100 374
100 23
100 222
100 116
100 17
100 55
100 58
100 71
100 7
100 185
100 87
100 85
100 2
100 102
100 82
100 18
100 73
100 92
100 23
100 53
100 51
100 5
100 5
100 142
100 42
100 71
100 0
100 143
100 118
100 29
100 85
100 56
100 24
100 107
100 271
100 344
100 688
100 171
100 329
100 14
100 274
100 177
100 57
100 17
100 36
100 5
100 162
100 36
100 70
100 14
100 83
100 17
100 28
100 8
100 47
100 32
100 44
100 156
100 33
100 31
100 68
100 172
100 101
100 40
100 136
100 107
100 59
100 8
100 11
100 96
100 44
100 227
100 110
100 246
100 264
100 18
100 2
100 18
100 48
100 8
100 30
100 147
100 13
100 2
100 228
100 66
100 19
100 52
100 26
100 107
100 70
100 358
100 68
100 167
100 139
100 121
100 30
100 21
100 56
100 133
100 84
100 227
100 145
100 50
100 67
100 69
100 170
100 43
100 62
100 38
100 18
100 20
100 82
100 58
100 107
100 12
100 169
100 67
100 307
100 71
100 45
100 67
100 117
100 49
100 21
100 72
100 177
100 98
100 69
100 91
100 57
100 88
100 221
100 156
100 237
100 52
100 130
100 14
100 93
100 13
100 108
100 273
100 69
100 20
100 108
100 10
100 25
100 9
100 0
100 11
100 115
100 48
100 97
100 365
100 99
100 41
100 261
100 0
100 37
100 15
100 95
100 5
100 388
100 1
100 13
100 74
100 218
100 77
100 115
100 107
100 131
100 2
100 17
100 92
100 55
100 143
100 14
100 88
100 420
100 267
100 16
100 68
100 61
100 101
100 4
100 132
100 35
100 24
100 102
100 363
100 137
100 9
100 142
100 43
100 16
100 20
100 203
100 356
100 91
100 223
100 203
100 213
100 11
100 162
100 50
100 121
100 50
100 40
100 339
100 62
100 161
100 472
100 63
100 33
100 24
100 54
100 165
100 161
100 6
100 45
100 21
100 304
100 22
100 104
100 38
100 67
100 90
100 65
100 136
100 95
100 53
100 15
100 28
100 113
100 54
100 15
100 125
100 67
100 121
100 148
100 127
100 296
100 328
100 22
100 9
100 25
100 28
100 89
100 118
100 53
100 30
100 35
100 44
100 48
100 153
100 29
100 97
100 116
100 138
100 328
100 41
100 97
100 124
100 40
100 292
100 69
100 2
100 45
100 101
100 46
100 278
100 106
100 107
100 99
100 174
100 47
100 102
100 18
100 146
100 76
100 142
100 292
100 236
100 94
100 30
100 56
100 2
100 45
100 3
100 5
100 3
100 9
100 2
100 28
100 52
100 264
100 40
100 44
100 4
100 22
100 113
100 155
100 24
100 95
100 149
100 213
100 21
100 115
100 2
100 49
100 306
100 7
100 114
100 56
100 190
100 25
100 139
100 35
100 147
100 92
100 52
100 45
100 106
100 480
100 154
100 9
100 132
100 49
100 87
100 17
100 95
100 88
100 152
100 9
100 351
100 162
100 73
100 84
100 186
100 163
100 348
100 77
100 32
100 78
100 38
100 5
100 121
100 219
100 268
100 22
100 170
100 19
100 96
100 171
100 119
100 229
100 395
100 0
100 121
100 65
100 91
100 38
100 150
100 114
100 119
100 57
100 128
100 99
100 112
100 90
100 113
100 29
100 132
100 24
100 0
100 211
100 39
100 22
100 291
100 70
100 202
100 2
100 35
100 50
100 39
100 68
100 80
100 99
100 54
100 138
100 50
100 3
100 68
100 18
100 75
100 115
100 197
100 61
100 2
100 11
100 55
100 59
100 9
100 199
100 23
100 27
100 237
100 226
100 40
100 83
100 28
100 16
100 146
100 0
100 66
100 8
100 6
100 25
100 18
100 1
100 3
100 49
100 83
100 53
100 445
100 254
100 75
100 50
100 1
100 131
100 27
100 232
100 27
100 35
100 222
100 36
100 502
100 385
100 76
100 152
100 35
100 106
100 69
100 50
100 220
100 107
100 39
100 49
100 16
100 10
100 29
100 23
100 182
100 4
100 358
100 522
100 299
100 62
100 6
100 60
100 313
100 37
100 14
100 351
100 53
100 34
100 209
100 10
100 10
100 3
100 195
100 37
100 63
100 107
100 64
100 105
100 119
100 88
100 16
100 21
100 49
100 0
100 69
100 24
100 41
100 0
100 89
100 374
100 280
100 99
100 118
100 173
100 17
100 53
100 185
100 305
100 155
100 156
100 4
100 27
100 72
100 97
100 17
100 236
100 32
100 90
100 98
100 354
100 305
100 104
100 115
100 40
100 219
100 6
100 10
100 183
100 102
100 87
100 157
100 42
100 14
100 18
100 13
100 7
100 158
100 307
100 94
100 10
100 5
100 400
100 5
100 82
100 236
100 222
100 54
100 72
100 108
100 86
100 22
100 100
100 5
100 0
100 305
100 314
100 20
100 161
100 47
100 467
100 168
100 167
100 276
100 163
100 150
100 263
100 177
100 66
100 77
100 288
100 40
100 132
100 34
100 40
100 139
100 95
100 117
100 75
100 37
100 131
100 171
100 201
100 39
100 46
100 8
100 174
100 389
100 70
100 427
100 45
100 36
100 69
100 5
100 21
100 4
100 359
100 49
100 349
100 95
100 48
100 457
100 107
100 54
100 36
100 64
100 114
100 143
100 103
100 18
100 70
100 5
100 64
100 66
100 51
100 51
100 174
100 13
100 21
100 103
100 3
100 117
100 271
100 23
100 106
100 226
100 168
100 117
100 513
100 134
100 61
100 51
100 19
100 34
100 202
100 60
100 57
100 17
100 210
100 22
100 88
100 73
100 83
100 14
100 67
100 124
100 373
100 14
100 161
100 12
100 198
100 69
100 82
100 8
100 1
100 232
100 207
100 14
100 91
100 5
100 128
100 59
100 143
100 72
100 46
100 155
100 228
100 157
100 23
100 132
100 16
100 247
100 10
100 0
100 255
100 24
100 24
100 26
100 41
100 196
100 30
100 111
100 145
100 273
100 156
100 1
100 153
100 74
100 30
100 146
100 8
100 480
100 132
100 17
100 3
100 239
100 22
100 50
100 58
100 20
100 192
100 24
100 97
100 23
100 54
100 204
100 6
100 58
100 139
100 148
100 33
100 90
100 238
100 85
100 27
100 13
100 82
100 111
100 67
100 118
100 149
100 94
100 144
100 284
100 61
100 99
100 46
100 185
100 60
100 128
100 83
100 47
100 56
100 26
100 37
100 106
100 13
100 35
100 194
100 298
100 49
100 22
100 65
100 291
100 136
100 230
100 179
100 178
100 254
100 226
100 69
100 102
100 31
100 101
100 2
100 113
100 124
100 86
100 191
100 70
100 3
100 105
100 37
100 40
100 282
100 6
100 407
100 35
100 37
100 527
100 3
100 310
100 286
100 128
100 6
100 137
100 59
100 283
100 84
100 8
100 365
100 17
100 0
100 1
100 124
100 23
100 203
100 42
100 27
100 0
100 8
100 75
100 27
100 36
100 55
100 39
100 68
100 27
100 11
100 101
100 27
100 64
100 140
100 103
100 59
100 132
100 17
100 189
100 73
100 52
100 248
100 27
100 20
100 22
100 37
100 147
100 46
100 192
100 37
100 18
100 83
100 129
100 68
100 194
100 187
100 85
100 101
100 227
100 12
100 424
100 35
100 95
100 24
100 12
100 471
100 246
100 294
100 109
100 65
100 135
100 70
100 4
100 185
100 69
100 132
100 63
100 143
100 313
100 113
100 30
100 307
100 94
100 38
100 44
100 13
100 93
100 84
100 126
100 88
100 40
100 130
100 79
100 34
100 228
100 15
100 1
100 43
100 11
100 80
100 12
100 104
100 22
100 38
100 115
100 9
100 42
100 2
100 159
100 26
100 0
100 3
100 56
100 132
100 256
100 63
100 19
100 67
100 7
100 69
100 311
100 246
100 359
100 103
100 26
100 43
100 35
100 54
100 15
100 56
100 287
100 533
100 212
100 77
100 48
100 7
100 71
100 43
100 100
100 81
100 92
100 259
100 5
100 76
100 240
100 152
100 38
100 64
100 44
100 36
100 25
100 69
100 51
100 198
100 123
100 69
100 71
100 45
100 77
100 39
100 45
100 44
100 72
100 97
100 2
100 28
100 6
100 45
100 6
100 122
100 82
100 8
100 28
100 71
100 109
100 109
100 1
100 71
100 280
100 90
100 51
100 24
100 8
100 16
100 301
100 48
100 76
100 123
100 169
100 178
100 20
100 112
100 29
100 64
100 53
100 101
100 75
100 268
100 34
100 3
100 15
100 64
100 1
100 17
100 132
100 76
100 6
100 160
100 12
100 136
100 166
100 69
100 168
100 3
100 83
100 29
100 257
100 7
100 18
100 8
100 735
100 71
100 105
100 0
100 34
100 339
100 17
100 57
100 103
100 48
100 60
100 158
100 164
100 28
100 278
100 146
100 209
100 35
100 84
100 113
100 127
100 194
100 39
100 260
100 20
100 1
100 92
100 27
100 26
100 71
100 84
100 103
100 35
100 169
100 158
100 7
100 186
100 26
100 42
100 124
100 26
100 100
100 7
100 86
100 16
100 122
100 7
100 226
100 34
100 58
100 139
100 23
100 130
100 12
100 38
100 75
100 22
100 115
100 7
100 145
100 15
100 222
100 99
100 37
100 43
100 230
100 194
100 157
100 113
100 151
100 299
100 256
100 220
100 231
100 146
100 46
100 22
100 104
100 111
100 141
100 15
100 37
100 6
100 291
100 280
100 169
100 251
100 10
100 59
100 40
100 90
100 29
100 24
100 56
100 5
100 164
100 125
100 18
100 197
100 136
100 168
100 14
100 254
100 120
100 386
100 5
100 68
100 108
100 0
100 154
100 22
100 43
100 67
100 43
100 1
100 54
100 49
100 55
100 202
100 13
100 105
100 160
100 51
100 221
100 48
100 120
100 123
100 19
100 51
100 83
100 73
100 33
100 76
100 103
100 232
100 173
100 49
100 130
100 153
100 62
100 112
100 6
100 45
100 32
100 70
100 160
100 7
100 15
100 5
100 169
100 13
100 27
100 74
100 52
100 27
100 315
100 99
100 141
100 6
100 58
100 36
100 117
100 45
100 90
100 264
100 39
100 2
100 77
100 73
100 222
100 84
100 43
100 160
100 54
100 99
100 122
100 251
100 36
100 12
100 119
100 155
100 93
100 28
100 20
100 164
100 93
100 0
100 68
100 9
100 50
100 6
100 179
100 103
100 94
100 79
100 17
100 101
100 232
100 44
100 32
100 147
100 9
100 237
100 114
100 38
100 77
100 47
100 85
100 105
100 16
100 50
100 135
100 110
100 5
100 34
100 173
100 181
100 66
100 12
100 53
100 210
100 151
100 36
100 193
100 85
100 170
100 52
100 74
100 74
100 14
100 22
100 30
100 93
100 240
100 33
100 485
100 52
100 159
100 112
100 168
100 341
100 50
100 87
100 44
100 7
100 41
100 210
100 13
100 139
100 107
100 208
100 125
100 14
100 85
100 18
100 236
100 27
100 53
100 3
100 22
100 66
100 59
100 23
100 55
100 301
100 4
100 36
100 81
100 54
100 10
100 225
100 15
100 221
100 71
100 314
100 70
100 31
100 248
100 44
100 165
100 17
100 95
100 119
100 109
100 61
100 1
100 173
100 121
100 122
100 210
100 8
100 78
100 29
100 135
100 3
100 43
100 121
100 139
100 509
100 27
100 73
100 138
100 23
100 94
100 393
100 0
100 10
100 19
100 24
100 61
100 31
100 1
100 207
100 130
100 258
100 36
100 400
100 128
100 362
100 130
100 323
100 255
100 255
100 125
100 4
100 55
100 214
100 201
100 14
100 62
100 18
100 117
100 3
100 185
100 67
100 84
100 151
100 15
100 11
100 166
100 149
100 231
100 89
100 278
100 102
100 61
100 29
100 5
100 32
100 6
100 127
100 181
100 289
100 62
100 192
100 480
100 104
100 129
100 399
100 64
100 81
100 170
100 27
100 76
100 253
100 57
100 240
100 508
100 152
100 137
100 108
100 29
100 113
100 48
100 51
100 46
100 4
100 74
100 90
100 228
100 334
100 5
100 181
100 28
100 163
100 36
100 240
100 40
100 11
100 18
100 34
100 23
100 85
100 52
100 262
100 267
100 129
100 12
100 118
100 99
100 39
100 79
100 4
100 222
100 51
100 93
100 97
100 25
100 9
100 1
100 76
100 174
100 5
100 84
100 292
100 192
100 72
100 95
100 187
100 5
100 286
100 406
100 109
100 194
100 10
100 54
100 175
100 27
100 22
100 95
100 50
100 131
100 0
100 144
100 182
100 33
100 2
100 41
100 252
100 135
100 105
100 10
100 170
100 113
100 9
100 133
100 73
100 215
100 431
100 153
100 204
100 162
100 49
100 57
100 49
100 177
100 229
100 72
100 193
100 141
100 288
100 19
100 119
100 18
100 448
100 155
100 81
100 208
100 3
100 108
100 205
100 2
100 23
100 244
100 1
100 103
100 124
100 40
100 34
100 38
100 38
100 43
100 118
100 132
100 53
100 254
100 4
100 3
100 137
100 90
100 114
100 1
100 149
100 32
100 24
100 237
100 40
100 278
100 72
100 177
100 35
100 150
100 41
100 13
100 202
100 38
100 188
100 53
100 131
100 45
100 107
100 46
100 13
100 20
100 187
100 33
100 147
100 91
100 26
100 16
100 70
100 19
100 69
100 20
100 100
100 1
100 127
100 92
100 176
100 57
100 170
100 200
100 84
100 181
100 184
100 48
100 56
100 201
100 16
100 54
100 91
100 134
100 153
100 10
100 178
100 1
100 269
100 123
100 176
100 48
100 9
100 79
100 59
100 29
100 151
100 88
100 93
100 109
100 55
100 16
100 76
100 12
100 24
100 29
100 20
100 224
100 75
100 23
100 149
100 68
100 584
100 20
100 32
100 66
100 187
100 19
100 108
100 24
100 57
100 60
100 139
100 87
100 32
100 24
100 16
100 122
100 101
100 25
100 36
100 45
100 22
100 261
100 266
100 55
100 30
100 63
100 62
100 63
100 11
100 111
100 119
100 70
100 61
100 153
100 13
100 38
100 313
100 59
100 47
100 111
100 19
100 6
100 78
100 16
100 361
100 146
100 90
100 2
100 134
100 46
100 3
100 449
100 49
100 657
100 46
100 64
100 10
100 63
100 12
100 29
100 16
100 24
100 235
100 134
100 288
100 135
100 45
100 3
100 32
100 212
100 24
100 262
100 40
100 210
100 316
100 80
100 129
100 296
100 43
100 30
100 26
100 25
100 26
100 165
100 51
100 92
100 352
100 178
100 132
100 58
100 8
100 243
100 40
100 44
100 59
100 28
100 4
100 133
100 67
100 12
100 81
100 46
100 57
100 45
100 40
100 392
100 321
100 371
100 54
100 46
100 62
100 64
100 60
100 90
100 3
100 51
100 56
100 438
100 114
100 42
100 103
100 20
100 117
100 32
100 26
100 67
100 20
100 242
100 38
100 25
100 52
100 37
100 6
100 37
100 75
100 86
100 340
100 9
100 51
100 56
100 107
100 41
100 118
100 37
100 302
100 153
100 37
100 308
100 281
100 215
100 489
100 50
100 115
100 11
100 28
100 142
100 25
100 95
100 16
100 137
100 10
100 279
100 72
100 8
100 67
100 81
100 74
100 156
100 74
100 33
100 373
100 142
100 40
100 209
100 35
100 270
100 32
100 20
100 83
100 73
100 95
100 152
100 182
100 48
100 266
100 239
100 27
100 47
100 119
100 52
100 7
100 43
100 39
100 34
100 121
100 63
100 118
100 19
100 47
100 79
100 93
100 135
100 42
100 37
100 69
100 439
100 302
100 49
100 76
100 45
100 326
100 22
100 24
100 15
100 80
100 279
100 579
100 109
100 53
100 6
100 18
100 43
100 5
100 73
100 35
100 80
100 76
100 141
100 18
100 14
100 3
100 65
100 37
100 39
100 20
100 8
100 36
100 109
100 120
100 508
100 193
100 169
100 194
100 86
100 293
100 31
100 245
100 182
100 87
100 31
100 74
100 31
100 404
100 122
100 50
100 106
100 2
100 36
100 88
100 85
100 156
100 55
100 53
100 8
100 196
100 37
100 332
100 2
100 3
100 87
100 9
100 119
100 63
100 201
100 97
100 193
100 239
100 393
100 114
100 59
100 60
100 93
100 47
100 46
100 72
100 14
100 192
100 79
100 315
100 30
100 54
100 30
100 30
100 53
100 283
100 52
100 25
100 140
100 59
100 110
100 159
100 83
100 90
100 3
100 61
100 75
100 55
100 116
100 140
100 66
100 151
100 70
100 62
100 3
100 399
100 6
100 194
100 4
100 28
100 46
100 135
100 162
100 102
100 67
100 14
100 60
100 59
100 52
100 162
100 23
100 25
100 81
100 208
100 1
100 277
100 87
100 113
100 68
100 29
100 3
100 23
100 137
100 179
100 4
100 6
100 29
100 51
100 10
100 124
100 102
100 72
100 51
100 427
100 44
100 97
100 211
100 9
100 96
100 22
100 242
100 62
100 336
100 131
100 23
100 174
100 122
100 15
100 36
100 114
100 105
100 14
100 12
100 102
100 36
100 102
100 136
100 37
100 76
100 8
100 32
100 13
100 7
100 253
100 353
100 29
100 28
100 46
100 15
100 98
100 197
100 1
100 248
100 92
100 81
100 7
100 234
100 235
100 16
100 2
100 87
100 64
100 4
100 136
100 7
100 9
100 118
100 42
100 126
100 15
100 14
100 2
100 77
100 46
100 144
100 20
100 117
100 176
100 520
100 16
100 13
100 46
100 77
100 68
100 109
100 46
100 46
100 92
100 70
100 179
100 100
100 19
100 169
100 28
100 169
100 355
100 34
100 14
100 18
100 73
100 213
100 60
100 166
100 81
100 70
100 83
100 2
100 48
100 15
100 73
100 85
100 229
100 156
100 13
100 41
100 231
100 74
100 72
100 99
100 104
100 77
100 21
100 137
100 37
100 16
100 44
100 125
100 67
100 42
100 43
100 4
100 136
100 282
100 23
100 94
100 67
100 39
100 204
100 281
100 335
100 196
100 56
100 25
100 136
100 21
100 241
100 82
100 32
100 115
100 336
100 90
100 171
100 44
100 1
100 143
100 3
100 140
100 24
100 1
100 46
100 71
100 238
100 200
100 213
100 6
100 84
100 66
100 20
100 272
100 51
100 49
100 38
100 30
100 3
100 1
100 149
100 107
100 46
100 220
100 100
100 0
100 63
100 13
100 81
100 19
100 55
100 1
100 104
100 46
100 6
100 89
100 141
100 129
100 51
100 145
100 79
100 123
100 104
100 60
100 27
100 149
100 168
100 161
100 8
100 61
100 48
100 37
100 60
100 2
100 150
100 25
100 36
100 31
100 29
100 53
100 103
100 147
100 88
100 396
100 19
100 18
100 44
100 52
100 103
100 67
100 119
100 185
100 37
100 33
100 9
100 22
100 94
100 63
100 113
100 24
100 23
100 20
100 34
100 91
100 170
100 133
100 259
100 76
100 117
100 52
100 77
100 335
100 17
100 84
100 144
100 19
100 44
100 72
100 254
100 263
100 12
100 84
100 51
100 255
100 82
100 8
100 27
100 175
100 2
100 316
100 19
100 36
100 11
100 41
100 74
100 123
100 17
100 38
100 59
100 29
100 311
100 166
100 297
100 14
100 402
100 129
100 129
100 91
100 162
100 60
100 116
100 83
100 8
100 157
100 102
100 64
100 79
100 42
100 40
100 220
100 29
100 3
100 300
100 67
100 191
100 237
100 261
100 120
100 92
100 29
100 127
100 18
100 32
100 62
100 55
100 41
100 121
100 175
100 101
100 24
100 123
100 140
100 22
100 221
100 138
100 95
100 2
100 3
100 73
100 149
100 43
100 139
100 148
100 47
100 51
100 96
100 398
100 176
100 98
100 13
100 72
100 60
100 234
100 78
100 35
100 219
100 174
100 317
100 110
100 106
100 6
100 102
100 79
100 6
100 111
100 29
100 135
100 258
100 37
100 189
100 11
100 51
100 87
100 152
100 18
100 103
100 70
100 40
100 17
100 528
100 3
100 212
100 68
100 58
100 69
100 192
100 90
100 67
100 475
100 16
100 85
100 132
100 111
100 68
100 253
100 5
100 8
100 172
100 142
100 83
100 43
100 263
100 187
100 4
100 107
100 56
100 62
100 56
100 111
100 147
100 25
100 25
100 44
100 119
100 25
100 179
100 111
100 25
100 31
100 252
100 201
100 125
100 47
100 65
100 132
100 101
100 46
100 90
100 40
100 63
100 10
100 29
100 176
100 36
100 159
100 34
100 98
100 89
100 45
100 10
100 107
100 228
100 152
100 84
100 6
100 138
100 103
100 99
100 158
100 108
100 283
100 146
100 137
100 1
100 12
100 120
100 118
100 33
100 298
100 241
100 68
100 20
100 162
100 26
100 157
100 93
100 73
100 61
100 188
100 41
100 6
100 145
100 35
100 30
100 101
100 54
100 160
100 94
100 96
100 512
100 2
100 28
100 10
100 81
100 60
100 12
100 235
100 72
100 81
100 14
100 19
100 29
100 94
100 22
100 205
100 54
100 32
100 54
100 77
100 77
100 246
100 6
100 30
100 173
100 7
100 239
100 15
100 210
100 142
100 25
100 16
100 26
100 13
100 156
100 242
100 54
100 42
100 16
100 76
100 36
100 52
100 154
100 81
100 61
100 247
100 63
100 39
100 5
100 136
100 242
100 67
100 98
100 191
100 8
100 11
100 191
100 65
100 20
100 104
100 28
100 3
100 58
100 129
100 200
100 68
100 107
100 101
100 11
100 1
100 143
100 50
100 50
100 23
100 83
100 119
100 31
100 118
100 133
100 27
100 34
100 151
100 68
100 131
100 232
100 33
100 141
100 19
100 31
100 68
100 33
100 284
100 97
100 81
100 98
100 10
100 42
100 77
100 121
100 64
100 381
100 3
100 5
100 93
100 86
100 14
100 33
100 7
100 17
100 48
100 39
100 56
100 12
100 45
100 8
100 24
100 17
100 31
100 89
100 415
100 154
100 319
100 5
100 52
100 41
100 1
100 101
100 92
100 29
100 40
100 9
100 420
100 111
100 37
100 113
100 8
100 9
100 38
100 22
100 70
100 15
100 81
100 181
100 52
100 140
100 23
100 115
100 81
100 38
100 374
100 20
100 62
100 8
100 66
100 78
100 178
100 126
100 105
100 253
100 159
100 77
100 16
100 15
100 49
100 36
100 112
100 96
100 17
100 188
100 72
100 104
100 83
100 120
100 437
100 223
100 31
100 8
100 78
100 55
100 36
100 61
100 34
100 204
100 77
100 150
100 103
100 226
100 104
100 30
100 177
100 19
100 60
100 76
100 60
100 21
100 37
100 1
100 93
100 37
100 64
100 151
100 37
100 50
100 60
100 133
100 36
100 72
100 96
100 30
100 120
100 35
100 256
100 51
100 75
100 111
100 146
100 37
100 290
100 110
100 287
100 186
100 30
100 110
100 43
100 120
100 258
100 78
100 67
100 97
100 48
100 185
100 20
100 6
100 18
100 25
100 54
100 36
100 138
100 77
100 179
100 34
100 59
100 45
100 6
100 61
100 55
100 39
100 222
100 339
100 597
100 250
100 8
100 66
100 130
100 23
100 99
100 10
100 1
100 95
100 54
100 90
100 78
100 1
100 89
100 129
100 72
100 136
100 40
100 29
100 142
100 68
100 140
100 71
100 12
100 71
100 200
100 73
100 3
100 134
100 29
100 154
100 130
100 84
100 117
100 92
100 33
100 1
100 1
100 129
100 5
100 271
100 26
100 151
100 78
100 10
100 77
100 51
100 153
100 42
100 37
100 22
100 5
100 89
100 2
100 113
100 0
100 152
100 46
100 158
100 72
100 38
100 141
100 32
100 51
100 27
100 22
100 20
100 140
100 43
100 15
100 32
100 32
100 39
100 10
100 112
100 111
100 286
100 8
100 65
100 43
100 111
100 73
100 19
100 112
100 56
100 136
100 124
100 110
100 41
100 102
100 5
100 75
100 20
100 26
100 245
100 77
100 57
100 197
100 29
100 194
100 12
100 235
100 93
100 488
100 143
100 14
100 54
100 19
100 540
100 121
100 61
100 34
100 102
100 3
100 66
100 163
100 235
100 9
100 36
100 107
100 0
100 92
100 170
100 0
100 9
100 13
100 38
100 50
100 136
100 101
100 62
100 36
100 64
100 38
100 10
100 6
100 27
100 130
100 27
100 43
100 37
100 16
100 31
100 10
100 22
100 150
100 172
100 43
100 181
100 3
100 32
100 121
100 30
100 746
100 52
100 2
100 16
100 141
100 175
100 98
100 16
100 19
100 67
100 21
100 214
100 10
100 39
100 71
100 30
100 166
100 10
100 57
100 11
100 94
100 82
100 443
100 207
100 57
100 56
100 2
100 320
100 5
100 43
100 48
100 149
100 209
100 123
100 70
100 68
100 28
100 80
100 54
100 35
100 55
100 105
100 128
100 11
100 116
100 9
100 6
100 126
100 21
100 40
100 544
100 58
100 32
100 129
100 18
100 186
100 7
100 22
100 155
100 55
100 507
100 15
100 1
100 202
100 47
100 315
100 58
100 0
100 61
100 73
100 37
100 23
100 190
100 210
100 129
100 154
100 118
100 201
100 6
100 305
100 75
100 34
100 95
100 133
100 8
100 130
100 1
100 92
100 29
100 69
100 109
100 76
100 145
100 37
100 31
100 16
100 218
100 99
100 18
100 108
100 102
100 76
100 152
100 65
100 35
100 160
100 2
100 678
100 8
100 81
100 117
100 149
100 177
100 26
100 126
100 39
100 135
100 13
100 11
100 92
100 12
100 191
100 93
100 104
100 17
100 114
100 97
100 131
100 43
100 283
100 159
100 14
100 18
100 1
100 271
100 119
100 237
100 59
100 37
100 46
100 283
100 24
100 288
100 25
100 6
100 587
100 16
100 292
100 26
100 111
100 115
100 32
100 6
100 99
100 217
100 51
100 75
100 28
100 148
100 239
100 32
100 413
100 195
100 192
100 99
100 47
100 143
100 0
100 41
100 338
100 14
100 0
100 38
100 10
100 45
100 58
100 17
100 3
100 83
100 157
100 188
100 4
100 18
100 76
100 33
100 178
100 34
100 158
100 84
100 81
100 71
100 48
100 45
100 349
100 4
100 112
100 13
100 28
100 34
100 14
100 3
100 41
100 146
100 158
100 46
100 17
100 45
100 26
100 219
100 13
100 172
100 22
100 14
100 68
100 158
100 3
100 176
100 135
100 22
100 146
100 78
100 61
100 83
100 168
100 69
100 53
100 53
100 183
100 311
100 91
100 36
100 202
100 96
100 140
100 218
100 110
100 81
100 199
100 301
100 84
100 56
100 20
100 56
100 96
100 221
100 151
100 64
100 20
100 263
100 16
100 21
100 145
100 25
100 298
100 264
100 26
100 30
100 55
100 50
100 42
100 160
100 244
100 166
100 259
100 19
100 65
100 134
100 1
100 354
100 81
100 82
100 5
100 46
100 90
100 25
100 96
100 107
100 22
100 113
100 73
100 26
100 62
100 90
100 0
100 43
100 445
100 82
100 10
100 72
100 47
100 39
100 169
100 124
100 2
100 47
100 77
100 32
100 106
100 23
100 3
100 24
100 56
100 13
100 5
100 314
100 73
100 37
100 55
100 193
100 172
100 35
100 112
100 35
100 95
100 257
100 59
100 17
100 106
100 7
100 31
100 315
100 1
100 8
100 19
100 43
100 58
100 9
100 27
100 35
100 141
100 54
100 21
100 236
100 6
100 2
100 11
100 218
100 11
100 682
100 163
100 21
100 217
100 33
100 22
100 61
100 286
100 164
100 35
100 264
100 514
100 42
100 41
100 103
100 81
100 33
100 148
100 343
100 328
100 33
100 43
100 92
100 2
100 122
100 21
100 161
100 128
100 90
100 7
100 1
100 84
100 85
100 232
100 49
100 90
100 173
100 120
100 23
100 199
100 6
100 21
100 35
100 30
100 24
100 6
100 135
100 28
100 95
100 34
100 1
100 5
100 114
100 142
100 2
100 19
100 17
100 63
100 5
100 5
100 126
100 146
100 225
100 375
100 12
100 141
100 115
100 10
100 118
100 24
100 31
100 332
100 210
100 2
100 15
100 84
100 69
100 52
100 447
100 114
100 196
100 110
100 202
100 8
100 20
100 168
100 169
100 123
100 13
100 32
100 82
100 80
100 31
100 54
100 45
100 32
100 156
100 12
100 19
100 204
100 141
100 62
100 110
100 148
100 454
100 187
100 43
100 35
100 11
100 14
100 41
100 271
100 175
100 15
100 343
100 146
100 66
100 37
100 106
100 58
100 100
100 72
100 11
100 28
100 265
100 56
100 159
100 138
100 74
100 19
100 203
100 99
100 11
100 158
100 77
100 81
100 87
100 3
100 20
100 174
100 159
100 118
100 35
100 54
100 26
100 49
100 90
100 0
100 24
100 158
100 85
100 43
100 306
100 304
100 110
100 59
100 29
100 72
100 148
100 84
100 225
100 18
100 73
100 74
100 143
100 77
100 60
100 3
100 64
100 8
100 50
100 11
100 51
100 10
100 51
100 14
100 29
100 21
100 412
100 97
100 36
100 59
100 42
100 96
100 375
100 316
100 8
100 329
100 23
100 308
100 61
100 0
100 12
100 267
100 142
100 163
100 45
100 461
100 195
100 14
100 127
100 3
100 81
100 325
100 9
100 219
100 148
100 122
100 26
100 10
100 114
100 133
100 500
100 70
100 192
100 127
100 65
100 63
100 222
100 67
100 24
100 236
100 59
100 155
100 222
100 120
100 66
100 36
100 70
100 19
100 88
100 23
100 99
100 55
100 117
100 11
100 46
100 84
100 21
100 398
100 336
100 18
100 145
100 12
100 77
100 185
100 149
100 5
100 130
100 10
100 75
100 19
100 210
100 74
100 91
100 0
100 2
100 69
100 115
100 195
100 138
100 82
100 63
100 47
100 61
100 38
100 53
100 161
100 2
100 55
100 16
100 107
100 53
100 12
100 43
100 162
100 38
100 28
100 21
100 126
100 22
100 131
100 81
100 132
100 354
100 232
100 40
100 82
100 29
100 128
100 146
100 175
100 82
100 71
100 20
100 51
100 70
100 0
100 34
100 93
100 15
100 75
100 155
100 22
100 29
100 32
100 94
100 84
100 364
100 68
100 302
100 31
100 32
100 175
100 141
100 67
100 54
100 33
100 20
100 144
100 202
100 2
100 29
100 27
100 8
100 15
100 65
100 24
100 125
100 81
100 56
100 71
100 132
100 94
100 23
100 100
100 69
100 148
100 83
100 28
100 245
100 88
100 122
100 31
100 75
100 8
100 96
100 162
100 45
100 65
100 233
100 171
100 164
100 222
100 42
100 99
100 42
100 58
100 162
100 133
100 155
100 400
100 65
100 52
100 13
100 95
100 309
100 11
100 43
100 182
100 39
100 48
100 20
100 181
100 12
100 0
100 152
100 9
100 87
100 148
100 98
100 7
100 74
100 377
100 71
100 171
100 60
100 71
100 242
100 236
100 162
100 73
100 17
100 157
100 48
100 153
100 89
100 223
100 18
100 153
100 86
100 241
100 25
100 317
100 17
100 323
100 81
100 16
100 211
100 106
100 5
100 247
100 300
100 147
100 132
100 343
100 181
100 30
100 133
100 59
100 31
100 110
100 36
100 403
100 46
100 175
100 5
100 51
100 5
100 3
100 99
100 427
100 7
100 3
100 2
100 16
100 311
100 176
100 240
100 69
100 13
100 28
100 55
100 315
100 13
100 1
100 30
100 109
100 88
100 66
100 213
100 143
100 160
100 50
100 196
100 24
100 9
100 130
100 65
100 1
100 25
100 46
100 87
100 131
100 253
100 185
100 109
100 6
100 42
100 16
100 18
100 62
100 164
100 12
100 0
100 135
100 208
100 92
100 22
100 48
100 83
100 95
100 106
100 163
100 29
100 45
100 206
100 347
100 32
100 91
100 10
100 19
100 37
100 10
100 283
100 1
100 61
100 92
100 122
100 19
100 13
100 22
100 16
100 0
100 26
100 307
100 122
100 20
100 83
100 156
100 35
100 14
100 145
100 24
100 53
100 59
100 32
100 3
100 92
100 167
100 101
100 36
100 37
100 51
100 32
100 13
100 42
100 40
100 107
100 111
100 231
100 43
100 286
100 64
100 147
100 187
100 184
100 37
100 153
100 19
100 90
100 34
100 230
100 8
100 38
100 33
100 196
100 111
100 1
100 48
100 166
100 15
100 62
100 133
100 2
100 10
100 82
100 22
100 36
100 279
100 85
100 48
100 10
100 3
100 8
100 32
100 20
100 30
100 132
100 118
100 117
100 122
100 34
100 14
100 193
100 18
100 174
100 104
100 100
100 32
100 97
100 113
100 132
100 81
100 64
100 73
100 214
100 35
100 167
100 10
100 37
100 1
100 294
100 134
100 265
100 18
100 64
100 5
100 526
100 79
100 0
100 138
100 380
100 28
100 91
100 213
100 9
100 54
100 4
100 167
100 20
100 51
100 25
100 40
100 227
100 170
100 4
100 189
100 149
100 19
100 3
100 61
100 6
100 147
100 323
100 106
100 312
100 49
100 16
100 23
100 79
100 97
100 87
100 46
100 152
100 58
100 50
100 485
100 18
100 120
100 108
100 98
100 170
100 152
100 36
100 59
100 37
100 40
100 58
100 131
100 5
100 0
100 37
100 84
100 123
100 87
100 63
100 30
100 18
100 20
100 134
100 40
100 135
100 228
100 19
100 130
100 79
100 113
100 153
100 42
100 133
100 60
100 17
100 108
100 233
100 124
100 7
100 13
100 26
100 2
100 252
100 51
100 10
100 8
100 238
100 57
100 261
100 95
100 117
100 67
100 45
100 86
100 75
100 20
100 32
100 86
100 387
100 57
100 189
100 35
100 48
100 6
100 51
100 31
100 30
100 89
100 57
100 31
100 138
100 409
100 9
100 195
100 12
100 167
100 11
100 65
100 7
100 244
100 196
100 1
100 73
100 13
100 176
100 133
100 55
100 72
100 1
100 23
100 208
100 7
100 15
100 178
100 86
100 19
100 100
100 301
100 253
100 12
100 7
100 7
100 58
100 4
100 8
100 47
100 21
100 411
100 87
100 217
100 92
100 25
100 15
100 58
100 4
100 22
100 120
100 85
100 47
100 66
100 19
100 98
100 198
100 70
100 10
100 8
100 81
100 23
100 34
100 243
100 182
100 3
100 27
100 290
100 12
100 93
100 102
100 84
100 46
100 57
100 61
100 156
100 83
100 167
100 50
100 62
100 48
100 226
100 122
100 193
100 122
100 28
100 197
100 140
100 123
100 25
100 53
100 50
100 29
100 69
100 1
100 73
100 119
100 35
100 695
100 242
100 213
100 277
100 45
100 221
100 7
100 50
100 59
100 33
100 103
100 72
100 85
100 120
100 79
100 48
100 76
100 77
100 32
100 50
100 207
100 203
100 43
100 303
100 114
100 312
100 7
100 270
100 49
100 40
100 4
100 42
100 172
100 139
100 51
100 13
100 34
100 104
100 4
100 236
100 0
100 143
100 78
100 86
100 145
100 200
100 93
100 51
100 445
100 22
100 108
100 11
100 81
100 12
100 128
100 246
100 71
100 21
100 43
100 66
100 145
100 27
100 207
100 62
100 152
100 58
100 151
100 26
100 100
100 90
100 61
100 13
100 217
100 256
100 87
100 157
100 77
100 12
100 41
100 18
100 29
100 43
100 33
100 63
100 1
100 9
100 201
100 8
100 81
100 91
100 128
100 33
100 31
100 23
100 74
100 84
100 340
100 13
100 154
100 360
100 55
100 44
100 98
100 60
100 73
100 18
100 7
100 69
100 63
100 75
100 245
100 383
100 26
100 39
100 233
100 24
100 126
100 44
100 28
100 101
100 2
100 200
100 127
100 163
100 58
100 125
100 153
100 27
100 12
100 101
100 40
100 102
100 287
100 313
100 39
100 57
100 271
100 3
100 27
100 251
100 18
100 71
100 70
100 145
100 25
100 110
100 4
100 178
100 193
100 31
100 83
100 26
100 156
100 46
100 10
100 17
100 73
100 58
100 44
100 20
100 106
100 72
100 89
100 206
100 60
100 102
100 33
100 32
100 90
100 37
100 10
100 73
100 15
100 6
100 14
100 368
100 71
100 230
100 33
100 160
100 19
100 36
100 199
100 71
100 0
100 100
100 1
100 40
100 102
100 147
100 113
100 201
100 247
100 92
100 137
100 22
100 4
100 4
100 47
100 45
100 100
100 17
100 84
100 39
100 188
100 23
100 59
100 141
100 17
100 188
100 72
100 79
100 254
100 10
100 59
100 22
100 155
100 77
100 164
100 54
100 8
100 80
100 133
100 58
100 173
100 98
100 33
100 168
100 105
100 17
100 168
100 255
100 13
100 490
100 175
100 113
100 65
100 140
100 92
100 82
100 161
100 26
100 66
100 104
100 119
100 389
100 39
100 27
100 65
100 32
100 137
100 86
100 38
100 53
100 17
100 85
100 34
100 48
100 304
100 44
100 34
100 231
100 45
100 23
100 104
100 57
100 120
100 471
100 117
100 46
100 8
100 39
100 129
100 85
100 173
100 44
100 188
100 118
100 73
100 11
100 10
100 28
100 128
100 71
100 2
100 19
100 40
100 57
100 31
100 76
100 241
100 195
100 4
100 38
100 55
100 46
100 32
100 51
100 244
100 55
100 79
100 13
100 7
100 35
100 128
100 289
100 130
100 17
100 66
100 34
100 128
100 5
100 121
100 44
100 24
100 7
100 154
100 61
100 11
100 376
100 73
100 197
100 443
100 6
100 353
100 61
100 100
100 29
100 37
100 13
100 120
100 86
100 259
100 167
100 101
100 54
100 20
100 85
100 46
100 4
100 15
100 11
100 343
100 173
100 29
100 105
100 21
100 33
100 9
100 109
100 16
100 19
100 38
100 72
100 45
100 16
100 9
100 69
100 433
100 24
100 616
100 114
100 12
100 15
100 50
100 276
100 228
100 54
100 110
100 435
100 40
100 125
100 37
100 43
100 52
100 23
100 24
100 2
100 14
100 313
100 318
100 315
100 38
100 58
100 42
100 18
100 117
100 133
100 77
100 16
100 57
100 21
100 29
100 374
100 88
100 232
100 48
100 56
100 11
100 28
100 12
100 64
100 50
100 25
100 60
100 147
100 19
100 3
100 181
100 74
100 11
100 207
100 98
100 167
100 155
100 34
100 77
100 157
100 8
100 268
100 436
100 128
100 79
100 213
100 237
100 13
100 248
100 24
100 259
100 174
100 7
100 56
100 210
100 12
100 21
100 73
100 372
100 219
100 33
100 196
100 23
100 125
100 364
100 103
100 181
100 27
100 23
100 62
100 106
100 173
100 19
100 202
100 100
100 73
100 4
100 186
100 20
100 131
100 10
100 115
100 94
100 142
100 350
100 128
100 134
100 10
100 131
100 254
100 343
100 130
100 138
100 22
100 160
100 14
100 26
100 45
100 55
100 89
100 35
100 112
100 35
100 280
100 324
100 66
100 254
100 20
100 22
100 120
100 87
100 203
100 87
100 178
100 34
100 86
100 29
100 49
100 31
100 110
100 2
100 251
100 6
100 237
100 83
100 276
100 28
100 46
100 83
100 36
100 13
100 4
100 11
100 74
100 89
100 224
100 92
100 56
100 155
100 104
100 334
100 45
100 74
100 126
100 203
100 10
100 61
100 204
100 33
100 89
100 15
100 235
100 0
100 50
100 165
100 22
100 45
100 73
100 59
100 66
100 32
100 28
100 177
100 29
100 49
100 28
100 20
100 99
100 25
100 46
100 15
100 111
100 53
100 19
100 204
100 89
100 0
100 58
100 17
100 79
100 9
100 77
100 37
100 199
100 185
100 22
100 86
100 69
100 224
100 32
100 1
100 8
100 36
100 166
100 42
100 34
100 8
100 232
100 6
100 131
100 22
100 71
100 422
100 192
100 260
100 52
100 47
100 1
100 56
100 417
100 6
100 105
100 18
100 223
100 295
100 66
100 12
100 7
100 96
100 37
100 110
100 5
100 65
100 140
100 4
100 136
100 75
100 59
100 41
100 92
100 57
100 138
100 88
100 90
100 35
100 241
100 14
100 296
100 92
100 13
100 32
100 247
100 13
100 44
100 0
100 181
100 22
100 151
100 265
100 46
100 130
100 211
100 3
100 271
100 171
100 6
100 197
100 74
100 103
100 79
100 317
100 205
100 173
100 21
100 81
100 248
100 50
100 218
100 357
100 65
100 172
100 32
100 190
100 230
100 150
100 37
100 100
100 120
100 178
100 401
100 220
100 169
100 77
100 261
100 14
100 119
100 64
100 35
100 16
100 268
100 5
100 35
100 115
100 52
100 67
100 6
100 82
100 203
100 105
100 303
100 79
100 172
100 102
100 397
100 65
100 25
100 244
100 309
100 114
100 2
100 106
100 76
100 223
100 3
100 47
100 91
100 55
100 302
100 158
100 38
100 2
100 11
100 235
100 232
100 136
100 62
100 59
100 364
100 12
100 291
100 295
100 62
100 30
100 19
100 342
100 3
100 282
100 3
100 104
100 58
100 128
100 21
100 107
100 0
100 73
100 141
100 141
100 150
100 43
100 12
100 288
100 123
100 192
100 25
100 27
100 3
100 79
100 0
100 119
100 66
100 24
100 93
100 0
100 97
100 41
100 104
100 133
100 74
100 5
100 10
100 92
100 12
100 143
100 144
100 505
100 48
100 19
100 168
100 103
100 317
100 30
100 82
100 33
100 0
100 58
100 92
100 15
100 67
100 10
100 7
100 211
100 161
100 130
100 144
100 852
100 92
100 45
100 236
100 44
100 24
100 19
100 28
100 35
100 65
100 206
100 295
100 50
100 237
100 399
100 14
100 51
100 66
100 40
100 42
100 334
100 249
100 41
100 70
100 18
100 116
100 243
100 11
100 70
100 26
100 147
100 103
100 22
100 179
100 310
100 79
100 59
100 14
100 123
100 40
100 2
100 182
100 15
100 2
100 87
100 99
100 396
100 93
100 338
100 106
100 53
100 190
100 8
100 42
100 69
100 53
100 142
100 204
100 66
100 268
100 3
100 11
100 27
100 1
100 21
100 75
100 139
100 31
100 75
100 12
100 14
100 289
100 46
100 13
100 532
100 101
100 247
100 1
100 31
100 149
100 161
100 50
100 77
100 6
100 300
100 57
100 4
100 6
100 173
100 8
100 36
100 64
100 105
100 109
100 10
100 223
100 140
100 236
100 151
100 64
100 24
100 17
100 51
100 151
100 44
100 110
100 12
100 23
100 220
100 160
100 220
100 317
100 214
100 311
100 52
100 222
100 91
100 17
100 17
100 72
100 118
100 195
100 22
100 250
100 0
100 37
100 91
100 248
100 155
100 72
100 206
100 2
100 209
100 40
100 172
100 67
100 94
100 436
100 132
100 112
100 167
100 29
100 38
100 55
100 39
100 34
100 373
100 78
100 9
100 299
100 45
100 91
100 77
100 30
100 193
100 137
100 16
100 144
100 75
100 4
100 5
100 34
100 30
100 209
100 67
100 32
100 58
100 34
100 120
100 67
100 48
100 70
100 53
100 16
100 4
100 26
100 168
100 71
100 124
100 50
100 14
100 71
100 125
100 173
100 78
100 57
100 25
100 29
100 73
100 41
100 90
100 225
100 34
100 136
100 45
100 223
100 31
100 34
100 37
100 86
100 15
100 45
100 53
100 127
100 93
100 11
100 21
100 69
100 342
100 149
100 12
100 67
100 123
100 104
100 192
100 137
100 37
100 16
100 12
100 141
100 76
100 152
100 341
100 184
100 111
100 4
100 389
100 0
100 54
100 39
100 10
100 28
100 8
100 5
100 51
100 166
100 61
100 134
100 18
100 217
100 50
100 60
100 1
100 38
100 0
100 40
100 20
100 50
100 113
100 89
100 51
100 33
100 116
100 131
100 214
100 39
100 52
100 67
100 18
100 49
100 150
100 166
100 51
100 87
100 10
100 20
100 396
100 82
100 4
100 12
100 47
100 167
100 16
100 248
100 193
100 106
100 75
100 110
100 66
100 209
100 164
100 12
100 55
100 34
100 172
100 85
100 71
100 39
100 4
100 23
100 45
100 29
100 148
100 122
100 142
100 187
100 1
100 46
100 102
100 119
100 51
100 7
100 153
100 272
100 344
