100 394
100 201
100 399
100 213
100 909
100 10
100 400
100 51
100 9
100 49
100 1386
100 37
100 1305
100 213
100 1013
100 33
100 604
100 753
100 1103
100 277
100 556
100 616
100 313
100 44
100 37
100 795
100 1216
100 477
100 33
100 853
100 501
100 233
100 281
100 72
100 928
100 384
100 61
100 54
100 557
100 516
100 1121
100 640
100 206
100 67
100 11
100 1086
100 100
100 170
100 1045
100 1557
100 466
100 396
100 758
100 757
100 295
100 700
100 382
100 101
100 62
100 706
100 1781
100 120
100 505
100 613
100 1195
100 1261
100 519
100 244
100 290
100 1017
100 193
100 3
100 212
100 363
100 27
100 60
100 70
100 245
100 442
100 451
100 1897
100 863
100 645
100 416
100 125
100 787
100 610
100 322
100 116
100 4
100 292
100 7
100 670
100 32
100 762
100 132
100 734
100 102
100 252
100 37
100 67
100 394
100 440
100 440
100 51
100 2338
100 139
100 950
100 357
100 415
100 736
100 173
100 317
100 1570
100 256
100 678
100 22
100 1939
100 566
100 238
100 139
100 502
100 1167
100 929
100 15
100 1360
100 18
100 166
100 230
100 632
100 340
100 30
100 282
100 157
100 336
100 153
100 552
100 3
100 115
100 410
100 837
100 169
100 74
100 1255
100 1686
100 902
100 139
100 1662
100 390
100 144
100 1036
100 411
100 348
100 72
100 980
100 97
100 133
100 167
100 107
100 327
100 314
100 501
100 1083
100 1005
100 820
100 436
100 824
100 865
100 621
100 214
100 206
100 429
100 140
100 758
100 265
100 412
100 569
100 85
100 2066
100 238
100 375
100 87
100 226
100 131
100 418
100 662
100 376
100 782
100 251
100 408
100 952
100 8
100 1827
100 663
100 110
100 90
100 5
100 71
100 20
100 122
100 190
100 90
100 310
100 409
100 90
100 232
100 913
100 333
100 2822
100 1648
100 927
100 136
100 415
100 357
100 236
100 1092
100 285
100 684
100 412
100 111
100 693
100 406
100 129
100 178
100 406
100 244
100 1188
100 536
100 605
100 169
100 478
100 205
100 53
100 937
100 715
100 372
100 547
100 560
100 207
100 607
100 773
100 184
100 427
100 715
100 48
100 505
100 161
100 1038
100 82
100 35
100 1660
100 55
100 66
100 722
100 122
100 68
100 279
100 761
100 31
100 91
100 302
100 1179
100 320
100 245
100 226
100 998
100 41
100 431
100 890
100 365
100 256
100 131
100 330
100 347
100 871
100 60
100 1157
100 14
100 632
100 268
100 122
100 119
100 1264
100 62
100 266
100 2261
100 31
100 94
100 459
100 300
100 648
100 392
100 714
100 691
100 270
100 305
100 119
100 228
100 636
100 815
100 10
100 810
100 377
100 237
100 182
100 398
100 89
100 631
100 1794
100 433
100 1189
100 361
100 801
100 726
100 727
100 16
100 124
100 3
100 400
100 36
100 328
100 63
100 124
100 1538
100 207
100 683
100 38
100 14
100 185
100 443
100 1074
100 615
100 238
100 267
100 1682
100 158
100 13
100 91
100 299
100 147
100 43
100 1138
100 2001
100 1058
100 740
100 71
100 70
100 36
100 120
100 212
100 274
100 1174
100 915
100 1343
100 283
100 193
100 91
100 52
100 226
100 552
100 491
100 771
100 551
100 273
100 518
100 211
100 41
100 906
100 338
100 107
100 541
100 70
100 1985
100 762
100 5
100 672
100 440
100 103
100 340
100 262
100 129
100 20
100 18
100 585
100 41
100 1012
100 375
100 318
100 469
100 536
100 311
100 282
100 51
100 221
100 58
100 55
100 1121
100 2811
100 15
100 388
100 206
100 53
100 370
100 45
100 411
100 287
100 118
100 682
100 1300
100 805
100 731
100 514
100 244
100 162
100 320
100 532
100 720
100 1868
100 1506
100 170
100 382
100 533
100 341
100 137
100 261
100 40
100 445
100 1152
100 77
100 0
100 105
100 29
100 346
100 588
100 3253
100 428
100 291
100 643
100 649
100 598
100 219
100 604
100 224
100 204
100 127
100 896
100 95
100 591
100 1107
100 160
100 1279
100 144
100 435
100 137
100 22
100 530
100 206
100 131
100 716
100 980
100 395
100 17
100 188
100 201
100 152
100 1444
100 608
100 817
100 48
100 134
100 92
100 179
100 110
100 438
100 252
100 1140
100 654
100 1703
100 480
100 29
100 640
100 1021
100 867
100 712
100 29
100 798
100 618
100 895
100 465
100 703
100 273
100 612
100 909
100 121
100 330
100 540
100 426
100 1159
100 992
100 435
100 76
100 553
100 258
100 158
100 311
100 49
100 824
100 641
100 246
100 500
100 69
100 531
100 557
100 117
100 127
100 835
100 6
100 465
100 861
100 112
100 97
100 241
100 44
100 789
100 182
100 550
100 264
100 612
100 414
100 126
100 174
100 1073
100 68
100 1438
100 1160
100 358
100 45
100 286
100 355
100 341
100 240
100 283
100 491
100 919
100 543
100 387
100 179
100 346
100 42
100 452
100 121
100 488
100 2689
100 56
100 623
100 154
100 78
100 127
100 92
100 540
100 69
100 516
100 211
100 126
100 148
100 234
100 563
100 637
100 288
100 80
100 237
100 734
100 36
100 1061
100 333
100 265
100 319
100 95
100 44
100 95
100 34
100 102
100 485
100 386
100 105
100 446
100 390
100 741
100 819
100 578
100 185
100 665
100 251
100 23
100 180
100 193
100 330
100 1024
100 24
100 47
100 161
100 371
100 832
100 936
100 30
100 369
100 14
100 262
100 321
100 663
100 199
100 58
100 257
100 67
100 271
100 1145
100 199
100 240
100 250
100 491
100 110
100 248
100 254
100 1212
100 687
100 451
100 407
100 677
100 2323
100 100
100 368
100 447
100 158
100 571
100 300
100 253
100 952
100 547
100 456
100 1693
100 796
100 455
100 471
100 1527
100 319
100 459
100 614
100 312
100 446
100 893
100 471
100 123
100 649
100 7
100 1215
100 966
100 660
100 27
100 187
100 67
100 887
100 586
100 623
100 396
100 825
100 87
100 38
100 702
100 1884
100 119
100 649
100 178
100 25
100 663
100 971
100 73
100 207
100 389
100 48
100 5
100 75
100 329
100 149
100 59
100 244
100 745
100 216
100 33
100 333
100 434
100 339
100 20
100 480
100 545
100 124
100 201
100 34
100 254
100 543
100 97
100 562
100 739
100 43
100 425
100 558
100 188
100 535
100 300
100 35
100 178
100 384
100 321
100 362
100 118
100 241
100 423
100 619
100 177
100 762
100 197
100 12
100 205
100 415
100 372
100 124
100 90
100 535
100 83
100 233
100 65
100 331
100 332
100 313
100 751
100 319
100 303
100 359
100 338
100 169
100 712
100 703
100 1114
100 269
100 89
100 840
100 733
100 118
100 1003
100 108
100 152
100 877
100 326
100 333
100 134
100 429
100 39
100 170
100 549
100 292
100 34
100 750
100 553
100 26
100 87
100 12
100 336
100 1331
100 944
100 746
100 350
100 160
100 177
100 72
100 217
100 224
100 330
100 933
100 336
100 556
100 537
100 628
100 58
100 151
100 520
100 377
100 104
100 134
100 162
100 1034
100 75
100 296
100 477
100 86
100 317
100 514
100 437
100 567
100 92
100 495
100 141
100 380
100 1032
100 555
100 53
100 165
100 503
100 311
100 1357
100 833
100 553
100 193
100 88
100 867
100 124
100 727
100 688
100 238
100 216
100 49
100 43
100 21
100 466
100 33
100 715
100 45
100 172
100 156
100 95
100 1027
100 1522
100 1580
100 268
100 83
100 73
100 207
100 174
100 69
100 923
100 224
100 123
100 378
100 667
100 309
100 258
100 369
100 94
100 233
100 34
100 150
100 199
100 163
100 235
100 478
100 224
100 17
100 724
100 597
100 301
100 2230
100 302
100 289
100 160
100 329
100 797
100 1350
100 114
100 88
100 61
100 88
100 404
100 98
100 320
100 313
100 723
100 197
100 354
100 357
100 43
100 93
100 1167
100 7
100 127
100 469
100 693
100 704
100 411
100 665
100 186
100 1287
100 103
100 116
100 476
100 935
100 428
100 325
100 184
100 503
100 1999
100 303
100 145
100 1063
100 411
100 342
100 924
100 598
100 374
100 90
100 908
100 108
100 315
100 560
100 159
100 191
100 149
100 48
100 2
100 1137
100 478
100 229
100 307
100 624
100 524
100 16
100 238
100 421
100 59
100 205
100 907
100 278
100 345
100 195
100 92
100 426
100 625
100 45
100 1025
100 84
100 23
100 986
100 1404
100 160
100 627
100 456
100 915
100 647
100 433
100 389
100 1044
100 598
100 139
100 224
100 216
100 381
100 162
100 1023
100 13
100 830
100 193
100 98
100 93
100 431
100 65
100 22
100 138
100 368
100 380
100 61
100 18
100 557
100 703
100 1608
100 74
100 165
100 102
100 761
100 396
100 424
100 672
100 155
100 75
100 520
100 94
100 761
100 460
100 165
100 355
100 1495
100 139
100 307
100 116
100 145
100 62
100 735
100 188
100 554
100 270
100 206
100 721
100 100
100 473
100 712
100 117
100 156
100 82
100 171
100 408
100 254
100 520
100 27
100 1498
100 320
100 15
100 60
100 1319
100 1451
100 107
100 887
100 61
100 230
100 213
100 2282
100 78
100 57
100 361
100 51
100 171
100 460
100 374
100 222
100 338
100 671
100 1997
100 320
100 916
100 302
100 53
100 174
100 87
100 311
100 6
100 18
100 236
100 1356
100 115
100 1391
100 59
100 106
100 135
100 567
100 607
100 597
100 276
100 1017
100 186
100 736
100 69
100 758
100 60
100 528
100 593
100 11
100 256
100 20
100 388
100 148
100 2
100 912
100 1108
100 59
100 53
100 242
100 165
100 675
100 64
100 344
100 334
100 177
100 107
100 201
100 745
100 203
100 336
100 113
100 244
100 558
100 789
100 401
100 138
100 262
100 924
100 57
100 569
100 639
100 517
100 9
100 49
100 153
100 141
100 42
100 563
100 1460
100 70
100 29
100 197
100 111
100 297
100 489
100 190
100 109
100 252
100 169
100 33
100 15
100 725
100 156
100 1809
100 164
100 1385
100 359
100 238
100 207
100 253
100 527
100 701
100 804
100 858
100 1120
100 429
100 416
100 92
100 533
100 801
100 1536
100 429
100 87
100 549
100 358
100 540
100 553
100 200
100 1
100 1709
100 99
100 1999
100 693
100 1046
100 627
100 16
100 367
100 142
100 379
100 829
100 92
100 1835
100 405
100 217
100 165
100 949
100 1010
100 69
100 187
100 314
100 265
100 1624
100 112
100 1690
100 639
100 237
100 186
100 447
100 132
100 424
100 79
100 2061
100 722
100 122
100 416
100 470
100 68
100 38
100 789
100 81
100 446
100 244
100 168
100 1076
100 132
100 163
100 1402
100 75
100 15
100 167
100 910
100 37
100 710
100 5
100 33
100 506
100 117
100 3
100 292
100 1593
100 473
100 42
100 246
100 189
100 380
100 334
100 444
100 812
100 149
100 666
100 80
100 1171
100 491
100 161
100 662
100 166
100 154
100 444
100 295
100 631
100 592
100 80
100 729
100 165
100 34
100 612
100 42
100 350
100 693
100 425
100 198
100 360
100 415
100 788
100 117
100 471
100 1567
100 160
100 70
100 292
100 69
100 100
100 230
100 429
100 260
100 309
100 252
100 788
100 147
100 144
100 160
100 720
100 266
100 552
100 973
100 211
100 118
100 36
100 236
100 230
100 236
100 321
100 204
100 35
100 137
100 569
100 27
100 35
100 620
100 40
100 139
100 746
100 1192
100 7
100 992
100 284
100 310
100 661
100 51
100 10
100 546
100 91
100 304
100 13
100 622
100 68
100 391
100 49
100 534
100 181
100 208
100 308
100 304
100 475
100 296
100 204
100 1040
100 155
100 302
100 293
100 1554
100 923
100 261
100 26
100 160
100 134
100 43
100 856
100 940
100 1334
100 538
100 50
100 12
100 113
100 401
100 1286
100 312
100 1314
100 114
100 39
100 1097
100 77
100 112
100 990
100 191
100 1069
100 627
100 178
100 265
100 636
100 372
100 5
100 35
100 324
100 3
100 2403
100 576
100 944
100 86
100 617
100 94
100 297
100 457
100 288
100 149
100 236
100 84
100 264
100 1040
100 154
100 851
100 1496
100 219
100 379
100 15
100 77
100 825
100 437
100 943
100 75
100 287
100 842
100 2
100 213
100 235
100 84
100 135
100 1949
100 141
100 21
100 376
100 13
100 47
100 5
100 82
100 368
100 3298
100 38
100 52
100 102
100 228
100 316
100 771
100 665
100 359
100 649
100 97
100 798
100 1331
100 100
100 42
100 196
100 790
100 498
100 1167
100 375
100 25
100 482
100 10
100 185
100 71
100 32
100 3
100 836
100 1441
100 104
100 8
100 197
100 17
100 620
100 177
100 414
100 958
100 232
100 524
100 50
100 633
100 382
100 210
100 212
100 426
100 846
100 111
100 34
100 559
100 109
100 49
100 51
100 520
100 89
100 369
100 100
100 1010
100 1789
100 503
100 823
100 1571
100 721
100 154
100 588
100 182
100 13
100 141
100 401
100 196
100 444
100 963
100 969
100 29
100 927
100 2132
100 393
100 619
100 179
100 28
100 327
100 112
100 1155
100 741
100 1723
100 475
100 397
100 22
100 32
100 889
100 50
100 1712
100 17
100 218
100 1238
100 200
100 299
100 224
100 11
100 75
100 706
100 49
100 266
100 401
100 419
100 9
100 124
100 372
100 412
100 958
100 443
100 77
100 485
100 1667
100 588
100 356
100 602
100 592
100 101
100 599
100 1071
100 165
100 1504
100 395
100 569
100 4
100 317
100 588
100 308
100 100
100 240
100 331
100 107
100 2002
100 132
100 82
100 38
100 201
100 2794
100 55
100 53
100 1738
100 453
100 269
100 821
100 68
100 371
100 172
100 345
100 194
100 577
100 167
100 163
100 80
100 186
100 340
100 76
100 145
100 634
100 118
100 17
100 1297
100 407
100 116
100 697
100 130
100 107
100 268
100 805
100 148
100 725
100 237
100 434
100 413
100 422
100 271
100 252
100 1746
100 466
100 225
100 570
100 151
100 110
100 389
100 419
100 533
100 104
100 71
100 302
100 213
100 410
100 727
100 197
100 9
100 1653
100 59
100 154
100 254
100 356
100 164
100 63
100 256
100 937
100 102
100 12
100 3077
100 314
100 1035
100 81
100 986
100 672
100 399
100 90
100 650
100 154
100 122
100 996
100 788
100 769
100 78
100 52
100 93
100 151
100 67
100 28
100 293
100 434
100 1944
100 15
100 1018
100 270
100 33
100 419
100 119
100 415
100 188
100 7
100 388
100 9
100 113
100 323
100 187
100 7
100 9
100 401
100 526
100 341
100 111
100 213
100 247
100 242
100 469
100 1036
100 25
100 357
100 3
100 154
100 272
100 500
100 20
100 236
100 23
100 179
100 257
100 69
100 661
100 334
100 28
100 33
100 74
100 913
100 242
100 74
100 780
100 764
100 292
100 2936
100 1061
100 205
100 154
100 82
100 1364
100 6
100 459
100 594
100 105
100 544
100 666
100 861
100 291
100 324
100 269
100 253
100 521
100 50
100 307
100 849
100 765
100 929
100 0
100 184
100 911
100 613
100 653
100 326
100 177
100 270
100 440
100 79
100 308
100 212
100 779
100 182
100 356
100 386
100 375
100 115
100 238
100 434
100 137
100 361
100 855
100 273
100 51
100 760
100 36
100 247
100 130
100 583
100 421
100 828
100 179
100 161
100 735
100 529
100 152
100 638
100 386
100 415
100 444
100 60
100 113
100 66
100 505
100 1440
100 492
100 322
100 168
100 763
100 550
100 235
100 148
100 1084
100 533
100 24
100 118
100 7
100 56
100 1813
100 133
100 827
100 491
100 1757
100 1273
100 89
100 407
100 164
100 1562
100 218
100 1480
100 1468
100 317
100 181
100 447
100 134
100 42
100 42
100 568
100 1018
100 89
100 93
100 485
100 204
100 310
100 424
100 539
100 413
100 105
100 133
100 787
100 491
100 29
100 307
100 493
100 46
100 698
100 287
100 219
100 334
100 146
100 560
100 1474
100 82
100 682
100 780
100 45
100 342
100 293
100 2
100 99
100 241
100 810
100 47
100 78
100 432
100 758
100 148
100 168
100 203
100 17
100 954
100 122
100 680
100 878
100 1173
100 820
100 310
100 36
100 295
100 80
100 273
100 416
100 906
100 75
100 59
100 593
100 870
100 220
100 501
100 277
100 39
100 143
100 232
100 532
100 299
100 395
100 182
100 283
100 304
100 973
100 198
100 2188
100 131
100 1105
100 358
100 434
100 213
100 1496
100 1779
100 394
100 742
100 453
100 100
100 1960
100 491
100 29
100 417
100 553
100 306
100 315
100 61
100 159
100 328
100 336
100 53
100 219
100 650
100 384
100 604
100 249
100 285
100 440
100 1501
100 860
100 314
100 205
100 130
100 651
100 908
100 367
100 551
100 29
100 27
100 222
100 312
100 292
100 63
100 118
100 137
100 7
100 194
100 28
100 694
100 844
100 1033
100 335
100 1898
100 294
100 504
100 130
100 250
100 333
100 650
100 2
100 310
100 325
100 108
100 1
100 55
100 1308
100 213
100 202
100 5
100 338
100 539
100 406
100 290
100 609
100 608
100 216
100 291
100 479
100 211
100 140
100 162
100 1614
100 237
100 59
100 1
100 299
100 40
100 323
100 120
100 59
100 240
100 64
100 1455
100 336
100 582
100 55
100 75
100 68
100 727
100 126
100 566
100 544
100 72
100 618
100 200
100 52
100 1260
100 301
100 761
100 404
100 703
100 555
100 515
100 289
100 105
100 548
100 280
100 233
100 61
100 1394
100 369
100 103
100 978
100 20
100 157
100 439
100 53
100 1080
100 49
100 206
100 326
100 47
100 244
100 158
100 1061
100 216
100 56
100 148
100 279
100 15
100 199
100 2334
100 154
100 51
100 492
100 961
100 1806
100 524
100 488
100 826
100 94
100 1227
100 211
100 727
100 247
100 73
100 570
100 52
100 610
100 537
100 317
100 555
100 28
100 24
100 157
100 355
100 56
100 197
100 335
100 252
100 313
100 49
100 431
100 707
100 317
100 552
100 302
100 50
100 196
100 392
100 177
100 485
100 985
100 120
100 320
100 180
100 570
100 105
100 277
100 33
100 1711
100 687
100 641
100 124
100 342
100 36
100 505
100 479
100 364
100 97
100 117
100 346
100 207
100 1319
100 306
100 174
100 794
100 1
100 83
100 935
100 391
100 613
100 574
100 1221
100 687
100 61
100 178
100 359
100 588
100 1011
100 91
100 85
100 535
100 20
100 468
100 163
100 285
100 135
100 1674
100 203
100 546
100 6
100 319
100 400
100 784
100 1680
100 51
100 215
100 285
100 882
100 113
100 89
100 487
100 379
100 133
100 25
100 142
100 395
100 86
100 42
100 1060
100 434
100 773
100 17
100 419
100 511
100 1369
100 750
100 97
100 172
100 29
100 146
100 162
100 655
100 917
100 625
100 7
100 199
100 965
100 781
100 334
100 197
100 877
100 1053
100 241
100 51
100 605
100 450
100 321
100 419
100 849
100 1218
100 892
100 79
100 208
100 1092
100 15
100 420
100 163
100 322
100 306
100 701
100 263
100 675
100 185
100 477
100 15
100 335
100 1348
100 476
100 197
100 274
100 909
100 29
100 182
100 396
100 199
100 425
100 31
100 666
100 393
100 389
100 75
100 185
100 525
100 4
100 65
100 198
100 602
100 206
100 537
100 207
100 661
100 218
100 198
100 686
100 74
100 303
100 95
100 65
100 62
100 149
100 732
100 1006
100 421
100 1012
100 774
100 94
100 211
100 360
100 583
100 197
100 21
100 249
100 197
100 175
100 393
100 440
100 242
100 100
100 127
100 700
100 645
100 585
100 53
100 1107
100 379
100 259
100 239
100 176
100 534
100 177
100 825
100 275
100 1127
100 549
100 706
100 229
100 600
100 6
100 819
100 317
100 1468
100 234
100 73
100 20
100 8
100 2434
100 222
100 191
100 147
100 61
100 212
100 795
100 471
100 175
100 720
100 708
100 2160
100 177
100 2371
100 252
100 12
100 2649
100 8
100 1838
100 1
100 915
100 201
100 119
100 66
100 582
100 213
100 152
100 1308
100 145
100 119
100 69
100 336
100 617
100 54
100 247
100 134
100 18
100 55
100 223
100 176
100 21
100 31
100 176
100 796
100 248
100 187
100 461
100 16
100 103
100 18
100 727
100 79
100 205
100 669
100 902
100 537
100 474
100 786
100 37
100 309
100 620
100 295
100 728
100 142
100 858
100 309
100 26
100 489
100 273
100 2
100 51
100 650
100 877
100 287
100 37
100 707
100 218
100 200
100 9
100 126
100 575
100 340
100 86
100 340
100 471
100 324
100 62
100 849
100 180
100 207
100 988
100 878
100 169
100 328
100 48
100 379
100 88
100 214
100 367
100 112
100 110
100 635
100 697
100 29
100 213
100 371
100 414
100 209
100 339
100 990
100 1106
100 43
100 517
100 430
100 152
100 110
100 729
100 471
100 110
100 459
100 56
100 816
100 342
100 13
100 250
100 480
100 106
100 434
100 1057
100 1484
100 792
100 191
100 344
100 769
100 1164
100 6
100 283
100 124
100 12
100 689
100 967
100 552
100 557
100 10
100 326
100 213
100 1239
100 444
100 834
100 993
100 699
100 152
100 388
100 111
100 32
100 779
100 174
100 132
100 165
100 1423
100 297
100 222
100 1
100 252
100 319
100 141
100 291
100 746
100 331
100 72
100 230
100 377
100 25
100 353
100 52
100 242
100 175
100 349
100 1531
100 1287
100 266
100 1
100 263
100 473
100 327
100 427
100 1070
100 238
100 293
100 144
100 73
100 155
100 323
100 60
100 558
100 296
100 1529
100 707
100 110
100 297
100 543
100 46
100 295
100 574
100 1001
100 911
100 304
100 732
100 876
100 75
100 1516
100 3302
100 679
100 264
100 112
100 124
100 125
100 1191
100 826
100 306
100 23
100 1293
100 1598
100 314
100 272
100 607
100 102
100 55
100 263
100 78
100 71
100 38
100 138
100 81
100 212
100 222
100 1108
100 495
100 174
100 924
100 1117
100 447
100 201
100 174
100 238
100 218
100 2224
100 8
100 29
100 327
100 546
100 592
100 687
100 644
100 274
100 474
100 32
100 313
100 311
100 57
100 686
100 122
100 1157
100 64
100 192
100 1126
100 534
100 1016
100 133
100 536
100 141
100 154
100 15
100 511
100 395
100 339
100 1123
100 762
100 790
100 171
100 302
100 367
100 712
100 796
100 208
100 137
100 285
100 1623
100 24
100 134
100 116
100 348
100 779
100 664
100 51
100 372
100 316
100 426
100 409
100 470
100 31
100 178
100 715
100 738
100 705
100 389
100 368
100 419
100 304
100 78
100 24
100 831
100 291
100 23
100 744
100 776
100 94
100 965
100 1299
100 377
100 411
100 214
100 39
100 632
100 243
100 57
100 155
100 1065
100 193
100 350
100 1330
100 780
100 140
100 112
100 243
100 470
100 249
100 50
100 996
100 259
100 88
100 321
100 351
100 14
100 153
100 827
100 185
100 22
100 174
100 124
100 119
100 1142
100 761
100 88
100 67
100 76
100 17
100 176
100 689
100 163
100 1226
100 701
100 845
100 129
100 2040
100 600
100 1637
100 264
100 0
100 508
100 2390
100 4
100 475
100 366
100 100
100 628
100 1046
100 73
100 371
100 601
100 584
100 76
100 357
100 409
100 907
100 314
100 1643
100 2723
100 145
100 500
100 96
100 1395
100 1512
100 1390
100 160
100 619
100 235
100 24
100 540
100 873
100 756
100 833
100 335
100 61
100 90
100 130
100 998
100 172
100 181
100 713
100 461
100 494
100 964
100 64
100 314
100 323
100 183
100 12
100 290
100 559
100 162
100 387
100 4
100 110
100 1066
100 184
100 1512
100 1742
100 596
100 491
100 123
100 765
100 194
100 2057
100 685
100 584
100 397
100 52
100 1044
100 898
100 130
100 93
100 354
100 171
100 1528
100 276
100 526
100 721
100 615
100 398
100 127
100 188
100 1745
100 3345
100 288
100 147
100 440
100 25
100 55
100 778
100 1000
100 559
100 893
100 346
100 424
100 255
100 205
100 1161
100 109
100 1108
100 357
100 81
100 164
100 70
100 349
100 183
100 64
100 177
100 38
100 945
100 2
100 2110
100 417
100 384
100 1143
100 678
100 106
100 330
100 33
100 771
100 176
100 602
100 656
100 1166
100 620
100 338
100 371
100 217
100 379
100 631
100 664
100 103
100 1791
100 373
100 545
100 361
100 1429
100 532
100 10
100 613
100 520
100 74
100 1064
100 1303
100 315
100 89
100 63
100 798
100 40
100 436
100 58
100 239
100 263
100 21
100 94
100 336
100 9
100 160
100 484
100 95
100 2
100 15
100 128
100 473
100 1299
100 562
100 80
100 321
100 364
100 229
100 66
100 490
100 218
100 982
100 460
100 617
100 420
100 227
100 237
100 285
100 214
100 34
100 1323
100 123
100 32
100 177
100 101
100 771
100 511
100 75
100 6
100 296
100 955
100 179
100 118
100 41
100 68
100 636
100 206
100 333
100 279
100 78
100 579
100 1684
100 1360
100 441
100 70
100 126
100 512
100 598
100 284
100 55
100 424
100 146
100 231
100 457
100 200
100 678
100 56
100 342
100 529
100 346
100 714
100 638
100 914
100 323
100 73
100 90
100 567
100 38
100 1387
100 2033
100 444
100 825
100 526
100 959
100 85
100 419
100 45
100 475
100 824
100 3
100 434
100 65
100 685
100 107
100 22
100 39
100 693
100 640
100 398
100 90
100 531
100 46
100 403
100 62
100 364
100 914
100 475
100 41
100 1083
100 195
100 638
100 830
100 199
100 128
100 726
100 281
100 75
100 513
100 82
100 322
100 69
100 159
100 165
100 310
100 297
100 1440
100 132
100 257
100 1002
100 1071
100 345
100 377
100 35
100 129
100 377
100 70
100 1049
100 37
100 3
100 39
100 406
100 863
100 7
100 599
100 840
100 205
100 1003
100 454
100 228
100 689
100 208
100 3
100 362
100 694
100 66
100 72
100 400
100 830
100 1370
100 123
100 479
100 92
100 144
100 1418
100 29
100 147
100 400
100 19
100 773
100 868
100 48
100 1131
100 135
100 237
100 11
100 18
100 324
100 1316
100 70
100 500
100 875
100 73
100 396
100 311
100 17
100 183
100 239
100 395
100 334
100 76
100 467
100 394
100 7
100 461
100 2078
100 681
100 46
100 636
100 232
100 389
100 13
100 544
100 288
100 47
100 192
100 699
100 753
100 494
100 335
100 2061
100 158
100 315
100 710
100 1759
100 291
100 162
100 773
100 39
100 335
100 280
100 24
100 883
100 1153
100 263
100 254
100 109
100 979
100 93
100 1059
100 262
100 277
100 2505
100 1377
100 519
100 121
100 24
100 55
100 71
100 368
100 426
100 270
100 399
100 596
100 13
100 132
100 129
100 107
100 897
100 280
100 692
100 78
100 438
100 266
100 622
100 146
100 564
100 266
100 183
100 1250
100 47
100 123
100 459
100 618
100 426
100 12
100 475
100 356
100 1462
100 770
100 683
100 50
100 106
100 111
100 784
100 1131
100 1319
100 240
100 434
100 174
100 45
100 228
100 114
100 366
100 366
100 706
100 336
100 326
100 401
100 176
100 394
100 143
100 256
100 289
100 595
100 187
100 424
100 1043
100 154
100 443
100 1016
100 101
100 872
100 227
100 210
100 199
100 225
100 359
100 308
100 483
100 699
100 211
100 1934
100 405
100 126
100 348
100 332
100 1056
100 349
100 461
100 176
100 741
100 943
100 142
100 458
100 90
100 369
100 47
100 398
100 183
100 562
100 315
100 55
100 221
100 864
100 436
100 60
100 1079
100 412
100 33
100 1576
100 785
100 1094
100 84
100 600
100 78
100 259
100 136
100 623
100 35
100 155
100 587
100 282
100 12
100 110
100 244
100 40
100 898
100 1229
100 814
100 669
100 43
100 37
100 42
100 84
100 86
100 672
100 726
100 699
100 463
100 584
100 83
100 91
100 681
100 1532
100 487
100 278
100 79
100 288
100 121
100 6
100 90
100 117
100 266
100 88
100 80
100 347
100 267
100 142
100 170
100 426
100 90
100 853
100 801
100 399
100 33
100 127
100 339
100 432
100 44
100 128
100 30
100 722
100 372
100 795
100 74
100 254
100 467
100 1226
100 753
100 1783
100 357
100 64
100 549
100 497
100 68
100 48
100 100
100 144
100 107
100 253
100 244
100 110
100 265
100 587
100 414
100 508
100 745
100 366
100 1513
100 139
100 4
100 308
100 243
100 0
100 2
100 649
100 60
100 145
100 85
100 173
100 312
100 757
100 916
100 172
100 299
100 265
100 59
100 41
100 408
100 103
100 141
100 575
100 326
100 120
100 122
100 52
100 650
100 187
100 584
100 480
100 126
100 1193
100 1601
100 283
100 347
100 569
100 871
100 312
100 5
100 954
100 263
100 214
100 1251
100 209
100 365
100 276
100 369
100 146
100 713
100 1072
100 243
100 222
100 493
100 172
100 961
100 242
100 645
100 338
100 258
100 63
100 982
100 1313
100 181
100 105
100 330
100 19
100 415
100 455
100 296
100 107
100 232
100 47
100 140
100 685
100 1492
100 41
100 213
100 129
100 1611
100 215
100 88
100 407
100 280
100 238
100 408
100 560
100 159
100 338
100 493
100 185
100 157
100 264
100 67
100 4
100 576
100 796
100 731
100 282
100 186
100 404
100 248
100 391
100 589
100 248
100 5
100 145
100 1496
100 113
100 230
100 7
100 133
100 1180
100 116
100 296
100 102
100 859
100 56
100 467
100 276
100 715
100 569
100 1533
100 413
100 257
100 48
100 1030
100 108
100 73
100 10
100 219
100 378
100 698
100 613
100 83
100 463
100 54
100 939
100 1062
100 583
100 137
100 239
100 342
100 1067
100 254
100 698
100 582
100 405
100 1314
100 495
100 1134
100 1058
100 83
100 171
100 183
100 7
100 1115
100 692
100 340
100 356
100 127
100 2
100 596
100 204
100 951
100 280
100 687
100 620
100 400
100 456
100 372
100 42
100 514
100 589
100 434
100 210
100 74
100 196
100 12
100 486
100 224
100 184
100 914
100 350
100 606
100 53
100 174
100 214
100 1227
100 5
100 521
100 205
100 477
100 147
100 276
100 138
100 254
100 413
100 951
100 725
100 101
100 69
100 240
100 52
100 595
100 781
100 842
100 501
100 249
100 1231
100 8
100 358
100 464
100 187
100 319
100 108
100 615
100 929
100 539
100 602
100 184
100 190
100 1409
100 1185
100 122
100 599
100 183
100 725
100 186
100 161
100 136
100 1
100 1411
100 288
100 200
100 622
100 192
100 1175
100 746
100 232
100 169
100 395
100 222
100 919
100 334
100 279
100 27
100 493
100 266
100 979
100 1225
100 368
100 121
100 1149
100 74
100 387
100 122
100 1166
100 180
100 840
100 805
100 85
100 146
100 447
100 464
100 2352
100 304
100 445
100 105
100 560
100 600
100 711
100 1844
100 418
100 402
100 254
100 795
100 87
100 67
100 645
100 39
100 473
100 95
100 83
100 280
100 1110
100 29
100 367
100 101
100 312
100 605
100 403
100 1
100 97
100 219
100 159
100 98
100 12
100 94
100 36
100 805
100 12
100 814
100 696
100 159
100 189
100 44
100 532
100 17
100 1592
100 73
100 238
100 626
100 1636
100 1270
100 651
100 131
100 558
100 375
100 1013
100 763
100 281
100 1222
100 412
100 186
100 262
100 61
100 138
100 2086
100 348
100 103
100 821
100 879
100 233
100 21
100 15
100 34
100 287
100 331
100 553
100 118
100 872
100 435
100 193
100 722
100 344
100 3224
100 229
100 351
100 203
100 231
100 713
100 517
100 579
100 2141
100 364
100 246
100 578
100 875
100 240
100 1332
100 340
100 1890
100 251
100 1019
100 275
100 753
100 131
100 174
100 220
100 544
100 543
100 513
100 984
100 790
100 19
100 9
100 573
100 81
100 677
100 2607
100 1225
100 144
100 1161
100 171
100 1466
100 673
100 812
100 706
100 24
100 7
100 176
100 135
100 670
100 744
100 186
100 535
100 331
100 31
100 330
100 77
100 150
100 588
100 240
100 30
100 516
100 11
100 119
100 1047
100 324
100 324
100 143
100 237
100 404
100 449
100 122
100 175
100 138
100 312
100 564
100 465
100 405
100 128
100 339
100 1418
100 7
100 593
100 181
100 778
100 234
100 198
100 590
100 289
100 75
100 792
100 3
100 160
100 207
100 456
100 1181
100 94
100 327
100 1237
100 512
100 33
100 586
100 154
100 128
100 434
100 135
100 269
100 1177
100 542
100 1612
100 4
100 107
100 163
100 49
100 3171
100 383
100 304
100 341
100 409
100 370
100 836
100 171
100 40
100 503
100 489
100 167
100 1036
100 312
100 179
100 142
100 653
100 298
100 603
100 932
100 1177
100 380
100 384
100 539
100 400
100 90
100 601
100 10
100 384
100 308
100 639
100 409
100 1590
100 14
100 909
100 2919
100 1441
100 956
100 893
100 1036
100 8
100 201
100 51
100 45
100 364
100 138
100 22
100 7
100 447
100 418
100 369
100 549
100 219
100 430
100 253
100 1376
100 28
100 515
100 1162
100 121
100 549
100 630
100 433
100 1037
100 211
100 262
100 32
100 641
100 390
100 4
100 451
100 28
100 355
100 187
100 260
100 1088
100 942
100 135
100 2037
100 9
100 357
100 392
100 347
100 585
100 677
100 38
100 112
100 624
100 409
100 349
100 32
100 767
100 298
100 95
100 16
100 68
100 183
100 390
100 636
100 1844
100 367
100 120
100 543
100 124
100 227
100 662
100 640
100 881
100 252
100 948
100 103
100 481
100 366
100 264
100 322
100 1213
100 187
100 412
100 718
100 660
100 771
100 160
100 36
100 81
100 1832
100 101
100 1105
100 284
100 144
100 188
100 931
100 738
100 273
100 915
100 100
100 96
100 1204
100 954
100 157
100 157
100 14
100 89
100 487
100 599
100 1618
100 109
100 253
100 220
100 803
100 718
100 174
100 22
100 232
100 1000
100 291
100 223
100 154
100 886
100 402
100 337
100 375
100 2067
100 506
100 533
100 2011
100 177
100 1311
100 557
100 273
100 111
100 344
100 92
100 79
100 163
100 182
100 427
100 78
100 90
100 896
100 199
100 293
100 1336
100 807
100 170
100 34
100 302
100 30
100 245
100 247
100 5
100 316
100 1505
100 51
100 59
100 384
100 785
100 463
100 81
100 318
100 116
100 301
100 72
100 884
100 217
100 42
100 170
100 46
100 152
100 261
100 1152
100 177
100 261
100 779
100 671
100 180
100 268
100 693
100 270
100 206
100 4
100 93
100 342
100 320
100 924
100 24
100 207
100 652
100 438
100 309
100 187
100 167
100 153
100 787
100 168
100 235
100 993
100 16
100 81
100 433
100 192
100 140
100 167
100 1051
100 21
100 268
100 59
100 554
100 255
100 87
100 212
100 121
100 230
100 930
100 101
100 189
100 48
100 8
100 1132
100 255
100 1502
100 1152
100 194
100 423
100 187
100 58
100 26
100 269
100 41
100 28
100 279
100 184
100 965
100 55
100 191
100 210
100 228
100 65
100 79
100 237
100 211
100 119
100 478
100 1320
100 64
100 497
100 94
100 134
100 1
100 402
100 185
100 1035
100 2352
100 81
100 296
100 18
100 1027
100 268
100 420
100 37
100 844
100 477
100 207
100 122
100 537
100 131
100 232
100 113
100 5
100 501
100 3
100 1608
100 562
100 9
100 622
100 68
100 167
100 1292
100 161
100 423
100 639
100 211
100 486
100 0
100 210
100 164
100 85
100 88
100 1055
100 515
100 272
100 494
100 385
100 382
100 123
100 685
100 316
100 525
100 219
100 24
100 304
100 226
100 181
100 1471
100 12
100 49
100 72
100 63
100 1696
100 316
100 347
100 12
100 65
100 161
100 5
100 441
100 115
100 464
100 58
100 59
100 590
100 563
100 53
100 1325
100 319
100 33
100 80
100 700
100 63
100 311
100 799
100 604
100 413
100 588
100 700
100 261
100 59
100 184
100 141
100 241
100 271
100 1266
100 169
100 576
100 619
100 872
100 2
100 465
100 448
100 8
100 1101
100 1263
100 189
100 1321
100 172
100 107
100 551
100 1821
100 184
100 424
100 533
100 289
100 121
100 544
100 43
100 874
100 2025
100 943
100 64
100 143
100 744
100 767
100 1114
100 408
100 690
100 49
100 118
100 1353
100 116
100 255
100 297
100 419
100 422
100 15
100 497
100 79
100 15
100 869
100 206
100 32
100 92
100 1248
100 1236
100 173
100 165
100 693
100 351
100 287
100 238
100 732
100 1654
100 165
100 232
100 87
100 4
100 536
100 403
100 883
100 295
100 68
100 662
100 327
100 177
100 231
100 635
100 610
100 251
100 390
100 161
100 836
100 188
100 438
100 59
100 958
100 320
100 286
100 84
100 393
100 1
100 628
100 1403
100 44
100 250
100 234
100 229
100 13
100 194
100 559
100 171
100 3
100 42
100 286
100 296
100 98
100 424
100 566
100 109
100 185
100 729
100 549
100 549
100 555
100 53
100 325
100 140
100 146
100 297
100 476
100 2779
100 86
100 454
100 130
100 927
100 181
100 325
100 4
100 169
100 564
100 197
100 767
100 212
100 189
100 182
100 475
100 146
100 363
100 515
100 1817
100 1222
100 269
100 528
100 260
100 40
100 187
100 27
100 2097
100 1247
100 271
100 51
100 351
100 47
100 159
100 207
100 1062
100 713
100 317
100 484
100 155
100 539
100 344
100 23
100 762
100 5
100 394
100 54
100 475
100 1086
100 51
100 195
100 43
100 49
100 1967
100 521
100 155
100 21
100 4
100 167
100 555
100 13
100 179
100 129
100 274
100 370
100 307
100 54
100 1
100 571
100 24
100 255
100 154
100 34
100 237
100 237
100 60
100 596
100 16
100 252
100 187
100 292
100 1156
100 484
100 316
100 138
100 234
100 33
100 1458
100 24
100 59
100 573
100 86
100 529
100 834
100 596
100 21
100 826
100 420
100 608
100 57
100 930
100 262
100 523
100 503
100 1202
100 817
100 782
100 878
100 32
100 68
100 39
100 374
100 74
100 948
100 440
100 199
100 312
100 362
100 175
100 344
100 166
100 126
100 120
100 604
100 725
100 2
100 16
100 51
100 420
100 930
100 72
100 885
100 60
100 1
100 822
100 396
100 1081
100 511
100 22
100 84
100 669
100 123
100 468
100 598
100 75
100 860
100 191
100 975
100 280
100 19
100 835
100 360
100 895
100 481
100 424
100 287
100 130
100 237
100 172
100 123
100 391
100 5
100 154
100 114
100 242
100 627
100 279
100 382
100 45
100 149
100 281
100 283
100 201
100 209
100 379
100 201
100 83
100 284
100 241
100 91
100 248
100 157
100 118
100 178
100 47
100 630
100 123
100 695
100 452
100 197
100 197
100 619
100 504
100 260
100 110
100 86
100 490
100 43
100 484
100 4
100 269
100 310
100 135
100 218
100 197
100 314
100 431
100 96
100 777
100 925
100 437
100 338
100 347
100 69
100 804
100 370
100 80
100 183
100 325
100 76
100 241
100 507
100 568
100 329
100 648
100 145
100 1085
100 764
100 152
100 402
100 149
100 899
100 603
100 523
100 172
100 131
100 542
100 923
100 1659
100 215
100 121
100 776
100 290
100 470
100 195
100 223
100 85
100 466
100 148
100 106
100 538
100 227
100 190
100 971
100 2851
100 109
100 288
100 233
100 150
100 248
100 1636
100 1067
100 2
100 50
100 438
100 1117
100 86
100 937
100 33
100 38
100 83
100 405
100 261
100 561
100 65
100 661
100 891
100 200
100 390
100 558
100 87
100 264
100 458
100 675
100 721
100 58
100 104
100 820
100 1723
100 956
100 155
100 402
100 269
100 133
100 433
100 140
100 769
100 186
100 65
100 1
100 348
100 155
100 16
100 289
100 151
100 455
100 295
100 1369
100 178
100 572
100 382
100 267
100 533
100 537
100 162
100 422
100 615
100 1518
100 123
100 210
100 30
100 592
100 75
100 400
100 326
100 153
100 518
100 171
100 124
100 32
100 387
100 55
100 1272
100 271
100 335
100 940
100 1195
100 1394
100 1127
100 275
100 545
100 10
100 9
100 328
100 960
100 575
100 197
100 441
100 284
100 734
100 807
100 290
100 348
100 113
100 2106
100 1041
100 257
100 13
100 480
100 92
100 65
100 222
100 502
100 410
100 1168
100 652
100 634
100 78
100 122
100 1663
100 77
100 428
100 114
100 441
100 10
100 190
100 522
100 339
100 289
100 1079
100 436
100 50
100 368
100 63
100 47
100 458
100 190
100 1125
100 137
100 44
100 67
100 429
100 397
100 128
100 261
100 12
100 152
100 7
100 837
100 150
100 106
100 112
100 1624
100 217
100 1026
100 1113
100 39
100 848
100 198
100 830
100 637
100 255
100 147
100 1262
100 302
100 159
100 712
100 426
100 1353
100 473
100 600
100 210
100 129
100 196
100 67
100 529
100 1
100 346
100 1047
100 1207
100 267
100 665
100 855
100 55
100 2392
100 192
100 4
100 1823
100 939
100 86
100 606
100 112
100 884
100 68
100 448
100 4
100 481
100 584
100 15
100 234
100 234
100 20
100 113
100 291
100 115
100 75
100 617
100 26
100 1216
100 535
100 1102
100 193
100 68
100 379
100 130
100 447
100 643
100 592
100 546
100 26
100 276
100 405
100 442
100 488
100 938
100 84
100 70
100 77
100 894
100 267
100 620
100 5
100 993
100 420
100 383
100 849
100 165
100 185
100 13
100 512
100 138
100 50
100 821
100 970
100 303
100 67
100 109
100 127
100 394
100 285
100 213
100 516
100 596
100 295
100 201
100 628
100 126
100 800
100 530
100 186
100 121
100 108
100 944
100 382
100 206
100 4
100 328
100 153
100 31
100 553
100 590
100 253
100 1161
100 197
100 146
100 94
100 777
100 1448
100 188
100 15
100 454
100 364
100 619
100 703
100 25
100 583
100 252
100 464
100 713
100 176
100 409
100 511
100 193
100 664
100 1657
100 286
100 31
100 32
100 363
100 585
100 1156
100 1588
100 127
100 408
100 213
100 84
100 25
100 161
100 370
100 145
100 315
100 1300
100 1062
100 321
100 69
100 707
100 615
100 1161
100 186
100 896
100 923
100 201
100 10
100 279
100 163
100 127
100 86
100 523
100 134
100 477
100 334
100 83
100 921
100 59
100 43
100 63
100 640
100 115
100 101
100 729
100 177
100 628
100 894
100 851
100 13
100 523
100 438
100 1824
100 0
100 111
100 86
100 243
100 147
100 541
100 486
100 414
100 77
100 1108
100 136
100 12
100 331
100 62
100 194
100 430
100 139
100 372
100 167
100 567
100 595
100 244
100 525
100 384
100 43
100 401
100 45
100 435
100 411
100 696
100 352
100 206
100 240
100 45
100 209
100 59
100 151
100 421
100 120
100 52
100 275
100 112
100 386
100 700
100 329
100 34
100 324
100 358
100 423
100 11
100 455
100 348
100 330
100 406
100 328
100 500
100 552
100 116
100 6
100 160
100 157
100 432
100 155
100 70
100 246
100 198
100 1244
100 316
100 155
100 182
100 24
100 118
100 164
100 400
100 66
100 212
100 123
100 380
100 256
100 405
100 1055
100 772
100 1217
100 5
100 851
100 2821
100 1654
100 475
100 1828
100 128
100 653
100 218
100 401
100 405
100 219
100 100
100 417
100 15
100 924
100 287
100 632
100 169
100 174
100 201
100 513
100 172
100 292
100 1467
100 94
100 42
100 124
100 917
100 81
100 20
100 191
100 438
100 332
100 993
100 156
100 469
100 0
100 149
100 483
100 703
100 72
100 1853
100 360
100 732
100 1108
100 139
100 139
100 260
100 536
100 5
100 293
100 579
100 66
100 293
100 378
100 151
100 25
100 239
100 263
100 0
100 759
100 83
100 33
100 272
100 185
100 764
100 308
100 1010
100 15
100 194
100 202
100 680
100 113
100 721
100 129
100 799
100 764
100 297
100 12
100 301
100 67
100 486
100 4017
100 53
100 148
100 542
100 671
100 1296
100 340
100 1517
100 189
100 750
100 673
100 590
100 126
100 973
100 1037
100 231
100 628
100 945
100 61
100 556
100 698
100 251
100 1622
100 182
100 51
100 768
100 165
100 165
100 4
100 176
100 661
100 48
100 33
100 393
100 926
100 842
100 630
100 26
100 135
100 875
100 696
100 312
100 539
100 58
100 245
100 1192
100 675
100 972
100 133
100 137
100 469
100 5
100 141
100 653
100 110
100 491
100 972
100 579
100 140
100 1619
100 531
100 278
100 532
100 208
100 584
100 101
100 619
100 301
100 12
100 408
100 156
100 1042
100 84
100 1225
100 528
100 1012
100 1497
100 23
100 3
100 933
100 568
100 641
100 132
100 108
100 511
100 2188
100 138
100 524
100 128
100 97
100 74
100 631
100 515
100 404
100 5
100 347
100 784
100 1529
100 291
100 1493
100 301
100 165
100 153
100 311
100 153
100 517
100 13
100 289
100 279
100 525
100 145
100 87
100 254
100 1348
100 413
100 541
100 338
100 463
100 693
100 115
100 100
100 191
100 438
100 318
100 315
100 122
100 58
100 660
100 459
100 1200
100 88
100 1265
100 817
100 331
100 624
100 922
100 271
100 674
100 70
100 108
100 71
100 1246
100 322
100 751
100 1112
100 316
100 559
100 186
100 29
100 57
100 163
100 1023
100 6
100 119
100 109
100 149
100 106
100 304
100 13
100 213
100 1
100 1060
100 41
100 12
100 382
100 118
100 113
100 922
100 408
100 262
100 50
100 285
100 291
100 96
100 876
100 1715
100 1232
100 174
100 80
100 187
100 124
100 2084
100 23
100 415
100 56
100 154
100 28
100 475
100 1326
100 52
100 931
100 7
100 1148
100 428
100 24
100 224
100 63
100 263
100 520
100 885
100 211
100 738
100 600
100 21
100 915
100 327
100 586
100 404
100 644
100 927
100 563
100 392
100 97
100 1481
100 410
100 2
100 609
100 429
100 395
100 93
100 408
100 156
100 416
100 241
100 834
100 415
100 106
100 293
100 846
100 1520
100 476
100 100
100 268
100 57
100 12
100 269
100 598
100 337
100 220
100 66
100 849
100 23
100 981
100 729
100 1232
100 319
100 584
100 262
100 419
100 1554
100 119
100 302
100 271
100 651
100 44
100 587
100 1644
100 294
100 177
100 16
100 358
100 267
100 505
100 96
100 971
100 910
100 687
100 493
100 720
100 109
100 26
100 159
100 189
100 478
100 564
100 154
100 6
100 130
100 996
100 729
100 245
100 643
100 597
100 387
100 1450
100 108
100 79
100 781
100 656
100 539
100 310
100 884
100 149
100 602
100 41
100 720
100 230
100 63
100 453
100 478
100 460
100 1013
100 30
100 768
100 146
100 1723
100 256
100 139
100 16
100 151
100 563
100 647
100 243
100 534
100 9
100 696
100 191
100 161
100 356
100 610
100 27
100 23
100 123
100 31
100 342
100 10
100 210
100 396
100 1609
100 1067
100 110
100 418
100 425
100 362
100 151
100 958
100 417
100 123
100 297
100 210
100 45
100 478
100 210
100 358
100 36
100 100
100 72
100 167
100 413
100 244
100 349
100 72
100 1946
100 396
100 412
100 977
100 509
100 981
100 649
100 356
100 347
100 564
100 668
100 801
100 652
100 255
100 131
100 420
100 328
100 282
100 386
100 56
100 961
100 49
100 14
100 487
100 185
100 108
100 1764
100 55
100 56
100 37
100 4
100 6
100 631
100 84
100 342
100 377
100 204
100 149
100 177
100 71
100 733
100 387
100 287
100 90
100 69
100 71
100 472
100 2419
100 284
100 29
100 328
100 451
100 50
100 480
100 629
100 160
100 1002
100 385
100 399
100 462
100 425
100 290
100 18
100 357
100 1058
100 185
100 120
100 428
100 32
100 897
100 529
100 81
100 492
100 354
100 70
100 166
100 522
100 151
100 445
100 118
100 491
100 432
100 296
100 2194
100 1376
100 371
100 257
100 7
100 32
100 288
100 407
100 724
100 276
100 478
100 535
100 764
100 129
100 440
100 760
100 115
100 8
100 100
100 394
100 5
100 28
100 379
100 898
100 4
100 166
100 371
100 183
100 157
100 277
100 122
100 269
100 2120
100 116
100 7
100 53
100 195
100 20
100 1086
100 14
100 1055
100 270
100 736
100 79
100 35
100 11
100 33
100 323
100 76
100 45
100 298
100 54
100 234
100 0
100 1371
100 92
100 156
100 345
100 207
100 935
100 525
100 626
100 536
100 146
100 452
100 357
100 310
100 367
100 696
100 716
100 1316
100 30
100 1156
100 268
100 9
100 336
100 284
100 292
100 8
100 1216
100 94
100 1367
100 341
100 201
100 175
100 1630
100 1230
100 118
100 171
100 79
100 191
100 351
100 458
100 72
100 1143
100 150
100 374
100 115
100 869
100 608
100 609
100 62
100 91
100 1505
100 87
100 932
100 42
100 868
100 401
100 215
100 163
100 1247
100 1587
100 153
100 998
100 288
100 336
100 225
100 222
100 199
100 103
100 331
100 335
100 764
100 42
100 212
100 94
100 264
100 45
100 44
100 171
100 809
100 39
100 298
100 7
100 42
100 91
100 330
100 489
100 91
100 795
100 22
100 100
100 68
100 952
100 1160
100 156
100 110
100 210
100 499
100 393
100 67
100 912
100 888
100 451
100 391
100 416
100 604
100 488
100 679
100 173
100 734
100 87
100 211
100 197
100 8
100 447
100 584
100 307
100 159
100 67
100 351
100 231
100 457
100 132
100 392
100 31
100 720
100 21
100 385
100 550
100 241
100 350
100 591
100 107
100 139
100 539
100 481
100 670
100 219
100 627
100 393
100 80
100 292
100 406
100 30
100 288
100 76
100 36
100 47
100 125
100 138
100 135
100 62
100 126
100 245
100 699
100 454
100 395
100 110
100 197
100 870
100 427
100 2
100 453
100 5
100 148
100 376
100 396
100 720
100 617
100 89
100 419
100 456
100 260
100 213
100 182
100 557
100 215
100 409
100 451
100 152
100 568
100 1061
100 130
100 424
100 198
100 544
100 205
100 673
100 79
100 54
100 234
100 141
100 26
100 807
100 909
100 2767
100 365
100 17
100 531
100 28
100 861
100 131
100 76
100 70
100 154
100 77
100 814
100 1612
100 926
100 624
100 1077
100 367
100 608
100 100
100 834
100 391
100 1122
100 239
100 489
100 270
100 197
100 18
100 195
100 482
100 409
100 1171
100 348
100 3
100 63
100 566
100 957
100 220
100 119
100 334
100 59
100 360
100 301
100 116
100 82
100 1008
100 126
100 357
100 818
100 489
100 7
100 222
100 413
100 125
100 330
100 177
100 217
100 1063
100 672
100 236
100 565
100 157
100 265
100 576
100 134
100 157
100 667
100 2164
100 730
100 127
100 117
100 107
100 38
100 396
100 302
100 280
100 150
100 2520
100 725
100 549
100 31
100 46
100 372
100 793
100 500
100 176
100 331
100 521
100 311
100 310
100 282
100 172
100 77
100 1009
100 25
100 909
100 309
100 556
100 391
100 752
100 544
100 691
100 11
100 89
100 711
100 131
100 968
100 2516
100 11
100 477
100 37
100 27
100 573
100 526
100 819
100 196
100 27
100 460
100 14
100 612
100 186
100 158
100 364
100 18
100 218
100 87
100 375
100 538
100 223
100 86
100 56
100 505
100 187
100 372
100 601
100 154
100 380
100 105
100 540
100 21
100 653
100 218
100 94
100 64
100 498
100 759
100 42
100 66
100 109
100 661
100 211
100 260
100 1103
100 371
100 163
100 353
100 268
100 47
100 339
100 0
100 602
100 1
100 148
100 7
100 151
100 43
100 126
100 37
100 44
100 46
100 351
100 39
100 533
100 110
100 447
100 1279
100 630
100 1039
100 1240
100 68
100 142
100 211
100 260
100 792
100 329
100 166
100 1288
100 52
100 1386
100 410
100 362
100 218
100 73
100 816
100 524
100 683
100 1614
100 822
100 135
100 196
100 1210
100 78
100 71
100 151
100 77
100 37
100 242
100 1197
100 798
100 54
100 45
100 109
100 516
100 1012
100 424
100 15
100 116
100 140
100 281
100 385
100 181
100 297
100 1845
100 1472
100 781
100 51
100 388
100 482
100 210
100 29
100 371
100 163
100 472
100 59
100 117
100 16
100 191
100 777
100 300
100 22
100 287
100 1390
100 118
100 83
100 150
100 400
100 138
100 656
100 459
100 1259
100 381
100 19
100 126
100 128
100 146
100 99
100 381
100 148
100 6
100 591
100 117
100 55
100 1628
100 392
100 34
100 222
100 1972
100 247
100 95
100 268
100 354
100 147
100 598
100 76
100 41
100 585
100 279
100 212
100 111
100 889
100 47
100 479
100 259
100 1073
100 100
100 667
100 70
100 64
100 419
100 464
100 75
100 957
100 37
100 370
100 105
100 86
100 62
100 668
100 50
100 733
100 511
100 11
100 256
100 1780
100 926
100 604
100 292
100 2
100 365
100 192
100 1060
100 703
100 925
100 452
100 185
100 112
100 264
100 45
100 430
100 107
100 983
100 352
100 123
100 113
100 298
100 13
100 306
100 39
100 986
100 556
100 89
100 1213
100 172
100 236
100 7
100 1516
100 37
100 127
100 761
100 54
100 371
100 727
100 1208
100 355
100 1100
100 385
100 59
100 603
100 217
100 2437
100 133
100 1538
100 93
100 364
100 315
100 287
100 156
100 964
100 857
100 461
100 425
100 385
100 590
100 71
100 118
100 2005
100 432
100 1735
100 538
100 569
100 125
100 160
100 225
100 356
100 438
100 208
100 509
100 85
100 1915
100 103
100 861
100 153
100 288
100 45
100 93
100 108
100 251
100 272
100 201
100 182
100 264
100 233
100 165
100 245
100 740
100 202
100 524
100 6
100 2072
100 524
100 75
100 646
100 144
100 149
100 564
100 1441
100 289
100 157
100 206
100 319
100 496
100 70
100 551
100 195
100 64
100 442
100 31
100 106
100 467
100 146
100 390
100 567
100 297
100 592
100 904
100 24
100 399
100 169
100 1147
100 244
100 173
100 644
100 758
100 360
100 146
100 602
100 157
100 66
100 1474
100 163
100 324
100 885
100 136
100 676
100 53
100 187
100 49
100 77
100 298
100 155
100 293
100 461
100 510
100 80
100 21
100 384
100 198
100 1070
100 420
100 791
100 39
100 431
100 222
100 33
100 19
100 375
100 169
100 1252
100 781
100 173
100 251
100 639
100 1108
100 40
100 1052
100 88
100 53
100 500
100 302
100 601
100 132
100 336
100 905
100 499
100 1255
100 308
100 21
100 499
100 86
100 297
100 128
100 347
100 434
100 1171
100 64
100 33
100 7
100 8
100 579
100 29
100 1462
100 252
100 388
100 110
100 375
100 1756
100 188
100 501
100 243
100 280
100 100
100 101
100 881
100 949
100 161
100 528
100 749
100 108
100 273
100 304
100 641
100 740
100 359
100 362
100 8
100 310
100 40
100 335
100 113
100 23
100 208
100 158
100 749
100 773
100 347
100 153
100 309
100 191
100 149
100 334
100 227
100 1729
100 657
100 0
100 810
100 131
100 347
100 2
100 476
100 43
100 918
100 478
100 146
100 189
100 491
100 243
100 627
100 959
100 504
100 67
100 1092
100 401
100 53
100 26
100 157
100 2
100 167
100 217
100 640
100 1062
100 317
100 529
100 713
100 199
100 363
100 147
100 245
100 1194
100 461
100 829
100 324
100 348
100 501
100 706
100 532
100 469
100 579
100 49
100 940
100 31
100 134
100 1958
100 43
100 150
100 144
100 446
100 73
100 245
100 189
100 80
100 419
100 142
100 428
100 386
100 429
100 69
100 327
100 380
100 5
100 537
100 163
100 536
100 225
100 630
100 145
100 658
100 1573
100 184
100 360
100 99
100 318
100 102
100 559
100 696
100 107
100 8
100 36
100 68
100 70
100 1255
100 308
100 548
100 434
100 148
100 311
100 727
100 574
100 131
100 524
100 183
100 9
100 65
100 644
100 45
100 1560
100 567
100 169
100 798
100 261
100 214
100 286
100 598
100 100
100 81
100 626
100 430
100 745
100 359
100 41
100 578
100 71
100 662
100 15
100 321
100 28
100 11
100 8
100 830
100 118
100 681
100 416
100 43
100 214
100 477
100 91
100 802
100 770
100 75
100 201
100 904
100 914
100 754
100 40
100 125
100 15
100 1906
100 16
100 132
100 205
100 524
100 63
100 168
100 184
100 147
100 698
100 23
100 1801
100 487
100 135
100 396
100 1200
100 51
100 231
100 316
100 746
100 40
100 1
100 100
100 550
100 121
100 290
100 762
100 42
100 922
100 290
100 623
100 419
100 346
100 23
100 402
100 333
100 476
100 648
100 518
100 71
100 508
100 17
100 232
100 672
100 73
100 16
100 982
100 188
100 194
100 288
100 303
100 810
100 119
100 675
100 34
100 576
100 20
100 467
100 474
100 705
100 186
100 473
100 1221
100 19
100 913
100 68
100 357
100 140
100 702
100 22
100 76
100 1317
100 378
100 283
100 18
100 482
100 315
100 15
100 487
100 682
100 922
100 60
100 189
100 1010
100 1144
100 49
100 206
100 808
100 745
100 107
100 529
100 613
100 395
100 186
100 393
100 703
100 2503
100 362
100 540
100 296
100 113
100 118
100 234
100 346
100 519
100 279
100 708
100 1213
100 540
100 372
100 988
100 291
100 1751
100 78
100 161
100 255
100 26
100 1356
100 811
100 290
100 393
100 880
100 368
100 3
100 257
100 70
100 303
100 676
100 314
100 783
100 2707
100 286
100 903
100 70
100 1031
100 93
100 987
100 268
100 145
100 228
100 576
100 794
100 88
100 1529
100 316
100 926
100 39
100 448
100 1174
100 248
100 1420
100 912
100 181
100 540
100 1482
100 94
100 47
100 312
100 32
100 331
100 509
100 174
100 266
100 406
100 385
100 29
100 53
100 5
100 835
100 51
100 707
100 162
100 320
100 447
100 937
100 474
100 573
100 1939
100 851
100 474
100 1029
100 1782
100 430
100 615
100 328
100 517
100 283
100 744
100 213
100 350
100 1512
100 1002
100 840
100 117
100 395
100 16
100 839
100 1041
100 360
100 689
100 75
100 184
100 35
100 83
100 190
100 1
100 759
100 25
100 169
100 913
100 739
100 218
100 436
100 143
100 298
100 661
100 191
100 639
100 250
100 591
100 826
100 94
100 1955
100 27
100 3
100 105
100 431
100 234
100 41
100 284
100 25
100 127
100 284
100 525
100 1754
100 152
100 127
100 155
100 591
100 141
100 63
100 37
100 237
100 260
100 147
100 89
100 605
100 44
100 704
100 78
100 1754
100 33
100 1373
100 507
100 6
100 1027
100 68
100 209
100 1421
100 226
100 233
100 48
100 784
100 8
100 1226
100 105
100 1590
100 68
100 337
100 388
100 705
100 22
100 28
100 151
100 516
100 114
100 176
100 252
100 244
100 187
100 217
100 128
100 373
100 21
100 582
100 602
100 385
100 766
100 787
100 314
100 168
100 375
100 172
100 136
100 87
100 154
100 574
100 425
100 66
100 57
100 346
100 769
100 145
100 20
100 392
100 274
100 155
100 254
100 930
100 151
100 119
100 972
100 576
100 577
100 179
100 364
100 1536
100 327
100 109
100 142
100 259
100 1090
100 222
100 338
100 733
100 285
100 470
100 218
100 493
100 130
100 22
100 296
100 79
100 356
100 96
100 59
100 514
100 409
100 335
100 1897
100 905
100 1288
100 485
100 838
100 533
100 1277
100 17
100 240
100 65
100 591
100 549
100 44
100 212
100 444
100 649
100 196
100 516
100 399
100 107
100 43
100 123
100 1091
100 662
100 225
100 301
100 688
100 516
100 708
100 6
100 239
100 432
100 1090
100 215
100 247
100 664
100 78
100 52
100 429
100 482
100 622
100 978
100 10
100 411
100 131
100 271
100 1169
100 680
100 296
100 254
100 232
100 427
100 1011
100 325
100 261
100 579
100 659
100 125
100 1485
100 709
100 280
100 429
100 356
100 258
100 582
100 318
100 110
100 203
100 56
100 354
100 326
100 5
100 2
100 263
100 887
100 742
100 798
100 172
100 562
100 25
100 570
100 216
100 323
100 131
100 80
100 560
100 854
100 287
100 242
100 986
100 87
100 525
100 178
100 34
100 63
100 912
100 195
100 721
100 295
100 149
100 355
100 908
100 144
100 244
100 2439
100 176
100 710
100 2688
100 439
100 426
100 50
100 87
100 41
100 673
100 139
100 153
100 832
100 318
100 1053
100 909
100 1001
100 2
100 551
100 285
100 650
100 268
100 324
100 292
100 801
100 984
100 666
100 462
100 713
100 44
100 125
100 301
100 571
100 594
100 119
100 471
100 455
100 22
100 387
100 730
100 35
100 16
100 122
100 1661
100 354
100 919
100 191
100 2194
100 1141
100 554
100 561
100 533
100 627
100 151
100 208
100 63
100 35
100 232
100 463
100 805
100 1582
100 957
100 121
100 1561
100 414
100 51
100 202
100 972
100 23
100 103
100 318
100 140
100 786
100 662
100 231
100 156
100 664
100 320
100 374
100 114
100 305
100 893
100 87
100 1216
100 116
100 562
100 387
100 112
100 466
100 502
100 2287
100 1
100 15
100 323
100 42
100 431
100 90
100 919
100 272
100 684
100 116
100 262
100 64
100 1025
100 266
100 2005
100 414
100 121
100 240
100 669
100 339
100 452
100 262
100 540
100 39
100 56
100 136
100 114
100 294
100 702
100 187
100 91
100 337
100 357
100 72
100 32
100 514
100 42
100 29
100 460
100 262
100 65
100 63
100 83
100 157
100 165
100 503
100 1810
100 130
100 19
100 1718
100 196
100 669
100 346
100 251
100 675
100 2789
100 425
100 3
100 132
100 201
100 1084
100 510
100 337
100 742
100 480
100 80
100 581
100 355
100 1022
100 61
100 56
100 108
100 426
100 234
100 101
100 188
100 47
100 295
100 37
100 236
100 92
100 617
100 340
100 259
100 510
100 91
100 321
100 378
100 20
100 215
100 450
100 27
100 2002
100 110
100 241
100 1541
100 143
100 1316
100 320
100 869
100 1028
100 1232
100 56
100 101
100 1233
100 397
100 1
100 403
100 292
100 486
100 18
100 1261
100 984
100 239
100 1069
100 1066
100 20
100 84
100 582
100 196
100 988
100 1363
100 321
100 252
100 1116
100 21
100 18
100 4
100 209
100 442
100 256
100 20
100 52
100 55
100 369
100 228
100 328
100 807
100 194
100 154
100 47
100 375
100 256
100 428
100 710
100 1207
100 322
100 1260
100 239
100 350
100 185
100 442
100 1052
100 192
100 1366
100 453
100 16
100 386
100 1203
100 110
100 1074
100 134
100 188
100 532
100 515
100 389
100 172
100 15
100 53
100 556
100 396
100 457
100 636
100 58
100 162
100 398
100 67
100 13
100 142
100 303
100 61
100 17
100 769
100 192
100 376
100 113
100 997
100 54
100 163
100 565
100 795
100 80
100 253
100 164
100 1856
100 142
100 187
100 317
100 413
100 901
100 3841
100 122
100 144
100 488
100 95
100 102
100 242
100 154
100 931
100 276
100 643
100 2426
100 1441
100 413
100 98
100 106
100 71
100 229
100 29
100 113
100 62
100 162
100 298
100 602
100 94
100 176
100 1195
100 62
100 104
100 282
100 40
100 221
100 29
100 68
100 8
100 1525
100 1205
100 714
100 398
100 214
100 89
100 708
100 382
100 142
100 529
100 310
100 494
100 13
100 6
100 327
100 766
100 216
100 317
100 79
100 492
100 665
100 924
100 521
100 592
100 124
100 30
100 1887
100 1571
100 607
100 210
100 21
100 120
100 768
100 212
100 765
100 2196
100 166
100 531
100 92
100 288
100 90
100 521
100 101
100 116
100 603
100 15
100 167
100 6
100 240
100 988
100 397
100 495
100 960
100 433
100 1765
100 74
100 228
100 213
100 201
100 56
100 721
100 118
100 10
100 299
100 97
100 378
100 464
100 1009
100 204
100 843
100 187
100 1077
100 136
100 69
100 135
100 1276
100 1081
100 38
100 434
100 1644
100 185
100 211
100 91
100 414
100 424
100 144
100 2051
100 135
100 277
100 398
100 284
100 452
100 1754
100 70
100 318
100 399
100 272
100 197
100 224
100 10
100 132
100 402
100 552
100 21
100 25
100 58
100 384
100 252
100 205
100 259
100 37
100 84
100 1209
100 23
100 269
100 685
100 894
100 387
100 311
100 42
100 77
100 832
100 4
100 735
100 27
100 112
100 265
100 461
100 983
100 105
100 67
100 23
100 566
100 502
100 693
100 507
100 80
100 110
100 320
100 65
100 560
100 236
100 59
100 187
100 75
100 1281
100 631
100 1530
100 73
100 89
100 29
100 84
100 807
100 298
100 1042
100 744
100 527
100 397
100 228
100 198
100 1738
100 341
100 126
100 452
100 312
100 534
100 136
100 341
100 160
100 54
100 133
100 1271
100 212
100 226
100 640
100 864
100 834
100 89
100 943
100 841
100 150
100 144
100 628
100 101
100 1510
100 77
100 864
100 352
100 542
100 300
100 70
100 87
100 406
100 611
100 26
100 455
100 549
100 203
100 219
100 1076
100 84
100 526
100 30
100 868
100 73
100 1122
100 659
100 649
100 251
100 632
100 101
100 458
100 12
100 348
100 23
100 405
100 574
100 570
100 308
100 360
100 81
100 585
100 420
100 763
100 399
100 13
100 252
100 110
100 277
100 440
100 577
100 367
100 653
100 369
100 1749
100 153
100 100
100 164
100 39
100 394
100 389
100 343
100 514
100 348
100 118
100 28
100 246
100 93
100 1091
100 1132
100 891
100 1803
100 849
100 580
100 1030
100 1374
100 62
100 227
100 504
100 523
100 70
100 388
100 276
100 188
100 124
100 1183
100 912
100 578
100 495
100 115
100 141
100 42
100 659
100 975
100 395
100 118
100 244
100 242
100 1059
100 714
100 402
100 546
100 191
100 360
100 441
100 171
100 195
100 181
100 522
100 601
100 453
100 393
100 110
100 265
100 742
100 629
100 888
100 987
100 237
100 103
100 82
100 247
100 176
100 275
100 137
100 1055
100 413
100 28
100 411
100 193
100 201
100 4
100 188
100 78
100 65
100 592
100 50
100 284
100 125
100 779
100 80
100 44
100 730
100 168
100 109
100 624
100 2165
100 197
100 267
100 56
100 517
100 206
100 211
100 128
100 14
100 455
100 379
100 242
100 335
100 8
100 530
100 623
100 158
100 18
100 85
100 1495
100 66
100 18
100 159
100 23
100 8
100 295
100 440
100 58
100 129
100 457
100 302
100 732
100 29
100 741
100 2418
100 60
100 500
100 658
100 53
100 298
100 56
100 117
100 3
100 710
100 20
100 552
100 639
100 1659
100 21
100 368
100 383
100 50
100 53
100 47
100 888
100 691
100 777
100 743
100 978
100 553
100 422
100 1116
100 818
100 930
100 298
100 133
100 147
100 976
100 112
100 470
100 172
100 69
100 445
100 238
100 277
100 167
100 35
100 840
100 442
100 1050
100 1286
100 498
100 93
100 960
100 58
100 113
100 1273
100 319
100 175
100 1402
100 26
100 308
100 174
100 126
100 21
100 328
100 70
100 1467
100 165
100 40
100 131
100 80
100 237
100 152
100 178
100 76
100 365
100 798
100 1049
100 581
100 220
100 324
100 146
100 852
100 868
100 346
100 80
100 99
100 445
100 224
100 0
100 317
100 543
100 404
100 280
100 21
100 95
100 129
100 804
100 76
100 346
100 473
100 121
100 299
100 423
100 145
100 390
100 161
100 16
100 465
100 172
100 1392
100 396
100 7
100 1269
100 152
100 229
100 22
100 339
100 596
100 1133
100 1235
100 90
100 56
100 168
100 159
100 4
100 226
100 441
100 527
100 731
100 53
100 810
100 708
100 209
100 454
100 375
100 842
100 652
100 281
100 712
100 482
100 924
100 1362
100 658
100 529
100 44
100 328
100 97
100 382
100 633
100 918
100 106
100 73
100 109
100 5
100 608
100 450
100 400
100 225
100 440
100 128
100 379
100 268
100 141
100 521
100 1094
100 851
100 456
100 263
100 529
100 1014
100 959
100 33
100 309
100 332
100 31
100 37
100 1011
100 97
100 205
100 75
100 1029
100 277
100 278
100 306
100 931
100 588
100 255
100 175
100 1896
100 479
100 25
100 80
100 225
100 3034
100 601
100 154
100 498
100 279
100 386
100 132
100 64
100 641
100 28
100 266
100 176
100 677
100 149
100 25
100 251
100 180
100 802
100 118
100 331
100 216
100 96
100 824
100 657
100 318
100 78
100 710
100 39
100 23
100 14
100 150
100 82
100 1448
100 1190
100 266
100 830
100 1089
100 545
100 247
100 30
100 1291
100 659
100 448
100 135
100 11
100 37
100 360
100 634
100 423
100 296
100 335
100 1736
100 267
100 828
100 761
100 244
100 217
100 1281
100 339
100 582
100 407
100 66
100 29
100 609
100 194
100 26
100 568
100 259
100 13
100 535
100 144
100 236
100 57
100 522
100 705
100 253
100 56
100 712
100 314
100 168
100 942
100 737
100 418
100 129
100 1677
100 48
100 537
100 60
100 309
100 30
100 108
100 377
100 8
100 6
100 175
100 149
100 179
100 472
100 300
100 109
100 113
100 1332
100 49
100 76
100 152
100 136
100 471
100 2259
100 96
100 398
100 521
100 119
100 517
100 1832
100 6
100 0
100 374
100 112
100 121
100 491
100 151
100 271
100 681
100 92
100 67
100 179
100 2024
100 202
100 87
100 126
100 334
100 68
100 159
100 386
100 600
100 893
100 371
100 192
100 149
100 488
100 50
100 72
100 423
100 247
100 79
100 541
100 6
100 204
100 1072
100 1059
100 1017
100 792
100 319
100 1700
100 66
100 706
100 79
100 205
100 10
100 200
100 307
100 302
100 27
100 67
100 76
100 142
100 284
100 1646
100 221
100 105
100 833
100 310
100 543
100 301
100 459
100 564
100 25
100 659
100 56
100 212
100 1598
100 463
100 539
100 591
100 632
100 17
100 189
100 158
100 1280
100 1033
100 368
100 135
100 82
100 302
100 231
100 612
100 947
100 370
100 190
100 52
100 156
100 47
100 364
100 59
100 47
100 89
100 425
100 227
100 424
100 62
100 320
100 495
100 540
100 264
100 638
100 303
100 261
100 64
100 578
100 109
100 220
100 215
100 924
100 159
100 662
100 969
100 264
100 112
100 287
100 1713
100 495
100 182
100 797
100 120
100 161
100 82
100 263
100 608
100 719
100 316
100 11
100 128
100 16
100 500
100 1314
100 1595
100 37
100 5
100 233
100 187
100 230
100 360
100 376
100 49
100 331
100 3
100 87
100 273
100 600
100 118
100 315
100 270
100 289
100 1093
100 23
100 142
100 178
100 45
100 6
100 1
100 352
100 801
100 1207
100 148
100 1141
100 1549
100 424
100 120
100 1090
100 677
100 34
100 955
100 975
100 632
100 767
100 48
100 58
100 162
100 3
100 617
100 51
100 764
100 128
100 453
100 2058
100 74
100 302
100 182
100 273
100 408
100 155
100 3
100 301
100 746
100 954
100 234
100 183
100 1467
100 597
100 535
100 157
100 80
100 167
100 314
100 104
100 111
100 481
100 198
100 538
100 177
100 60
100 142
100 1463
100 230
100 19
100 1155
100 327
100 34
100 82
100 220
100 10
100 956
100 487
100 111
100 456
100 251
100 758
100 104
100 37
100 37
100 203
100 212
100 1283
100 101
100 664
100 140
100 3
100 336
100 910
100 2481
100 439
100 79
100 336
100 292
100 835
100 249
100 19
100 91
100 136
100 126
100 53
100 58
100 123
100 620
100 150
100 57
100 719
100 121
100 60
100 661
100 770
100 184
100 592
100 36
100 796
100 1475
100 368
100 1567
100 1545
100 45
100 110
100 15
100 160
100 1817
100 724
100 124
100 396
100 19
100 1095
100 435
100 2239
100 973
100 205
100 133
100 591
100 316
100 178
100 169
100 162
100 64
100 33
100 410
100 1778
100 866
100 1050
100 404
100 454
100 950
100 592
100 415
100 1515
100 56
100 192
100 73
100 100
100 525
100 453
100 362
100 87
100 62
100 77
100 79
100 312
100 414
100 123
100 122
100 375
100 738
100 165
100 1065
100 1390
100 227
100 156
100 27
100 86
100 262
100 106
100 2
100 779
100 20
100 71
100 1414
100 216
100 79
100 25
100 362
100 799
100 1
100 665
100 632
100 319
100 392
100 496
100 577
100 232
100 6
100 64
100 196
100 207
100 156
100 1076
100 507
100 764
100 1175
100 747
100 232
100 655
100 202
100 299
100 638
100 51
100 448
100 435
100 639
100 476
100 135
100 337
100 303
100 372
100 727
100 490
100 15
100 213
100 104
100 165
100 460
100 8
100 492
100 407
100 634
100 85
100 46
100 370
100 57
100 919
100 522
100 771
100 621
100 219
100 855
100 157
100 859
100 68
100 29
100 253
100 91
100 510
100 90
100 129
100 31
100 509
100 443
100 319
100 66
100 187
100 185
100 465
100 232
100 71
100 769
100 116
100 62
100 352
100 22
100 830
100 58
100 8
100 683
100 125
100 1
100 29
100 55
100 201
100 1151
100 1324
100 326
100 452
100 140
100 403
100 531
100 843
100 343
100 1136
100 47
100 159
100 487
100 536
100 297
100 55
100 313
100 416
100 41
100 759
100 436
100 159
100 383
100 77
100 183
100 227
100 100
100 890
100 258
100 175
100 134
100 87
100 534
100 271
100 345
100 39
100 286
100 383
100 2085
100 271
100 894
100 822
100 11
100 103
100 76
100 187
100 938
100 749
100 515
100 792
100 55
100 477
100 333
100 2161
100 276
100 871
100 395
100 19
100 392
100 259
100 1437
100 318
100 1311
100 763
100 1459
100 468
100 372
100 481
100 459
100 1012
100 423
100 1476
100 11
100 1003
100 927
100 196
100 46
100 326
100 174
100 68
100 696
100 650
100 1229
100 64
100 1507
100 353
100 211
100 742
100 218
100 97
100 456
100 367
100 46
100 123
100 1864
100 49
100 111
100 182
100 53
100 41
100 54
100 643
100 106
100 448
100 77
100 341
100 267
100 406
100 285
100 208
100 46
100 512
100 13
100 378
100 14
100 7
100 205
100 965
100 313
100 84
100 203
100 210
100 208
100 100
100 1185
100 440
100 2538
100 338
100 276
100 908
100 439
100 835
100 72
100 439
100 102
100 233
100 797
100 373
100 536
100 129
100 637
100 381
100 74
100 95
100 15
100 264
100 580
100 535
100 278
100 867
100 3151
100 521
100 372
100 925
100 187
100 650
100 282
100 827
100 134
100 433
100 1077
100 519
100 1080
100 311
100 219
100 342
100 301
100 229
100 38
100 1072
100 178
100 222
100 284
100 695
100 331
100 894
100 57
100 86
100 272
100 226
100 130
100 215
100 513
100 69
100 73
100 1643
100 255
100 398
100 396
100 119
100 84
100 216
100 451
100 53
100 709
100 6
100 730
100 109
100 533
100 685
100 201
100 673
100 396
100 30
100 2
100 204
100 525
100 55
100 1212
100 68
100 166
100 222
100 220
100 186
100 846
100 86
100 521
100 51
100 572
100 659
100 66
100 143
100 660
100 239
100 1560
100 463
100 25
100 218
100 108
100 57
100 11
100 483
100 817
100 88
100 130
100 981
100 204
100 54
100 190
100 42
100 223
100 1236
100 683
100 193
100 510
100 519
100 598
100 78
100 1095
100 200
100 876
100 283
100 1118
100 1271
100 108
100 373
100 426
100 121
100 57
100 154
100 511
100 1290
100 1337
100 62
100 45
100 36
100 1396
100 104
100 781
100 500
100 777
100 125
100 54
100 350
100 48
100 262
100 79
100 1413
100 141
100 116
100 1216
100 248
100 1018
100 321
100 92
100 1130
100 3
100 21
100 229
100 402
100 265
100 744
100 84
100 662
100 95
100 216
100 438
100 657
100 436
100 1383
100 1460
100 135
100 25
100 114
100 872
100 380
100 192
100 102
100 257
100 1101
100 298
100 652
100 500
100 73
100 71
100 1460
100 96
100 18
100 681
100 147
100 67
100 1118
100 62
100 449
100 935
100 621
100 1121
100 472
100 54
100 208
100 199
100 127
100 547
100 571
100 533
100 137
100 36
100 462
100 82
100 800
100 479
100 1549
100 135
100 76
100 175
100 156
100 509
100 33
100 235
100 1271
100 533
100 622
100 18
100 348
100 580
100 252
100 276
100 1025
100 391
100 481
100 20
100 92
100 25
100 26
100 959
100 102
100 626
100 575
100 761
100 440
100 593
100 467
100 301
100 496
100 47
100 2565
100 214
100 593
100 276
100 401
100 877
100 682
100 797
100 2044
100 364
100 244
100 976
100 132
100 120
100 178
100 223
100 231
100 322
100 295
100 113
100 486
100 156
100 285
100 771
100 535
100 57
100 124
100 356
100 273
100 550
100 193
100 2229
100 1231
100 81
100 301
100 349
100 725
100 305
100 1083
100 156
100 302
100 14
100 139
100 1509
100 30
100 161
100 1310
100 728
100 277
100 540
100 599
100 136
100 319
100 85
100 115
100 194
100 168
100 542
100 121
100 84
100 787
100 193
100 199
100 268
100 417
100 271
100 151
100 49
100 38
100 977
100 237
100 76
100 1425
100 326
100 58
100 38
100 922
100 383
100 282
100 222
100 333
100 49
100 201
100 457
100 703
100 146
100 1420
100 33
100 539
100 558
100 1143
100 531
100 639
100 1009
100 1377
100 903
100 561
100 287
100 1080
100 79
100 103
100 448
100 90
100 218
100 206
100 1304
100 39
100 930
100 488
100 1694
100 852
100 583
100 30
100 14
100 162
100 497
100 308
100 263
100 453
100 934
100 51
100 569
100 354
100 255
100 203
100 280
100 55
100 560
100 348
100 153
100 266
100 1167
100 61
100 1195
100 52
100 2639
100 51
100 251
100 1027
100 474
100 706
100 279
100 396
100 23
100 607
100 407
100 362
100 1682
100 1454
100 56
100 181
100 498
100 286
100 576
100 1439
100 195
100 282
100 296
100 1760
100 1707
100 38
100 77
100 1468
100 347
100 24
100 259
100 50
100 50
100 284
100 515
100 80
100 815
100 336
100 47
100 376
100 345
100 427
100 275
100 210
100 132
100 7
100 332
100 627
100 103
100 1004
100 377
100 161
100 384
100 310
100 145
100 318
100 193
100 535
100 686
100 399
100 1386
100 109
100 89
100 104
100 399
100 903
100 420
100 1300
100 465
100 1217
100 133
100 407
100 1545
100 207
100 1589
100 386
100 1250
100 401
100 269
100 29
100 33
100 2929
100 937
100 422
100 27
100 241
100 958
100 138
100 53
100 690
100 1074
100 1171
100 308
100 1740
100 251
100 980
100 106
100 15
100 122
100 153
100 377
100 71
100 346
100 76
100 227
100 33
100 1206
100 921
100 219
100 489
100 107
100 612
100 137
100 68
100 653
100 159
100 222
100 916
100 1937
100 876
100 70
100 164
100 847
100 293
100 144
100 44
100 7
100 814
100 138
100 99
100 585
100 118
100 910
100 103
100 1091
100 146
100 459
100 846
100 75
100 891
100 659
100 660
100 687
100 911
100 424
100 94
100 155
100 228
100 359
100 420
100 9
100 75
100 240
100 734
100 175
100 374
100 54
100 51
100 967
100 33
100 155
100 36
100 875
100 691
100 59
100 429
100 28
100 392
100 140
100 650
100 432
100 29
100 30
100 135
100 47
100 378
100 67
100 109
100 755
100 464
100 24
100 161
100 319
100 732
100 26
100 505
100 143
100 260
100 16
100 729
100 1199
100 503
100 90
100 343
100 102
100 107
100 1346
100 837
100 52
100 814
100 63
100 221
100 177
100 399
100 402
100 197
100 8
100 2089
100 256
100 343
100 33
100 478
100 982
100 1687
100 1231
100 348
100 463
100 667
100 514
100 176
100 1759
100 841
100 332
100 495
100 1372
100 229
100 558
100 445
100 508
100 358
100 256
100 292
100 1148
100 116
100 431
100 55
100 49
100 80
100 1304
100 750
100 243
100 999
100 236
100 391
100 189
100 150
100 1325
100 1047
100 206
100 545
100 613
100 486
100 591
100 600
100 202
100 64
100 263
100 105
100 72
100 735
100 1300
100 12
100 27
100 265
100 809
100 530
100 364
100 71
100 81
100 510
100 125
100 108
100 358
100 637
100 197
100 46
100 345
100 40
100 10
100 2
100 163
100 26
100 54
100 626
100 391
100 211
100 520
100 799
100 41
100 221
100 1381
100 38
100 793
100 126
100 56
100 562
100 173
100 621
100 341
100 576
100 209
100 887
100 244
100 1327
100 568
100 2050
100 115
100 1151
100 908
100 89
100 574
100 1257
100 913
100 188
100 877
100 175
100 142
100 459
100 339
100 391
100 578
100 120
100 150
100 2
100 77
100 310
100 1328
100 23
100 470
100 396
100 217
100 28
100 386
100 212
100 970
100 341
100 2828
100 100
100 664
100 370
100 142
100 165
100 1639
100 311
100 199
100 155
100 781
100 740
100 612
100 712
100 810
100 354
100 614
100 170
100 972
100 169
100 452
100 989
100 1337
100 27
100 101
100 2
100 36
100 10
100 213
100 400
100 6
100 109
100 1886
100 718
100 957
100 438
100 143
100 92
100 1
100 425
100 158
100 633
100 614
100 565
100 367
100 605
100 4
100 69
100 170
100 307
100 307
100 55
100 120
100 889
100 1138
100 1040
100 448
100 838
100 12
100 526
100 353
100 626
100 21
100 41
100 91
100 412
100 13
100 89
100 114
100 51
100 456
100 33
100 162
100 596
100 193
100 143
100 210
100 257
100 37
100 110
100 1209
100 372
100 140
100 291
100 891
100 173
100 690
100 663
100 378
100 789
100 666
100 143
100 554
100 136
100 268
100 40
100 821
100 754
100 758
100 539
100 981
100 200
100 1220
100 255
100 195
100 92
100 75
100 181
100 204
100 389
100 353
100 911
100 165
100 504
100 1051
100 92
100 932
100 54
100 156
100 99
100 24
100 491
100 1463
100 1156
100 17
100 2279
100 1254
100 331
100 211
100 61
100 317
100 620
100 397
100 581
100 970
100 265
100 523
100 687
100 427
100 717
100 1587
100 8
100 9
100 15
100 273
100 1037
100 538
100 35
100 635
100 288
100 500
100 247
100 330
100 42
100 172
100 85
100 133
100 6
100 238
100 709
100 457
100 488
100 51
100 208
100 475
100 133
100 51
100 32
100 369
100 1033
100 570
100 37
100 53
100 1288
100 165
100 1320
100 124
100 133
100 1618
100 133
100 192
100 159
100 525
100 362
100 1237
100 33
100 497
100 679
100 23
100 454
100 189
100 17
100 173
100 71
100 626
100 494
100 60
100 27
100 820
100 798
100 349
100 95
100 154
100 2584
100 59
100 1114
100 32
100 218
100 329
100 383
100 411
100 40
100 95
100 857
100 217
100 118
100 659
100 146
100 109
100 174
100 442
100 794
100 587
100 498
100 95
100 2356
100 116
100 816
100 494
100 432
100 10
100 139
100 589
100 138
100 359
100 162
100 340
100 346
100 207
100 371
100 160
100 639
100 253
100 283
100 351
100 45
100 91
100 530
100 355
100 77
100 1210
100 93
100 13
100 190
100 580
100 251
100 405
100 224
100 103
100 595
100 658
100 18
100 687
100 393
100 492
100 318
100 195
100 12
100 583
100 144
100 9
100 130
100 102
100 84
100 1805
100 524
100 106
100 534
100 527
100 107
100 198
100 1413
100 56
100 120
100 632
100 35
100 143
100 341
100 183
100 947
100 163
100 186
100 457
100 532
100 286
100 210
100 684
100 888
100 247
100 192
100 743
100 28
100 274
100 51
100 810
100 443
100 1441
100 88
100 551
100 453
100 816
100 658
100 351
100 384
100 918
100 96
100 539
100 134
100 437
100 438
100 90
100 457
100 488
100 1750
100 560
100 263
100 181
100 481
100 594
100 97
100 158
100 97
100 1381
100 1331
100 63
100 485
100 785
100 43
100 103
100 175
100 896
100 251
100 1512
100 254
100 68
100 274
100 205
100 655
100 110
100 1949
100 294
100 18
100 824
100 1299
100 97
100 547
100 333
100 415
100 851
100 169
100 723
100 98
100 397
100 8
100 180
100 1120
100 588
100 30
100 434
100 49
100 118
100 453
100 197
100 425
100 550
100 25
100 1318
100 178
100 1821
100 557
100 835
100 1016
100 94
100 570
100 114
100 101
100 223
100 1299
100 352
100 668
100 93
100 944
100 60
100 543
100 397
100 100
100 128
100 224
100 859
100 91
100 902
100 510
100 169
100 95
100 116
100 1346
100 190
100 57
100 1645
100 619
100 513
100 23
100 531
100 1145
100 40
100 95
100 86
100 101
100 224
100 217
100 369
100 419
100 525
100 979
100 327
100 35
100 1074
100 946
100 798
100 563
100 11
100 225
100 468
100 272
100 217
100 268
100 105
100 338
100 831
100 167
100 545
100 485
100 562
100 151
100 59
100 575
100 46
100 83
100 295
100 73
100 370
100 571
100 928
100 1208
100 449
100 75
100 510
100 137
100 290
100 115
100 179
100 78
100 360
100 146
100 645
100 492
100 285
100 131
100 348
100 14
100 57
100 490
100 185
100 859
100 302
100 389
100 175
100 12
100 792
100 43
100 504
100 578
100 82
100 530
100 711
100 165
100 313
100 8
100 167
100 996
100 327
100 653
100 945
100 404
100 366
100 1954
100 311
100 40
100 49
100 93
100 1141
100 6
100 449
100 41
100 1139
100 1111
100 2
100 849
100 1431
100 62
100 74
100 287
100 509
100 184
100 617
100 807
100 97
100 3
100 403
100 1185
100 334
100 745
100 494
100 37
100 928
100 202
100 276
100 900
100 351
100 594
100 402
100 72
100 203
100 36
100 369
100 74
100 91
100 11
100 771
100 1191
100 522
100 232
100 464
100 1094
100 1643
100 319
100 263
100 1694
100 173
100 435
100 1570
100 22
100 97
100 258
100 369
100 258
100 474
100 213
100 115
100 136
100 332
100 89
100 11
100 92
100 13
100 453
100 61
100 704
100 130
100 96
100 339
100 206
100 937
100 717
100 83
100 5
100 835
100 109
100 59
100 466
100 1449
100 203
100 31
100 116
100 469
100 5
100 140
100 523
100 555
100 189
100 236
100 1270
100 220
100 690
100 73
100 30
100 144
100 30
100 991
100 839
100 585
100 906
100 179
100 1048
100 305
100 103
100 393
100 34
100 97
100 587
100 177
100 871
100 437
100 783
100 654
100 270
100 113
100 16
100 1552
100 251
100 97
100 25
100 3056
100 135
100 94
100 10
100 601
100 51
100 116
100 338
100 354
100 470
100 1088
100 1032
100 1228
100 1615
100 189
100 47
100 1331
100 803
100 254
100 417
100 359
100 703
100 546
100 479
100 20
100 29
100 187
100 78
100 296
100 119
100 712
100 162
100 407
100 78
100 128
100 390
100 1113
100 471
100 878
100 337
100 572
100 128
100 1092
100 371
100 270
100 115
100 96
100 380
100 414
100 180
100 190
100 135
100 874
100 23
100 299
100 210
100 645
100 228
100 164
100 1090
100 459
100 539
100 39
100 614
100 111
100 597
100 71
100 424
100 125
100 378
100 572
100 238
100 95
100 427
100 109
100 108
100 102
100 80
100 152
100 179
100 697
100 820
100 3
100 98
100 271
100 163
100 414
100 1026
100 555
100 115
100 181
100 2013
100 50
100 276
100 165
100 1012
100 2542
100 710
100 813
100 39
100 95
100 72
100 797
100 273
100 426
100 1077
100 184
100 38
100 517
100 419
100 1052
100 113
100 543
100 489
100 3
100 293
100 537
100 108
100 166
100 329
100 1151
100 249
100 278
100 10
100 60
100 253
100 67
100 1371
100 30
100 1337
100 206
100 737
100 341
100 327
100 875
100 329
100 399
100 999
100 657
100 250
100 1904
100 53
100 367
100 85
100 2430
100 518
100 945
100 461
100 8
100 184
100 2
100 494
100 411
100 834
100 221
100 558
100 278
100 255
100 280
100 182
100 6
100 349
100 250
100 1305
100 6
100 88
100 526
100 58
100 73
100 188
100 219
100 154
100 30
100 950
100 247
100 483
100 673
100 819
100 91
100 81
100 1181
100 32
100 441
100 159
100 176
100 818
100 126
100 1542
100 193
100 40
100 101
100 253
100 392
100 845
100 58
100 873
100 183
100 440
100 247
100 354
100 239
100 835
100 182
100 137
100 43
100 185
100 36
100 182
100 31
100 340
100 18
100 758
100 303
100 948
100 1304
100 972
100 324
100 66
100 763
100 403
100 132
100 655
100 951
100 192
100 504
100 135
100 937
100 576
100 56
100 243
100 117
100 506
100 217
100 9
100 666
100 109
100 966
100 1140
100 148
100 791
100 15
100 15
100 278
100 530
100 307
100 1
100 164
100 163
100 111
100 249
100 21
100 10
100 307
100 125
100 55
100 271
100 120
100 427
100 783
100 927
100 260
100 740
100 158
100 153
100 227
100 1593
100 463
100 155
100 248
100 1524
100 1044
100 1551
100 637
100 19
100 194
100 615
100 1284
100 402
100 16
100 47
100 233
100 149
100 86
100 496
100 133
100 640
100 147
100 10
100 871
100 34
100 145
100 416
100 83
100 1246
100 887
100 9
100 126
100 308
100 359
100 181
100 26
100 70
100 275
100 1174
100 885
100 64
100 1548
100 18
100 556
100 153
100 38
100 84
100 897
100 46
100 274
100 450
100 137
100 1140
100 73
100 85
100 539
100 27
100 210
100 450
100 393
100 143
100 152
100 263
100 554
100 400
100 153
100 387
100 1590
100 391
100 660
100 125
100 300
100 181
100 933
100 5
100 570
100 219
100 319
100 471
100 282
100 400
100 2096
100 67
100 192
100 1707
100 573
100 148
100 0
100 331
100 1490
100 361
100 896
100 46
100 1000
100 303
100 196
100 732
100 351
100 610
100 829
100 655
100 63
100 993
100 202
100 409
100 169
100 969
100 194
100 50
100 443
100 117
100 829
100 731
100 2100
100 149
100 203
100 168
100 639
100 27
100 105
100 712
100 646
100 362
100 1843
100 38
100 263
100 1139
100 407
100 88
100 470
100 665
100 767
100 456
100 101
100 2636
100 270
100 126
100 78
100 513
100 754
100 225
100 455
100 687
100 843
100 752
100 5164
100 21
100 163
100 65
100 49
100 53
100 1661
100 390
100 246
100 929
100 423
100 886
100 21
100 2965
100 658
100 70
100 706
100 274
100 1032
100 219
100 27
100 994
100 580
100 1566
100 330
