100 10
100 51
100 65
100 29
100 511
100 7
100 346
100 348
100 49
100 479
100 56
100 24
100 2
100 22
100 360
100 43
100 111
100 345
100 44
100 83
100 247
100 20
100 27
100 77
100 190
100 265
100 182
100 48
100 14
100 128
100 19
100 111
100 92
100 175
100 463
100 48
100 108
100 10
100 25
100 364
100 40
100 59
100 214
100 48
100 224
100 66
100 198
100 189
100 258
100 66
100 81
100 114
100 67
100 76
100 195
100 17
100 245
100 200
100 1096
100 301
100 125
100 262
100 19
100 162
100 72
100 17
100 178
100 98
100 30
100 89
100 181
100 17
100 124
100 157
100 6
100 17
100 30
100 295
100 794
100 354
100 229
100 6
100 14
100 189
100 147
100 145
100 147
100 39
100 157
100 188
100 34
100 60
100 85
100 275
100 67
100 16
100 15
100 60
100 83
100 70
100 75
100 46
100 386
100 156
100 7
100 420
100 612
100 89
100 13
100 171
100 204
100 184
100 45
100 215
100 140
100 180
100 31
100 19
100 248
100 182
100 74
100 13
100 158
100 295
100 3
100 23
100 143
100 0
100 206
100 17
100 17
100 124
100 60
100 6
100 147
100 22
100 59
100 100
100 299
100 72
100 42
100 110
100 16
100 220
100 131
100 208
100 19
100 196
100 55
100 344
100 164
100 14
100 64
100 91
100 279
100 211
100 190
100 285
100 6
100 111
100 204
100 135
100 83
100 90
100 58
100 33
100 235
100 3
100 203
100 83
100 29
100 40
100 205
100 202
100 148
100 138
100 71
100 107
100 194
100 231
100 200
100 20
100 81
100 223
100 24
100 361
100 84
100 273
100 87
100 42
100 107
100 261
100 114
100 118
100 104
100 114
100 113
100 232
100 141
100 5
100 16
100 237
100 12
100 36
100 119
100 25
100 8
100 210
100 92
100 32
100 264
100 86
100 83
100 1
100 660
100 79
100 140
100 73
100 110
100 15
100 165
100 14
100 47
100 83
100 295
100 555
100 24
100 44
100 69
100 214
100 65
100 7
100 382
100 37
100 215
100 118
100 194
100 288
100 126
100 327
100 8
100 58
100 20
100 126
100 87
100 82
100 268
100 32
100 52
100 39
100 155
100 56
100 133
100 343
100 94
100 40
100 297
100 387
100 60
100 87
100 179
100 74
100 18
100 39
100 157
100 47
100 430
100 43
100 172
100 110
100 380
100 72
100 188
100 31
100 102
100 91
100 32
100 78
100 76
100 38
100 183
100 163
100 239
100 133
100 189
100 62
100 35
100 236
100 16
100 230
100 18
100 21
100 408
100 57
100 27
100 19
100 12
100 49
100 48
100 83
100 114
100 293
100 9
100 3
100 58
100 47
100 178
100 292
100 108
100 126
100 76
100 1
100 313
100 237
100 123
100 36
100 54
100 17
100 36
100 83
100 585
100 329
100 50
100 59
100 558
100 92
100 116
100 134
100 66
100 281
100 28
100 16
100 334
100 392
100 200
100 35
100 152
100 144
100 64
100 221
100 281
100 86
100 19
100 2
100 167
100 17
100 50
100 155
100 304
100 0
100 257
100 183
100 382
100 82
100 322
100 52
100 234
100 288
100 102
100 33
100 526
100 27
100 111
100 58
100 78
100 237
100 207
100 74
100 21
100 168
100 119
100 61
100 7
100 25
100 318
100 213
100 37
100 156
100 227
100 38
100 133
100 197
100 341
100 49
100 173
100 237
100 0
100 171
100 108
100 56
100 44
100 21
100 72
100 133
100 249
100 109
100 327
100 229
100 379
100 76
100 41
100 164
100 71
100 105
100 250
100 76
100 235
100 12
100 233
100 294
100 459
100 241
100 21
100 275
100 54
100 104
100 205
100 80
100 26
100 174
100 171
100 70
100 2
100 1
100 11
100 81
100 593
100 346
100 165
100 140
100 136
100 144
100 192
100 43
100 96
100 152
100 130
100 156
100 65
100 352
100 23
100 368
100 22
100 408
100 64
100 26
100 37
100 277
100 87
100 372
100 3
100 258
100 66
100 36
100 319
100 519
100 171
100 99
100 145
100 313
100 38
100 206
100 43
100 158
100 5
100 122
100 53
100 464
100 87
100 98
100 224
100 114
100 111
100 29
100 294
100 118
100 52
100 47
100 16
100 349
100 229
100 96
100 373
100 70
100 183
100 38
100 27
100 2
100 59
100 39
100 41
100 96
100 197
100 221
100 148
100 52
100 3
100 132
100 37
100 45
100 11
100 129
100 50
100 13
100 111
100 305
100 408
100 76
100 64
100 240
100 16
100 12
100 80
100 324
100 163
100 220
100 328
100 266
100 46
100 224
100 116
100 785
100 296
100 27
100 50
100 4
100 334
100 106
100 105
100 281
100 19
100 1
100 166
100 3
100 10
100 221
100 186
100 116
100 39
100 8
100 80
100 15
100 304
100 351
100 26
100 79
100 129
100 81
100 41
100 18
100 161
100 209
100 60
100 21
100 157
100 101
100 157
100 543
100 11
100 9
100 46
100 5
100 39
100 196
100 70
100 2
100 219
100 114
100 216
100 152
100 23
100 239
100 223
100 72
100 8
100 134
100 410
100 142
100 16
100 23
100 98
100 249
100 160
100 363
100 308
100 84
100 105
100 90
100 43
100 123
100 67
100 73
100 11
100 82
100 49
100 24
100 556
100 85
100 19
100 195
100 18
100 186
100 279
100 20
100 88
100 196
100 572
100 29
100 136
100 10
100 194
100 74
100 92
100 170
100 115
100 15
100 71
100 20
100 37
100 151
100 127
100 33
100 52
100 442
100 53
100 301
100 296
100 155
100 21
100 38
100 147
100 57
100 302
100 195
100 59
100 37
100 142
100 40
100 0
100 45
100 150
100 522
100 12
100 326
100 204
100 528
100 510
100 156
100 488
100 244
100 19
100 100
100 194
100 68
100 155
100 326
100 25
100 59
100 275
100 119
100 22
100 259
100 104
100 113
100 61
100 74
100 102
100 19
100 104
100 288
100 92
100 74
100 589
100 14
100 151
100 185
100 361
100 4
100 391
100 119
100 182
100 40
100 52
100 8
100 3
100 92
100 108
100 26
100 25
100 1
100 95
100 56
100 18
100 65
100 128
100 71
100 76
100 50
100 14
100 35
100 40
100 540
100 57
100 181
100 49
100 32
100 273
100 131
100 66
100 105
100 651
100 184
100 116
100 227
100 207
100 346
100 8
100 158
100 18
100 315
100 148
100 206
100 59
100 59
100 16
100 0
100 191
100 73
100 178
100 37
100 14
100 48
100 173
100 29
100 6
100 178
100 248
100 387
100 93
100 105
100 93
100 118
100 101
100 61
100 76
100 133
100 110
100 48
100 26
100 53
100 355
100 98
100 134
100 140
100 161
100 239
100 651
100 117
100 169
100 8
100 257
100 16
100 24
100 202
100 61
100 83
100 219
100 96
100 195
100 302
100 133
100 5
100 18
100 28
100 88
100 10
100 0
100 132
100 80
100 39
100 43
100 149
100 207
100 11
100 107
100 160
100 211
100 485
100 77
100 191
100 26
100 147
100 112
100 14
100 151
100 35
100 208
100 90
100 69
100 364
100 36
100 150
100 24
100 4
100 229
100 193
100 39
100 266
100 316
100 112
100 127
100 219
100 52
100 25
100 433
100 118
100 16
100 200
100 10
100 31
100 53
100 60
100 55
100 93
100 113
100 230
100 43
100 287
100 156
100 64
100 69
100 5
100 20
100 285
100 157
100 16
100 176
100 184
100 306
100 67
100 35
100 6
100 8
100 287
100 7
100 481
100 116
100 357
100 265
100 17
100 142
100 12
100 52
100 41
100 66
100 25
100 20
100 375
100 226
100 10
100 26
100 28
100 115
100 79
100 37
100 130
100 178
100 69
100 623
100 249
100 154
100 33
100 61
100 48
100 264
100 176
100 171
100 114
100 121
100 192
100 105
100 3
100 272
100 144
100 296
100 47
100 170
100 39
100 5
100 133
100 18
100 250
100 310
100 83
100 294
100 200
100 133
100 232
100 2
100 132
100 403
100 44
100 102
100 296
100 60
100 104
100 171
100 153
100 73
100 288
100 123
100 2
100 5
100 84
100 318
100 306
100 251
100 476
100 59
100 339
100 5
100 102
100 306
100 395
100 28
100 159
100 290
100 29
100 47
100 544
100 115
100 116
100 4
100 211
100 255
100 229
100 75
100 154
100 0
100 283
100 35
100 70
100 130
100 178
100 180
100 48
100 232
100 21
100 88
100 70
100 240
100 5
100 18
100 676
100 88
100 221
100 170
100 377
100 16
100 2
100 14
100 187
100 9
100 48
100 56
100 34
100 34
100 62
100 350
100 10
100 163
100 89
100 55
100 1
100 5
100 205
100 38
100 4
100 35
100 122
100 58
100 170
100 168
100 34
100 116
100 82
100 100
100 22
100 37
100 4
100 81
100 77
100 412
100 3
100 66
100 153
100 163
100 67
100 75
100 5
100 70
100 104
100 116
100 65
100 161
100 48
100 51
100 12
100 82
100 51
100 9
100 418
100 34
100 331
100 28
100 25
100 85
100 147
100 30
100 17
100 244
100 222
100 518
100 332
100 308
100 137
100 76
100 60
100 86
100 15
100 143
100 63
100 28
100 224
100 55
100 67
100 180
100 262
100 16
100 253
100 18
100 149
100 49
100 37
100 0
100 73
100 154
100 10
100 20
100 43
100 57
100 223
100 26
100 158
100 111
100 0
100 44
100 527
100 171
100 66
100 138
100 30
100 53
100 7
100 140
100 78
100 35
100 65
100 271
100 32
100 415
100 192
100 89
100 284
100 10
100 183
100 191
100 0
100 126
100 125
100 362
100 122
100 72
100 144
100 18
100 373
100 13
100 30
100 127
100 116
100 484
100 28
100 40
100 114
100 208
100 30
100 152
100 335
100 153
100 212
100 6
100 264
100 23
100 90
100 10
100 284
100 258
100 97
100 101
100 10
100 290
100 127
100 87
100 172
100 235
100 116
100 246
100 23
100 101
100 82
100 2
100 541
100 56
100 366
100 97
100 218
100 243
100 814
100 379
100 134
100 334
100 300
100 121
100 139
100 75
100 138
100 7
100 64
100 169
100 1
100 28
100 54
100 65
100 27
100 46
100 87
100 190
100 14
100 72
100 1578
100 43
100 548
100 28
100 16
100 70
100 280
100 907
100 0
100 207
100 45
100 266
100 736
100 186
100 145
100 104
100 159
100 278
100 4
100 4
100 170
100 25
100 15
100 191
100 309
100 258
100 807
100 31
100 38
100 62
100 257
100 142
100 19
100 86
100 277
100 368
100 158
100 134
100 306
100 633
100 80
100 33
100 91
100 389
100 409
100 201
100 377
100 153
100 9
100 40
100 82
100 69
100 59
100 56
100 131
100 36
100 12
100 44
100 80
100 277
100 84
100 97
100 18
100 211
100 124
100 127
100 292
100 55
100 136
100 162
100 5
100 69
100 73
100 146
100 14
100 126
100 145
100 13
100 151
100 37
100 295
100 87
100 53
100 109
100 46
100 21
100 179
100 235
100 140
100 111
100 73
100 235
100 16
100 208
100 116
100 175
100 240
100 138
100 40
100 189
100 78
100 22
100 430
100 44
100 80
100 108
100 17
100 31
100 196
100 44
100 95
100 56
100 19
100 64
100 189
100 86
100 40
100 22
100 209
100 537
100 76
100 405
100 210
100 203
100 117
100 368
100 300
100 40
100 65
100 280
100 11
100 8
100 91
100 60
100 116
100 262
100 233
100 129
100 106
100 140
100 79
100 44
100 0
100 30
100 142
100 215
100 223
100 203
100 294
100 400
100 26
100 92
100 52
100 241
100 396
100 286
100 2
100 4
100 0
100 0
100 51
100 139
100 271
100 236
100 45
100 55
100 39
100 74
100 71
100 243
100 115
100 220
100 55
100 391
100 86
100 12
100 53
100 129
100 11
100 4
100 53
100 155
100 92
100 12
100 67
100 247
100 113
100 4
100 806
100 199
100 83
100 0
100 107
100 112
100 113
100 44
100 475
100 38
100 233
100 39
100 242
100 52
100 101
100 109
100 0
100 200
100 2
100 47
100 10
100 383
100 355
100 14
100 166
100 16
100 187
100 58
100 144
100 4
100 440
100 46
100 165
100 192
100 39
100 153
100 30
100 30
100 48
100 40
100 330
100 83
100 49
100 32
100 447
100 185
100 46
100 12
100 2
100 24
100 211
100 61
100 61
100 295
100 84
100 21
100 2
100 127
100 334
100 120
100 128
100 204
100 119
100 98
100 0
100 80
100 406
100 91
100 112
100 183
100 268
100 176
100 145
100 981
100 51
100 296
100 150
100 76
100 48
100 120
100 87
100 2
100 95
100 1
100 56
100 9
100 25
100 124
100 156
100 161
100 41
100 20
100 427
100 72
100 98
100 38
100 162
100 45
100 46
100 148
100 488
100 154
100 159
100 209
100 137
100 158
100 65
100 346
100 182
100 144
100 22
100 69
100 180
100 170
100 360
100 27
100 24
100 43
100 199
100 78
100 9
100 45
100 203
100 170
100 73
100 506
100 397
100 438
100 3
100 61
100 476
100 65
100 229
100 71
100 83
100 113
100 203
100 251
100 180
100 106
100 99
100 2
100 28
100 296
100 67
100 10
100 261
100 39
100 280
100 208
100 141
100 19
100 150
100 158
100 19
100 5
100 125
100 31
100 54
100 106
100 357
100 21
100 23
100 195
100 198
100 125
100 31
100 96
100 94
100 217
100 379
100 50
100 44
100 26
100 76
100 134
100 230
100 85
100 248
100 81
100 58
100 1
100 13
100 145
100 70
100 344
100 91
100 25
100 326
100 52
100 52
100 19
100 59
100 29
100 310
100 11
100 9
100 1
100 487
100 10
100 44
100 309
100 38
100 205
100 20
100 53
100 284
100 452
100 5
100 9
100 53
100 45
100 220
100 13
100 7
100 167
100 391
100 436
100 133
100 148
100 223
100 135
100 34
100 78
100 81
100 140
100 62
100 25
100 13
100 330
100 89
100 83
100 144
100 335
100 13
100 122
100 174
100 119
100 106
100 88
100 20
100 196
100 50
100 115
100 365
100 18
100 18
100 266
100 217
100 28
100 33
100 91
100 49
100 42
100 21
100 12
100 430
100 56
100 81
100 118
100 22
100 295
100 100
100 236
100 43
100 14
100 115
100 80
100 1
100 242
100 158
100 44
100 334
100 24
100 232
100 40
100 308
100 124
100 166
100 66
100 6
100 279
100 168
100 0
100 6
100 430
100 181
100 267
100 164
100 1
100 394
100 259
100 47
100 331
100 26
100 3
100 139
100 233
100 207
100 160
100 22
100 279
100 855
100 351
100 13
100 20
100 30
100 86
100 13
100 88
100 7
100 22
100 225
100 93
100 114
100 304
100 92
100 170
100 17
100 171
100 187
100 230
100 24
100 58
100 384
100 100
100 164
100 239
100 75
100 12
100 105
100 228
100 57
100 42
100 184
100 26
100 38
100 52
100 134
100 285
100 210
100 13
100 2
100 7
100 79
100 187
100 23
100 247
100 98
100 260
100 292
100 55
100 313
100 2
100 77
100 109
100 60
100 126
100 34
100 106
100 367
100 171
100 103
100 136
100 18
100 163
100 189
100 10
100 86
100 53
100 63
100 89
100 16
100 217
100 0
100 70
100 173
100 106
100 169
100 125
100 150
100 48
100 0
100 4
100 366
100 47
100 137
100 152
100 407
100 127
100 97
100 18
100 66
100 97
100 120
100 3
100 103
100 53
100 58
100 87
100 475
100 202
100 39
100 276
100 167
100 7
100 33
100 12
100 37
100 52
100 119
100 53
100 81
100 48
100 140
100 19
100 176
100 47
100 68
100 15
100 111
100 328
100 29
100 238
100 95
100 114
100 214
100 16
100 92
100 226
100 25
100 527
100 66
100 221
100 42
100 86
100 101
100 182
100 3
100 129
100 170
100 82
100 533
100 36
100 178
100 14
100 93
100 223
100 350
100 138
100 39
100 81
100 179
100 92
100 53
100 283
100 40
100 104
100 15
100 48
100 118
100 61
100 283
100 335
100 36
100 64
100 3
100 290
100 37
100 66
100 74
100 337
100 155
100 141
100 38
100 80
100 0
100 24
100 411
100 20
100 16
100 4
100 938
100 659
100 37
100 96
100 43
100 129
100 172
100 421
100 347
100 262
100 350
100 98
100 24
100 228
100 24
100 243
100 115
100 81
100 208
100 568
100 43
100 299
100 0
100 103
100 30
100 270
100 88
100 106
100 92
100 319
100 64
100 81
100 53
100 37
100 26
100 36
100 290
100 72
100 107
100 77
100 742
100 45
100 63
100 113
100 47
100 59
100 272
100 117
100 642
100 187
100 245
100 224
100 115
100 76
100 0
100 179
100 71
100 1
100 40
100 309
100 3
100 0
100 209
100 44
100 31
100 104
100 115
100 128
100 130
100 513
100 64
100 113
100 156
100 68
100 3
100 56
100 67
100 24
100 52
100 289
100 43
100 5
100 37
100 145
100 145
100 218
100 30
100 6
100 331
100 95
100 56
100 165
100 447
100 10
100 320
100 52
100 49
100 45
100 139
100 69
100 75
100 168
100 39
100 200
100 45
100 272
100 117
100 336
100 145
100 30
100 134
100 16
100 427
100 45
100 20
100 42
100 57
100 256
100 5
100 235
100 370
100 20
100 190
100 46
100 70
100 67
100 172
100 76
100 200
100 252
100 95
100 35
100 5
100 4
100 30
100 37
100 109
100 93
100 37
100 56
100 48
100 93
100 101
100 31
100 248
100 75
100 72
100 175
100 113
100 53
100 552
100 90
100 82
100 173
100 48
100 9
100 160
100 80
100 97
100 38
100 7
100 80
100 26
100 50
100 35
100 191
100 40
100 1
100 0
100 87
100 53
100 53
100 49
100 444
100 33
100 28
100 104
100 29
100 95
100 129
100 56
100 58
100 203
100 74
100 57
100 124
100 20
100 48
100 480
100 124
100 277
100 22
100 18
100 188
100 275
100 143
100 64
100 39
100 49
100 12
100 222
100 182
100 227
100 22
100 78
100 106
100 2
100 314
100 665
100 157
100 116
100 89
100 106
100 99
100 317
100 7
100 274
100 90
100 241
100 54
100 178
100 358
100 84
100 48
100 9
100 73
100 65
100 354
100 41
100 275
100 208
100 43
100 22
100 161
100 61
100 28
100 62
100 102
100 84
100 29
100 5
100 367
100 7
100 72
100 532
100 11
100 86
100 138
100 183
100 118
100 591
100 30
100 92
100 49
100 127
100 77
100 211
100 205
100 45
100 96
100 0
100 7
100 144
100 270
100 23
100 196
100 115
100 275
100 173
100 18
100 176
100 184
100 58
100 82
100 160
100 110
100 27
100 307
100 80
100 118
100 97
100 372
100 129
100 1
100 27
100 155
100 354
100 113
100 70
100 59
100 31
100 0
100 28
100 31
100 51
100 324
100 22
100 272
100 24
100 75
100 16
100 178
100 33
100 21
100 135
100 136
100 25
100 59
100 18
100 173
100 249
100 140
100 141
100 71
100 224
100 201
100 56
100 37
100 62
100 2
100 372
100 113
100 10
100 92
100 373
100 332
100 295
100 37
100 6
100 281
100 26
100 67
100 6
100 12
100 334
100 8
100 57
100 3
100 51
100 77
100 58
100 426
100 232
100 212
100 113
100 50
100 657
100 481
100 8
100 45
100 21
100 4
100 127
100 77
100 45
100 68
100 130
100 24
100 86
100 226
100 121
100 170
100 911
100 74
100 37
100 41
100 44
100 6
100 6
100 218
100 170
100 79
100 38
100 414
100 26
100 119
100 381
100 99
100 335
100 58
100 86
100 209
100 31
100 201
100 93
100 196
100 4
100 209
100 78
100 19
100 306
100 214
100 238
100 3
100 196
100 120
100 130
100 94
100 17
100 163
100 81
100 24
100 18
100 277
100 2
100 35
100 158
100 308
100 89
100 167
100 13
100 10
100 16
100 132
100 77
100 192
100 379
100 61
100 280
100 251
100 120
100 108
100 57
100 162
100 86
100 77
100 70
100 39
100 16
100 159
100 43
100 20
100 98
100 42
100 343
100 7
100 197
100 6
100 26
100 246
100 127
100 198
100 234
100 69
100 294
100 99
100 652
100 332
100 67
100 43
100 0
100 17
100 12
100 4
100 63
100 636
100 342
100 71
100 6
100 48
100 217
100 42
100 138
100 135
100 34
100 174
100 514
100 13
100 65
100 226
100 95
100 0
100 14
100 320
100 17
100 24
100 25
100 30
100 89
100 59
100 53
100 112
100 102
100 120
100 43
100 35
100 282
100 59
100 6
100 143
100 141
100 38
100 10
100 186
100 73
100 32
100 151
100 18
100 117
100 42
100 125
100 278
100 280
100 141
100 85
100 140
100 38
100 80
100 28
100 219
100 37
100 306
100 301
100 314
100 158
100 146
100 68
100 24
100 107
100 218
100 19
100 35
100 128
100 121
100 19
100 326
100 12
100 433
100 68
100 156
100 16
100 375
100 52
100 335
100 18
100 413
100 8
100 172
100 31
100 57
100 546
100 19
100 198
100 78
100 22
100 20
100 163
100 179
100 306
100 44
100 32
100 142
100 161
100 53
100 85
100 27
100 116
100 260
100 399
100 39
100 49
100 88
100 88
100 236
100 52
100 46
100 318
100 110
100 100
100 21
100 18
100 4
100 36
100 120
100 109
100 226
100 12
100 124
100 33
100 187
100 297
100 165
100 30
100 62
100 30
100 270
100 63
100 26
100 5
100 8
100 265
100 184
100 7
100 314
100 31
100 38
100 1
100 98
100 23
100 161
100 105
100 255
100 56
100 70
100 23
100 99
100 67
100 157
100 180
100 161
100 37
100 90
100 117
100 290
100 70
100 75
100 147
100 56
100 16
100 350
100 225
100 68
100 131
100 161
100 93
100 100
100 24
100 389
100 2
100 11
100 19
100 163
100 277
100 101
100 232
100 363
100 64
100 89
100 66
100 235
100 80
100 166
100 107
100 23
100 64
100 238
100 69
100 190
100 294
100 85
100 14
100 224
100 152
100 26
100 33
100 29
100 128
100 94
100 78
100 27
100 239
100 248
100 106
100 146
100 203
100 170
100 7
100 74
100 279
100 41
100 72
100 75
100 112
100 11
100 62
100 466
100 46
100 184
100 364
100 172
100 135
100 549
100 78
100 159
100 114
100 80
100 207
100 26
100 83
100 40
100 101
100 34
100 100
100 158
100 21
100 28
100 204
100 100
100 165
100 110
100 101
100 54
100 142
100 78
100 64
100 4
100 49
100 366
100 244
100 51
100 195
100 141
100 66
100 134
100 24
100 163
100 362
100 44
100 192
100 28
100 112
100 36
100 291
100 257
100 26
100 161
100 57
100 518
100 237
100 56
100 100
100 37
100 96
100 459
100 118
100 53
100 513
100 49
100 126
100 309
100 184
100 64
100 115
100 27
100 85
100 17
100 261
100 34
100 180
100 103
100 263
100 131
100 146
100 242
100 38
100 10
100 131
100 39
100 247
100 104
100 115
100 22
100 16
100 189
100 139
100 376
100 64
100 77
100 300
100 49
100 74
100 23
100 266
100 40
100 85
100 360
100 70
100 4
100 2
100 400
100 347
100 26
100 280
100 17
100 74
100 264
100 28
100 64
100 237
100 369
100 49
100 92
100 265
100 38
100 154
100 39
100 58
100 11
100 15
100 3
100 265
100 18
100 232
100 77
100 306
100 5
100 344
100 117
100 247
100 118
100 61
100 99
100 95
100 169
100 105
100 203
100 90
100 244
100 32
100 314
100 119
100 150
100 21
100 149
100 106
100 111
100 16
100 229
100 217
100 168
100 61
100 401
100 46
100 156
100 29
100 11
100 14
100 628
100 68
100 12
100 315
100 145
100 4
100 48
100 149
100 43
100 123
100 184
100 13
100 51
100 221
100 298
100 273
100 156
100 17
100 24
100 107
100 247
100 205
100 0
100 504
100 199
100 4
100 20
100 247
100 104
100 12
100 37
100 20
100 115
100 219
100 77
100 164
100 48
100 84
100 137
100 25
100 179
100 264
100 136
100 26
100 21
100 6
100 24
100 324
100 115
100 93
100 6
100 154
100 203
100 1
100 89
100 8
100 73
100 293
100 64
100 197
100 15
100 38
100 77
100 37
100 42
100 61
100 229
100 52
100 160
100 248
100 44
100 153
100 74
100 104
100 43
100 185
100 131
100 486
100 378
100 147
100 163
100 118
100 52
100 131
100 275
100 123
100 58
100 167
100 73
100 217
100 82
100 121
100 53
100 109
100 125
100 222
100 93
100 263
100 72
100 0
100 39
100 108
100 57
100 164
100 15
100 112
100 115
100 48
100 233
100 158
100 33
100 92
100 426
100 84
100 116
100 3
100 85
100 501
100 15
100 629
100 44
100 16
100 198
100 87
100 73
100 188
100 75
100 303
100 212
100 112
100 652
100 64
100 29
100 122
100 9
100 30
100 64
100 226
100 332
100 333
100 20
100 29
100 126
100 43
100 237
100 59
100 384
100 54
100 4
100 90
100 1
100 118
100 211
100 29
100 206
100 110
100 72
100 144
100 27
100 89
100 42
100 26
100 144
100 35
100 27
100 104
100 272
100 157
100 73
100 21
100 9
100 41
100 40
100 0
100 355
100 15
100 162
100 12
100 257
100 13
100 125
100 2
100 87
100 93
100 519
100 35
100 407
100 81
100 70
100 32
100 150
100 81
100 176
100 86
100 17
100 72
100 190
100 365
100 350
100 134
100 132
100 12
100 124
100 154
100 69
100 130
100 29
100 3
100 59
100 62
100 315
100 161
100 130
100 123
100 34
100 137
100 42
100 24
100 352
100 40
100 82
100 314
100 290
100 11
100 195
100 275
100 36
100 256
100 80
100 632
100 155
100 93
100 79
100 93
100 167
100 3
100 9
100 26
100 93
100 95
100 100
100 280
100 253
100 5
100 10
100 21
100 0
100 383
100 31
100 16
100 41
100 30
100 113
100 76
100 391
100 254
100 211
100 164
100 30
100 243
100 329
100 190
100 326
100 50
100 347
100 54
100 10
100 114
100 81
100 156
100 149
100 31
100 60
100 89
100 186
100 55
100 6
100 84
100 120
100 90
100 24
100 151
100 5
100 74
100 47
100 324
100 215
100 54
100 180
100 69
100 276
100 96
100 46
100 129
100 24
100 53
100 104
100 130
100 116
100 56
100 101
100 46
100 14
100 55
100 247
100 179
100 237
100 30
100 153
100 10
100 18
100 156
100 197
100 139
100 71
100 120
100 13
100 30
100 44
100 557
100 284
100 302
100 179
100 128
100 197
100 113
100 108
100 57
100 284
100 30
100 60
100 192
100 379
100 78
100 34
100 339
100 134
100 17
100 30
100 52
100 32
100 21
100 34
100 26
100 28
100 9
100 41
100 163
100 326
100 112
100 361
100 55
100 39
100 111
100 113
100 212
100 132
100 935
100 24
100 388
100 264
100 61
100 187
100 25
100 74
100 240
100 184
100 19
100 32
100 114
100 22
100 235
100 346
100 177
100 9
100 44
100 404
100 395
100 153
100 78
100 289
100 115
100 137
100 69
100 168
100 155
100 3
100 131
100 87
100 167
100 11
100 191
100 50
100 707
100 572
100 338
100 140
100 98
100 39
100 26
100 57
100 5
100 48
100 10
100 96
100 19
100 196
100 69
100 324
100 198
100 289
100 71
100 53
100 49
100 248
100 137
100 90
100 185
100 19
100 58
100 38
100 90
100 265
100 277
100 120
100 68
100 42
100 225
100 86
100 12
100 784
100 235
100 376
100 115
100 112
100 57
100 53
100 110
100 17
100 257
100 125
100 16
100 317
100 66
100 271
100 71
100 407
100 34
100 129
100 190
100 27
100 269
100 268
100 63
100 44
100 59
100 110
100 235
100 113
100 241
100 92
100 121
100 83
100 75
100 62
100 187
100 38
100 51
100 44
100 12
100 232
100 20
100 130
100 108
100 165
100 785
100 7
100 70
100 110
100 260
100 162
100 66
100 39
100 0
100 13
100 54
100 117
100 97
100 126
100 94
100 11
100 24
100 118
100 170
100 194
100 32
100 205
100 48
100 12
100 296
100 8
100 135
100 3
100 266
100 75
100 80
100 193
100 330
100 25
100 35
100 127
100 59
100 328
100 264
100 105
100 571
100 0
100 6
100 33
100 23
100 72
100 49
100 33
100 3
100 156
100 52
100 29
100 44
100 51
100 316
100 228
100 77
100 21
100 109
100 36
100 72
100 159
100 117
100 82
100 368
100 134
100 40
100 489
100 96
100 78
100 184
100 289
100 117
100 10
100 249
100 226
100 40
100 464
100 136
100 323
100 107
100 285
100 131
100 52
100 133
100 74
100 20
100 79
100 31
100 2
100 48
100 54
100 43
100 160
100 69
100 37
100 232
100 141
100 101
100 16
100 385
100 83
100 40
100 175
100 75
100 14
100 76
100 172
100 159
100 20
100 76
100 64
100 72
100 75
100 195
100 85
100 44
100 180
100 122
100 0
100 14
100 139
100 67
100 27
100 20
100 32
100 48
100 320
100 77
100 189
100 66
100 46
100 250
100 62
100 143
100 123
100 12
100 170
100 172
100 68
100 55
100 176
100 170
100 376
100 80
100 3
100 308
100 66
100 105
100 155
100 52
100 97
100 35
100 21
100 281
100 57
100 176
100 104
100 135
100 785
100 146
100 49
100 326
100 300
100 33
100 24
100 22
100 145
100 134
100 176
100 45
100 116
100 158
100 321
100 65
100 1
100 191
100 2
100 492
100 218
100 9
100 281
100 468
100 8
100 221
100 264
100 7
100 101
100 46
100 53
100 43
100 194
100 61
100 243
100 47
100 193
100 36
100 317
100 59
100 1257
100 1
100 116
100 270
100 128
100 5
100 150
100 156
100 155
100 105
100 4
100 8
100 400
100 52
100 47
100 188
100 64
100 31
100 160
100 93
100 35
100 30
100 243
100 109
100 97
100 167
100 29
100 575
100 252
100 129
100 116
100 126
100 75
100 206
100 322
100 19
100 140
100 141
100 125
100 308
100 13
100 0
100 185
100 92
100 46
100 22
100 330
100 8
100 1
100 139
100 21
100 78
100 255
100 93
100 110
100 28
100 16
100 21
100 70
100 455
100 50
100 50
100 47
100 280
100 19
100 105
100 28
100 412
100 45
100 153
100 12
100 99
100 66
100 90
100 25
100 277
100 74
100 596
100 46
100 2
100 41
100 118
100 105
100 135
100 62
100 81
100 48
100 90
100 6
100 92
100 76
100 11
100 413
100 50
100 16
100 23
100 107
100 258
100 220
100 49
100 11
100 311
100 616
100 157
100 5
100 61
100 143
100 53
100 49
100 29
100 69
100 161
100 100
100 117
100 113
100 26
100 100
100 7
100 34
100 92
100 77
100 1
100 365
100 370
100 25
100 169
100 102
100 237
100 193
100 400
100 59
100 58
100 148
100 123
100 187
100 7
100 170
100 34
100 115
100 316
100 68
100 75
100 0
100 91
100 106
100 204
100 48
100 132
100 184
100 78
100 58
100 313
100 38
100 216
100 38
100 22
100 104
100 66
100 86
100 19
100 78
100 116
100 177
100 132
100 55
100 110
100 138
100 220
100 110
100 80
100 204
100 66
100 98
100 10
100 122
100 283
100 110
100 228
100 147
100 150
100 326
100 52
100 260
100 196
100 41
100 288
100 9
100 411
100 50
100 144
100 20
100 162
100 6
100 13
100 73
100 9
100 127
100 74
100 158
100 1
100 83
100 7
100 22
100 235
100 130
100 441
100 70
100 100
100 156
100 300
100 39
100 4
100 215
100 141
100 184
100 28
100 30
100 71
100 71
100 228
100 44
100 74
100 54
100 74
100 16
100 106
100 103
100 62
100 64
100 60
100 206
100 66
100 75
100 172
100 60
100 22
100 91
100 25
100 33
100 16
100 151
100 62
100 143
100 111
100 105
100 14
100 124
100 78
100 366
100 214
100 44
100 173
100 44
100 143
100 177
100 229
100 189
100 188
100 134
100 106
100 100
100 114
100 327
100 79
100 235
100 78
100 21
100 473
100 72
100 413
100 1
100 285
100 15
100 200
100 127
100 30
100 43
100 136
100 7
100 107
100 12
100 261
100 171
100 259
100 4
100 658
100 12
100 5
100 120
100 186
100 96
100 127
100 109
100 325
100 177
100 31
100 63
100 111
100 168
100 52
100 191
100 168
100 134
100 64
100 349
100 2
100 28
100 33
100 132
100 0
100 199
100 331
100 17
100 265
100 12
100 46
100 222
100 20
100 121
100 400
100 0
100 116
100 173
100 168
100 87
100 20
100 452
100 2
100 482
100 62
100 216
100 41
100 1
100 7
100 172
100 90
100 80
100 144
100 34
100 35
100 25
100 120
100 270
100 149
100 3
100 15
100 113
100 335
100 97
100 199
100 21
100 39
100 259
100 44
100 44
100 69
100 127
100 37
100 31
100 51
100 94
100 404
100 256
100 31
100 4
100 105
100 110
100 3
100 40
100 553
100 560
100 29
100 36
100 56
100 21
100 101
100 12
100 4
100 47
100 154
100 35
100 149
100 124
100 94
100 190
100 50
100 66
100 20
100 188
100 29
100 268
100 464
100 1
100 117
100 63
100 140
100 194
100 34
100 0
100 57
100 36
100 113
100 84
100 144
100 56
100 221
100 115
100 146
100 49
100 21
100 359
100 171
100 28
100 10
100 21
100 15
100 95
100 69
100 20
100 138
100 75
100 8
100 0
100 42
100 23
100 145
100 121
100 30
100 11
100 186
100 21
100 3
100 35
100 19
100 5
100 148
100 389
100 23
100 80
100 85
100 147
100 55
100 301
100 8
100 114
100 134
100 20
100 31
100 32
100 8
100 24
100 44
100 380
100 164
100 42
100 19
100 88
100 22
100 526
100 589
100 18
100 179
100 205
100 6
100 147
100 165
100 120
100 132
100 41
100 38
100 36
100 42
100 126
100 436
100 218
100 223
100 63
100 7
100 18
100 38
100 35
100 28
100 97
100 412
100 114
100 142
100 109
100 15
100 54
100 174
100 159
100 202
100 83
100 393
100 65
100 142
100 79
100 403
100 409
100 23
100 126
100 0
100 49
100 111
100 164
100 416
100 209
100 25
100 24
100 46
100 40
100 255
100 384
100 49
100 91
100 195
100 402
100 30
100 155
100 2
100 128
100 119
100 409
100 293
100 117
100 257
100 53
100 80
100 214
100 28
100 9
100 94
100 80
100 86
100 410
100 575
100 131
100 121
100 178
100 171
100 466
100 0
100 57
100 8
100 640
100 65
100 43
100 69
100 6
100 90
100 184
100 145
100 237
100 61
100 36
100 241
100 30
100 101
100 64
100 67
100 17
100 339
100 22
100 78
100 85
100 61
100 68
100 41
100 217
100 10
100 169
100 160
100 231
100 35
100 197
100 115
100 38
100 151
100 37
100 61
100 112
100 39
100 294
100 19
100 154
100 34
100 149
100 103
100 55
100 206
100 27
100 124
100 155
100 19
100 230
100 292
100 99
100 265
100 52
100 101
100 40
100 13
100 120
100 112
100 68
100 66
100 182
100 14
100 70
100 50
100 17
100 37
100 13
100 89
100 74
100 223
100 220
100 22
100 192
100 271
100 29
100 96
100 5
100 16
100 615
100 47
100 371
100 123
100 7
100 463
100 62
100 199
100 234
100 17
100 162
100 482
100 78
100 143
100 151
100 20
100 14
100 20
100 96
100 26
100 30
100 57
100 35
100 141
100 172
100 34
100 127
100 88
100 255
100 170
100 155
100 282
100 417
100 179
100 23
100 12
100 47
100 671
100 72
100 97
100 15
100 178
100 45
100 79
100 193
100 4
100 90
100 65
100 61
100 223
100 176
100 80
100 399
100 70
100 31
100 165
100 197
100 18
100 121
100 128
100 22
100 37
100 219
100 229
100 316
100 198
100 116
100 155
100 164
100 175
100 26
100 43
100 115
100 428
100 108
100 238
100 515
100 46
100 22
100 3
100 205
100 97
100 280
100 9
100 8
100 134
100 49
100 165
100 28
100 192
100 32
100 14
100 1
100 91
100 0
100 1
100 16
100 67
100 54
100 87
100 519
100 58
100 44
100 205
100 5
100 293
100 249
100 145
100 283
100 221
100 135
100 124
100 75
100 104
100 263
100 31
100 433
100 797
100 5
100 75
100 94
100 83
100 353
100 178
100 6
100 33
100 59
100 26
100 26
100 66
100 80
100 18
100 30
100 254
100 52
100 110
100 20
100 34
100 11
100 23
100 113
100 46
100 537
100 55
100 34
100 58
100 153
100 61
100 40
100 34
100 428
100 104
100 36
100 164
100 467
100 23
100 12
100 83
100 2
100 53
100 124
100 59
100 359
100 14
100 21
100 103
100 16
100 433
100 279
100 327
100 63
100 146
100 235
100 30
100 62
100 239
100 83
100 28
100 91
100 390
100 74
100 195
100 49
100 63
100 103
100 73
100 653
100 20
100 74
100 3
100 211
100 5
100 127
100 160
100 56
100 395
100 165
100 95
100 11
100 54
100 39
100 323
100 143
100 620
100 4
100 25
100 45
100 111
100 109
100 49
100 285
100 146
100 46
100 35
100 132
100 6
100 12
100 161
100 155
100 250
100 563
100 115
100 169
100 91
100 11
100 247
100 123
100 62
100 48
100 102
100 52
100 82
100 1
100 302
100 313
100 215
100 0
100 572
100 96
100 16
100 496
100 59
100 221
100 54
100 317
100 67
100 2
100 11
100 289
100 269
100 32
100 19
100 89
100 4
100 38
100 6
100 92
100 211
100 140
100 61
100 24
100 287
100 76
100 122
100 6
100 68
100 95
100 249
100 213
100 2
100 196
100 305
100 282
100 115
100 33
100 152
100 84
100 15
100 162
100 524
100 3
100 143
100 84
100 293
100 154
100 86
100 139
100 114
100 184
100 463
100 1
100 140
100 265
100 73
100 10
100 423
100 92
100 17
100 222
100 339
100 52
100 201
100 314
100 308
100 142
100 10
100 19
100 1
100 216
100 128
100 126
100 12
100 208
100 33
100 173
100 113
100 106
100 63
100 131
100 28
100 171
100 26
100 170
100 99
100 212
100 25
100 414
100 56
100 40
100 322
100 26
100 229
100 429
100 132
100 461
100 113
100 67
100 261
100 322
100 92
100 103
100 284
100 237
100 62
100 31
100 189
100 168
100 46
100 56
100 79
100 193
100 28
100 156
100 87
100 42
100 15
100 9
100 19
100 63
100 396
100 131
100 84
100 10
100 7
100 94
100 526
100 210
100 37
100 33
100 171
100 71
100 106
100 165
100 64
100 29
100 0
100 34
100 39
100 15
100 684
100 509
100 139
100 33
100 256
100 207
100 35
100 129
100 142
100 82
100 144
100 198
100 77
100 45
100 182
100 588
100 115
100 65
100 211
100 263
100 393
100 129
100 149
100 93
100 5
100 208
100 106
100 721
100 25
100 109
100 463
100 84
100 181
100 15
100 14
100 49
100 37
100 36
100 204
100 14
100 209
100 32
100 209
100 108
100 50
100 503
100 89
100 120
100 121
100 381
100 153
100 174
100 47
100 117
100 7
100 155
100 259
100 283
100 99
100 15
100 50
100 15
100 25
100 146
100 63
100 422
100 98
100 68
100 526
100 20
100 57
100 37
100 72
100 192
100 160
100 20
100 75
100 96
100 207
100 125
100 26
100 354
100 78
100 264
100 457
100 245
100 87
100 57
100 9
100 110
100 5
100 216
100 79
100 92
100 283
100 49
100 11
100 174
100 32
100 252
100 151
100 57
100 31
100 245
100 19
100 180
100 10
100 92
100 12
100 100
100 67
100 149
100 3
100 10
100 103
100 0
100 294
100 715
100 168
100 55
100 139
100 87
100 45
100 68
100 1
100 67
100 152
100 80
100 104
100 362
100 310
100 0
100 71
100 232
100 179
100 74
100 176
100 24
100 246
100 154
100 219
100 201
100 439
100 57
100 174
100 70
100 20
100 217
100 49
100 14
100 152
100 218
100 3
100 388
100 13
100 142
100 120
100 209
100 37
100 25
100 140
100 50
100 136
100 67
100 136
100 21
100 44
100 78
100 79
100 138
100 67
100 97
100 281
100 13
100 122
100 87
100 87
100 145
100 212
100 440
100 32
100 9
100 107
100 41
100 15
100 287
100 442
100 224
100 101
100 6
100 60
100 15
100 477
100 150
100 15
100 47
100 55
100 9
100 119
100 92
100 71
100 58
100 84
100 254
100 85
100 82
100 626
100 235
100 156
100 127
100 78
100 125
100 57
100 87
100 26
100 6
100 246
100 123
100 162
100 48
100 192
100 87
100 161
100 24
100 405
100 282
100 189
100 4
100 224
100 71
100 60
100 124
100 155
100 77
100 138
100 108
100 49
100 99
100 16
100 236
100 396
100 164
100 76
100 51
100 429
100 5
100 281
100 21
100 0
100 158
100 100
100 63
100 94
100 129
100 155
100 161
100 72
100 367
100 238
100 74
100 341
100 590
100 33
100 99
100 19
100 15
100 29
100 111
100 27
100 126
100 80
100 86
100 51
100 65
100 41
100 190
100 318
100 198
100 251
100 131
100 278
100 13
100 58
100 284
100 88
100 283
100 52
100 17
100 9
100 39
100 208
100 79
100 132
100 146
100 392
100 373
100 224
100 102
100 106
100 118
100 29
100 521
100 45
100 309
100 10
100 23
100 79
100 143
100 152
100 234
100 49
100 110
100 127
100 176
100 122
100 246
100 116
100 138
100 43
100 57
100 6
100 9
100 151
100 42
100 433
100 254
100 35
100 216
100 49
100 157
100 63
100 1
100 91
100 132
100 108
100 135
100 65
100 148
100 195
100 162
100 53
100 66
100 174
100 100
100 534
100 19
100 157
100 187
100 1
100 386
100 316
100 18
100 72
100 29
100 112
100 14
100 38
100 364
100 0
100 28
100 111
100 2
100 130
100 151
100 132
100 88
100 76
100 205
100 26
100 232
100 47
100 641
100 695
100 292
100 194
100 348
100 164
100 161
100 185
100 565
100 197
100 206
100 78
100 190
100 30
100 2
100 32
100 2
100 314
100 7
100 162
100 193
100 155
100 267
100 31
100 168
100 4
100 69
100 80
100 259
100 20
100 16
100 103
100 50
100 157
100 31
100 36
100 146
100 208
100 24
100 118
100 210
100 194
100 60
100 77
100 58
100 558
100 85
100 86
100 49
100 35
100 34
100 37
100 58
100 97
100 109
100 180
100 0
100 244
100 93
100 424
100 237
100 167
100 124
100 50
100 17
100 117
100 264
100 19
100 7
100 94
100 626
100 429
100 164
100 9
100 62
100 81
100 134
100 144
100 339
100 228
100 22
100 150
100 20
100 44
100 17
100 31
100 13
100 57
100 27
100 119
100 100
100 125
100 189
100 43
100 69
100 82
100 42
100 204
100 32
100 112
100 108
100 47
100 22
100 1
100 19
100 120
100 89
100 160
100 212
100 175
100 142
100 123
100 54
100 100
100 278
100 193
100 9
100 7
100 22
100 39
100 324
100 155
100 73
100 58
100 57
100 326
100 121
100 48
100 252
100 10
100 30
100 324
100 95
100 141
100 256
100 118
100 77
100 522
100 177
100 443
100 0
100 392
100 462
100 90
100 50
100 48
100 225
100 153
100 23
100 1
100 28
100 65
100 96
100 2
100 94
100 114
100 106
100 89
100 23
100 327
100 189
100 137
100 94
100 23
100 196
100 283
100 46
100 86
100 251
100 160
100 638
100 38
100 369
100 36
100 183
100 68
100 372
100 34
100 24
100 249
100 113
100 15
100 39
100 19
100 167
100 117
100 783
100 279
100 215
100 286
100 25
100 59
100 36
100 252
100 16
100 95
100 74
100 165
100 8
100 380
100 35
100 12
100 56
100 566
100 70
100 26
100 84
100 37
100 10
100 191
100 954
100 61
100 47
100 319
100 24
100 34
100 224
100 276
100 109
100 56
100 15
100 209
100 79
100 106
100 232
100 51
100 132
100 68
100 160
100 28
100 102
100 10
100 105
100 280
100 115
100 205
100 54
100 67
100 916
100 164
100 82
100 130
100 130
100 32
100 139
100 336
100 54
100 53
100 26
100 193
100 34
100 175
100 90
100 385
100 32
100 85
100 416
100 390
100 59
100 23
100 79
100 55
100 301
100 282
100 280
100 58
100 27
100 11
100 88
100 21
100 157
100 100
100 30
100 123
100 101
100 12
100 26
100 104
100 78
100 21
100 235
100 59
100 185
100 16
100 101
100 24
100 10
100 18
100 24
100 46
100 39
100 132
100 106
100 31
100 17
100 246
100 39
100 465
100 2
100 394
100 16
100 242
100 81
100 106
100 25
100 176
100 297
100 86
100 75
100 5
100 85
100 436
100 205
100 125
100 64
100 193
100 27
100 77
100 286
100 55
100 559
100 4
100 10
100 12
100 10
100 434
100 204
100 71
100 534
100 58
100 40
100 10
100 5
100 35
100 323
100 286
100 33
100 299
100 9
100 166
100 61
100 12
100 76
100 145
100 98
100 299
100 213
100 33
100 34
100 18
100 43
100 29
100 4
100 17
100 388
100 210
100 31
100 51
100 55
100 198
100 49
100 109
100 394
100 82
100 49
100 159
100 63
100 51
100 40
100 8
100 24
100 183
100 184
100 73
100 198
100 58
100 213
100 100
100 41
100 313
100 344
100 89
100 74
100 134
100 124
100 22
100 1
100 29
100 249
100 133
100 224
100 155
100 101
100 211
100 7
100 78
100 278
100 43
100 44
100 69
100 95
100 288
100 167
100 43
100 67
100 151
100 243
100 80
100 449
100 80
100 489
100 48
100 147
100 120
100 3
100 200
100 136
100 24
100 268
100 119
100 61
100 93
100 25
100 33
100 71
100 73
100 115
100 121
100 97
100 34
100 48
100 36
100 217
100 23
100 68
100 211
100 71
100 116
100 225
100 13
100 97
100 135
100 147
100 117
100 69
100 93
100 55
100 22
100 39
100 26
100 191
100 65
100 46
100 260
100 17
100 50
100 10
100 156
100 157
100 168
100 41
100 44
100 20
100 218
100 98
100 232
100 46
100 170
100 179
100 43
100 199
100 93
100 136
100 321
100 172
100 45
100 117
100 84
100 88
100 88
100 22
100 79
100 4
100 167
100 25
100 271
100 68
100 82
100 51
100 184
100 1
100 201
100 40
100 79
100 136
100 49
100 80
100 102
100 181
100 37
100 173
100 21
100 40
100 1
100 199
100 403
100 35
100 202
100 106
100 127
100 260
100 221
100 157
100 361
100 11
100 371
100 35
100 93
100 181
100 2
100 16
100 105
100 6
100 142
100 44
100 269
100 75
100 79
100 200
100 18
100 77
100 344
100 22
100 162
100 65
100 25
100 97
100 79
100 205
100 135
100 84
100 56
100 290
100 317
100 157
100 174
100 419
100 45
100 87
100 240
100 10
100 14
100 100
100 280
100 16
100 79
100 66
100 71
100 119
100 186
100 23
100 6
100 78
100 85
100 0
100 117
100 87
100 21
100 18
100 66
100 129
100 67
100 3
100 62
100 56
100 273
100 151
100 486
100 9
100 134
100 180
100 3
100 265
100 14
100 19
100 200
100 224
100 208
100 31
100 170
100 60
100 586
100 196
100 23
100 226
100 273
100 343
100 176
100 279
100 100
100 336
100 308
100 104
100 13
100 131
100 324
100 5
100 81
100 118
100 321
100 88
100 72
100 167
100 7
100 61
100 185
100 13
100 50
100 40
100 98
100 27
100 93
100 483
100 240
100 261
100 117
100 264
100 7
100 119
100 263
100 7
100 624
100 58
100 511
100 172
100 135
100 321
100 93
100 113
100 126
100 671
100 24
100 16
100 99
100 155
100 95
100 115
100 309
100 79
100 130
100 16
100 46
100 42
100 3
100 74
100 8
100 48
100 15
100 59
100 113
100 196
100 33
100 1
100 188
100 160
100 21
100 3
100 315
100 429
100 10
100 37
100 120
100 23
100 339
100 55
100 51
100 164
100 56
100 40
100 19
100 351
100 44
100 31
100 246
100 317
100 102
100 32
100 188
100 47
100 95
100 25
100 103
100 2
100 40
100 21
100 277
100 276
100 6
100 27
100 100
100 39
100 4
100 82
100 297
100 9
100 373
100 50
100 347
100 253
100 120
100 45
100 10
100 542
100 147
100 172
100 250
100 326
100 230
100 64
100 285
100 175
100 43
100 256
100 19
100 1
100 64
100 123
100 55
100 22
100 110
100 3
100 276
100 282
100 79
100 35
100 38
100 13
100 36
100 143
100 4
100 171
100 163
100 57
100 78
100 122
100 160
100 5
100 64
100 57
100 158
100 9
100 203
100 40
100 122
100 124
100 3
100 149
100 18
100 24
100 28
100 220
100 115
100 310
100 0
100 161
100 112
100 2
100 159
100 73
100 5
100 7
100 67
100 92
100 197
100 339
100 222
100 14
100 109
100 118
100 86
100 240
100 9
100 8
100 90
100 37
100 101
100 62
100 124
100 101
100 172
100 215
100 16
100 305
100 148
100 25
100 47
100 128
100 21
100 124
100 59
100 186
100 121
100 152
100 36
100 79
100 84
100 42
100 122
100 2
100 9
100 95
100 91
100 73
100 28
100 63
100 96
100 233
100 5
100 105
100 125
100 169
100 74
100 93
100 213
100 33
100 357
100 7
100 15
100 0
100 53
100 44
100 258
100 272
100 20
100 129
100 18
100 4
100 309
100 461
100 217
100 163
100 134
100 271
100 187
100 169
100 20
100 14
100 141
100 51
100 85
100 493
100 23
100 260
100 107
100 743
100 158
100 49
100 7
100 146
100 94
100 0
100 30
100 315
100 21
100 217
100 177
100 32
100 79
100 207
100 110
100 125
100 250
100 391
100 120
100 161
100 288
100 12
100 143
100 199
100 393
100 30
100 42
100 45
100 187
100 44
100 1141
100 35
100 53
100 212
100 245
100 0
100 216
100 53
100 3
100 114
100 16
100 252
100 6
100 417
100 76
100 39
100 184
100 122
100 59
100 190
100 85
100 198
100 347
100 99
100 43
100 51
100 429
100 35
100 11
100 27
100 153
100 241
100 298
100 96
100 406
100 301
100 58
100 320
100 37
100 88
100 26
100 23
100 172
100 78
100 86
100 93
100 11
100 226
100 47
100 231
100 46
100 247
100 127
100 7
100 23
100 153
100 14
100 242
100 31
100 379
100 144
100 60
100 40
100 205
100 24
100 343
100 5
100 227
100 139
100 43
100 203
100 14
100 102
100 14
100 225
100 130
100 1
100 269
100 15
100 118
100 92
100 14
100 184
100 58
100 308
100 13
100 49
100 28
100 104
100 17
100 165
100 187
100 22
100 171
100 188
100 21
100 259
100 399
100 213
100 391
100 27
100 91
100 40
100 37
100 15
100 220
100 62
100 87
100 188
100 70
100 24
100 8
100 212
100 249
100 123
100 96
100 64
100 27
100 271
100 161
100 363
100 189
100 125
100 93
100 307
100 38
100 14
100 64
100 31
100 129
100 289
100 273
100 130
100 26
100 91
100 291
100 226
100 79
100 49
100 62
100 230
100 111
100 58
100 45
100 31
100 57
100 17
100 357
100 13
100 449
100 20
100 62
100 97
100 26
100 261
100 96
100 23
100 24
100 104
100 110
100 197
100 89
100 187
100 194
100 776
100 90
100 34
100 28
100 403
100 252
100 122
100 6
100 80
100 208
100 97
100 601
100 228
100 2
100 192
100 180
100 4
100 223
100 542
100 19
100 29
100 39
100 138
100 88
100 70
100 42
100 73
100 19
100 40
100 49
100 158
100 213
100 113
100 183
100 117
100 361
100 22
100 82
100 1
100 41
100 41
100 44
100 12
100 128
100 100
100 72
100 22
100 104
100 61
100 73
100 94
100 13
100 19
100 15
100 30
100 503
100 157
100 97
100 89
100 27
100 60
100 608
100 167
100 33
100 96
100 112
100 83
100 230
100 89
100 92
100 14
100 288
100 185
100 71
100 373
100 130
100 26
100 91
100 165
100 99
100 45
100 457
100 184
100 143
100 67
100 28
100 121
100 344
100 42
100 264
100 1
100 257
100 32
100 50
100 5
100 61
100 65
100 61
100 101
100 82
100 109
100 231
100 53
100 12
100 18
100 187
100 0
100 50
100 149
100 105
100 28
100 96
100 44
100 59
100 70
100 23
100 194
100 47
100 150
100 0
100 64
100 47
100 414
100 123
100 19
100 183
100 254
100 42
100 57
100 115
100 4
100 99
100 547
100 52
100 87
100 48
100 3
100 279
100 34
100 148
100 24
100 103
100 218
100 99
100 7
100 612
100 87
100 171
100 215
100 85
100 106
100 198
100 234
100 171
100 203
100 153
100 221
100 252
100 79
100 275
100 12
100 7
100 246
100 44
100 152
100 46
100 164
100 106
100 476
100 180
100 87
100 707
100 68
100 582
100 69
100 79
100 53
100 55
100 211
100 602
100 184
100 0
100 129
100 24
100 163
100 554
100 420
100 130
100 37
100 0
100 5
100 70
100 182
100 73
100 110
100 159
100 80
100 64
100 297
100 258
100 308
100 29
100 197
100 118
100 35
100 167
100 30
100 34
100 265
100 16
100 61
100 132
100 124
100 153
100 47
100 57
100 106
100 62
100 83
100 352
100 147
100 327
100 142
100 215
100 9
100 546
100 32
100 7
100 74
100 23
100 15
100 37
100 47
100 109
100 203
100 23
100 50
100 14
100 77
100 184
100 52
100 379
100 173
100 41
100 82
100 6
100 89
100 95
100 71
100 60
100 339
100 297
100 12
100 129
100 55
100 665
100 17
100 119
100 78
100 81
100 72
100 69
100 137
100 37
100 111
100 55
100 259
100 74
100 17
100 95
100 723
100 41
100 318
100 45
100 150
100 41
100 90
100 47
100 103
100 51
100 100
100 314
100 396
100 487
100 99
100 48
100 58
100 232
100 232
100 22
100 119
100 144
100 78
100 182
100 170
100 81
100 59
100 18
100 200
100 248
100 212
100 124
100 140
100 72
100 33
100 79
100 66
100 110
100 249
100 36
100 111
100 74
100 186
100 326
100 117
100 124
100 52
100 16
100 175
100 37
100 82
100 47
100 113
100 112
100 404
100 196
100 50
100 6
100 265
100 615
100 128
100 19
100 190
100 88
100 43
100 325
100 90
100 106
100 489
100 43
100 49
100 387
100 13
100 319
100 109
100 66
100 225
100 143
100 26
100 312
100 92
100 203
100 60
100 25
100 95
100 429
100 61
100 136
100 283
100 14
100 48
100 77
100 10
100 65
100 297
100 209
100 435
100 272
100 29
100 88
100 95
100 365
100 61
100 151
100 46
100 49
100 136
100 221
100 190
100 236
100 130
100 304
100 27
100 7
100 476
100 56
100 97
100 5
100 157
100 252
100 278
100 143
100 209
100 268
100 139
100 648
100 95
100 177
100 107
100 134
100 197
100 114
100 10
100 48
100 174
100 271
100 381
100 64
100 549
100 342
100 70
100 70
100 55
100 256
100 165
100 87
100 495
100 124
100 58
100 29
100 117
100 69
100 38
100 137
100 218
100 371
100 16
100 269
100 48
100 31
100 49
100 78
100 4
100 177
100 584
100 337
100 78
100 1
100 195
100 43
100 51
100 16
100 216
100 182
100 108
100 403
100 113
100 81
100 43
100 187
100 119
100 216
100 1022
100 95
100 199
100 9
100 432
100 24
100 259
100 576
100 159
100 150
100 66
100 291
100 100
100 5
100 34
100 163
100 167
100 117
100 67
100 299
100 41
100 569
100 140
100 101
100 277
100 92
100 168
100 5
100 21
100 372
100 3
100 47
100 216
100 51
100 5
100 311
100 158
100 135
100 15
100 97
100 108
100 126
100 14
100 90
100 167
100 102
100 184
100 210
100 46
100 74
100 197
100 40
100 72
100 39
100 16
100 13
100 126
100 310
100 221
100 19
100 98
100 55
100 594
100 81
100 77
100 97
100 144
100 10
100 111
100 133
100 551
100 20
100 110
100 268
100 74
100 28
100 82
100 49
100 327
100 74
100 141
100 27
100 53
100 25
100 223
100 234
100 885
100 152
100 58
100 49
100 33
100 276
100 242
100 398
100 155
100 53
100 266
100 99
100 179
100 62
100 325
100 127
100 89
100 65
100 176
100 27
100 65
100 57
100 113
100 259
100 22
100 240
100 49
100 1
100 32
100 46
100 8
100 142
100 28
100 128
100 30
100 78
100 24
100 383
100 153
100 175
100 60
100 681
100 226
100 96
100 357
100 103
100 244
100 1
100 414
100 72
100 88
100 47
100 191
100 646
100 58
100 724
100 12
100 284
100 349
100 90
100 270
100 27
100 44
100 59
100 173
100 156
100 111
100 61
100 65
100 36
100 26
100 8
100 31
100 390
100 175
100 61
100 157
100 253
100 182
100 64
100 106
100 520
100 76
100 352
100 239
100 115
100 39
100 75
100 310
100 30
100 309
100 22
100 150
100 21
100 30
100 34
100 127
100 323
100 13
100 260
100 260
100 43
100 5
100 372
100 258
100 214
100 81
100 1
100 50
100 221
100 170
100 377
100 327
100 681
100 121
100 138
100 73
100 157
100 48
100 158
100 114
100 47
100 38
100 4
100 542
100 209
100 34
100 51
100 604
100 22
100 311
100 108
100 68
100 220
100 268
100 71
100 88
100 85
100 145
100 55
100 106
100 7
100 36
100 340
100 7
100 142
100 87
100 33
100 24
100 162
100 137
100 298
100 74
100 68
100 26
100 19
100 233
100 87
100 59
100 433
100 223
100 189
100 48
100 136
100 70
100 33
100 117
100 107
100 211
100 562
100 143
100 464
100 95
100 88
100 164
100 169
100 159
100 76
100 40
100 23
100 36
100 242
100 43
100 459
100 47
100 229
100 32
100 70
100 29
100 77
100 107
100 12
100 101
100 436
100 157
100 131
100 150
100 2
100 597
100 308
100 80
100 200
100 151
100 164
100 92
100 89
100 139
100 245
100 254
100 235
100 88
100 87
100 184
100 296
100 276
100 96
100 71
100 158
100 0
100 83
100 23
100 54
100 75
100 82
100 71
100 154
100 16
100 106
100 289
100 71
100 47
100 100
100 85
100 82
100 25
100 217
100 32
100 7
100 121
100 96
100 30
100 57
100 308
100 134
100 159
100 103
100 140
100 63
100 375
100 323
100 19
100 25
100 3
100 84
100 440
100 12
100 38
100 154
100 446
100 7
100 22
100 18
100 72
100 6
100 13
100 73
100 8
100 70
100 54
100 38
100 11
100 52
100 90
100 18
100 103
100 27
100 120
100 107
100 367
100 30
100 257
100 99
100 121
100 76
100 40
100 142
100 64
100 109
100 265
100 663
100 117
100 104
100 137
100 49
100 192
100 65
100 460
100 158
100 84
100 573
100 13
100 36
100 49
100 48
100 11
100 413
100 14
100 43
100 258
100 150
100 6
100 286
100 68
100 151
100 223
100 653
100 296
100 58
100 148
100 53
100 5
100 41
100 34
100 180
100 383
100 80
100 24
100 85
100 64
100 56
100 376
100 162
100 171
100 227
100 93
100 116
100 435
100 79
100 485
100 200
100 71
100 197
100 76
100 100
100 134
100 2
100 159
100 159
100 30
100 248
100 128
100 8
100 22
100 69
100 341
100 14
100 240
100 122
100 104
100 69
100 49
100 182
100 203
100 4
100 81
100 125
100 152
100 288
100 55
100 53
100 364
100 287
100 208
100 597
100 427
100 285
100 152
100 104
100 58
100 65
100 135
100 103
100 258
100 71
100 234
100 186
100 6
100 190
100 166
100 234
100 0
100 54
100 19
100 77
100 59
100 155
100 18
100 17
100 127
100 262
100 56
100 60
100 330
100 195
100 3
100 256
100 89
100 648
100 196
100 155
100 169
100 407
100 57
100 229
100 328
100 45
100 55
100 23
100 7
100 190
100 194
100 48
100 91
100 361
100 428
100 67
100 37
100 173
100 80
100 43
100 5
100 96
100 96
100 157
100 248
100 20
100 385
100 120
100 102
100 25
100 129
100 87
100 132
100 84
100 222
100 38
100 119
100 47
100 33
100 23
100 108
100 35
100 106
100 74
100 114
100 87
100 55
100 232
100 18
100 113
100 2
100 175
100 32
100 108
100 365
100 14
100 68
100 74
100 95
100 235
100 153
100 359
100 95
100 11
100 163
100 51
100 106
100 114
100 123
100 34
100 31
100 106
100 131
100 54
100 15
100 1
100 28
100 125
100 274
100 9
100 2
100 85
100 355
100 70
100 16
100 62
100 44
100 37
100 29
100 40
100 21
100 39
100 544
100 19
100 0
100 3
100 373
100 303
100 13
100 106
100 16
100 103
100 118
100 18
100 39
100 327
100 4
100 106
100 20
100 33
100 791
100 13
100 27
100 173
100 69
100 65
100 23
100 63
100 154
100 1
100 361
100 308
100 30
100 18
100 146
100 217
100 264
100 478
100 189
100 161
100 149
100 67
100 37
100 159
100 135
100 220
100 149
100 157
100 124
100 19
100 457
100 256
100 94
100 10
100 202
100 139
100 426
100 420
100 102
100 48
100 580
100 88
100 12
100 273
100 0
100 23
100 85
100 37
100 547
100 83
100 183
100 139
100 206
100 20
100 478
100 63
100 83
100 32
100 15
100 130
100 247
100 58
100 328
100 64
100 71
100 108
100 112
100 148
100 76
100 98
100 144
100 375
100 48
100 581
100 117
100 95
100 228
100 38
100 139
100 88
100 128
100 23
100 166
100 57
100 24
100 276
100 1
100 69
100 150
100 123
100 65
100 43
100 67
100 353
100 101
100 515
100 197
100 115
100 83
100 231
100 23
100 480
100 119
100 121
100 69
100 38
100 55
100 2
100 39
100 100
100 192
100 153
100 48
100 48
100 1
100 4
100 127
100 390
100 37
100 50
100 38
100 15
100 68
100 47
100 111
100 231
100 48
100 126
100 33
100 128
100 381
100 224
100 67
100 93
100 117
100 13
100 18
100 172
100 82
100 129
100 211
100 64
100 14
100 92
100 282
100 35
100 179
100 34
100 63
100 107
100 27
100 13
100 186
100 11
100 69
100 95
100 1
100 324
100 75
100 36
100 327
100 173
100 21
100 476
100 36
100 13
100 89
100 14
100 93
100 323
100 66
100 519
100 121
100 134
100 91
100 60
100 171
100 298
100 242
100 37
100 15
100 11
100 97
100 252
100 171
100 204
100 27
100 3
100 135
100 12
100 42
100 340
100 11
100 48
100 224
100 33
100 381
100 18
100 87
100 34
100 308
100 148
100 257
100 39
100 295
100 68
100 57
100 9
100 152
100 612
100 186
100 46
100 323
100 179
100 5
100 328
100 45
100 160
100 199
100 387
100 30
100 482
100 31
100 26
100 61
100 437
100 213
100 297
100 13
100 57
100 115
100 134
100 36
100 75
100 184
100 59
100 182
100 121
100 11
100 332
100 61
100 137
100 104
100 5
100 434
100 143
100 74
100 25
100 394
100 22
100 75
100 45
100 55
100 129
100 62
100 29
100 106
100 107
100 162
100 416
100 63
100 109
100 89
100 45
100 549
100 103
100 295
100 203
100 167
100 29
100 51
100 196
100 24
100 83
100 142
100 227
100 3
100 201
100 37
100 213
100 2
100 196
100 74
100 277
100 49
100 128
100 283
100 3
100 139
100 65
100 63
100 129
100 312
100 17
100 90
100 223
100 473
100 64
100 46
100 69
100 10
100 21
100 239
100 15
100 40
100 321
100 59
100 185
100 188
100 32
100 312
100 129
100 110
100 213
100 300
100 46
100 131
100 97
100 229
100 6
100 41
100 69
100 44
100 237
100 30
100 61
100 184
100 45
100 8
100 54
100 334
100 82
100 440
100 331
100 74
100 285
100 124
100 13
100 28
100 136
100 106
100 164
100 192
100 185
100 26
100 44
100 33
100 200
100 91
100 54
100 74
100 101
100 293
100 100
100 245
100 7
100 25
100 63
100 297
100 101
100 63
100 498
100 110
100 109
100 17
100 140
100 65
100 322
100 302
100 40
100 668
100 119
100 166
100 54
100 109
100 39
100 84
100 181
100 76
100 28
100 55
100 26
100 177
100 14
100 130
100 231
100 47
100 180
100 100
100 73
100 13
100 20
100 44
100 6
100 76
100 118
100 144
100 100
100 49
100 239
100 8
100 175
100 78
100 384
100 23
100 119
100 18
100 165
100 44
100 94
100 115
100 20
100 71
100 136
100 79
100 43
100 555
100 255
100 104
100 361
100 147
100 55
100 217
100 87
100 100
100 142
100 429
100 57
100 19
100 23
100 27
100 15
100 180
100 99
100 112
100 60
100 141
100 301
100 115
100 17
100 7
100 45
100 65
100 180
100 33
100 93
100 27
100 65
100 13
100 283
100 19
100 272
100 39
100 112
100 165
100 237
100 74
100 19
100 26
100 59
100 35
100 11
100 143
100 39
100 777
100 3
100 61
100 7
100 111
100 182
100 39
100 603
100 154
100 205
100 1
100 46
100 219
100 22
100 600
100 29
100 103
100 86
100 321
100 355
100 203
100 47
100 42
100 66
100 148
100 103
100 32
100 198
100 118
100 124
100 44
100 48
100 33
100 398
100 215
100 195
100 119
100 474
100 105
100 416
100 69
100 111
100 650
100 89
100 95
100 273
100 196
100 59
100 125
100 2
100 281
100 537
100 452
100 41
100 71
100 106
100 9
100 194
100 134
100 4
100 309
100 104
100 322
100 4
100 50
100 116
100 38
100 9
100 55
100 143
100 70
100 54
100 150
100 188
100 255
100 42
100 572
100 30
100 189
100 24
100 316
100 68
100 132
100 53
100 1
100 85
100 0
100 0
100 69
100 228
100 105
100 160
100 284
100 158
100 116
100 101
100 246
100 41
100 111
100 112
100 46
100 16
100 341
100 102
100 31
100 108
100 251
100 96
100 86
100 255
100 41
100 16
100 107
100 296
100 108
100 22
100 161
100 27
100 69
100 190
100 42
100 45
100 9
100 11
100 64
100 180
100 37
100 172
100 200
100 69
100 21
100 100
100 295
100 36
100 218
100 43
100 94
100 229
100 7
100 9
100 62
100 278
100 119
100 305
100 121
100 20
100 157
100 10
100 113
100 11
100 69
100 49
100 224
100 209
100 841
100 239
100 84
100 72
100 256
100 24
100 6
100 306
100 187
100 341
100 444
100 130
100 299
100 142
100 224
100 126
100 256
100 14
100 18
100 102
100 9
100 488
100 90
100 2
100 138
100 124
100 16
100 86
100 168
100 351
100 200
100 5
100 282
100 476
100 257
100 25
100 10
100 54
100 94
100 47
100 216
100 203
100 575
100 0
100 175
100 87
100 6
100 302
100 3
100 144
100 319
100 1
100 8
100 39
100 111
100 45
100 135
100 55
100 132
100 348
100 27
100 124
100 220
100 78
100 119
100 67
100 275
100 30
100 82
100 9
100 551
100 127
100 246
100 440
100 86
100 45
100 16
100 29
100 23
100 101
100 69
100 85
100 1
100 41
100 147
100 392
100 234
100 222
100 12
100 31
100 112
100 5
100 191
100 51
100 111
100 135
100 40
100 209
100 141
100 0
100 468
100 183
100 28
100 585
100 213
100 6
100 245
100 749
100 115
100 52
100 262
100 268
100 83
100 17
100 317
100 181
100 22
100 50
100 99
100 56
100 71
100 25
100 93
100 36
100 40
100 73
100 41
100 170
100 102
100 12
100 53
100 4
100 2
100 139
100 63
100 117
100 28
100 77
100 309
100 195
100 793
100 243
100 21
100 71
100 107
100 20
100 43
100 79
100 167
100 182
100 135
100 1
100 184
100 90
100 66
100 64
100 28
100 148
100 1
100 211
100 73
100 60
100 322
100 84
100 164
100 452
100 136
100 380
100 216
100 328
100 551
100 96
100 111
100 16
100 101
100 98
100 68
100 35
100 33
100 38
100 433
100 88
100 96
100 27
100 328
100 179
100 131
100 268
100 90
100 101
100 215
100 420
100 125
100 118
100 187
100 15
100 162
100 27
100 65
100 192
100 210
100 15
100 117
100 371
100 144
100 158
100 100
100 15
100 324
100 527
100 49
100 95
100 4
100 19
100 152
100 606
100 168
100 150
100 71
100 46
100 3
100 32
100 198
100 56
100 135
100 81
100 4
100 3
100 162
100 397
100 443
100 237
100 158
100 118
100 119
100 199
100 202
100 437
100 128
100 430
100 67
100 106
100 63
100 17
100 109
100 300
100 32
100 62
100 193
100 73
100 11
100 390
100 76
100 111
100 193
100 11
100 73
100 75
100 65
100 101
100 16
100 17
100 58
100 223
100 196
100 430
100 234
100 324
100 197
100 36
100 230
100 57
100 10
100 14
100 30
100 31
100 286
100 56
100 44
100 18
100 160
100 199
100 42
100 96
100 115
100 80
100 113
100 193
100 27
100 31
100 165
100 17
100 33
100 327
100 15
100 26
100 72
100 31
100 44
100 266
100 32
100 44
100 103
100 246
100 145
100 60
100 306
100 120
100 25
100 9
100 62
100 121
100 67
100 52
100 221
100 1
100 2
100 255
100 315
100 75
100 38
100 122
100 77
100 42
100 198
100 108
100 141
100 102
100 230
100 58
100 32
100 162
100 136
100 93
100 109
100 48
100 267
100 224
100 195
100 40
100 29
100 220
100 398
100 6
100 3
100 17
100 171
100 163
100 43
100 0
100 25
100 53
100 41
100 107
100 37
100 42
100 42
100 14
100 256
100 128
100 18
100 21
100 355
100 218
100 297
100 125
100 59
100 19
100 124
100 121
100 41
100 137
100 243
100 344
100 133
100 103
100 81
100 112
100 302
100 9
100 13
100 135
100 14
100 56
100 50
100 20
100 97
100 1
100 7
100 5
100 68
100 45
100 48
100 53
100 2
100 90
100 177
100 124
100 158
100 446
100 314
100 380
100 25
100 321
100 913
100 30
100 289
100 115
100 124
100 64
100 106
100 276
100 31
100 134
100 232
100 122
100 280
100 57
100 379
100 97
100 180
100 40
100 301
100 356
100 0
100 20
100 81
100 136
100 320
100 31
100 559
100 89
100 142
100 54
100 442
100 0
100 107
100 10
100 29
100 394
100 71
100 167
100 58
100 55
100 161
100 126
100 121
100 56
100 55
100 163
100 41
100 353
100 134
100 290
100 80
100 401
100 67
100 482
100 42
100 160
100 146
100 104
100 286
100 508
100 83
100 197
100 56
100 110
100 85
100 1
100 286
100 25
100 95
100 311
100 251
100 455
100 283
100 130
100 32
100 153
100 5
100 508
100 83
100 82
100 80
100 207
100 287
100 239
100 295
100 81
100 77
100 155
100 46
100 34
100 82
100 116
100 262
100 87
100 103
100 91
100 341
100 296
100 24
100 35
100 71
100 498
100 27
100 6
100 334
100 95
100 66
100 81
100 133
100 179
100 171
100 13
100 25
100 16
100 32
100 20
100 108
100 0
100 127
100 87
100 76
100 79
100 104
100 454
100 133
100 91
100 156
100 170
100 66
100 85
100 302
100 17
100 187
100 7
100 45
100 98
100 281
100 82
100 49
100 175
100 128
100 66
100 66
100 31
100 21
100 84
100 474
100 166
100 126
100 212
100 100
100 53
100 8
100 211
100 20
100 29
100 196
100 723
100 21
100 304
100 4
100 28
100 146
100 113
100 65
100 76
100 503
100 224
100 26
100 76
100 120
100 138
100 21
100 17
100 191
100 42
100 201
100 257
100 200
100 487
100 2
100 47
100 103
100 51
100 230
100 151
100 72
100 161
100 97
100 49
100 3
100 224
100 115
100 35
100 99
100 184
100 156
100 220
100 55
100 17
100 15
100 41
100 133
100 122
100 7
100 54
100 10
100 85
100 207
100 32
100 29
100 66
100 36
100 1027
100 13
100 129
100 166
100 202
100 20
100 210
100 120
100 9
100 12
100 82
100 26
100 301
100 105
100 42
100 4
100 28
100 135
100 171
100 4
100 101
100 647
100 49
100 59
100 8
100 37
100 46
100 233
100 288
100 1
100 406
100 82
100 304
100 348
100 79
100 34
100 64
100 51
100 11
100 199
100 251
100 94
100 244
100 204
100 104
100 99
100 258
100 359
100 53
100 32
100 3
100 34
100 349
100 43
100 192
100 384
100 201
100 25
100 38
100 131
100 569
100 27
100 1
100 128
100 35
100 21
100 158
100 3
100 46
100 100
100 626
100 340
100 84
100 113
100 125
100 144
100 122
100 5
100 32
100 238
100 135
100 30
100 95
100 169
100 175
100 5
100 35
100 72
100 15
100 392
100 180
100 127
100 190
100 62
100 38
100 8
100 8
100 396
100 9
100 50
100 32
100 316
100 321
100 187
100 428
100 483
100 55
100 47
100 250
100 49
100 630
100 76
100 373
100 112
100 43
100 2
100 71
100 12
100 359
100 95
100 64
100 7
100 49
100 254
100 167
100 34
100 383
100 89
100 233
100 144
100 5
100 111
100 189
100 142
100 58
100 101
100 134
100 32
100 1
100 63
100 351
100 7
100 78
100 345
100 3
100 5
100 28
100 67
100 7
100 202
100 266
100 199
100 179
100 202
100 99
100 194
100 43
100 45
100 255
100 88
100 28
100 77
100 26
100 48
100 192
100 106
100 487
100 24
100 145
100 106
100 404
100 195
100 316
100 320
100 175
100 159
100 84
100 91
100 140
100 67
100 3
100 96
100 99
100 18
100 248
100 272
100 9
100 77
100 35
100 158
100 393
100 137
100 62
100 37
100 145
100 160
100 446
100 61
100 63
100 145
100 39
100 335
100 4
100 51
100 186
100 7
100 223
100 12
100 123
100 108
100 6
100 358
100 164
100 106
100 43
100 26
100 76
100 36
100 31
100 12
100 8
100 402
100 91
100 18
100 148
100 75
100 20
100 140
100 162
100 14
100 160
100 81
100 78
100 53
100 97
100 10
100 149
100 221
100 16
100 6
100 47
100 42
100 31
100 136
100 164
100 116
100 119
100 331
100 204
100 135
100 113
100 35
100 93
100 179
100 29
100 211
100 52
100 3
100 105
100 265
100 287
100 28
100 293
100 61
100 8
100 314
100 335
100 228
100 307
100 60
100 129
100 31
100 102
100 296
100 277
100 49
100 97
100 61
100 140
100 198
100 288
100 134
100 208
100 545
100 12
100 57
100 531
100 159
100 34
100 282
100 167
100 52
100 239
100 59
100 112
100 154
100 124
100 94
100 70
100 124
100 17
100 22
100 95
100 190
100 434
100 72
100 271
100 40
100 228
100 45
100 426
100 211
100 68
100 167
100 49
100 9
100 6
100 180
100 383
100 178
100 217
100 4
100 48
100 19
100 21
100 56
100 57
100 116
100 430
100 72
100 95
100 85
100 26
100 273
100 291
100 106
100 194
100 140
100 22
100 58
100 223
100 22
100 126
100 19
100 431
100 162
100 52
100 156
100 136
100 62
100 72
100 240
100 115
100 38
100 25
100 54
100 36
100 179
100 43
100 33
100 533
100 303
100 41
100 23
100 348
100 374
100 59
100 47
100 44
100 73
100 61
100 97
100 56
100 157
100 180
100 19
100 568
100 53
100 11
100 748
100 586
100 220
100 8
100 112
100 330
100 222
100 404
100 32
100 58
100 44
100 77
100 451
100 102
100 113
100 96
100 82
100 87
100 305
100 136
100 16
100 64
100 12
100 69
100 58
100 49
100 69
100 85
100 126
100 140
100 395
100 424
100 14
100 149
100 31
100 28
100 17
100 75
100 175
100 170
100 123
100 100
100 151
100 171
100 67
100 24
100 13
100 125
100 43
100 167
100 23
100 140
100 12
100 96
100 85
100 15
100 185
100 331
100 105
100 70
100 76
100 66
100 390
100 36
100 167
100 190
100 283
100 55
100 171
100 875
100 2
100 296
100 53
100 405
100 87
100 58
100 34
100 330
100 64
100 115
100 301
100 130
100 8
100 0
100 129
100 65
100 54
100 18
100 92
100 153
100 242
100 88
100 62
100 39
100 37
100 63
100 247
100 327
100 154
100 87
100 59
100 115
100 56
100 295
100 207
100 0
100 179
100 59
100 188
100 187
100 267
100 17
100 81
100 46
100 9
100 319
100 59
100 201
100 9
100 31
100 40
100 145
100 272
100 361
100 103
100 43
100 194
100 381
100 100
100 819
100 4
100 213
100 96
100 49
100 39
100 44
100 548
100 65
100 34
100 90
100 350
100 371
100 17
100 515
100 54
100 52
100 174
100 138
100 81
100 368
100 368
100 491
100 22
100 313
100 110
100 178
100 244
100 124
100 87
100 48
100 40
100 217
100 25
100 30
100 75
100 203
100 23
100 96
100 112
100 22
100 113
100 303
100 22
100 45
100 51
100 6
100 123
100 45
100 61
100 157
100 13
100 97
100 20
100 37
100 360
100 95
100 140
100 261
100 120
100 208
100 139
100 130
100 10
100 10
100 76
100 20
100 632
100 557
100 65
100 77
100 22
100 160
100 491
100 45
100 16
100 56
100 125
100 238
100 42
100 202
100 78
100 8
100 121
100 266
100 49
100 88
100 2
100 75
100 308
100 79
100 153
100 268
100 106
100 92
100 45
100 169
100 33
100 109
100 52
100 75
100 133
100 95
100 16
100 36
100 31
100 71
100 119
100 313
100 84
100 142
100 111
100 185
100 39
100 75
100 62
100 69
100 262
100 22
100 66
100 177
100 180
100 227
100 191
100 98
100 50
100 726
100 31
100 135
100 34
100 103
100 87
100 124
100 107
100 157
100 86
100 4
100 204
100 383
100 91
100 15
100 31
100 72
100 187
100 40
100 17
100 158
100 74
100 90
100 138
100 321
100 156
100 81
100 86
100 54
100 339
100 109
100 10
100 15
100 6
100 20
100 124
100 291
100 139
100 64
100 332
100 72
100 172
100 472
100 441
100 225
100 12
100 28
100 411
100 21
100 247
100 98
100 106
100 177
100 47
100 283
100 5
100 25
100 691
100 10
100 204
100 63
100 49
100 108
100 280
100 4
100 136
100 107
100 22
100 88
100 60
100 74
100 14
100 92
100 210
100 19
100 151
100 105
100 26
100 100
100 7
100 27
100 1
100 294
100 298
100 56
100 146
100 45
100 155
100 46
100 496
100 224
100 499
100 48
100 18
100 98
100 224
100 175
100 174
100 1056
100 92
100 839
100 199
100 244
100 315
100 47
100 418
100 85
100 47
100 257
100 75
100 123
100 59
100 120
100 499
100 130
100 22
100 74
100 121
100 191
100 188
100 29
100 132
100 72
100 96
100 157
100 16
100 15
100 36
100 68
100 11
100 138
100 160
100 125
100 159
100 132
100 4
100 53
100 365
100 57
100 360
100 41
100 128
100 377
100 97
100 116
100 179
100 226
100 69
100 14
100 110
100 69
100 560
100 134
100 123
100 98
100 10
100 0
100 19
100 185
100 73
100 150
100 22
100 191
100 190
100 309
100 159
100 106
100 103
100 82
100 287
100 286
100 158
100 59
100 28
100 164
100 377
100 49
100 235
100 290
100 91
100 34
100 32
100 46
100 48
100 291
100 19
100 179
100 4
100 195
100 249
100 23
100 70
100 169
100 7
100 85
100 152
100 55
100 384
100 370
100 11
100 34
100 47
100 424
100 19
100 7
100 103
100 5
100 60
100 31
100 13
100 36
100 71
100 25
100 231
100 55
100 22
100 280
100 62
100 45
100 81
100 249
100 110
100 137
100 156
100 87
100 305
100 280
100 11
100 146
100 376
100 454
100 61
100 229
100 133
100 68
100 14
100 10
100 126
100 68
100 33
100 411
100 231
100 150
100 129
100 261
100 415
100 355
100 101
100 57
100 311
100 1
100 77
100 158
100 441
100 79
100 52
100 38
100 27
100 166
100 71
100 612
100 39
100 71
100 59
100 219
100 499
100 93
100 286
100 198
100 35
100 35
100 190
100 26
100 145
100 87
100 5
100 263
100 592
100 49
100 61
100 1
100 124
100 13
100 90
100 66
100 220
100 129
100 256
100 72
100 100
100 28
100 338
100 88
100 211
100 132
100 14
100 26
100 74
100 55
100 163
100 127
100 16
100 6
100 115
100 9
100 11
100 178
100 301
100 103
100 357
100 166
100 201
100 206
100 64
100 35
100 331
100 58
100 34
100 265
100 325
100 120
100 43
100 530
100 152
100 25
100 51
100 54
100 101
100 327
100 0
100 45
100 10
100 108
100 335
100 252
100 15
100 206
100 439
100 215
100 256
100 43
100 238
100 305
100 109
100 45
100 525
100 22
100 133
100 108
100 3
100 107
100 50
100 15
100 37
100 105
100 92
100 346
100 81
100 125
100 144
100 285
100 202
100 237
100 34
100 121
100 75
100 133
100 19
100 163
100 302
100 165
100 233
100 10
100 52
100 5
100 47
100 50
100 21
100 7
100 141
100 375
100 144
100 0
100 394
100 20
100 232
100 96
100 61
100 3
100 16
100 465
100 44
100 28
100 573
100 38
100 81
100 135
100 100
100 31
100 98
100 124
100 157
100 62
100 190
100 21
100 24
100 112
100 135
100 151
100 121
100 365
100 127
100 17
100 0
100 388
100 43
100 352
100 23
100 95
100 7
100 151
100 566
100 594
100 49
100 91
100 62
100 74
100 55
100 99
100 155
100 136
100 445
100 174
100 39
100 111
100 6
100 9
100 54
100 36
100 27
100 14
100 140
100 417
100 71
100 441
100 217
100 11
100 116
100 38
100 463
100 24
100 540
100 98
100 211
100 171
100 32
100 82
100 104
100 0
100 75
100 245
100 13
100 144
100 54
100 118
100 65
100 48
100 63
100 201
100 223
100 185
100 6
100 68
100 33
100 95
100 229
100 173
100 30
100 210
100 96
100 84
100 197
100 55
100 175
100 38
100 839
100 30
100 163
100 152
100 10
100 86
100 117
100 6
100 141
100 16
100 75
100 141
100 78
100 21
100 102
100 69
100 496
100 54
100 81
100 32
100 149
100 225
100 409
100 43
100 157
100 57
100 72
100 113
100 99
100 289
100 277
100 104
100 99
100 50
100 97
100 15
100 84
100 43
100 208
100 36
100 89
100 49
100 254
100 155
100 95
100 72
100 124
100 128
100 146
100 107
100 25
100 341
100 134
100 140
100 224
100 382
100 36
100 440
100 123
100 4
100 120
100 247
100 177
100 9
100 157
100 84
100 161
100 343
100 193
100 74
100 67
100 51
100 148
100 15
100 183
100 50
100 54
100 49
100 164
100 89
100 108
100 4
100 54
100 131
100 17
100 494
100 212
100 64
100 9
100 163
100 52
100 97
100 6
100 123
100 108
100 119
100 177
100 39
100 137
100 136
100 87
100 73
100 337
100 27
100 463
100 38
100 17
100 151
100 94
100 135
100 99
100 104
100 36
100 71
100 213
100 307
100 180
100 16
100 352
100 51
100 315
100 42
100 32
100 181
100 520
100 42
100 395
100 292
100 126
100 66
100 44
100 102
100 39
100 4
100 9
100 247
100 48
100 489
100 202
100 63
100 48
100 105
100 113
100 220
100 196
100 64
100 44
100 74
100 243
100 51
100 327
100 593
100 99
100 295
100 39
100 9
100 56
100 93
100 288
100 611
100 204
100 272
100 256
100 261
100 36
100 501
100 185
100 288
100 52
100 128
100 234
100 81
100 228
100 24
100 27
100 44
100 430
100 69
100 160
100 364
100 64
100 58
100 70
100 73
100 44
100 268
100 26
100 379
100 9
100 167
100 207
100 82
100 158
100 229
100 66
100 32
100 420
100 67
100 40
100 13
100 25
100 289
100 63
100 410
100 2
100 9
100 409
100 6
100 112
100 86
100 41
100 123
100 86
100 0
100 215
100 2
100 48
100 25
100 2
100 156
100 215
100 85
100 307
100 41
100 20
100 298
100 129
100 121
100 110
100 74
100 310
100 28
100 26
100 86
100 209
100 73
100 63
100 222
100 21
100 87
100 46
100 109
100 153
100 4
100 112
100 117
100 65
100 300
100 80
100 288
100 354
100 180
100 90
100 242
100 0
100 46
100 76
100 253
100 143
100 324
100 354
100 10
100 257
100 71
100 89
100 137
100 1
100 93
100 427
100 307
100 380
100 19
100 311
100 250
100 54
100 80
100 160
100 203
100 225
100 41
100 22
100 98
100 54
100 511
100 216
100 11
100 240
100 12
100 3
100 9
100 83
100 270
100 49
100 116
100 428
100 75
100 31
100 7
100 12
100 59
100 158
100 5
100 106
100 128
100 289
100 186
100 27
100 18
100 315
100 161
100 343
100 327
100 29
100 190
100 141
100 258
100 179
100 316
100 59
100 57
100 181
100 140
100 94
100 207
100 68
100 315
100 41
100 198
100 34
100 120
100 2
100 148
100 185
100 175
100 165
100 123
100 40
100 17
100 27
100 190
100 404
100 58
100 28
100 194
100 26
100 224
100 241
100 203
100 33
100 71
100 31
100 81
100 121
100 10
100 181
100 207
100 325
100 55
100 137
100 46
100 99
100 41
100 647
100 66
100 273
100 53
100 89
100 379
100 253
100 168
100 18
100 61
100 424
100 15
100 252
100 288
100 46
100 149
100 162
100 79
100 156
100 26
100 442
100 340
100 0
100 91
100 136
100 120
100 6
100 76
100 218
100 7
100 199
100 339
100 16
100 23
100 360
100 117
100 368
100 24
100 53
100 194
100 146
100 12
100 2
100 365
100 169
100 73
100 118
100 16
100 121
100 39
100 93
100 80
100 35
100 324
100 95
100 108
100 62
100 26
100 92
100 195
100 206
100 60
100 9
100 115
100 96
100 78
100 220
100 9
100 133
100 297
100 8
100 519
100 459
100 156
100 123
100 3
100 32
100 79
100 40
100 55
100 361
100 196
100 222
100 105
100 30
100 218
100 47
100 462
100 47
100 1
100 3
100 176
100 143
100 27
100 223
100 5
100 415
100 142
100 139
100 219
100 564
100 81
100 375
100 68
100 366
100 80
100 368
100 89
100 316
100 119
100 39
100 97
100 367
100 39
100 17
100 53
100 348
100 0
100 465
100 107
100 66
100 10
100 491
100 122
100 59
100 25
100 73
100 17
100 69
100 542
100 305
100 262
100 122
100 358
100 45
100 80
100 164
100 8
100 124
100 21
100 15
100 1
100 162
100 61
100 65
100 47
100 472
100 99
100 144
100 13
100 6
100 20
100 104
100 193
100 98
100 0
100 64
100 493
100 121
100 53
100 62
100 366
100 80
100 29
100 91
100 148
100 197
100 128
100 131
100 46
100 64
100 92
100 157
100 203
100 72
100 39
100 230
100 65
100 72
100 156
100 8
100 22
100 438
100 72
100 469
100 138
100 38
100 163
100 284
100 99
100 56
100 93
100 174
100 53
100 64
100 36
100 276
100 9
100 57
100 8
100 140
100 172
100 52
100 46
100 187
100 182
100 110
100 8
100 104
100 10
100 3
100 235
100 411
100 94
100 111
100 272
100 170
100 63
100 100
100 283
100 83
100 4
100 537
100 83
100 33
100 237
100 43
100 77
100 33
100 134
100 185
100 34
100 194
100 80
100 18
100 163
100 62
100 45
100 105
100 528
100 337
100 197
100 73
100 60
100 71
100 51
100 277
100 11
100 335
100 462
100 414
100 340
100 230
100 202
100 232
100 83
100 15
100 82
100 13
100 219
100 119
100 139
100 46
100 133
100 18
100 118
100 122
100 64
100 89
100 179
100 635
100 155
100 64
100 392
100 1
100 194
100 137
100 73
100 288
100 33
100 107
100 352
100 47
100 17
100 231
100 8
100 205
100 61
100 202
100 50
100 176
100 2
100 205
100 13
100 323
100 53
100 263
100 45
100 59
100 90
100 70
100 202
100 53
100 89
100 178
100 82
100 45
100 25
100 154
100 113
100 424
100 54
100 95
100 137
100 182
100 209
100 392
100 99
100 392
100 87
100 153
100 153
100 78
100 252
100 63
100 105
100 180
100 192
100 241
100 137
100 88
100 10
100 118
100 14
100 515
100 315
100 256
100 102
100 61
100 9
100 111
100 9
100 16
100 98
100 133
100 420
100 7
100 134
100 404
100 343
100 182
100 6
100 33
100 83
100 16
100 143
100 247
100 53
100 257
100 49
100 435
100 138
100 187
100 143
100 82
100 5
100 144
100 74
100 91
100 11
100 33
100 114
100 4
100 30
100 430
100 191
100 207
100 94
100 555
100 4
100 51
100 261
100 184
100 188
100 245
100 334
100 72
100 21
100 88
100 173
100 87
100 10
100 122
100 243
100 108
100 33
100 321
100 123
100 39
100 203
100 13
100 99
100 62
100 125
100 29
100 17
100 390
100 95
100 268
100 154
100 256
100 53
100 78
100 30
100 520
100 24
100 452
100 89
100 41
100 205
100 31
100 203
100 33
100 60
100 23
100 159
100 114
100 205
100 110
100 1
100 58
100 18
100 7
100 155
100 45
100 379
100 12
100 103
100 231
100 85
100 165
100 27
100 22
100 220
100 255
100 184
100 52
100 27
100 77
100 1
100 97
100 180
100 138
100 149
100 0
100 49
100 48
100 120
100 159
100 44
100 92
100 470
100 361
100 54
100 256
100 15
100 18
100 34
100 8
100 34
100 28
100 26
100 18
