100 50
100 444
100 568
100 231
100 249
100 125
100 310
100 150
100 44
100 207
100 217
100 48
100 188
100 134
100 133
100 86
100 25
100 188
100 160
100 114
100 346
100 600
100 676
100 247
100 309
100 58
100 221
100 105
100 300
100 39
100 120
100 187
100 559
100 241
100 24
100 6
100 469
100 1004
100 248
100 163
100 171
100 32
100 27
100 248
100 161
100 61
100 281
100 53
100 199
100 40
100 102
100 73
100 390
100 70
100 20
100 141
100 127
100 276
100 73
100 347
100 225
100 6
100 27
100 622
100 32
100 73
100 75
100 65
100 24
100 80
100 90
100 219
100 406
100 323
100 272
100 133
100 44
100 92
100 627
100 30
100 125
100 712
100 161
100 100
100 200
100 60
100 338
100 70
100 105
100 415
100 570
100 114
100 76
100 46
100 29
100 134
100 47
100 7
100 150
100 20
100 232
100 233
100 423
100 115
100 119
100 183
100 95
100 4
100 265
100 47
100 879
100 0
100 17
100 3
100 193
100 278
100 210
100 100
100 265
100 27
100 45
100 31
100 72
100 110
100 96
100 90
100 252
100 314
100 344
100 501
100 460
100 395
100 120
100 851
100 203
100 180
100 269
100 76
100 653
100 5
100 55
100 1
100 75
100 464
100 333
100 48
100 483
100 302
100 284
100 5
100 67
100 21
100 450
100 844
100 105
100 23
100 240
100 690
100 96
100 48
100 208
100 117
100 142
100 13
100 73
100 217
100 298
100 573
100 225
100 386
100 523
100 104
100 269
100 80
100 30
100 946
100 110
100 128
100 121
100 346
100 421
100 34
100 71
100 175
100 144
100 333
100 165
100 303
100 215
100 25
100 71
100 66
100 36
100 513
100 158
100 228
100 36
100 202
100 323
100 39
100 21
100 84
100 78
100 38
100 237
100 272
100 473
100 55
100 391
100 79
100 154
100 381
100 158
100 35
100 533
100 67
100 38
100 74
100 83
100 362
100 69
100 75
100 69
100 62
100 26
100 12
100 539
100 32
100 1
100 57
100 102
100 14
100 41
100 86
100 118
100 61
100 181
100 473
100 301
100 185
100 47
100 197
100 172
100 84
100 7
100 324
100 161
100 25
100 327
100 50
100 92
100 6
100 117
100 0
100 615
100 133
100 175
100 142
100 326
100 102
100 304
100 435
100 394
100 12
100 110
100 1501
100 113
100 312
100 36
100 271
100 388
100 160
100 136
100 112
100 62
100 142
100 135
100 447
100 364
100 82
100 60
100 136
100 790
100 1332
100 80
100 117
100 115
100 30
100 127
100 165
100 21
100 24
100 104
100 372
100 169
100 16
100 330
100 39
100 309
100 22
100 41
100 125
100 27
100 10
100 96
100 145
100 46
100 95
100 288
100 28
100 142
100 134
100 68
100 72
100 26
100 223
100 249
100 131
100 878
100 24
100 566
100 207
100 858
100 97
100 251
100 79
100 261
100 20
100 168
100 7
100 153
100 66
100 97
100 187
100 35
100 58
100 108
100 28
100 88
100 63
100 189
100 580
100 1253
100 146
100 242
100 85
100 93
100 202
100 15
100 229
100 138
100 103
100 36
100 14
100 476
100 21
100 358
100 15
100 244
100 12
100 82
100 191
100 1
100 181
100 52
100 163
100 178
100 204
100 204
100 53
100 118
100 13
100 18
100 94
100 662
100 216
100 54
100 411
100 86
100 123
100 235
100 55
100 319
100 31
100 324
100 203
100 116
100 161
100 131
100 29
100 101
100 93
100 213
100 107
100 89
100 187
100 95
100 47
100 85
100 171
100 160
100 61
100 688
100 224
100 90
100 98
100 2
100 2
100 16
100 7
100 14
100 150
100 55
100 36
100 36
100 206
100 118
100 403
100 93
100 85
100 301
100 69
100 663
100 131
100 78
100 251
100 318
100 18
100 67
100 232
100 144
100 26
100 29
100 76
100 46
100 133
100 222
100 170
100 157
100 42
100 67
100 389
100 96
100 248
100 38
100 27
100 88
100 124
100 668
100 15
100 96
100 420
100 250
100 5
100 172
100 368
100 87
100 1131
100 16
100 213
100 57
100 175
100 2
100 44
100 167
100 131
100 351
100 154
100 570
100 153
100 25
100 47
100 1595
100 166
100 661
100 217
100 10
100 170
100 145
100 63
100 53
100 81
100 264
100 118
100 13
100 23
100 279
100 43
100 104
100 251
100 224
100 186
100 658
100 195
100 213
100 231
100 5
100 138
100 460
100 330
100 205
100 44
100 176
100 97
100 181
100 75
100 32
100 393
100 206
100 201
100 159
100 39
100 230
100 172
100 138
100 239
100 9
100 87
100 21
100 989
100 14
100 78
100 17
100 38
100 74
100 202
100 94
100 212
100 784
100 28
100 108
100 45
100 281
100 779
100 434
100 17
100 191
100 318
100 175
100 205
100 294
100 209
100 237
100 17
100 279
100 15
100 78
100 213
100 1185
100 32
100 1015
100 371
100 44
100 480
100 78
100 142
100 188
100 0
100 154
100 7
100 8
100 26
100 66
100 65
100 168
100 136
100 62
100 330
100 93
100 28
100 170
100 62
100 32
100 215
100 60
100 35
100 176
100 20
100 37
100 92
100 911
100 305
100 274
100 259
100 435
100 160
100 131
100 69
100 201
100 11
100 55
100 312
100 38
100 81
100 86
100 68
100 62
100 378
100 34
100 59
100 199
100 762
100 110
100 51
100 105
100 100
100 217
100 109
100 360
100 252
100 330
100 125
100 49
100 280
100 27
100 488
100 135
100 163
100 93
100 8
100 89
100 9
100 682
100 105
100 15
100 336
100 18
100 231
100 303
100 12
100 1
100 70
100 2
100 237
100 49
100 182
100 178
100 4
100 63
100 13
100 54
100 249
100 231
100 265
100 75
100 446
100 521
100 180
100 239
100 45
100 122
100 49
100 14
100 395
100 290
100 49
100 58
100 11
100 24
100 312
100 2
100 159
100 447
100 95
100 129
100 34
100 13
100 483
100 246
100 191
100 86
100 12
100 46
100 580
100 70
100 75
100 153
100 122
100 491
100 370
100 22
100 76
100 0
100 18
100 23
100 133
100 4
100 15
100 176
100 947
100 131
100 580
100 148
100 306
100 163
100 351
100 104
100 937
100 116
100 513
100 353
100 132
100 689
100 86
100 339
100 211
100 558
100 319
100 393
100 323
100 209
100 63
100 472
100 466
100 229
100 235
100 33
100 237
100 40
100 73
100 152
100 230
100 89
100 180
100 78
100 44
100 14
100 33
100 51
100 104
100 544
100 436
100 131
100 243
100 23
100 62
100 293
100 371
100 383
100 824
100 575
100 363
100 312
100 335
100 592
100 189
100 53
100 135
100 150
100 465
100 143
100 267
100 416
100 90
100 117
100 104
100 103
100 192
100 424
100 435
100 44
100 257
100 287
100 238
100 686
100 137
100 152
100 175
100 12
100 14
100 41
100 224
100 197
100 123
100 140
100 106
100 151
100 97
100 28
100 200
100 125
100 60
100 78
100 658
100 229
100 123
100 103
100 638
100 15
100 38
100 110
100 212
100 441
100 460
100 44
100 218
100 15
100 953
100 82
100 62
100 28
100 116
100 214
100 89
100 53
100 200
100 0
100 6
100 59
100 132
100 76
100 306
100 134
100 11
100 34
100 103
100 155
100 326
100 77
100 356
100 202
100 468
100 163
100 271
100 32
100 0
100 68
100 122
100 254
100 252
100 64
100 502
100 74
100 82
100 158
100 762
100 38
100 73
100 292
100 309
100 71
100 96
100 64
100 135
100 151
100 166
100 55
100 102
100 147
100 30
100 386
100 55
100 1
100 329
100 378
100 59
100 77
100 349
100 30
100 147
100 39
100 164
100 302
100 100
100 247
100 5
100 53
100 58
100 255
100 3
100 93
100 98
100 171
100 134
100 377
100 410
100 81
100 139
100 60
100 135
100 356
100 23
100 27
100 418
100 186
100 231
100 80
100 212
100 348
100 134
100 383
100 49
100 419
100 56
100 168
100 242
100 46
100 342
100 323
100 459
100 73
100 127
100 355
100 260
100 11
100 25
100 110
100 190
100 26
100 58
100 202
100 112
100 199
100 137
100 183
100 1429
100 255
100 85
100 8
100 101
100 246
100 11
100 20
100 45
100 439
100 229
100 14
100 104
100 108
100 164
100 54
100 41
100 221
100 630
100 208
100 204
100 218
100 333
100 6
100 9
100 1084
100 60
100 575
100 431
100 51
100 90
100 27
100 282
100 222
100 44
100 90
100 242
100 51
100 75
100 1
100 258
100 763
100 316
100 203
100 165
100 129
100 168
100 50
100 478
100 643
100 93
100 445
100 63
100 24
100 251
100 302
100 142
100 24
100 281
100 64
100 126
100 271
100 18
100 132
100 104
100 149
100 37
100 262
100 7
100 326
100 877
100 243
100 128
100 55
100 331
100 222
100 241
100 154
100 280
100 6
100 118
100 80
100 82
100 383
100 254
100 134
100 39
100 424
100 93
100 188
100 515
100 43
100 328
100 892
100 45
100 473
100 151
100 72
100 27
100 0
100 247
100 23
100 53
100 25
100 161
100 220
100 444
100 49
100 11
100 60
100 468
100 378
100 174
100 510
100 167
100 198
100 61
100 115
100 50
100 327
100 55
100 371
100 324
100 29
100 112
100 980
100 134
100 90
100 72
100 93
100 146
100 194
100 47
100 463
100 303
100 64
100 497
100 137
100 18
100 94
100 107
100 71
100 92
100 301
100 2
100 825
100 536
100 249
100 47
100 53
100 223
100 285
100 128
100 323
100 31
100 52
100 278
100 92
100 64
100 68
100 314
100 85
100 332
100 93
100 249
100 125
100 1116
100 97
100 319
100 161
100 11
100 193
100 17
100 3
100 45
100 56
100 157
100 178
100 165
100 162
100 261
100 78
100 115
100 22
100 86
100 115
100 395
100 135
100 60
100 5
100 111
100 1
100 46
100 104
100 240
100 797
100 56
100 102
100 78
100 88
100 177
100 147
100 5
100 81
100 89
100 365
100 34
100 105
100 237
100 32
100 147
100 107
100 748
100 652
100 360
100 480
100 38
100 108
100 402
100 229
100 4
100 33
100 19
100 448
100 123
100 157
100 27
100 173
100 157
100 496
100 52
100 43
100 115
100 12
100 170
100 41
100 86
100 647
100 145
100 88
100 387
100 31
100 58
100 72
100 172
100 122
100 195
100 73
100 116
100 501
100 160
100 440
100 143
100 31
100 130
100 157
100 528
100 104
100 158
100 21
100 121
100 320
100 164
100 496
100 29
100 107
100 318
100 1065
100 76
100 82
100 53
100 28
100 338
100 272
100 249
100 306
100 105
100 133
100 196
100 7
100 91
100 1
100 284
100 71
100 558
100 396
100 102
100 32
100 268
100 37
100 241
100 58
100 28
100 74
100 10
100 181
100 159
100 211
100 221
100 60
100 240
100 268
100 315
100 694
100 51
100 217
100 36
100 46
100 143
100 40
100 343
100 302
100 79
100 68
100 43
100 19
100 222
100 292
100 156
100 279
100 77
100 121
100 263
100 39
100 162
100 211
100 4
100 76
100 48
100 1
100 22
100 158
100 56
100 169
100 126
100 22
100 61
100 134
100 46
100 98
100 22
100 58
100 505
100 143
100 310
100 17
100 138
100 295
100 134
100 297
100 151
100 149
100 124
100 116
100 844
100 59
100 90
100 256
100 76
100 41
100 904
100 239
100 281
100 245
100 169
100 52
100 644
100 1
100 48
100 11
100 8
100 16
100 74
100 7
100 113
100 26
100 136
100 63
100 21
100 388
100 15
100 183
100 9
100 477
100 208
100 835
100 132
100 106
100 137
100 257
100 18
100 98
100 32
100 110
100 132
100 544
100 12
100 136
100 30
100 153
100 120
100 161
100 80
100 45
100 194
100 547
100 40
100 107
100 170
100 164
100 269
100 378
100 94
100 324
100 160
100 91
100 447
100 510
100 29
100 36
100 103
100 32
100 88
100 159
100 198
100 169
100 8
100 132
100 74
100 309
100 400
100 708
100 89
100 495
100 102
100 43
100 303
100 357
100 673
100 346
100 183
100 70
100 596
100 97
100 192
100 683
100 3
100 126
100 377
100 118
100 49
100 28
100 155
100 37
100 118
100 465
100 316
100 291
100 214
100 17
100 8
100 60
100 9
100 81
100 19
100 157
100 0
100 13
100 251
100 5
100 34
100 1015
100 274
100 95
100 68
100 20
100 266
100 73
100 79
100 67
100 266
100 20
100 21
100 193
100 134
100 54
100 224
100 2
100 484
100 140
100 28
100 60
100 345
100 89
100 18
100 350
100 3
100 318
100 228
100 79
100 89
100 522
100 196
100 115
100 41
100 60
100 144
100 43
100 203
100 310
100 105
100 386
100 61
100 169
100 123
100 37
100 260
100 6
100 44
100 86
100 1
100 21
100 75
100 20
100 255
100 17
100 20
100 298
100 456
100 54
100 108
100 190
100 246
100 82
100 544
100 168
100 81
100 414
100 35
100 221
100 20
100 140
100 368
100 268
100 17
100 163
100 832
100 114
100 89
100 5
100 21
100 76
100 330
100 268
100 355
100 61
100 53
100 317
100 407
100 204
100 159
100 361
100 267
100 263
100 9
100 137
100 56
100 299
100 288
100 154
100 733
100 85
100 21
100 399
100 927
100 387
100 446
100 411
100 54
100 61
100 9
100 362
100 24
100 573
100 109
100 50
100 172
100 231
100 95
100 411
100 2
100 4
100 58
100 386
100 180
100 4
100 1706
100 96
100 105
100 71
100 8
100 2
100 23
100 203
100 584
100 622
100 269
100 32
100 40
100 23
100 338
100 129
100 75
100 82
100 152
100 230
100 328
100 266
100 144
100 6
100 104
100 286
100 594
100 210
100 24
100 32
100 43
100 105
100 458
100 403
100 273
100 107
100 43
100 285
100 0
100 147
100 378
100 482
100 23
100 103
100 79
100 65
100 27
100 523
100 86
100 85
100 331
100 123
100 26
100 7
100 284
100 12
100 46
100 193
100 63
100 93
100 102
100 28
100 254
100 138
100 22
100 70
100 845
100 472
100 107
100 173
100 117
100 277
100 1145
100 108
100 59
100 36
100 50
100 28
100 32
100 54
100 151
100 325
100 101
100 31
100 74
100 13
100 147
100 289
100 46
100 124
100 479
100 28
100 129
100 196
100 39
100 21
100 0
100 51
100 10
100 267
100 246
100 27
100 168
100 20
100 16
100 545
100 40
100 120
100 203
100 101
100 124
100 78
100 390
100 213
100 186
100 649
100 51
100 86
100 836
100 90
100 278
100 238
100 157
100 9
100 34
100 65
100 316
100 16
100 398
100 132
100 168
100 447
100 26
100 96
100 24
100 338
100 50
100 203
100 143
100 54
100 136
100 192
100 584
100 47
100 121
100 85
100 163
100 313
100 5
100 158
100 49
100 319
100 99
100 125
100 48
100 119
100 569
100 52
100 40
100 10
100 258
100 0
100 154
100 247
100 150
100 569
100 55
100 16
100 303
100 29
100 286
100 181
100 121
100 42
100 44
100 240
100 212
100 531
100 63
100 236
100 521
100 61
100 123
100 155
100 275
100 9
100 682
100 46
100 203
100 584
100 161
100 98
100 99
100 95
100 77
100 223
100 310
100 598
100 0
100 303
100 48
100 77
100 127
100 31
100 446
100 503
100 289
100 120
100 577
100 192
100 65
100 163
100 75
100 240
100 7
100 134
100 141
100 259
100 62
100 72
100 96
100 62
100 170
100 319
100 43
100 4
100 13
100 173
100 429
100 31
100 293
100 161
100 233
100 59
100 113
100 901
100 71
100 64
100 323
100 98
100 16
100 411
100 141
100 55
100 39
100 165
100 142
100 265
100 410
100 8
100 459
100 377
100 116
100 24
100 9
100 195
100 22
100 46
100 93
100 267
100 185
100 116
100 6
100 264
100 187
100 45
100 313
100 397
100 35
100 142
100 439
100 68
100 38
100 421
100 108
100 364
100 76
100 763
100 59
100 8
100 55
100 104
100 110
100 85
100 232
100 116
100 113
100 2
100 216
100 41
100 79
100 229
100 4
100 634
100 206
100 75
100 4
100 357
100 601
100 251
100 170
100 7
100 46
100 26
100 103
100 58
100 76
100 97
100 186
100 230
100 254
100 9
100 117
100 7
100 99
100 231
100 263
100 7
100 147
100 144
100 387
100 602
100 268
100 131
100 12
100 92
100 225
100 223
100 729
100 109
100 2
100 125
100 21
100 128
100 10
100 1473
100 150
100 175
100 87
100 145
100 472
100 137
100 38
100 2
100 174
100 35
100 213
100 123
100 387
100 354
100 453
100 194
100 57
100 27
100 172
100 415
100 61
100 32
100 15
100 210
100 246
100 147
100 37
100 194
100 327
100 98
100 260
100 40
100 131
100 881
100 195
100 102
100 458
100 110
100 117
100 58
100 99
100 66
100 76
100 862
100 78
100 2
100 205
100 46
100 615
100 70
100 516
100 87
100 261
100 30
100 41
100 56
100 115
100 60
100 513
100 23
100 363
100 205
100 302
100 107
100 105
100 773
100 180
100 379
100 404
100 60
100 212
100 9
100 138
100 5
100 659
100 100
100 441
100 150
100 27
100 492
100 43
100 91
100 293
100 265
100 287
100 111
100 81
100 44
100 382
100 117
100 149
100 322
100 126
100 0
100 123
100 61
100 64
100 79
100 13
100 49
100 18
100 52
100 32
100 33
100 78
100 29
100 175
100 99
100 28
100 674
100 95
100 378
100 62
100 177
100 149
100 568
100 49
100 89
100 69
100 21
100 701
100 45
100 94
100 5
100 491
100 106
100 159
100 173
100 296
100 271
100 53
100 292
100 663
100 41
100 33
100 117
100 93
100 51
100 2
100 32
100 10
100 315
100 409
100 166
100 15
100 23
100 1
100 60
100 37
100 207
100 40
100 104
100 254
100 91
100 168
100 56
100 141
100 141
100 192
100 273
100 234
100 330
100 238
100 330
100 14
100 354
100 35
100 114
100 60
100 28
100 123
100 600
100 360
100 205
100 33
100 150
100 147
100 161
100 137
100 21
100 61
100 22
100 205
100 275
100 27
100 17
100 176
100 83
100 52
100 185
100 113
100 71
100 106
100 95
100 159
100 418
100 588
100 150
100 123
100 341
100 646
100 563
100 154
100 365
100 511
100 145
100 284
100 214
100 48
100 79
100 36
100 649
100 78
100 56
100 98
100 325
100 41
100 50
100 880
100 76
100 31
100 633
100 263
100 233
100 44
100 41
100 110
100 257
100 316
100 143
100 188
100 285
100 210
100 60
100 235
100 125
100 244
100 14
100 248
100 92
100 1
100 237
100 55
100 6
100 134
100 41
100 51
100 401
100 51
100 85
100 148
100 45
100 11
100 38
100 118
100 93
100 124
100 233
100 420
100 50
100 37
100 95
100 82
100 537
100 84
100 198
100 25
100 183
100 2
100 57
100 515
100 27
100 172
100 5
100 34
100 133
100 768
100 102
100 7
100 195
100 24
100 184
100 83
100 4
100 498
100 491
100 122
100 246
100 39
100 190
100 175
100 23
100 273
100 224
100 159
100 98
100 233
100 27
100 84
100 71
100 231
100 734
100 199
100 55
100 75
100 33
100 687
100 220
100 358
100 29
100 115
100 77
100 334
100 58
100 373
100 37
100 151
100 38
100 103
100 88
100 112
100 17
100 669
100 184
100 75
100 122
100 866
100 402
100 385
100 240
100 139
100 138
100 174
100 648
100 172
100 55
100 14
100 321
100 276
100 282
100 42
100 65
100 7
100 215
100 273
100 44
100 122
100 20
100 62
100 500
100 209
100 474
100 152
100 277
100 72
100 15
100 172
100 222
100 442
100 832
100 647
100 113
100 43
100 60
100 35
100 296
100 269
100 875
100 180
100 52
100 118
100 21
100 100
100 245
100 26
100 96
100 40
100 7
100 322
100 224
100 111
100 94
100 277
100 508
100 450
100 6
100 144
100 58
100 163
100 288
100 34
100 23
100 11
100 8
100 468
100 28
100 7
100 79
100 315
100 349
100 195
100 777
100 203
100 221
100 99
100 72
100 14
100 426
100 41
100 54
100 34
100 32
100 1151
100 55
100 31
100 143
100 552
100 128
100 159
100 26
100 374
100 195
100 207
100 83
100 921
100 365
100 278
100 48
100 46
100 100
100 128
100 13
100 164
100 21
100 125
100 42
100 161
100 299
100 7
100 50
100 170
100 44
100 660
100 161
100 47
100 666
100 293
100 230
100 549
100 159
100 317
100 298
100 1
100 38
100 344
100 501
100 267
100 39
100 280
100 33
100 49
100 0
100 326
100 174
100 193
100 7
100 32
100 83
100 9
100 95
100 133
100 157
100 157
100 448
100 158
100 480
100 46
100 363
100 468
100 131
100 515
100 193
100 482
100 496
100 30
100 245
100 134
100 108
100 415
100 412
100 20
100 29
100 207
100 269
100 604
100 336
100 23
100 418
100 165
100 275
100 261
100 655
100 8
100 95
100 319
100 107
100 229
100 792
100 561
100 185
100 59
100 311
100 25
100 118
100 245
100 419
100 119
100 2
100 95
100 171
100 570
100 3
100 232
100 66
100 90
100 273
100 439
100 17
100 395
100 219
100 193
100 42
100 298
100 79
100 57
100 4
100 170
100 42
100 206
100 47
100 62
100 38
100 519
100 744
100 242
100 250
100 89
100 310
100 15
100 48
100 728
100 246
100 204
100 98
100 86
100 107
100 17
100 94
100 89
100 19
100 333
100 35
100 33
100 322
100 147
100 259
100 21
100 569
100 8
100 447
100 467
100 3
100 9
100 39
100 158
100 86
100 34
100 33
100 117
100 86
100 175
100 158
100 98
100 191
100 166
100 198
100 178
100 31
100 737
100 62
100 66
100 113
100 6
100 234
100 172
100 38
100 171
100 172
100 1
100 479
100 259
100 488
100 47
100 251
100 800
100 28
100 161
100 118
100 168
100 88
100 35
100 580
100 6
100 168
100 30
100 403
100 462
100 58
100 63
100 379
100 213
100 54
100 753
100 208
100 6
100 81
100 60
100 57
100 103
100 146
100 83
100 149
100 416
100 82
100 336
100 117
100 495
100 240
100 62
100 384
100 82
100 185
100 34
100 169
100 184
100 6
100 86
100 341
100 275
100 199
100 234
100 668
100 89
100 56
100 179
100 234
100 56
100 300
100 241
100 251
100 96
100 291
100 21
100 13
100 133
100 186
100 205
100 549
100 141
100 40
100 21
100 1
100 444
100 17
100 179
100 84
100 211
100 76
100 310
100 118
100 232
100 113
100 16
100 115
100 40
100 193
100 48
100 149
100 104
100 289
100 125
100 258
100 99
100 61
100 114
100 228
100 414
100 324
100 82
100 76
100 351
100 103
100 275
100 35
100 94
100 272
100 80
100 90
100 51
100 97
100 60
100 200
100 97
100 201
100 14
100 13
100 32
100 214
100 36
100 311
100 443
100 246
100 24
100 742
100 296
100 47
100 11
100 167
100 8
100 20
100 65
100 138
100 212
100 136
100 14
100 23
100 154
100 157
100 112
100 370
100 132
100 651
100 115
100 157
100 35
100 3
100 36
100 400
100 304
100 574
100 130
100 177
100 294
100 103
100 141
100 338
100 129
100 331
100 574
100 210
100 270
100 55
100 256
100 90
100 299
100 239
100 305
100 519
100 9
100 4
100 40
100 177
100 16
100 436
100 412
100 5
100 101
100 329
100 125
100 37
100 23
100 2
100 116
100 778
100 501
100 4
100 539
100 426
100 111
100 22
100 27
100 544
100 75
100 280
100 43
100 171
100 22
100 8
100 732
100 368
100 3
100 503
100 215
100 379
100 476
100 163
100 91
100 190
100 185
100 152
100 2
100 354
100 301
100 366
100 382
100 23
100 87
100 33
100 328
100 60
100 100
100 99
100 69
100 37
100 40
100 423
100 59
100 210
100 14
100 67
100 675
100 699
100 162
100 142
100 201
100 24
100 180
100 226
100 22
100 399
100 297
100 57
100 285
100 337
100 351
100 207
100 56
100 228
100 59
100 77
100 26
100 415
100 198
100 41
100 524
100 251
100 263
100 648
100 48
100 2
100 569
100 62
100 228
100 237
100 80
100 166
100 1010
100 170
100 21
100 155
100 247
100 154
100 239
100 651
100 160
100 400
100 143
100 149
100 249
100 86
100 101
100 357
100 151
100 551
100 332
100 217
100 213
100 168
100 69
100 88
100 202
100 153
100 121
100 760
100 705
100 304
100 761
100 80
100 125
100 158
100 76
100 385
100 2
100 380
100 104
100 225
100 20
100 127
100 34
100 85
100 13
100 110
100 510
100 127
100 910
100 120
100 76
100 54
100 3
100 114
100 48
100 8
100 379
100 561
100 113
100 336
100 156
100 61
100 118
100 12
100 103
100 64
100 52
100 164
100 262
100 391
100 68
100 5
100 13
100 113
100 101
100 118
100 390
100 17
100 192
100 245
100 5
100 124
100 185
100 135
100 98
100 102
100 189
100 70
100 652
100 162
100 12
100 172
100 69
100 13
100 260
100 69
100 15
100 63
100 145
100 119
100 170
100 115
100 21
100 133
100 46
100 103
100 174
100 26
100 50
100 58
100 492
100 112
100 19
100 93
100 445
100 305
100 180
100 10
100 102
100 184
100 16
100 356
100 198
100 286
100 25
100 244
100 631
100 24
100 69
100 54
100 194
100 80
100 606
100 283
100 29
100 163
100 26
100 60
100 38
100 276
100 169
100 17
100 240
100 388
100 2
100 309
100 750
100 3
100 56
100 13
100 38
100 69
100 146
100 81
100 160
100 21
100 57
100 10
100 560
100 76
100 140
100 7
100 76
100 207
100 89
100 63
100 201
100 430
100 106
100 135
100 81
100 159
100 16
100 214
100 220
100 154
100 302
100 691
100 139
100 69
100 18
100 137
100 33
100 145
100 75
100 137
100 46
100 34
100 142
100 46
100 764
100 367
100 117
100 0
100 17
100 343
100 51
100 157
100 508
100 114
100 34
100 193
100 44
100 19
100 115
100 132
100 254
100 182
100 78
100 48
100 4
100 189
100 136
100 341
100 25
100 315
100 27
100 0
100 595
100 210
100 142
100 201
100 409
100 73
100 119
100 321
100 385
100 4
100 114
100 393
100 232
100 593
100 32
100 143
100 508
100 16
100 386
100 253
100 201
100 222
100 1
100 81
100 408
100 75
100 570
100 42
100 148
100 388
100 348
100 375
100 620
100 121
100 14
100 0
100 21
100 26
100 277
100 388
100 160
100 360
100 200
100 62
100 194
100 203
100 20
100 39
100 45
100 119
100 22
100 110
100 10
100 84
100 134
100 146
100 15
100 14
100 330
100 342
100 107
100 70
100 1
100 23
100 57
100 713
100 162
100 173
100 188
100 399
100 245
100 44
100 72
100 20
100 107
100 231
100 21
100 227
100 378
100 368
100 12
100 92
100 38
100 274
100 445
100 68
100 230
100 106
100 4
100 118
100 133
100 344
100 153
100 501
100 79
100 7
100 285
100 420
100 340
100 265
100 127
100 213
100 194
100 229
100 5
100 109
100 132
100 17
100 456
100 81
100 93
100 143
100 419
100 279
100 90
100 27
100 156
100 159
100 88
100 62
100 138
100 641
100 228
100 212
100 245
100 45
100 6
100 511
100 26
100 146
100 81
100 875
100 88
100 1236
100 192
100 171
100 509
100 7
100 39
100 183
100 342
100 114
100 158
100 5
100 658
100 102
100 290
100 286
100 22
100 249
100 224
100 23
100 208
100 137
100 127
100 15
100 4
100 260
100 804
100 152
100 105
100 205
100 664
100 43
100 352
100 31
100 171
100 52
100 24
100 26
100 168
100 162
100 158
100 9
100 4
100 135
100 84
100 10
100 81
100 306
100 275
100 27
100 209
100 52
100 42
100 307
100 311
100 253
100 377
100 79
100 258
100 157
100 119
100 342
100 84
100 747
100 159
100 159
100 3
100 226
100 127
100 205
100 75
100 701
100 689
100 90
100 69
100 101
100 179
100 161
100 299
100 299
100 595
100 481
100 373
100 108
100 54
100 150
100 243
100 84
100 402
100 802
100 166
100 52
100 206
100 14
100 47
100 172
100 294
100 114
100 96
100 38
100 6
100 96
100 496
100 336
100 85
100 63
100 13
100 33
100 720
100 56
100 7
100 32
100 111
100 76
100 130
100 52
100 28
100 506
100 100
100 89
100 85
100 646
100 396
100 278
100 119
100 128
100 42
100 239
100 236
100 41
100 294
100 114
100 154
100 96
100 54
100 502
100 149
100 15
100 81
100 80
100 481
100 11
100 206
100 144
100 551
100 281
100 280
100 87
100 244
100 168
100 154
100 32
100 27
100 49
100 538
100 462
100 107
100 340
100 94
100 389
100 247
100 432
100 29
100 339
100 136
100 31
100 0
100 447
100 26
100 136
100 13
100 1
100 5
100 56
100 339
100 71
100 139
100 264
100 136
100 71
100 200
100 107
100 20
100 186
100 284
100 524
100 42
100 7
100 815
100 111
100 363
100 201
100 82
100 410
100 84
100 199
100 373
100 21
100 112
100 139
100 67
100 163
100 1040
100 460
100 26
100 208
100 26
100 46
100 428
100 103
100 37
100 630
100 51
100 361
100 238
100 8
100 69
100 220
100 415
100 827
100 208
100 8
100 64
100 47
100 54
100 437
100 9
100 140
100 133
100 54
100 167
100 317
100 85
100 15
100 212
100 530
100 38
100 76
100 298
100 184
100 591
100 494
100 105
100 207
100 99
100 380
100 28
100 233
100 65
100 308
100 125
100 177
100 67
100 121
100 116
100 627
100 30
100 534
100 319
100 302
100 332
100 72
100 156
100 354
100 398
100 73
100 24
100 287
100 548
100 126
100 167
100 19
100 153
100 141
100 325
100 81
100 151
100 120
100 37
100 253
100 258
100 2
100 431
100 304
100 10
100 116
100 14
100 344
100 2
100 189
100 107
100 133
100 133
100 205
100 121
100 78
100 581
100 47
100 81
100 2
100 297
100 215
100 82
100 57
100 12
100 38
100 4
100 725
100 60
100 186
100 54
100 245
100 175
100 127
100 57
100 557
100 70
100 42
100 600
100 124
100 704
100 207
100 122
100 71
100 105
100 26
100 27
100 48
100 14
100 57
100 114
100 22
100 184
100 252
100 416
100 12
100 88
100 144
100 322
100 42
100 51
100 136
100 310
100 392
100 45
100 146
100 924
100 187
100 766
100 31
100 464
100 126
100 466
100 333
100 137
100 54
100 629
100 558
100 241
100 220
100 34
100 830
100 379
100 475
100 9
100 87
100 200
100 17
100 351
100 136
100 156
100 167
100 467
100 64
100 144
100 46
100 414
100 128
100 540
100 35
100 263
100 65
100 234
100 923
100 74
100 166
100 15
100 63
100 430
100 338
100 155
100 475
100 47
100 210
100 18
100 462
100 373
100 34
100 569
100 330
100 12
100 562
100 257
100 157
100 74
100 34
100 62
100 341
100 119
100 227
100 65
100 16
100 297
100 72
100 55
100 89
100 4
100 212
100 87
100 34
100 126
100 20
100 228
100 128
100 295
100 276
100 177
100 20
100 407
100 135
100 171
100 33
100 110
100 301
100 216
100 236
100 197
100 382
100 17
100 87
100 220
100 186
100 360
100 230
100 365
100 389
100 145
100 40
100 26
100 8
100 302
100 582
100 163
100 610
100 276
100 295
100 31
100 26
100 213
100 124
100 19
100 237
100 8
100 276
100 411
100 16
100 170
100 296
100 228
100 43
100 64
100 85
100 103
100 769
100 43
100 111
100 51
100 7
100 81
100 198
100 49
100 86
100 214
100 163
100 148
100 39
100 45
100 87
100 112
100 535
100 80
100 741
100 15
100 342
100 562
100 1016
100 1679
100 88
100 47
100 161
100 365
100 206
100 221
100 221
100 286
100 314
100 67
100 30
100 129
100 52
100 92
100 122
100 103
100 273
100 117
100 81
100 169
100 155
100 74
100 178
100 89
100 145
100 144
100 67
100 93
100 9
100 526
100 27
100 388
100 241
100 112
100 104
100 185
100 35
100 368
100 33
100 219
100 67
100 266
100 312
100 50
100 148
100 48
100 217
100 156
100 15
100 491
100 323
100 66
100 233
100 28
100 265
100 195
100 48
100 137
100 82
100 372
100 112
100 253
100 560
100 119
100 76
100 131
100 65
100 727
100 90
100 13
100 45
100 11
100 100
100 72
100 162
100 190
100 396
100 66
100 208
100 276
100 55
100 47
100 78
100 63
100 2
100 256
100 42
100 579
100 136
100 60
100 86
100 97
100 179
100 199
100 537
100 197
100 137
100 868
100 78
100 82
100 189
100 29
100 235
100 169
100 260
100 71
100 195
100 39
100 415
100 137
100 492
100 84
100 571
100 27
100 229
100 49
100 505
100 194
100 452
100 12
100 37
100 58
100 632
100 267
100 107
100 478
100 70
100 73
100 0
100 363
100 197
100 100
100 361
100 288
100 76
100 3
100 68
100 607
100 56
100 306
100 192
100 18
100 52
100 20
100 151
100 103
100 272
100 726
100 287
100 404
100 557
100 336
100 100
100 26
100 578
100 129
100 6
100 289
100 336
100 454
100 283
100 15
100 31
100 103
100 438
100 34
100 42
100 77
100 111
100 52
100 575
100 276
100 21
100 382
100 322
100 178
100 208
100 226
100 100
100 535
100 294
100 475
100 25
100 232
100 184
100 204
100 437
100 12
100 11
100 131
100 398
100 177
100 27
100 445
100 488
100 15
100 337
100 222
100 314
100 195
100 203
100 74
100 185
100 14
100 30
100 6
100 490
100 157
100 52
100 190
100 192
100 9
100 233
100 192
100 77
100 247
100 179
100 49
100 185
100 303
100 165
100 154
100 67
100 201
100 525
100 429
100 442
100 83
100 9
100 202
100 219
100 147
100 90
100 540
100 168
100 217
100 84
100 291
100 423
100 179
100 106
100 49
100 637
100 29
100 228
100 22
100 97
100 510
100 310
100 37
100 157
100 180
100 51
100 483
100 101
100 133
100 68
100 223
100 32
100 179
100 426
100 168
100 124
100 913
100 60
100 73
100 328
100 390
100 25
100 87
100 15
100 190
100 120
100 79
100 92
100 23
100 31
100 173
100 10
100 383
100 127
100 94
100 217
100 230
100 237
100 15
100 14
100 281
100 44
100 22
100 121
100 308
100 33
100 293
100 208
100 212
100 455
100 27
100 12
100 2
100 80
100 127
100 248
100 462
100 569
100 411
100 335
100 102
100 391
100 332
100 867
100 24
100 55
100 933
100 25
100 111
100 72
100 73
100 397
100 493
100 470
100 477
100 162
100 17
100 196
100 37
100 42
100 331
100 24
100 332
100 125
100 85
100 219
100 260
100 566
100 34
100 359
100 23
100 10
100 122
100 168
100 192
100 333
100 209
100 96
100 221
100 379
100 404
100 84
100 239
100 262
100 173
100 22
100 117
100 521
100 173
100 6
100 220
100 412
100 20
100 107
100 93
100 2
100 722
100 81
100 169
100 380
100 367
100 17
100 20
100 18
100 119
100 190
100 1236
100 42
100 67
100 267
100 75
100 193
100 18
100 30
100 93
100 123
100 554
100 321
100 180
100 582
100 72
100 139
100 869
100 70
100 189
100 512
100 130
100 97
100 85
100 75
100 25
100 446
100 39
100 145
100 218
100 279
100 11
100 116
100 324
100 13
100 113
100 135
100 672
100 270
100 377
100 318
100 209
100 9
100 81
100 61
100 24
100 23
100 78
100 70
100 517
100 187
100 496
100 138
100 188
100 87
100 10
100 46
100 188
100 157
100 638
100 185
100 279
100 177
100 371
100 395
100 45
100 120
100 280
100 2
100 140
100 8
100 686
100 33
100 237
100 1008
100 138
100 316
100 45
100 596
100 31
100 184
100 181
100 11
100 382
100 1
100 66
100 459
100 530
100 191
100 208
100 11
100 43
100 163
100 208
100 123
100 24
100 150
100 48
100 103
100 298
100 161
100 49
100 281
100 534
100 106
100 382
100 314
100 218
100 84
100 70
100 4
100 124
100 127
100 221
100 25
100 109
100 175
100 121
100 3
100 58
100 219
100 89
100 24
100 226
100 144
100 32
100 27
100 331
100 434
100 212
100 450
100 46
100 197
100 153
100 412
100 308
100 170
100 398
100 355
100 29
100 166
100 49
100 198
100 140
100 45
100 274
100 258
100 186
100 389
100 772
100 36
100 640
100 258
100 279
100 75
100 18
100 48
100 256
100 16
100 336
100 35
100 375
100 1
100 234
100 135
100 109
100 117
100 4
100 20
100 792
100 406
100 72
100 543
100 86
100 173
100 191
100 187
100 142
100 3
100 672
100 135
100 37
100 100
100 7
100 229
100 181
100 596
100 83
100 84
100 575
100 136
100 281
100 18
100 606
100 152
100 172
100 129
100 149
100 73
100 19
100 23
100 220
100 189
100 203
100 99
100 105
100 38
100 343
100 81
100 303
100 444
100 188
100 147
100 888
100 76
100 203
100 176
100 380
100 32
100 178
100 80
100 175
100 74
100 29
100 231
100 63
100 135
100 15
100 79
100 409
100 91
100 319
100 125
100 229
100 446
100 273
100 232
100 132
100 43
100 400
100 165
100 642
100 51
100 134
100 347
100 207
100 61
100 126
100 67
100 70
100 196
100 147
100 180
100 83
100 359
100 253
100 580
100 38
100 10
100 22
100 54
100 162
100 347
100 60
100 64
100 115
100 115
100 98
100 188
100 289
100 74
100 13
100 49
100 10
100 292
100 342
100 455
100 146
100 255
100 420
100 27
100 585
100 13
100 84
100 10
100 197
100 67
100 307
100 144
100 317
100 160
100 329
100 161
100 150
100 27
100 167
100 132
100 200
100 755
100 307
100 0
100 342
100 333
100 65
100 167
100 153
100 308
100 285
100 227
100 26
100 291
100 469
100 73
100 345
100 161
100 114
100 138
100 292
100 19
100 114
100 93
100 126
100 30
100 225
100 51
100 57
100 152
100 421
100 85
100 370
100 5
100 134
100 135
100 37
100 16
100 299
100 39
100 264
100 19
100 387
100 31
100 94
100 319
100 366
100 10
100 90
100 5
100 306
100 24
100 199
100 358
100 45
100 645
100 79
100 601
100 168
100 351
100 156
100 88
100 305
100 187
100 335
100 95
100 329
100 237
100 139
100 5
100 300
100 71
100 86
100 48
100 64
100 277
100 239
100 211
100 59
100 53
100 4
100 291
100 347
100 913
100 353
100 159
100 89
100 233
100 108
100 9
100 147
100 98
100 194
100 103
100 148
100 192
100 532
100 130
100 180
100 195
100 369
100 85
100 10
100 292
100 48
100 139
100 549
100 233
100 80
100 75
100 187
100 774
100 287
100 127
100 308
100 273
100 188
100 146
100 43
100 283
100 439
100 263
100 71
100 1
100 185
100 316
100 91
100 141
100 331
100 453
100 153
100 172
100 703
100 22
100 297
100 235
100 15
100 385
100 319
100 281
100 112
100 197
100 221
100 22
100 16
100 117
100 324
100 260
100 97
100 324
100 169
100 111
100 28
100 265
100 35
100 107
100 20
100 26
100 451
100 2
100 241
100 11
100 4
100 187
100 430
100 12
100 98
100 251
100 50
100 442
100 164
100 26
100 259
100 81
100 1199
100 37
100 993
100 182
100 107
100 14
100 246
100 165
100 68
100 121
100 349
100 98
100 547
100 278
100 17
100 48
100 555
100 57
100 211
100 85
100 491
100 288
100 212
100 176
100 164
100 308
100 121
100 402
100 464
100 67
100 36
100 14
100 351
100 511
100 34
100 214
100 17
100 16
100 837
100 285
100 148
100 81
100 34
100 334
100 16
100 173
100 30
100 1036
100 58
100 165
100 215
100 36
100 124
100 214
100 145
100 394
100 154
100 41
100 36
100 59
100 309
100 146
100 41
100 48
100 181
100 193
100 27
100 345
100 7
100 304
100 3
100 26
100 57
100 46
100 29
100 143
100 10
100 350
100 211
100 184
100 377
100 312
100 210
100 137
100 144
100 292
100 10
100 6
100 334
100 98
100 570
100 176
100 133
100 332
100 366
100 9
100 409
100 377
100 2
100 300
100 15
100 69
100 145
100 1012
100 19
100 272
100 101
100 204
100 235
100 526
100 50
100 61
100 946
100 47
100 61
100 24
100 186
100 74
100 444
100 55
100 64
100 613
100 55
100 37
100 228
100 167
100 44
100 0
100 101
100 506
100 154
100 17
100 240
100 47
100 46
100 71
100 82
100 152
100 245
100 294
100 9
100 299
100 146
100 31
100 283
100 56
100 213
100 14
100 555
100 529
100 167
100 61
100 411
100 180
100 255
100 56
100 110
100 322
100 241
100 10
100 19
100 475
100 25
100 800
100 149
100 11
100 2
100 81
100 58
100 26
100 161
100 43
100 85
100 316
100 291
100 160
100 117
100 279
100 193
100 113
100 134
100 323
100 111
100 299
100 179
100 99
100 3
100 79
100 508
100 38
100 39
100 300
100 144
100 70
100 45
100 121
100 62
100 61
100 47
100 29
100 68
100 7
100 4
100 551
100 99
100 63
100 13
100 83
100 536
100 421
100 116
100 28
100 8
100 21
100 348
100 213
100 64
100 694
100 399
100 168
100 591
100 188
100 73
100 315
100 58
100 751
100 8
100 681
100 85
100 528
100 466
100 146
100 80
100 235
100 59
100 190
100 40
100 76
100 185
100 379
100 323
100 7
100 271
100 284
100 574
100 231
100 274
100 569
100 459
100 271
100 93
100 156
100 841
100 261
100 79
100 368
100 353
100 158
100 165
100 315
100 62
100 46
100 0
100 365
100 207
100 192
100 202
100 400
100 205
100 98
100 443
100 157
100 196
100 172
100 163
100 135
100 37
100 82
100 709
100 180
100 18
100 264
100 62
100 127
100 569
100 514
100 78
100 128
100 95
100 9
100 312
100 244
100 280
100 314
100 38
100 190
100 366
100 175
100 428
100 27
100 545
100 66
100 111
100 146
100 91
100 161
100 49
100 381
100 541
100 243
100 357
100 403
100 93
100 69
100 493
100 88
100 185
100 412
100 81
100 115
100 185
100 334
100 308
100 40
100 286
100 172
100 601
100 338
100 24
100 13
100 150
100 110
100 126
100 82
100 37
100 8
100 14
100 63
100 18
100 227
100 52
100 12
100 150
100 545
100 350
100 68
100 298
100 288
100 123
100 27
100 607
100 174
100 323
100 214
100 63
100 111
100 159
100 236
100 429
100 77
100 48
100 23
100 144
100 52
100 19
100 11
100 282
100 25
100 55
100 65
100 126
100 61
100 52
100 42
100 8
100 682
100 184
100 133
100 798
100 67
100 51
100 7
100 318
100 1
100 148
100 244
100 182
100 377
100 139
100 322
100 79
100 98
100 686
100 239
100 37
100 186
100 209
100 62
100 8
100 157
100 211
100 87
100 21
100 197
100 94
100 0
100 324
100 65
100 87
100 27
100 308
100 47
100 265
100 118
100 173
100 321
100 297
100 211
100 198
100 170
100 330
100 214
100 186
100 635
100 193
100 317
100 37
100 40
100 304
100 210
100 339
100 112
100 312
100 21
100 234
100 129
100 742
100 22
100 285
100 49
100 131
100 478
100 460
100 182
100 748
100 175
100 17
100 40
100 165
100 129
100 16
100 128
100 221
100 18
100 130
100 164
100 29
100 352
100 246
100 122
100 166
100 261
100 7
100 478
100 125
100 253
100 291
100 255
100 65
100 135
100 258
100 336
100 156
100 376
100 84
100 22
100 184
100 104
100 44
100 106
100 196
100 345
100 260
100 9
100 110
100 25
100 7
100 484
100 157
100 201
100 127
100 35
100 586
100 95
100 519
100 60
100 20
100 12
100 112
100 194
100 386
100 245
100 79
100 171
100 276
100 352
100 220
100 296
100 68
100 30
100 244
100 47
100 313
100 38
100 1001
100 133
100 518
100 23
100 286
100 104
100 31
100 27
100 226
100 117
100 290
100 14
100 80
100 290
100 25
100 338
100 201
100 92
100 68
100 31
100 196
100 310
100 612
100 204
100 149
100 37
100 176
100 142
100 285
100 50
100 240
100 58
100 1
100 207
100 463
100 245
100 60
100 1
100 41
100 250
100 197
100 152
100 136
100 119
100 42
100 179
100 284
100 94
100 50
100 50
100 0
100 139
100 161
100 51
100 475
100 362
100 97
100 338
100 50
100 24
100 113
100 197
100 345
100 501
100 540
100 38
100 2
100 864
100 104
100 370
100 51
100 119
100 295
100 271
100 193
100 144
100 90
100 176
100 242
100 252
100 55
100 104
100 55
100 4
100 170
100 146
100 102
100 172
100 129
100 135
100 102
100 190
100 92
100 193
100 277
100 102
100 400
100 137
100 50
100 313
100 222
100 431
100 281
100 40
100 27
100 266
100 169
100 202
100 24
100 249
100 70
100 132
100 260
100 143
100 35
100 314
100 594
100 277
100 30
100 730
100 89
100 184
100 224
100 45
100 20
100 26
100 52
100 136
100 327
100 37
100 8
100 131
100 26
100 363
100 47
100 113
100 96
100 255
100 42
100 52
100 216
100 67
100 317
100 202
100 74
100 354
100 281
100 47
100 78
100 275
100 89
100 2
100 74
100 242
100 385
100 272
100 54
100 82
100 415
100 156
100 58
100 197
100 32
100 95
100 388
100 677
100 226
100 51
100 22
100 418
100 304
100 461
100 90
100 411
100 113
100 519
100 6
100 162
100 101
100 55
100 254
100 483
100 76
100 198
100 146
100 178
100 149
100 40
100 160
100 24
100 47
100 796
100 148
100 198
100 436
100 134
100 420
100 246
100 224
100 298
100 360
100 285
100 107
100 557
100 35
100 264
100 48
100 17
100 164
100 150
100 463
100 677
100 81
100 102
100 126
100 336
100 6
100 70
100 201
100 10
100 13
100 49
100 516
100 115
100 186
100 255
100 68
100 68
100 247
100 150
100 607
100 25
100 221
100 23
100 500
100 223
100 350
100 63
100 204
100 24
100 221
100 72
100 184
100 690
100 324
100 123
100 93
100 167
100 838
100 757
100 111
100 625
100 266
100 21
100 134
100 248
100 25
100 2
100 3
100 143
100 57
100 147
100 94
100 200
100 10
100 423
100 5
100 306
100 202
100 404
100 395
100 792
100 150
100 84
100 11
100 108
100 97
100 117
100 72
100 90
100 161
100 3
100 193
100 165
100 9
100 64
100 109
100 871
100 408
100 71
100 281
100 236
100 120
100 39
100 108
100 461
100 1
100 26
100 580
100 244
100 19
100 5
100 151
100 90
100 306
100 24
100 131
100 50
100 7
100 60
100 390
100 135
100 140
100 12
100 270
100 19
100 4
100 64
100 244
100 88
100 120
100 358
100 167
100 93
100 123
100 117
100 2
100 67
100 76
100 44
100 167
100 212
100 36
100 578
100 229
100 219
100 78
100 78
100 148
100 163
100 285
100 146
100 11
100 57
100 445
100 354
100 538
100 389
100 98
100 308
100 24
100 125
100 19
100 19
100 257
100 83
100 46
100 48
100 111
100 194
100 299
100 16
100 59
100 174
100 66
100 101
100 203
100 168
100 43
100 478
100 316
100 139
100 75
100 12
100 12
100 159
100 448
100 122
100 44
100 265
100 196
100 71
100 234
100 371
100 380
100 498
100 287
100 644
100 10
100 39
100 336
100 18
100 273
100 6
100 318
100 36
100 237
100 73
100 16
100 436
100 138
100 303
100 142
100 103
100 184
100 232
100 2
100 157
100 84
100 68
100 113
100 33
100 202
100 27
100 71
100 107
100 626
100 114
100 27
100 346
100 181
100 656
100 111
100 138
100 1
100 0
100 174
100 0
100 74
100 104
100 121
100 324
100 90
100 153
100 7
100 1
100 78
100 68
100 79
100 1137
100 146
100 12
100 22
100 794
100 388
100 49
100 166
100 219
100 68
100 602
100 121
100 222
100 17
100 163
100 31
100 44
100 229
100 64
100 189
100 253
100 204
100 5
100 43
100 232
100 108
100 16
100 233
100 236
100 271
100 466
100 109
100 219
100 586
100 233
100 133
100 25
100 46
100 83
100 82
100 18
100 395
100 24
100 110
100 205
100 236
100 536
100 166
100 109
100 46
100 6
100 3
100 9
100 100
100 357
100 103
100 87
100 81
100 190
100 162
100 36
100 212
100 126
100 238
100 290
100 69
100 58
100 18
100 97
100 145
100 6
100 232
100 292
100 314
100 44
100 161
100 283
100 567
100 194
100 71
100 48
100 97
100 12
100 48
100 49
100 27
100 138
100 68
100 66
100 737
100 377
100 35
100 317
100 480
100 421
100 57
100 100
100 58
100 184
100 350
100 63
100 329
100 41
100 88
100 56
100 592
100 269
100 83
100 299
100 70
100 62
100 163
100 9
100 70
100 313
100 92
100 47
100 13
100 64
100 39
100 129
100 80
100 301
100 597
100 75
100 330
100 153
100 5
100 80
100 103
100 380
100 87
100 137
100 352
100 116
100 28
100 48
100 470
100 331
100 49
100 184
100 64
100 352
100 108
100 678
100 35
100 62
100 250
100 4
100 81
100 45
100 265
100 96
100 290
100 219
100 101
100 661
100 403
100 98
100 0
100 7
100 159
100 473
100 634
100 551
100 301
100 387
100 192
100 284
100 191
100 265
100 455
100 62
100 74
100 74
100 168
100 64
100 76
100 254
100 369
100 57
100 214
100 49
100 227
100 84
100 4
100 142
100 170
100 82
100 99
100 964
100 562
100 38
100 154
100 190
100 330
100 333
100 27
100 206
100 95
100 146
100 321
100 208
100 216
100 782
100 385
100 178
100 482
100 47
100 5
100 72
100 225
100 293
100 34
100 294
100 15
100 370
100 494
100 95
100 99
100 217
100 102
100 338
100 108
100 230
100 701
100 8
100 24
100 61
100 959
100 477
100 212
100 145
100 104
100 93
100 369
100 168
100 385
100 16
100 375
100 40
100 6
100 190
100 353
100 250
100 444
100 134
100 303
100 389
100 15
100 87
100 261
100 43
100 55
100 21
100 1069
100 707
100 117
100 528
100 703
100 51
100 243
100 143
100 88
100 564
100 176
100 222
100 154
100 238
100 85
100 145
100 88
100 36
100 435
100 12
100 504
100 85
100 121
100 105
100 506
100 374
100 526
100 269
100 170
100 904
100 391
100 164
100 13
100 24
100 240
100 112
100 45
100 427
100 109
100 100
100 138
100 54
100 92
100 862
100 28
100 102
100 176
100 9
100 12
100 24
100 130
100 120
100 60
100 66
100 300
100 308
100 150
100 109
100 610
100 125
100 28
100 63
100 201
100 387
100 39
100 153
100 27
100 181
100 151
100 80
100 292
100 522
100 444
100 121
100 278
100 366
100 437
100 24
100 194
100 6
100 313
100 137
100 617
100 312
100 208
100 152
100 100
100 7
100 549
100 62
100 46
100 652
100 113
100 583
100 277
100 359
100 149
100 599
100 1430
100 24
100 56
100 116
100 257
100 40
100 265
100 162
100 125
100 414
100 91
100 131
100 14
100 122
100 131
100 2
100 13
100 76
100 486
100 65
100 94
100 75
100 530
100 88
100 81
100 106
100 123
100 185
100 20
100 142
100 80
100 284
100 146
100 18
100 11
100 9
100 30
100 442
100 116
100 38
100 296
100 747
100 101
100 745
100 261
100 2
100 39
100 281
100 255
100 284
100 148
100 274
100 74
100 218
100 637
100 192
100 557
100 87
100 636
100 83
100 137
100 305
100 546
100 39
100 14
100 16
100 72
100 48
100 205
100 32
100 12
100 30
100 350
100 367
100 61
100 172
100 145
100 80
100 241
100 137
100 10
100 1
100 191
100 942
100 49
100 81
100 466
100 59
100 153
100 421
100 25
100 103
100 123
100 158
100 93
100 473
100 235
100 167
100 180
100 58
100 396
100 233
100 15
100 97
100 308
100 92
100 15
100 196
100 424
100 39
100 188
100 141
100 413
100 218
100 360
100 32
100 450
100 41
100 299
100 164
100 191
100 107
100 23
100 360
100 269
100 202
100 156
100 260
100 9
100 227
100 359
100 605
100 185
100 30
100 167
100 73
100 236
100 109
100 286
100 284
100 37
100 18
100 309
100 7
100 573
100 232
100 278
100 595
100 68
100 113
100 600
100 9
100 11
100 685
100 52
100 331
100 399
100 94
100 13
100 166
100 200
100 80
100 7
100 55
100 316
100 106
100 318
100 146
100 118
100 92
100 90
100 113
100 103
100 229
100 68
100 114
100 139
100 138
100 414
100 469
100 288
100 309
100 339
100 115
100 7
100 137
100 102
100 62
100 19
100 131
100 112
100 73
100 274
100 180
100 629
100 418
100 106
100 20
100 203
100 87
100 1
100 240
100 184
100 236
100 60
100 0
100 176
100 95
100 289
100 107
100 328
100 78
100 310
100 358
100 214
100 53
100 81
100 1287
100 285
100 4
100 433
100 100
100 357
100 165
100 82
100 58
100 95
100 99
100 79
100 196
100 14
100 220
100 439
100 135
100 58
100 174
100 216
100 439
100 76
100 87
100 17
100 369
100 221
100 206
100 332
100 44
100 32
100 238
100 51
100 227
100 662
100 290
100 43
100 423
100 342
100 82
100 55
100 74
100 112
100 525
100 17
100 181
100 311
100 30
100 201
100 295
100 310
100 3
100 701
100 21
100 547
100 56
100 59
100 275
100 114
100 41
100 184
100 105
100 18
100 217
100 459
100 32
100 219
100 710
100 177
100 578
100 139
100 514
100 158
100 107
100 89
100 440
100 161
100 310
100 232
100 163
100 357
100 74
100 35
100 54
100 90
100 26
100 640
100 83
100 28
100 99
100 252
100 114
100 205
100 301
100 99
100 260
100 320
100 58
100 312
100 150
100 417
100 16
100 149
100 401
100 351
100 98
100 154
100 243
100 276
100 196
100 37
100 348
100 59
100 16
100 46
100 64
100 693
100 141
100 79
100 287
100 364
100 46
100 9
100 165
100 33
100 15
100 116
100 466
100 20
100 404
100 118
100 216
100 82
100 111
100 40
100 95
100 23
100 50
100 86
100 224
100 99
100 3
100 238
100 225
100 6
100 92
100 876
100 305
100 386
100 66
100 381
100 18
100 290
100 242
100 256
100 364
100 140
100 249
100 136
100 177
100 27
100 37
100 181
100 119
100 215
100 600
100 195
100 49
100 74
100 450
100 27
100 114
100 325
100 130
100 37
100 128
100 41
100 42
100 137
100 591
100 178
100 133
100 10
100 29
100 43
100 8
100 24
100 15
100 102
100 129
100 45
100 273
100 151
100 390
100 123
100 444
100 87
100 181
100 42
100 192
100 93
100 119
100 128
100 54
100 93
100 197
100 536
100 337
100 38
100 193
100 207
100 223
100 476
100 93
100 25
100 290
100 75
100 765
100 29
100 73
100 606
100 462
100 280
100 27
100 57
100 156
100 57
100 355
100 381
100 47
100 154
100 104
100 74
100 224
100 191
100 69
100 310
100 218
100 377
100 768
100 213
100 297
100 294
100 90
100 140
100 573
100 349
100 216
100 64
100 129
100 20
100 104
100 45
100 501
100 261
100 7
100 145
100 107
100 62
100 182
100 177
100 159
100 56
100 29
100 48
100 516
100 177
100 22
100 184
100 596
100 87
100 124
100 57
100 445
100 9
100 139
100 297
100 79
100 125
100 263
100 2
100 258
100 38
100 128
100 108
100 158
100 141
100 603
100 25
100 856
100 74
100 123
100 41
100 222
100 157
100 286
100 61
100 1
100 203
100 14
100 57
100 44
100 29
100 163
100 153
100 66
100 141
100 211
100 120
100 199
100 598
100 69
100 164
100 69
100 240
100 184
100 73
100 15
100 1
100 540
100 25
100 207
100 439
100 424
100 38
100 265
100 633
100 265
100 13
100 187
100 215
100 692
100 490
100 106
100 87
100 67
100 267
100 18
100 202
100 92
100 460
100 57
100 148
100 37
100 71
100 41
100 153
100 128
100 263
100 66
100 418
100 42
100 12
100 106
100 359
100 27
100 363
100 454
100 703
100 151
100 109
100 14
100 286
100 20
100 332
100 60
100 630
100 761
100 255
100 64
100 404
100 154
100 162
100 146
100 20
100 39
100 61
100 205
100 53
100 115
100 29
100 202
100 68
100 342
100 39
100 329
100 202
100 635
100 300
100 13
100 220
100 18
100 233
100 60
100 317
100 786
100 471
100 95
100 234
100 98
100 4
100 6
100 468
100 255
100 0
100 104
100 260
100 677
100 178
100 10
100 42
100 143
100 30
100 11
100 36
100 334
100 16
100 418
100 81
100 39
100 61
100 599
100 306
100 93
100 112
100 13
100 96
100 140
100 64
100 32
100 51
100 99
100 53
100 278
100 839
100 566
100 607
100 91
100 227
100 184
100 159
100 93
100 71
100 1
100 197
100 408
100 78
100 102
100 56
100 2
100 94
100 1033
100 367
100 169
100 37
100 103
100 292
100 18
100 300
100 187
100 112
100 18
100 132
100 421
100 141
100 115
100 126
100 43
100 60
100 140
100 114
100 329
100 72
100 169
100 301
100 640
100 128
100 127
100 380
100 38
100 114
100 355
100 128
100 197
100 80
100 502
100 854
100 618
100 428
100 54
100 133
100 186
100 334
100 246
100 86
100 58
100 275
100 197
100 34
100 72
100 75
100 245
100 911
100 10
100 339
100 40
100 21
100 95
100 69
100 126
100 513
100 436
100 39
100 117
100 563
100 141
100 374
100 379
100 62
100 82
100 315
100 18
100 154
100 129
100 163
100 105
100 115
100 125
100 50
100 38
100 123
100 36
100 182
100 406
100 123
100 354
100 11
100 453
100 251
100 84
100 247
100 203
100 71
100 36
100 324
100 0
100 9
100 190
100 309
100 296
100 36
100 261
100 251
100 337
100 121
100 97
100 243
100 460
100 151
100 153
100 170
100 335
100 16
100 173
100 62
100 27
100 18
100 51
100 201
100 370
100 15
100 211
100 201
100 144
100 285
100 228
100 1
100 39
100 170
100 28
100 431
100 110
100 20
100 179
100 97
100 39
100 115
100 101
100 104
100 349
100 18
100 329
100 622
100 265
100 125
100 10
100 111
100 71
100 137
100 220
100 119
100 68
100 176
100 335
100 38
100 352
100 65
100 548
100 855
100 430
100 1
100 110
100 48
100 28
100 72
100 21
100 116
100 45
100 136
100 42
100 31
100 7
100 203
100 164
100 81
100 454
100 83
100 217
100 49
100 310
100 28
100 163
100 264
100 59
100 460
100 655
100 45
100 511
100 270
100 210
100 66
100 257
100 101
100 179
100 274
100 459
100 78
100 174
100 175
100 88
100 336
100 28
100 167
100 7
100 187
100 294
100 3
100 34
100 369
100 85
100 324
100 23
100 309
100 27
100 5
100 1777
100 150
100 214
100 18
100 15
100 305
100 160
100 199
100 62
100 80
100 263
100 112
100 47
100 214
100 353
100 476
100 317
100 193
100 744
100 142
100 52
100 150
100 8
100 195
100 11
100 11
100 349
100 197
100 856
100 274
100 29
100 386
100 377
100 547
100 624
100 189
100 170
100 279
100 57
100 372
100 163
100 30
100 35
100 93
100 336
100 39
100 233
100 604
100 98
100 69
100 532
100 353
100 62
100 330
100 138
100 536
100 392
100 32
100 209
100 341
100 39
100 17
100 74
100 38
100 162
100 776
100 299
100 32
100 105
100 95
100 108
100 182
100 73
100 233
100 229
100 63
100 38
100 15
100 17
100 446
100 104
100 160
100 25
100 69
100 256
100 276
100 39
100 950
100 31
100 456
100 153
100 265
100 152
100 99
100 57
100 54
100 56
100 168
100 117
100 190
100 763
100 315
100 207
100 115
100 906
100 319
100 157
100 72
100 42
100 50
100 21
100 39
100 17
100 108
100 143
100 96
100 40
100 61
100 323
100 6
100 262
100 485
100 241
100 366
100 427
100 20
100 79
100 541
100 174
100 23
100 256
100 5
100 451
100 448
100 41
100 146
100 79
100 727
100 337
100 74
100 344
100 105
100 600
100 138
100 191
100 55
100 54
100 23
100 236
100 58
100 46
100 60
100 149
100 272
100 5
100 258
100 333
100 299
100 279
100 354
100 54
100 640
100 123
100 82
100 940
100 378
100 380
100 884
100 222
100 169
100 140
100 298
100 71
100 6
100 201
100 615
100 211
100 284
100 220
100 4
100 27
100 35
100 59
100 345
100 175
100 82
100 304
100 263
100 58
100 607
100 24
100 10
100 3
100 219
100 32
100 811
100 43
100 99
100 25
100 69
100 241
100 51
100 13
100 183
100 23
100 453
100 219
100 263
100 27
100 90
100 87
100 14
100 182
100 77
100 4
100 96
100 336
100 500
100 49
100 285
100 377
100 28
100 289
100 120
100 466
100 30
100 89
100 174
100 39
100 251
100 239
100 291
100 237
100 492
100 206
100 166
100 67
100 34
100 139
100 216
100 154
100 90
100 11
100 255
100 168
100 623
100 1041
100 205
100 2
100 429
100 230
100 55
100 261
100 162
100 14
100 39
100 168
100 69
100 481
100 626
100 21
100 423
100 251
100 574
100 19
100 685
100 83
100 106
100 147
100 133
100 596
100 147
100 692
100 13
100 116
100 451
100 31
100 26
100 32
100 636
100 206
100 39
100 324
100 49
100 152
100 103
100 169
100 212
100 169
100 3
100 10
100 72
100 40
100 10
100 112
100 356
100 161
100 252
100 41
100 48
100 127
100 5
100 48
100 12
100 273
100 128
100 178
100 28
100 241
100 29
100 447
100 202
100 110
100 62
100 479
100 234
100 49
100 130
100 123
100 414
100 552
100 78
100 125
100 34
100 88
100 7
100 232
100 320
100 521
100 81
100 157
100 231
100 61
100 214
100 27
100 297
100 61
100 63
100 121
100 297
100 217
100 179
100 33
100 74
100 91
100 35
100 74
100 153
100 46
100 162
100 96
100 917
100 100
100 560
100 21
100 26
100 109
100 31
100 349
100 184
100 50
100 17
100 521
100 34
100 244
100 236
100 119
100 60
100 47
100 92
100 63
100 30
100 17
100 57
100 89
100 17
100 21
100 310
100 155
100 479
100 344
100 260
100 31
100 22
100 299
100 131
100 248
100 444
100 12
100 493
100 478
100 204
100 174
100 42
100 225
100 163
100 929
100 215
100 99
100 121
100 345
100 691
100 244
100 106
100 14
100 348
100 898
100 75
100 36
100 263
100 11
100 2
100 39
100 27
100 13
100 55
100 63
100 4
100 46
100 42
100 309
100 10
100 354
100 59
100 248
100 230
100 80
100 332
100 50
100 159
100 87
100 298
100 149
100 403
100 692
100 56
100 127
100 121
100 371
100 2
100 371
100 851
100 27
100 89
100 57
100 129
100 717
100 67
100 152
100 3
100 251
100 206
100 9
100 78
100 138
100 51
100 224
100 69
100 218
100 127
100 885
100 18
100 192
100 642
100 12
100 74
100 2
100 626
100 103
100 215
100 558
100 15
100 2
100 316
100 163
100 119
100 8
100 225
100 46
100 232
100 103
100 320
100 229
100 36
100 33
100 76
100 144
100 102
100 212
100 239
100 158
100 260
100 16
100 55
100 11
100 9
100 127
100 41
100 90
100 481
100 97
100 401
100 0
100 19
100 359
100 152
100 6
100 53
100 214
100 43
100 222
100 29
100 95
100 366
100 561
100 178
100 268
100 148
100 136
100 103
100 281
100 100
100 102
100 707
100 31
100 337
100 76
100 112
100 68
100 440
100 117
100 60
100 267
100 96
100 24
100 314
100 327
100 26
100 67
100 15
100 164
100 195
100 612
100 128
100 61
100 125
100 8
100 144
100 9
100 24
100 13
100 10
100 181
100 59
100 227
100 119
100 99
100 128
100 48
100 451
100 351
100 47
100 315
100 44
100 88
100 441
100 123
100 43
100 22
100 447
100 263
100 281
100 329
100 104
100 8
100 97
100 77
100 23
100 235
100 309
100 38
100 455
100 168
100 101
100 250
100 193
100 87
100 85
100 52
100 5
100 227
100 13
100 314
100 9
100 67
100 116
100 12
100 13
100 253
100 122
100 62
100 445
100 76
100 207
100 6
100 326
100 2
100 22
100 16
100 137
100 233
100 167
100 109
100 315
100 54
100 128
100 95
100 940
100 57
100 97
100 238
100 56
100 41
100 52
100 159
100 72
100 91
100 34
100 40
100 40
100 110
100 166
100 935
100 10
100 144
100 195
100 116
100 20
100 99
100 252
100 21
100 129
100 99
100 72
100 388
100 18
100 311
100 600
100 271
100 328
100 37
100 452
100 185
100 77
100 422
100 153
100 422
100 368
100 376
100 308
100 175
100 353
100 6
100 120
100 182
100 208
100 150
100 13
100 214
100 509
100 623
100 117
100 98
100 151
100 140
100 130
100 78
100 724
100 55
100 18
100 414
100 220
100 169
100 76
100 59
100 211
100 272
100 213
100 115
100 34
100 263
100 434
100 18
100 162
100 44
100 200
100 218
100 21
100 171
100 360
100 138
100 374
100 32
100 134
100 126
100 959
100 195
100 111
100 81
100 112
100 539
100 477
100 456
100 46
100 454
100 32
100 404
100 319
100 0
100 61
100 237
100 568
100 204
100 479
100 230
100 38
100 1
100 476
100 51
100 115
100 203
100 34
100 28
100 73
100 2
100 268
100 234
100 433
100 27
100 409
100 110
100 256
100 500
100 491
100 130
100 185
100 388
100 191
100 28
100 38
100 391
100 114
100 13
100 108
100 385
100 513
100 49
100 193
100 134
100 217
100 382
100 281
100 63
100 105
100 44
100 146
100 18
100 373
100 264
100 290
100 200
100 246
100 191
100 19
100 281
100 246
100 86
100 271
100 118
100 35
100 124
100 221
100 253
100 291
100 52
100 225
100 264
100 157
100 392
100 201
100 4
100 34
100 425
100 753
100 159
100 22
100 17
100 62
100 32
100 781
100 1130
100 683
100 128
100 54
100 851
100 227
100 12
100 32
100 166
100 66
100 500
100 0
100 85
100 112
100 92
100 18
100 170
100 416
100 39
100 166
100 298
100 577
100 112
100 128
100 539
100 104
100 14
100 109
100 209
100 22
100 5
100 27
100 152
100 569
100 170
100 21
100 57
100 65
100 138
100 55
100 337
100 357
100 443
100 86
100 15
100 13
100 43
100 60
100 118
100 1182
100 125
100 583
100 317
100 190
100 73
100 94
100 21
100 513
100 190
100 329
100 325
100 41
100 24
100 611
100 324
100 8
100 91
100 657
100 57
100 165
100 342
100 41
100 12
100 468
100 70
100 228
100 153
100 24
100 98
100 150
100 62
100 168
100 329
100 373
100 62
100 425
100 52
100 876
100 39
100 387
100 141
100 407
100 88
100 74
100 271
100 96
100 78
100 96
100 16
100 213
100 360
100 245
100 105
100 230
100 32
100 17
100 26
100 45
100 18
100 91
100 393
100 17
100 84
100 445
100 58
100 4
100 60
100 10
100 94
100 57
100 422
100 244
100 377
100 495
100 360
100 442
100 52
100 547
100 41
100 66
100 31
100 123
100 322
100 116
100 56
100 120
100 372
100 29
100 183
100 718
100 127
100 674
100 30
100 84
100 0
100 358
100 84
100 77
100 99
100 196
100 7
100 565
100 574
100 77
100 250
100 418
100 121
100 60
100 368
100 37
100 223
100 8
100 555
100 363
100 69
100 258
100 397
100 71
100 226
100 34
100 157
100 283
100 5
100 154
100 341
100 57
100 222
100 189
100 111
100 486
100 23
100 22
100 90
100 340
100 19
100 1024
100 57
100 32
100 136
100 73
100 39
100 174
100 179
100 2
100 239
100 4
100 146
100 95
100 192
100 27
100 262
100 248
100 62
100 79
100 36
100 166
100 769
100 123
100 18
100 96
100 151
100 350
100 120
100 126
100 61
100 226
100 629
100 200
100 29
100 203
100 32
100 322
100 232
100 3
100 74
100 69
100 281
100 285
100 369
100 190
100 18
100 31
100 70
100 28
100 246
100 141
100 344
100 73
100 77
100 227
100 32
100 201
100 13
100 416
100 473
100 111
100 194
100 93
100 12
100 45
100 25
100 126
100 69
100 40
100 364
100 188
100 132
100 161
100 150
100 141
100 150
100 61
100 236
100 110
100 116
100 222
100 179
100 144
100 15
100 380
100 585
100 218
100 23
100 477
100 143
100 382
100 50
100 187
100 409
100 183
100 147
100 12
100 255
100 135
100 309
100 6
100 43
100 48
100 630
100 19
100 565
100 42
100 95
100 282
100 81
100 198
100 53
100 266
100 472
100 352
100 8
100 192
100 217
100 771
100 2
100 39
100 330
100 157
100 25
100 24
100 58
100 228
100 277
100 52
100 212
100 152
100 296
100 296
100 240
100 231
100 160
100 213
100 67
100 111
100 377
100 56
100 44
100 149
100 271
100 255
100 200
100 69
100 278
100 424
100 55
100 40
100 148
100 135
100 205
100 110
100 103
100 443
100 33
100 284
100 4
100 164
100 43
100 387
100 211
100 308
100 178
100 342
100 174
100 484
100 26
100 124
100 15
100 54
100 44
100 63
100 76
100 26
100 5
100 429
100 85
100 84
100 59
100 81
100 13
100 490
100 344
100 46
100 79
100 301
100 237
100 67
100 250
100 193
100 515
100 3
100 399
100 228
100 75
100 36
100 178
100 179
100 59
100 527
100 8
100 166
100 46
100 99
100 24
100 123
100 201
100 391
100 53
100 49
100 470
100 67
100 51
100 27
100 363
100 43
100 169
100 141
100 97
100 195
100 608
100 161
100 103
100 53
100 156
100 81
100 144
100 202
100 303
100 39
100 300
100 112
100 99
100 83
100 181
100 182
100 610
100 100
100 1483
100 195
100 47
100 54
100 70
100 315
100 173
100 91
100 583
100 128
100 50
100 104
100 241
100 118
100 265
100 139
100 67
100 291
100 565
100 8
100 38
100 82
100 29
100 101
100 572
100 91
100 162
100 3
100 437
100 44
100 220
100 276
100 285
100 2
100 594
100 283
100 28
100 2
100 242
100 374
100 173
100 366
100 761
100 139
100 228
100 203
100 123
100 496
100 196
100 340
100 22
100 160
100 102
100 45
100 411
100 47
100 418
100 51
100 26
100 31
100 480
100 153
100 61
100 788
100 360
100 73
100 711
100 240
100 103
100 380
100 208
100 475
100 46
100 167
100 294
100 74
100 97
100 41
100 5
100 216
100 179
100 97
100 30
100 270
100 75
100 394
100 133
100 83
100 68
100 295
100 14
100 138
100 412
100 194
100 128
100 24
100 159
100 55
100 99
100 237
100 220
100 386
100 140
100 85
100 142
100 112
100 128
100 71
100 34
100 314
100 76
100 323
100 72
100 163
100 131
100 419
100 5
100 113
100 11
100 816
100 194
100 191
100 5
100 142
100 91
100 326
100 119
100 397
100 147
100 105
100 238
100 65
100 162
100 307
100 316
100 606
100 72
100 95
100 65
100 436
100 316
100 122
100 220
100 8
100 3
100 139
100 458
100 81
100 230
100 605
100 595
100 310
100 9
100 262
100 295
100 231
100 63
100 38
100 200
100 84
100 112
100 486
100 234
100 54
100 513
100 57
100 90
100 366
100 179
100 257
100 43
100 337
100 653
100 316
100 140
100 107
100 24
100 224
100 12
100 97
100 58
100 286
100 26
100 237
100 271
100 410
100 185
100 97
100 147
100 18
100 93
100 228
100 218
100 7
100 151
100 104
100 114
100 73
100 37
100 267
100 73
100 492
100 44
100 139
100 149
100 40
100 246
100 77
100 60
100 895
100 6
100 74
100 228
100 532
100 42
100 11
100 205
100 41
100 227
100 437
100 28
100 47
100 42
100 40
100 227
100 210
100 174
100 337
100 57
100 59
100 49
100 6
100 22
100 65
100 178
100 131
100 356
100 329
100 706
100 147
100 1007
100 16
100 159
100 2
100 21
100 37
100 330
100 116
100 62
100 96
100 100
100 567
100 123
100 74
100 451
100 34
100 140
100 417
100 19
100 59
100 142
100 180
100 219
100 196
100 318
100 170
100 9
100 115
100 49
100 10
100 495
100 248
100 209
100 262
100 58
100 131
100 232
100 394
100 52
100 13
100 62
100 65
100 361
100 27
100 281
100 257
100 132
100 105
100 84
100 136
100 242
100 148
100 125
100 241
100 14
100 402
100 45
100 23
100 103
100 91
100 133
100 131
100 171
100 75
100 633
100 611
100 232
100 131
100 222
100 183
100 262
100 97
100 152
100 10
100 417
100 89
100 31
100 956
100 278
100 13
100 49
100 58
100 175
100 268
100 121
100 211
100 150
100 959
100 156
100 406
100 57
100 74
100 284
100 181
100 469
100 199
100 440
100 118
100 124
100 376
100 132
100 357
100 28
100 30
100 37
100 377
100 321
100 500
100 66
100 69
100 388
100 57
100 56
100 99
100 9
100 409
100 293
100 46
100 14
100 16
100 32
100 699
100 163
100 24
100 61
100 431
100 269
100 111
100 68
100 228
100 581
100 44
100 399
100 84
100 195
100 48
100 221
100 357
100 754
100 120
100 48
100 283
100 614
100 87
100 63
100 590
100 352
100 590
100 550
100 109
100 39
100 92
100 35
100 462
100 217
100 114
100 7
100 172
100 409
100 121
100 7
100 581
100 76
100 121
100 67
100 73
100 256
100 159
100 62
100 85
100 119
100 240
100 9
100 250
100 363
100 292
100 118
100 513
100 55
100 284
100 375
100 138
100 7
100 105
100 129
100 414
100 7
100 23
100 547
100 76
100 48
100 39
100 23
100 28
100 23
100 15
100 141
100 216
100 102
100 375
100 378
100 35
100 384
100 97
100 191
100 178
100 471
100 168
100 156
100 17
100 68
100 123
100 8
100 307
100 16
100 259
100 563
100 607
100 79
100 139
100 100
100 31
100 602
100 70
100 95
100 253
100 57
100 239
100 67
100 31
100 397
100 26
100 93
100 28
100 171
100 475
100 447
100 67
100 193
100 26
100 802
100 200
100 87
100 304
100 238
100 161
100 181
100 244
100 70
100 306
100 667
100 131
100 232
100 43
100 2
100 483
100 28
100 80
100 430
100 74
100 1115
100 114
100 255
100 728
100 112
100 97
100 22
100 15
100 253
100 117
100 244
100 456
100 56
100 285
100 110
100 39
100 0
100 224
100 228
100 90
100 18
100 72
100 40
100 228
100 174
100 173
100 263
100 257
100 313
100 39
100 29
100 206
100 191
100 53
100 440
100 8
100 297
100 99
100 122
100 79
100 203
100 249
100 84
100 110
100 62
100 23
100 52
100 49
100 1
100 83
100 160
100 596
100 245
100 65
100 253
100 147
100 314
100 121
100 448
100 259
100 187
100 90
100 191
100 10
100 235
100 896
100 11
100 90
100 581
100 97
100 52
100 100
100 181
100 186
100 141
100 366
100 306
100 47
100 17
100 503
100 722
100 253
100 31
100 585
100 120
100 135
100 159
100 42
100 876
100 53
100 138
100 177
100 69
100 380
100 80
100 60
100 96
100 522
100 111
100 69
100 44
100 175
100 21
100 65
100 74
100 435
100 81
100 237
100 265
100 320
100 79
100 13
100 469
100 152
100 225
100 319
100 20
100 379
100 11
100 79
100 111
100 890
100 48
100 874
100 56
100 105
100 4
100 148
100 193
100 313
100 126
100 188
100 526
100 3
100 16
100 65
100 412
100 117
100 45
100 188
100 21
100 436
100 2
100 164
100 172
100 142
100 405
100 674
100 1
100 19
100 265
100 95
100 52
100 437
100 205
100 74
100 178
100 126
100 20
100 633
100 355
100 266
100 341
100 97
100 295
100 428
100 204
100 75
100 215
100 50
100 220
100 161
100 459
100 480
100 369
100 25
100 137
100 110
100 644
100 186
100 1062
100 280
100 43
100 97
100 20
100 28
100 2
100 60
100 489
100 164
100 21
100 68
100 425
100 251
100 131
100 37
100 323
100 226
100 20
100 118
100 923
100 24
100 298
100 43
100 20
100 515
100 72
100 300
100 199
100 15
100 81
100 80
100 65
100 443
100 117
100 95
100 66
100 433
100 100
100 127
100 215
100 25
100 86
100 84
100 76
100 52
100 141
100 79
100 229
100 23
100 279
100 79
100 575
100 106
100 0
100 99
100 336
100 9
100 182
100 564
100 1
100 680
100 1150
100 84
100 25
100 726
100 175
100 194
100 21
100 401
100 99
100 127
100 74
100 63
100 272
100 203
100 283
100 695
100 3
100 155
100 234
100 324
100 43
100 61
100 39
100 88
100 167
100 24
100 305
100 22
100 43
100 429
100 294
100 74
100 563
100 59
100 86
100 70
100 406
100 398
100 538
100 288
100 302
100 84
100 59
100 97
100 5
100 337
100 47
100 5
100 182
100 83
100 199
100 190
100 527
100 212
100 408
100 54
100 109
100 86
100 227
100 230
100 26
100 7
100 141
100 93
100 31
100 271
100 215
100 177
100 80
100 287
100 416
100 393
100 3
100 154
100 61
100 303
100 447
100 120
100 181
100 19
100 45
100 21
100 145
100 160
100 84
100 50
100 141
100 148
100 39
100 17
100 239
100 74
100 25
100 151
100 151
100 129
100 840
100 227
100 437
100 167
100 422
100 157
100 22
100 191
100 365
100 144
100 8
100 19
100 352
100 562
100 179
100 214
100 147
100 108
100 868
100 53
100 104
100 224
100 90
100 194
100 437
100 61
100 57
100 7
100 354
100 75
100 178
100 35
100 36
100 19
100 126
100 28
100 366
100 293
100 1113
100 351
100 49
100 134
100 203
100 77
100 131
100 72
100 10
100 0
100 93
100 3
100 336
100 19
100 80
100 42
100 40
100 129
100 239
100 115
100 196
100 204
100 1149
100 150
100 185
100 182
100 9
100 272
100 68
100 37
100 152
100 143
100 179
100 578
100 145
100 88
100 340
100 113
100 393
100 401
100 57
100 174
100 213
100 817
100 490
100 151
100 50
100 65
100 194
100 19
100 161
100 200
100 13
100 80
100 80
100 11
100 361
100 76
100 101
100 60
100 70
100 155
100 163
100 198
100 596
100 523
100 238
100 68
100 83
100 39
100 82
100 166
100 361
100 367
100 181
100 100
100 18
100 32
100 207
100 229
100 74
100 112
100 62
100 15
100 553
100 92
100 173
100 197
100 558
100 633
100 38
100 293
100 191
100 97
100 711
100 4
100 24
100 428
100 23
100 402
100 153
100 129
100 33
100 302
100 267
100 204
100 318
100 366
100 612
100 61
100 423
100 99
100 79
100 154
100 377
100 1060
100 20
100 128
100 70
100 29
100 215
100 55
100 267
100 295
100 60
100 248
100 152
100 265
100 273
100 48
100 111
100 72
100 486
100 18
100 427
100 107
100 203
100 141
100 216
100 212
100 453
100 34
100 74
100 143
100 212
100 346
100 173
100 64
100 849
100 123
100 115
100 205
100 27
100 43
100 582
100 1055
100 323
100 321
100 3
100 108
100 159
100 304
100 99
100 4
100 246
100 421
100 93
100 192
100 66
100 48
100 154
100 309
100 4
100 759
100 104
100 503
100 685
100 23
100 656
100 2
100 239
100 69
100 227
100 106
100 1020
100 257
100 770
100 32
100 312
100 170
100 142
100 70
100 547
100 74
100 506
100 132
100 29
100 752
100 415
100 143
100 345
100 29
100 143
100 395
100 202
100 6
100 316
100 12
100 249
100 467
100 222
100 96
100 116
100 23
100 230
100 37
100 271
100 2
100 18
100 132
100 298
100 138
100 250
100 28
100 159
100 108
100 115
100 282
100 87
100 12
100 35
100 253
100 7
100 532
100 160
100 250
100 15
100 101
100 119
100 155
100 405
100 221
100 545
100 93
100 516
100 37
100 473
100 89
100 583
100 184
100 242
100 587
100 378
100 123
100 15
100 38
100 273
100 223
100 204
100 133
100 328
100 16
100 785
100 72
100 173
100 101
100 106
100 460
100 565
100 327
100 4
100 184
100 228
100 150
100 116
100 133
100 215
100 173
100 13
100 29
100 16
100 734
100 93
100 5
100 56
100 200
100 52
100 479
100 0
100 29
100 32
100 938
100 167
100 290
100 198
100 31
100 67
100 492
100 65
100 335
100 296
100 542
100 62
100 0
100 344
100 238
100 164
100 612
100 106
100 755
100 429
100 113
100 283
100 87
100 156
100 24
100 4
100 28
100 174
100 4
100 56
100 616
100 61
100 376
100 276
100 350
100 104
100 336
100 204
100 28
100 113
100 50
100 145
100 136
100 192
100 1421
100 46
100 12
100 323
100 202
100 237
100 366
100 19
100 75
100 33
100 460
100 190
100 6
100 14
100 275
100 96
100 181
100 212
100 63
100 265
100 0
100 353
100 82
100 40
100 144
100 305
100 334
100 49
100 335
100 675
100 39
100 422
100 749
100 118
100 378
100 290
100 128
100 20
100 331
100 38
100 56
100 3
100 1
100 81
100 20
100 33
100 451
100 362
100 343
100 53
100 331
100 283
100 179
100 71
100 65
100 19
100 106
100 120
100 275
100 50
100 328
100 160
100 140
100 86
100 221
100 24
100 264
100 143
100 176
100 80
100 222
100 76
100 90
100 451
100 161
100 137
100 173
100 71
100 783
100 23
100 51
100 452
100 155
100 151
100 82
100 61
100 151
100 59
100 451
100 282
100 58
100 72
100 114
100 491
100 499
100 35
100 156
100 0
100 297
100 249
100 135
100 47
100 55
100 70
100 63
100 32
100 393
100 128
100 5
100 318
100 211
100 609
100 225
100 1211
100 568
100 73
100 51
100 367
100 119
100 265
100 269
100 0
100 24
100 53
100 120
100 50
100 123
100 90
100 0
100 128
100 55
100 122
100 510
100 132
100 22
100 589
100 79
100 133
100 201
100 113
100 4
100 189
100 394
100 7
100 30
100 544
100 556
100 7
100 150
100 922
100 52
100 327
100 197
100 143
100 79
100 518
100 21
100 41
100 65
100 444
100 344
100 93
100 311
100 18
100 193
100 256
100 109
100 96
100 22
100 168
100 690
100 222
100 256
100 165
100 319
100 146
100 78
100 272
100 149
100 26
100 238
100 382
100 269
100 83
100 38
100 23
100 135
100 463
100 98
100 51
100 26
100 688
100 712
100 141
100 455
100 145
100 42
100 136
100 72
100 90
100 265
100 720
100 27
100 150
100 63
100 271
100 19
100 643
100 428
100 257
100 209
100 104
100 14
100 81
100 470
100 83
100 40
100 283
100 426
100 540
100 20
100 5
100 73
100 240
100 178
100 45
100 90
100 8
100 261
100 525
100 129
100 186
100 39
100 160
100 161
100 131
100 15
100 130
100 59
100 165
100 3
100 65
100 273
100 85
100 305
100 160
100 180
100 24
100 118
100 70
100 119
100 32
100 131
100 478
100 97
100 298
100 16
100 178
100 604
100 339
100 34
100 48
100 118
100 389
100 232
100 183
100 86
100 128
100 282
100 267
100 281
100 64
100 519
100 43
100 117
100 80
100 139
100 155
100 183
100 1268
100 187
100 535
100 157
100 947
100 1
100 64
100 400
100 78
100 36
100 233
100 152
100 262
100 152
100 19
100 325
100 147
100 32
100 56
100 119
100 199
100 234
100 366
100 310
100 47
100 57
100 438
100 489
100 264
100 130
100 945
100 27
100 908
100 36
100 36
100 103
100 304
100 19
100 252
100 418
100 98
100 439
100 814
100 17
100 843
100 427
100 187
100 112
100 17
100 89
100 237
100 37
100 193
100 139
100 121
100 87
100 47
100 309
100 51
100 376
100 713
100 209
100 78
100 387
100 452
100 18
100 65
100 100
100 91
100 52
100 682
100 663
100 405
100 255
100 71
100 1163
100 304
100 261
100 370
100 570
100 21
100 72
100 56
100 7
100 21
100 583
100 24
100 119
100 165
100 203
100 57
100 67
100 44
100 550
100 187
100 10
100 89
100 49
100 821
100 212
100 458
100 27
100 68
100 42
100 475
100 38
100 204
100 23
100 472
100 113
100 1
100 260
100 37
100 191
100 50
100 334
100 48
100 182
100 312
100 32
100 7
100 515
100 14
100 1
100 123
100 133
100 16
100 111
100 124
100 385
100 155
100 144
100 477
100 293
100 2
100 7
100 286
100 15
100 146
100 261
100 178
100 201
100 299
100 9
100 226
100 93
100 168
100 26
100 57
100 7
100 18
100 150
100 440
100 33
100 73
100 166
100 91
100 20
100 44
100 272
100 711
100 248
100 211
100 171
100 77
100 493
100 19
100 2
100 29
100 24
100 206
100 104
100 33
100 15
100 29
100 187
100 25
100 168
100 213
100 113
100 114
100 110
100 220
100 132
100 921
100 72
100 172
100 88
100 110
100 924
100 26
100 153
100 2
100 57
100 195
100 884
100 394
100 48
100 27
100 105
100 17
100 114
100 39
100 250
100 229
100 69
100 182
100 38
100 827
100 399
100 598
100 83
100 243
100 7
100 497
100 226
100 28
100 215
100 266
100 72
100 70
100 214
100 59
100 11
100 24
100 63
100 223
100 10
100 8
100 176
100 247
100 119
100 100
100 206
100 48
100 144
100 419
100 29
100 81
100 107
100 470
100 65
100 474
100 366
100 33
100 192
100 192
100 125
100 159
100 163
100 179
100 902
100 432
100 49
100 108
100 71
100 17
100 99
100 259
100 206
100 171
100 204
100 311
100 160
100 194
100 23
100 175
100 14
100 31
100 54
100 295
100 133
100 21
100 216
100 75
100 65
100 24
100 88
100 396
100 191
100 373
100 30
100 95
100 914
100 111
100 134
100 229
100 169
100 292
100 13
100 303
100 24
100 79
100 83
100 274
100 519
100 213
100 155
100 199
100 71
100 74
100 10
100 9
100 89
100 10
100 214
100 225
100 268
100 292
100 105
100 264
100 310
100 8
100 69
100 0
100 132
100 17
100 82
100 119
100 284
100 273
100 219
100 643
100 264
100 1
100 110
100 48
100 14
100 238
100 145
100 27
100 16
100 49
100 383
100 298
100 163
100 50
100 347
100 133
100 223
100 59
100 174
100 3
100 482
100 16
100 364
100 266
100 24
100 144
100 198
100 57
100 425
100 68
100 288
100 38
100 137
100 224
100 89
100 347
100 201
100 78
100 256
100 419
100 12
100 92
100 341
100 185
100 22
100 47
100 532
100 200
100 496
100 26
100 129
100 37
100 271
100 194
100 15
100 413
100 9
100 349
100 210
100 19
100 74
100 240
100 173
100 252
100 13
100 118
100 445
100 64
100 133
100 181
100 27
100 51
100 1
100 27
100 399
100 224
100 94
100 12
100 464
100 93
100 8
100 327
100 51
100 72
100 65
100 891
100 11
100 45
100 40
100 299
100 117
100 108
100 46
100 40
100 244
100 671
100 453
100 11
100 84
100 57
100 38
100 93
100 45
100 184
100 407
100 111
100 48
100 351
100 30
100 191
100 216
100 238
100 47
100 43
100 166
100 16
100 537
100 290
100 59
100 247
100 178
100 331
100 91
100 308
100 255
100 75
100 437
100 117
100 88
100 58
100 245
100 67
100 150
100 100
100 509
100 178
100 149
100 214
100 137
100 607
100 657
100 136
100 108
100 118
100 3
100 407
100 7
100 540
100 74
100 508
100 555
100 386
100 61
100 147
100 18
100 348
100 30
100 61
100 292
100 100
100 2
100 97
100 5
100 148
100 40
100 78
100 563
100 300
100 1
100 90
100 122
100 32
100 35
100 1325
100 257
100 97
100 6
100 188
100 230
100 104
100 32
100 285
100 490
100 70
100 24
100 143
100 236
100 38
100 343
100 227
100 226
100 99
100 1
100 175
100 657
100 172
100 22
100 384
100 5
100 99
100 3
100 168
100 213
100 252
100 170
100 39
100 18
100 115
100 91
100 30
100 100
100 69
100 73
100 149
100 18
100 50
100 192
100 12
100 342
100 508
100 34
100 59
100 54
100 213
100 155
100 84
100 132
100 106
100 56
100 96
100 546
100 14
100 142
100 134
100 152
100 44
100 187
100 16
100 145
100 304
100 282
100 419
100 120
100 132
100 38
100 255
100 163
100 976
100 10
100 146
100 5
100 460
100 289
100 72
100 351
100 12
100 260
100 57
100 41
100 127
100 789
100 193
100 27
100 862
100 71
100 31
100 162
100 98
100 87
100 327
100 342
100 25
100 218
100 73
100 5
100 11
100 53
100 681
100 230
100 51
100 264
100 131
100 37
100 53
100 15
100 313
100 6
100 158
100 107
100 743
100 98
100 491
100 414
100 39
100 63
100 66
100 290
100 89
100 120
100 40
100 80
100 157
100 134
100 706
100 1
100 285
100 32
100 45
100 200
100 310
100 140
100 194
100 285
100 214
100 191
100 322
100 122
100 166
100 279
100 126
100 1168
100 155
100 668
100 253
100 95
100 83
100 194
100 126
100 78
100 657
100 88
100 532
100 204
100 142
100 52
100 82
100 11
100 5
100 43
100 235
100 111
100 72
100 155
100 608
100 197
100 10
100 465
100 3
100 32
100 92
100 74
100 121
100 206
100 71
100 428
100 7
100 65
100 72
100 154
100 487
100 814
100 146
100 80
100 72
100 0
100 363
100 282
100 163
100 107
100 210
100 448
