100 285
100 132
100 286
100 4
100 135
100 39
100 66
100 19
100 11
100 828
100 331
100 243
100 106
100 232
100 693
100 67
100 224
100 593
100 649
100 166
100 87
100 348
100 80
100 295
100 111
100 155
100 115
100 48
100 503
100 150
100 169
100 184
100 21
100 215
100 790
100 81
100 328
100 13
100 144
100 19
100 275
100 98
100 2
100 237
100 62
100 107
100 42
100 134
100 207
100 141
100 206
100 487
100 29
100 187
100 125
100 19
100 253
100 202
100 413
100 312
100 791
100 162
100 197
100 97
100 445
100 214
100 130
100 74
100 405
100 57
100 15
100 92
100 96
100 435
100 133
100 515
100 548
100 282
100 10
100 172
100 641
100 359
100 106
100 228
100 135
100 210
100 20
100 72
100 603
100 345
100 63
100 387
100 75
100 360
100 56
100 372
100 130
100 229
100 148
100 163
100 58
100 26
100 142
100 501
100 47
100 102
100 521
100 29
100 45
100 140
100 19
100 193
100 12
100 15
100 151
100 78
100 177
100 43
100 102
100 256
100 564
100 208
100 210
100 56
100 324
100 415
100 54
100 29
100 586
100 46
100 164
100 485
100 386
100 199
100 201
100 85
100 14
100 287
100 118
100 3
100 1
100 349
100 46
100 175
100 342
100 165
100 217
100 146
100 216
100 208
100 208
100 13
100 33
100 131
100 41
100 100
100 18
100 236
100 78
100 603
100 374
100 194
100 74
100 679
100 272
100 211
100 122
100 102
100 65
100 146
100 213
100 617
100 2
100 140
100 177
100 61
100 64
100 23
100 351
100 39
100 138
100 320
100 69
100 31
100 157
100 263
100 177
100 1
100 244
100 220
100 692
100 128
100 108
100 200
100 120
100 124
100 62
100 119
100 23
100 35
100 245
100 61
100 275
100 170
100 144
100 53
100 43
100 87
100 13
100 34
100 315
100 468
100 59
100 405
100 55
100 195
100 23
100 70
100 114
100 407
100 10
100 23
100 15
100 58
100 582
100 227
100 272
100 203
100 111
100 243
100 65
100 54
100 503
100 94
100 255
100 40
100 86
100 473
100 213
100 643
100 115
100 261
100 2
100 159
100 503
100 66
100 528
100 143
100 28
100 151
100 89
100 30
100 258
100 268
100 183
100 141
100 54
100 5
100 65
100 64
100 248
100 3
100 90
100 196
100 691
100 140
100 351
100 101
100 208
100 131
100 57
100 240
100 430
100 1
100 2
100 136
100 0
100 207
100 183
100 22
100 29
100 330
100 188
100 24
100 119
100 2
100 236
100 157
100 498
100 194
100 197
100 417
100 36
100 5
100 14
100 1078
100 199
100 182
100 11
100 73
100 97
100 114
100 254
100 323
100 72
100 8
100 14
100 165
100 81
100 255
100 6
100 221
100 123
100 222
100 310
100 22
100 150
100 22
100 235
100 271
100 81
100 2
100 204
100 220
100 3
100 233
100 74
100 237
100 199
100 290
100 21
100 333
100 74
100 253
100 254
100 208
100 53
100 410
100 57
100 118
100 44
100 224
100 105
100 27
100 27
100 135
100 207
100 101
100 22
100 524
100 206
100 45
100 91
100 162
100 116
100 59
100 15
100 2
100 46
100 112
100 322
100 65
100 179
100 668
100 64
100 69
100 249
100 108
100 284
100 551
100 72
100 501
100 226
100 402
100 221
100 2
100 174
100 222
100 99
100 12
100 74
100 80
100 219
100 571
100 349
100 400
100 74
100 147
100 59
100 10
100 69
100 15
100 243
100 12
100 81
100 126
100 268
100 366
100 322
100 311
100 55
100 76
100 451
100 132
100 276
100 116
100 2
100 150
100 1430
100 213
100 40
100 518
100 43
100 17
100 262
100 71
100 415
100 20
100 200
100 13
100 157
100 36
100 108
100 184
100 15
100 0
100 123
100 157
100 192
100 119
100 491
100 15
100 132
100 143
100 98
100 136
100 184
100 106
100 137
100 99
100 235
100 8
100 394
100 43
100 122
100 242
100 231
100 239
100 54
100 25
100 368
100 724
100 15
100 102
100 80
100 29
100 62
100 37
100 55
100 49
100 59
100 327
100 244
100 270
100 13
100 170
100 194
100 32
100 209
100 296
100 181
100 57
100 72
100 923
100 18
100 509
100 245
100 634
100 94
100 7
100 219
100 47
100 377
100 168
100 155
100 36
100 44
100 85
100 405
100 355
100 78
100 43
100 144
100 30
100 122
100 13
100 73
100 22
100 59
100 149
100 34
100 326
100 225
100 70
100 217
100 109
100 24
100 814
100 455
100 148
100 94
100 66
100 5
100 14
100 31
100 48
100 120
100 99
100 106
100 444
100 190
100 61
100 62
100 178
100 129
100 105
100 363
100 77
100 163
100 84
100 1
100 130
100 531
100 180
100 12
100 62
100 103
100 13
100 256
100 108
100 153
100 7
100 233
100 317
100 121
100 43
100 234
100 302
100 493
100 22
100 73
100 115
100 32
100 393
100 15
100 8
100 105
100 408
100 553
100 366
100 90
100 110
100 106
100 432
100 62
100 97
100 624
100 672
100 2
100 52
100 18
100 767
100 38
100 196
100 65
100 71
100 131
100 434
100 130
100 286
100 46
100 102
100 180
100 119
100 1
100 162
100 335
100 93
100 4
100 377
100 159
100 41
100 88
100 221
100 82
100 455
100 367
100 53
100 82
100 286
100 135
100 82
100 725
100 639
100 197
100 202
100 69
100 258
100 2
100 36
100 145
100 58
100 147
100 166
100 369
100 154
100 808
100 61
100 39
100 29
100 511
100 109
100 270
100 27
100 52
100 293
100 332
100 47
100 52
100 73
100 219
100 266
100 7
100 447
100 48
100 260
100 128
100 68
100 92
100 57
100 192
100 1
100 299
100 53
100 18
100 322
100 254
100 6
100 153
100 436
100 201
100 620
100 113
100 297
100 8
100 318
100 201
100 5
100 288
100 195
100 218
100 746
100 141
100 478
100 49
100 83
100 139
100 243
100 186
100 357
100 90
100 1476
100 97
100 17
100 268
100 34
100 22
100 265
100 244
100 387
100 1231
100 289
100 27
100 107
100 28
100 131
100 63
100 177
100 129
100 36
100 60
100 52
100 76
100 70
100 636
100 128
100 94
100 197
100 308
100 77
100 156
100 403
100 22
100 130
100 272
100 269
100 85
100 138
100 362
100 701
100 27
100 137
100 9
100 400
100 128
100 153
100 252
100 120
100 247
100 245
100 355
100 271
100 57
100 169
100 158
100 552
100 315
100 43
100 55
100 123
100 316
100 98
100 379
100 188
100 99
100 208
100 28
100 159
100 199
100 281
100 238
100 323
100 246
100 79
100 316
100 308
100 22
100 5
100 48
100 422
100 206
100 104
100 412
100 417
100 223
100 53
100 323
100 82
100 175
100 115
100 158
100 213
100 29
100 134
100 161
100 445
100 34
100 14
100 45
100 192
100 26
100 180
100 81
100 402
100 93
100 119
100 114
100 148
100 146
100 95
100 195
100 122
100 142
100 113
100 317
100 128
100 73
100 96
100 0
100 140
100 20
100 66
100 1
100 0
100 199
100 272
100 28
100 324
100 646
100 34
100 81
100 39
100 180
100 79
100 86
100 315
100 18
100 82
100 47
100 144
100 33
100 99
100 276
100 34
100 42
100 107
100 473
100 26
100 27
100 106
100 376
100 631
100 103
100 187
100 113
100 337
100 122
100 130
100 206
100 178
100 45
100 273
100 216
100 171
100 8
100 287
100 134
100 0
100 340
100 67
100 239
100 164
100 192
100 864
100 177
100 51
100 545
100 153
100 220
100 439
100 323
100 89
100 113
100 138
100 252
100 3
100 53
100 323
100 102
100 214
100 66
100 78
100 136
100 152
100 135
100 52
100 4
100 269
100 75
100 190
100 349
100 346
100 95
100 184
100 328
100 5
100 45
100 58
100 68
100 125
100 202
100 273
100 7
100 543
100 151
100 203
100 256
100 125
100 7
100 415
100 163
100 502
100 153
100 46
100 73
100 88
100 57
100 131
100 36
100 2
100 28
100 106
100 391
100 126
100 258
100 13
100 66
100 27
100 177
100 79
100 329
100 100
100 73
100 113
100 714
100 54
100 246
100 164
100 243
100 132
100 53
100 41
100 0
100 472
100 62
100 883
100 245
100 1026
100 58
100 23
100 105
100 356
100 163
100 266
100 76
100 401
100 182
100 6
100 22
100 33
100 12
100 178
100 17
100 94
100 5
100 40
100 516
100 120
100 236
100 126
100 159
100 228
100 98
100 52
100 493
100 86
100 365
100 67
100 6
100 339
100 352
100 27
100 137
100 181
100 43
100 116
100 123
100 93
100 60
100 71
100 266
100 162
100 215
100 28
100 328
100 54
100 262
100 99
100 534
100 29
100 1
100 34
100 286
100 400
100 958
100 95
100 298
100 107
100 166
100 5
100 108
100 65
100 67
100 21
100 246
100 60
100 336
100 11
100 220
100 320
100 342
100 158
100 289
100 7
100 498
100 48
100 322
100 7
100 383
100 647
100 178
100 389
100 212
100 234
100 40
100 76
100 139
100 82
100 123
100 44
100 149
100 263
100 27
100 217
100 324
100 154
100 181
100 21
100 65
100 87
100 17
100 200
100 279
100 208
100 26
100 291
100 124
100 47
100 103
100 153
100 223
100 26
100 50
100 49
100 202
100 67
100 379
100 186
100 182
100 288
100 94
100 107
100 139
100 60
100 79
100 266
100 59
100 17
100 103
100 155
100 285
100 409
100 333
100 278
100 532
100 43
100 148
100 239
100 218
100 335
100 16
100 97
100 195
100 36
100 75
100 330
100 16
100 24
100 152
100 94
100 12
100 89
100 181
100 14
100 27
100 88
100 217
100 62
100 570
100 14
100 118
100 55
100 374
100 125
100 249
100 119
100 281
100 60
100 251
100 67
100 98
100 164
100 30
100 153
100 86
100 851
100 198
100 133
100 2
100 242
100 119
100 56
100 100
100 34
100 192
100 201
100 228
100 493
100 253
100 1085
100 630
100 506
100 45
100 10
100 645
100 213
100 633
100 378
100 180
100 327
100 140
100 42
100 329
100 88
100 171
100 501
100 127
100 13
100 638
100 65
100 73
100 168
100 412
100 168
100 0
100 148
100 186
100 429
100 252
100 318
100 411
100 137
100 98
100 195
100 90
100 107
100 111
100 169
100 470
100 37
100 48
100 293
100 127
100 393
100 73
100 217
100 97
100 324
100 38
100 112
100 21
100 61
100 356
100 45
100 6
100 80
100 653
100 315
100 266
100 39
100 149
100 38
100 8
100 18
100 110
100 464
100 145
100 197
100 12
100 157
100 161
100 73
100 0
100 41
100 20
100 60
100 119
100 115
100 131
100 51
100 645
100 22
100 159
100 3
100 113
100 385
100 99
100 76
100 118
100 66
100 314
100 248
100 247
100 98
100 120
100 1
100 27
100 250
100 111
100 636
100 183
100 179
100 157
100 344
100 596
100 36
100 53
100 93
100 128
100 90
100 59
100 268
100 4
100 194
100 36
100 193
100 128
100 62
100 209
100 12
100 31
100 43
100 1041
100 105
100 186
100 6
100 159
100 161
100 28
100 114
100 1
100 388
100 182
100 368
100 86
100 120
100 178
100 163
100 37
100 817
100 127
100 229
100 161
100 65
100 296
100 56
100 221
100 186
100 2
100 33
100 157
100 186
100 42
100 45
100 340
100 41
100 44
100 331
100 24
100 86
100 209
100 137
100 53
100 26
100 73
100 262
100 12
100 8
100 34
100 533
100 24
100 266
100 301
100 524
100 230
100 177
100 68
100 33
100 588
100 122
100 159
100 407
100 27
100 805
100 190
100 29
100 53
100 459
100 29
100 190
100 134
100 12
100 91
100 112
100 71
100 21
100 66
100 354
100 47
100 31
100 287
100 30
100 560
100 115
100 10
100 126
100 46
100 309
100 686
100 11
100 317
100 259
100 84
100 337
100 238
100 1118
100 64
100 91
100 32
100 95
100 116
100 74
100 87
100 163
100 349
100 62
100 140
100 343
100 25
100 3
100 9
100 14
100 861
100 455
100 173
100 47
100 154
100 105
100 596
100 242
100 422
100 34
100 65
100 45
100 31
100 330
100 445
100 76
100 451
100 304
100 242
100 80
100 80
100 65
100 499
100 33
100 284
100 115
100 10
100 45
100 14
100 9
100 152
100 66
100 208
100 59
100 107
100 155
100 76
100 77
100 120
100 14
100 332
100 73
100 338
100 360
100 297
100 418
100 587
100 255
100 268
100 34
100 59
100 109
100 12
100 34
100 3
100 145
100 12
100 896
100 43
100 316
100 69
100 29
100 32
100 148
100 378
100 352
100 253
100 240
100 3
100 55
100 83
100 81
100 138
100 298
100 1
100 125
100 442
100 46
100 289
100 221
100 45
100 219
100 237
100 218
100 414
100 487
100 42
100 1
100 127
100 470
100 414
100 78
100 18
100 251
100 592
100 139
100 114
100 401
100 95
100 147
100 107
100 315
100 106
100 85
100 64
100 67
100 123
100 136
100 335
100 417
100 44
100 108
100 219
100 265
100 1073
100 107
100 74
100 140
100 18
100 431
100 410
100 80
100 290
100 138
100 433
100 338
100 48
100 116
100 108
100 395
100 535
100 36
100 130
100 12
100 149
100 411
100 208
100 35
100 17
100 328
100 58
100 145
100 58
100 48
100 108
100 145
100 95
100 48
100 128
100 157
100 19
100 124
100 278
100 302
100 41
100 33
100 305
100 207
100 112
100 97
100 22
100 50
100 4
100 294
100 21
100 12
100 117
100 86
100 1074
100 282
100 144
100 88
100 257
100 322
100 116
100 201
100 29
100 268
100 178
100 69
100 293
100 87
100 10
100 25
100 43
100 372
100 133
100 76
100 20
100 23
100 323
100 132
100 47
100 7
100 352
100 277
100 328
100 106
100 84
100 261
100 27
100 186
100 43
100 218
100 132
100 48
100 615
100 148
100 8
100 47
100 744
100 288
100 63
100 122
100 22
100 78
100 115
100 136
100 202
100 238
100 94
100 17
100 103
100 181
100 94
100 165
100 1060
100 155
100 274
100 133
100 184
100 60
100 105
100 55
100 251
100 315
100 79
100 34
100 16
100 81
100 189
100 52
100 3
100 278
100 81
100 65
100 117
100 28
100 195
100 325
100 147
100 122
100 282
100 59
100 10
100 75
100 223
100 107
100 314
100 32
100 84
100 161
100 56
100 49
100 467
100 3
100 359
100 263
100 135
100 513
100 909
100 430
100 396
100 36
100 378
100 50
100 540
100 23
100 48
100 2
100 221
100 48
100 137
100 129
100 86
100 295
100 166
100 174
100 95
100 103
100 37
100 174
100 151
100 136
100 55
100 18
100 190
100 232
100 554
100 288
100 27
100 457
100 82
100 512
100 23
100 46
100 82
100 115
100 81
100 206
100 61
100 170
100 110
100 87
100 209
100 175
100 136
100 110
100 157
100 112
100 256
100 124
100 2
100 173
100 132
100 26
100 70
100 244
100 134
100 322
100 40
100 153
100 112
100 40
100 170
100 47
100 65
100 6
100 287
100 115
100 14
100 191
100 186
100 76
100 236
100 15
100 71
100 90
100 73
100 5
100 395
100 131
100 143
100 136
100 361
100 702
100 67
100 32
100 2
100 166
100 162
100 819
100 330
100 175
100 322
100 20
100 111
100 277
100 153
100 314
100 42
100 317
100 65
100 76
100 23
100 173
100 6
100 440
100 37
100 13
100 745
100 84
100 285
100 244
100 212
100 211
100 65
100 268
100 134
100 1098
100 4
100 107
100 25
100 62
100 65
100 484
100 280
100 30
100 6
100 655
100 30
100 179
100 166
100 13
100 514
100 3
100 4
100 522
100 43
100 52
100 367
100 151
100 12
100 241
100 157
100 386
100 61
100 193
100 82
100 2
100 180
100 305
100 191
100 33
100 53
100 16
100 27
100 44
100 0
100 93
100 98
100 266
100 985
100 199
100 141
100 134
100 70
100 295
100 151
100 25
100 129
100 105
100 585
100 96
100 255
100 165
100 403
100 32
100 453
100 62
100 1406
100 228
100 369
100 81
100 429
100 239
100 133
100 25
100 23
100 669
100 84
100 281
100 335
100 384
100 291
100 326
100 111
100 589
100 170
100 79
100 451
100 122
100 154
100 42
100 4
100 167
100 46
100 326
100 19
100 193
100 111
100 212
100 191
100 60
100 2
100 29
100 127
100 112
100 101
100 41
100 68
100 163
100 79
100 122
100 104
100 270
100 8
100 46
100 222
100 166
100 301
100 164
100 516
100 93
100 1
100 519
100 31
100 48
100 284
100 29
100 5
100 38
100 93
100 21
100 99
100 42
100 77
100 379
100 89
100 165
100 315
100 16
100 5
100 601
100 490
100 38
100 89
100 749
100 719
100 48
100 147
100 17
100 139
100 143
100 50
100 117
100 252
100 222
100 75
100 176
100 91
100 602
100 113
100 346
100 89
100 18
100 79
100 253
100 49
100 11
100 272
100 198
100 461
100 113
100 12
100 66
100 49
100 166
100 170
100 45
100 109
100 172
100 63
100 302
100 55
100 207
100 28
100 36
100 237
100 281
100 211
100 366
100 109
100 232
100 309
100 215
100 89
100 95
100 33
100 15
100 70
100 124
100 21
100 249
100 121
100 28
100 64
100 9
100 158
100 199
100 1238
100 407
100 497
100 18
100 48
100 25
100 219
100 190
100 133
100 163
100 366
100 78
100 376
100 43
100 135
100 472
100 527
100 90
100 221
100 112
100 45
100 328
100 168
100 816
100 353
100 25
100 13
100 188
100 15
100 169
100 258
100 761
100 196
100 14
100 14
100 219
100 260
100 252
100 305
100 76
100 3
100 445
100 72
100 183
100 22
100 56
100 335
100 126
100 193
100 11
100 70
100 123
100 85
100 105
100 102
100 1
100 377
100 86
100 55
100 66
100 73
100 345
100 168
100 138
100 289
100 168
100 3
100 278
100 27
100 120
100 40
100 40
100 276
100 272
100 122
100 8
100 221
100 141
100 666
100 214
100 226
100 568
100 44
100 256
100 187
100 75
100 126
100 216
100 304
100 182
100 288
100 268
100 132
100 69
100 66
100 595
100 164
100 399
100 26
100 119
100 53
100 37
100 99
100 133
100 211
100 453
100 270
100 102
100 40
100 147
100 385
100 38
100 119
100 33
100 363
100 134
100 174
100 238
100 440
100 196
100 275
100 135
100 243
100 27
100 165
100 82
100 91
100 91
100 337
100 54
100 15
100 369
100 329
100 66
100 70
100 25
100 156
100 25
100 508
100 85
100 18
100 117
100 215
100 6
100 259
100 532
100 10
100 175
100 181
100 195
100 378
100 297
100 314
100 109
100 226
100 4
100 108
100 25
100 146
100 14
100 313
100 8
100 53
100 176
100 7
100 243
100 97
100 431
100 75
100 112
100 177
100 40
100 447
100 945
100 84
100 399
100 64
100 4
100 199
100 52
100 43
100 171
100 189
100 91
100 28
100 238
100 269
100 0
100 113
100 94
100 230
100 914
100 2
100 154
100 50
100 260
100 34
100 137
100 296
100 388
100 508
100 23
100 79
100 7
100 235
100 40
100 822
100 51
100 10
100 288
100 22
100 29
100 10
100 342
100 65
100 30
100 313
100 60
100 341
100 77
100 179
100 132
100 298
100 121
100 125
100 103
100 109
100 1
100 126
100 2
100 322
100 142
100 172
100 145
100 1
100 256
100 156
100 163
100 192
100 211
100 135
100 359
100 20
100 253
100 135
100 65
100 56
100 513
100 540
100 98
100 227
100 25
100 521
100 51
100 147
100 237
100 125
100 87
100 61
100 144
100 16
100 95
100 50
100 285
100 19
100 20
100 32
100 40
100 96
100 405
100 80
100 344
100 62
100 130
100 335
100 43
100 145
100 17
100 119
100 125
100 30
100 131
100 1
100 64
100 111
100 161
100 301
100 894
100 344
100 132
100 122
100 12
100 64
100 19
100 118
100 39
100 177
100 24
100 95
100 118
100 326
100 287
100 88
100 159
100 600
100 284
100 9
100 0
100 159
100 184
100 268
100 267
100 377
100 287
100 115
100 140
100 612
100 23
100 255
100 427
100 105
100 44
100 417
100 38
100 161
100 359
100 51
100 2
100 57
100 57
100 141
100 353
100 68
100 15
100 308
100 25
100 280
100 90
100 44
100 327
100 141
100 371
100 403
100 193
100 139
100 400
100 183
100 36
100 107
100 72
100 45
100 17
100 152
100 36
100 86
100 194
100 276
100 63
100 93
100 15
100 0
100 171
100 88
100 277
100 64
100 20
100 39
100 58
100 33
100 86
100 24
100 93
100 107
100 450
100 215
100 212
100 161
100 128
100 166
100 692
100 16
100 361
100 59
100 39
100 282
100 62
100 313
100 316
100 327
100 84
100 88
100 99
100 55
100 62
100 18
100 37
100 173
100 61
100 95
100 33
100 116
100 401
100 51
100 316
100 137
100 105
100 990
100 44
100 0
100 130
100 88
100 114
100 145
100 41
100 51
100 170
100 208
100 343
100 124
100 146
100 483
100 101
100 304
100 189
100 390
100 151
100 15
100 216
100 39
100 711
100 173
100 132
100 419
100 109
100 165
100 457
100 173
100 124
100 504
100 393
100 74
100 129
100 237
100 12
100 184
100 13
100 317
100 126
100 493
100 151
100 310
100 91
100 69
100 374
100 9
100 408
100 2
100 286
100 99
100 2
100 17
100 65
100 131
100 63
100 57
100 135
100 333
100 22
100 85
100 155
100 98
100 375
100 284
100 12
100 96
100 452
100 106
100 456
100 42
100 623
100 31
100 623
100 274
100 189
100 2
100 23
100 411
100 112
100 554
100 574
100 248
100 530
100 109
100 25
100 139
100 129
100 58
100 73
100 158
100 189
100 177
100 18
100 206
100 240
100 136
100 92
100 81
100 94
100 32
100 7
100 47
100 24
100 69
100 414
100 195
100 204
100 80
100 172
100 168
100 40
100 15
100 81
100 123
100 272
100 379
100 33
100 20
100 524
100 279
100 48
100 24
100 28
100 129
100 162
100 43
100 16
100 52
100 541
100 41
100 327
100 60
100 35
100 199
100 1104
100 6
100 114
100 526
100 10
100 361
100 17
100 9
100 152
100 107
100 332
100 426
100 32
100 41
100 18
100 268
100 137
100 43
100 214
100 90
100 233
100 35
100 83
100 412
100 32
100 82
100 101
100 254
100 208
100 25
100 50
100 116
100 264
100 109
100 139
100 311
100 160
100 12
100 69
100 201
100 325
100 603
100 302
100 28
100 31
100 440
100 213
100 255
100 78
100 178
100 232
100 245
100 25
100 33
100 491
100 84
100 7
100 8
100 115
100 52
100 130
100 107
100 75
100 56
100 195
100 49
100 177
100 12
100 2
100 623
100 25
100 67
100 77
100 120
100 69
100 124
100 712
100 77
100 147
100 122
100 231
100 106
100 28
100 7
100 13
100 613
100 145
100 55
100 107
100 29
100 24
100 114
100 490
100 4
100 14
100 697
100 96
100 46
100 148
100 49
100 471
100 405
100 21
100 79
100 86
100 134
100 278
100 12
100 324
100 0
100 41
100 357
100 102
100 132
100 166
100 98
100 316
100 17
100 239
100 35
100 46
100 91
100 36
100 91
100 213
100 33
100 812
100 159
100 28
100 340
100 216
100 8
100 351
100 616
100 84
100 171
100 186
100 70
100 819
100 142
100 796
100 372
100 193
100 52
100 427
100 35
100 155
100 248
100 24
100 504
100 398
100 105
100 18
100 391
100 190
100 620
100 119
100 27
100 5
100 11
100 1237
100 593
100 479
100 646
100 47
100 53
100 135
100 51
100 1105
100 18
100 104
100 122
100 163
100 46
100 151
100 80
100 138
100 626
100 205
100 271
100 267
100 387
100 72
100 148
100 244
100 421
100 88
100 84
100 138
100 44
100 114
100 49
100 161
100 148
100 7
100 98
100 114
100 417
100 98
100 343
100 198
100 39
100 41
100 327
100 86
100 44
100 324
100 22
100 138
100 22
100 6
100 398
100 121
100 13
100 146
100 169
100 589
100 262
100 118
100 452
100 13
100 189
100 71
100 641
100 70
100 47
100 331
100 184
100 108
100 368
100 126
100 13
100 86
100 53
100 10
100 324
100 46
100 318
100 104
100 82
100 348
100 90
100 35
100 48
100 122
100 25
100 242
100 200
100 1
100 21
100 72
100 123
100 134
100 254
100 134
100 252
100 199
100 48
100 503
100 335
100 31
100 370
100 127
100 84
100 530
100 157
100 447
100 831
100 352
100 174
100 33
100 119
100 85
100 100
100 346
100 346
100 348
100 352
100 529
100 71
100 354
100 88
100 58
100 150
100 735
100 247
100 47
100 112
100 11
100 155
100 15
100 412
100 17
100 203
100 479
100 628
100 31
100 515
100 7
100 229
100 114
100 116
100 21
100 293
100 156
100 9
100 136
100 308
100 650
100 373
100 242
100 185
100 274
100 194
100 14
100 12
100 237
100 51
100 197
100 111
100 272
100 23
100 85
100 43
100 52
100 207
100 48
100 83
100 351
100 63
100 191
100 423
100 73
100 242
100 118
100 69
100 69
100 140
100 58
100 10
100 233
100 93
100 34
100 244
100 651
100 672
100 302
100 16
100 127
100 210
100 399
100 26
100 29
100 52
100 141
100 100
100 19
100 2
100 263
100 378
100 275
100 244
100 211
100 174
100 38
100 71
100 372
100 69
100 98
100 108
100 272
100 1028
100 53
100 70
100 966
100 39
100 96
100 261
100 93
100 1
100 60
100 12
100 45
100 232
100 265
100 421
100 40
100 51
100 275
100 174
100 306
100 258
100 210
100 10
100 270
100 169
100 44
100 583
100 287
100 45
100 98
100 371
100 59
100 397
100 197
100 432
100 185
100 286
100 105
100 166
100 33
100 66
100 62
100 10
100 1
100 18
100 92
100 49
100 34
100 181
100 434
100 27
100 66
100 10
100 391
100 314
100 445
100 453
100 33
100 292
100 26
100 166
100 76
100 82
100 485
100 207
100 633
100 24
100 47
100 851
100 139
100 427
100 32
100 29
100 538
100 62
100 218
100 165
100 7
100 541
100 91
100 632
100 9
100 278
100 141
100 419
100 87
100 42
100 64
100 354
100 65
100 355
100 309
100 81
100 61
100 379
100 99
100 115
100 283
100 49
100 92
100 77
100 318
100 17
100 85
100 52
100 201
100 200
100 253
100 553
100 259
100 40
100 57
100 306
100 91
100 35
100 17
100 102
100 45
100 276
100 256
100 288
100 40
100 522
100 258
100 189
100 254
100 50
100 186
100 166
100 181
100 187
100 160
100 192
100 42
100 7
100 30
100 214
100 133
100 27
100 259
100 123
100 54
100 191
100 274
100 90
100 92
100 21
100 915
100 51
100 223
100 106
100 36
100 49
100 95
100 21
100 36
100 418
100 34
100 114
100 344
100 509
100 746
100 224
100 34
100 30
100 125
100 274
100 320
100 466
100 90
100 73
100 35
100 66
100 485
100 258
100 309
100 55
100 19
100 187
100 301
100 83
100 192
100 213
100 361
100 698
100 202
100 10
100 394
100 58
100 27
100 17
100 441
100 231
100 979
100 635
100 6
100 131
100 363
100 330
100 180
100 20
100 2
100 201
100 209
100 85
100 631
100 78
100 332
100 38
100 103
100 527
100 34
100 22
100 20
100 4
100 65
100 348
100 517
100 33
100 1212
100 25
100 17
100 58
100 113
100 276
100 59
100 244
100 31
100 87
100 62
100 280
100 395
100 820
100 552
100 51
100 140
100 175
100 142
100 243
100 83
100 179
100 129
100 63
100 108
100 134
100 18
100 180
100 92
100 193
100 51
100 395
100 465
100 319
100 576
100 302
100 414
100 175
100 490
100 787
100 458
100 152
100 59
100 646
100 627
100 16
100 142
100 120
100 7
100 134
100 284
100 74
100 176
100 34
100 1243
100 93
100 57
100 505
100 25
100 264
100 151
100 74
100 100
100 293
100 601
100 9
100 91
100 78
100 81
100 12
100 185
100 633
100 113
100 224
100 196
100 170
100 198
100 115
100 102
100 301
100 39
100 76
100 684
100 20
100 837
100 375
100 692
100 198
100 1032
100 363
100 113
100 5
100 35
100 221
100 23
100 193
100 265
100 470
100 48
100 62
100 113
100 84
100 212
100 152
100 243
100 67
100 121
100 230
100 107
100 168
100 242
100 114
100 72
100 139
100 3
100 7
100 115
100 205
100 47
100 449
100 354
100 15
100 231
100 25
100 172
100 21
100 205
100 546
100 62
100 57
100 71
100 58
100 8
100 50
100 46
100 30
100 21
100 4
100 320
100 162
100 68
100 356
100 27
100 126
100 36
100 422
100 78
100 310
100 551
100 3
100 65
100 40
100 148
100 56
100 107
100 287
100 202
100 612
100 362
100 212
100 180
100 13
100 26
100 20
100 18
100 224
100 194
100 1442
100 53
100 48
100 507
100 453
100 20
100 81
100 298
100 402
100 37
100 15
100 15
100 46
100 31
100 299
100 506
100 203
100 87
100 186
100 247
100 108
100 82
100 185
100 50
100 76
100 337
100 37
100 8
100 54
100 311
100 5
100 276
100 151
100 153
100 427
100 125
100 120
100 73
100 24
100 69
100 457
100 76
100 89
100 240
100 9
100 47
100 315
100 86
100 29
100 176
100 48
100 116
100 7
100 976
100 47
100 1015
100 570
100 92
100 35
100 122
100 327
100 410
100 153
100 172
100 24
100 61
100 211
100 236
100 227
100 742
100 47
100 104
100 126
100 828
100 417
100 11
100 315
100 699
100 50
100 61
100 41
100 332
100 33
100 257
100 163
100 39
100 265
100 724
100 196
100 22
100 203
100 18
100 173
100 10
100 68
100 57
100 382
100 126
100 297
100 14
100 10
100 194
100 131
100 310
100 47
100 27
100 233
100 65
100 58
100 19
100 26
100 123
100 21
100 40
100 182
100 52
100 282
100 59
100 94
100 44
100 18
100 486
100 1082
100 39
100 108
100 366
100 274
100 364
100 287
100 4
100 25
100 100
100 237
100 322
100 291
100 147
100 196
100 145
100 66
100 32
100 135
100 6
100 260
100 91
100 15
100 233
100 65
100 542
100 149
100 450
100 477
100 65
100 205
100 16
100 445
100 373
100 101
100 182
100 496
100 50
100 73
100 137
100 102
100 36
100 213
100 75
100 155
100 144
100 58
100 104
100 226
100 12
100 290
100 65
100 174
100 139
100 13
100 47
100 42
100 178
100 338
100 290
100 128
100 144
100 14
100 10
100 184
100 10
100 30
100 51
100 36
100 312
100 248
100 24
100 100
100 68
100 350
100 1
100 233
100 177
100 103
100 271
100 115
100 132
100 256
100 18
100 133
100 11
100 71
100 355
100 623
100 266
100 41
100 54
100 323
100 225
100 136
100 30
100 445
100 187
100 195
100 144
100 1
100 751
100 328
100 636
100 232
100 95
100 14
100 292
100 90
100 145
100 256
100 47
100 9
100 94
100 153
100 158
100 207
100 22
100 150
100 36
100 38
100 335
100 53
100 65
100 46
100 243
100 80
100 260
100 232
100 31
100 259
100 540
100 108
100 20
100 131
100 11
100 119
100 69
100 158
100 8
100 223
100 193
100 184
100 374
100 354
100 467
100 110
100 283
100 121
100 592
100 201
100 42
100 283
100 827
100 20
100 75
100 1323
100 27
100 4
100 681
100 124
100 62
100 55
100 425
100 224
100 30
100 176
100 99
100 41
100 357
100 38
100 61
100 368
100 21
100 386
100 520
100 145
100 152
100 6
100 191
100 53
100 56
100 626
100 69
100 381
100 195
100 21
100 488
100 79
100 114
100 334
100 321
100 142
100 11
100 439
100 84
100 442
100 53
100 324
100 125
100 24
100 56
100 171
100 275
100 148
100 22
100 100
100 43
100 86
100 12
100 72
100 13
100 231
100 373
100 408
100 27
100 604
100 174
100 505
100 128
100 400
100 83
100 173
100 115
100 241
100 164
100 131
100 67
100 67
100 56
100 109
100 260
100 19
100 1157
100 170
100 1165
100 158
100 314
100 49
100 227
100 9
100 454
100 19
100 191
100 48
100 192
100 94
100 471
100 17
100 473
100 6
100 108
100 71
100 2
100 401
100 225
100 220
100 85
100 40
100 31
100 121
100 33
100 267
100 44
100 627
100 179
100 82
100 146
100 772
100 673
100 662
100 419
100 366
100 16
100 123
100 68
100 137
100 232
100 10
100 274
100 118
100 70
100 661
100 80
100 200
100 300
100 236
100 319
100 163
100 89
100 250
100 344
100 96
100 76
100 81
100 476
100 549
100 313
100 1230
100 15
100 30
100 288
100 206
100 214
100 186
100 118
100 119
100 24
100 102
100 118
100 668
100 77
100 48
100 156
100 55
100 237
100 132
100 128
100 94
100 50
100 155
100 222
100 184
100 243
100 359
100 94
100 501
100 174
100 101
100 353
100 556
100 11
100 215
100 54
100 28
100 101
100 70
100 95
100 50
100 48
100 26
100 190
100 94
100 104
100 27
100 76
100 774
100 40
100 132
100 123
100 1194
100 22
100 79
100 159
100 149
100 213
100 310
100 14
100 103
100 30
100 1
100 179
100 154
100 23
100 29
100 4
100 141
100 64
100 45
100 69
100 242
100 474
100 491
100 563
100 36
100 399
100 5
100 126
100 108
100 16
100 40
100 297
100 40
100 62
100 349
100 47
100 160
100 116
100 23
100 71
100 72
100 160
100 108
100 4
100 152
100 40
100 238
100 141
100 67
100 150
100 67
100 6
100 303
100 478
100 241
100 325
100 16
100 219
100 110
100 673
100 16
100 119
100 116
100 280
100 24
100 30
100 88
100 207
100 372
100 60
100 188
100 164
100 362
100 248
100 141
100 159
100 257
100 48
100 118
100 69
100 508
100 562
100 96
100 106
100 293
100 447
100 136
100 207
100 248
100 19
100 3
100 565
100 123
100 50
100 387
100 218
100 28
100 87
100 459
100 75
100 35
100 73
100 181
100 273
100 16
100 383
100 201
100 259
100 121
100 341
100 142
100 568
100 132
100 25
100 54
100 96
100 106
100 235
100 7
100 236
100 124
100 656
100 46
100 290
100 196
100 7
100 326
100 12
100 28
100 205
100 119
100 143
100 309
100 65
100 20
100 1147
100 57
100 245
100 60
100 44
100 196
100 21
100 41
100 58
100 444
100 496
100 286
100 363
100 171
100 67
100 321
100 53
100 285
100 99
100 92
100 122
100 102
100 243
100 45
100 290
100 237
100 299
100 263
100 364
100 33
100 223
100 81
100 44
100 48
100 313
100 3
100 934
100 4
100 36
100 45
100 109
100 140
100 758
100 127
100 240
100 89
100 101
100 472
100 6
100 11
100 236
100 25
100 90
100 329
100 4
100 61
100 343
100 98
100 285
100 74
100 548
100 48
100 248
100 255
100 100
100 156
100 80
100 69
100 129
100 195
100 393
100 133
100 320
100 298
100 312
100 65
100 139
100 430
100 710
100 113
100 68
100 32
100 236
100 70
100 762
100 422
100 92
100 295
100 283
100 268
100 410
100 155
100 108
100 78
100 98
100 324
100 7
100 133
100 454
100 106
100 175
100 58
100 57
100 428
100 147
100 55
100 34
100 18
100 141
100 14
100 110
100 234
100 141
100 243
100 58
100 124
100 33
100 304
100 57
100 150
100 81
100 107
100 216
100 89
100 34
100 42
100 131
100 27
100 7
100 400
100 244
100 52
100 59
100 94
100 250
100 40
100 488
100 182
100 162
100 307
100 208
100 13
100 878
100 649
100 159
100 7
100 186
100 16
100 231
100 204
100 1740
100 199
100 379
100 22
100 72
100 26
100 48
100 497
100 33
100 288
100 138
100 108
100 96
100 24
100 227
100 154
100 260
100 194
100 99
100 41
100 221
100 561
100 4
100 38
100 79
100 85
100 582
100 113
100 48
100 274
100 232
100 216
100 303
100 18
100 101
100 107
100 38
100 190
100 84
100 174
100 100
100 53
100 325
100 34
100 256
100 160
100 240
100 10
100 218
100 604
100 158
100 193
100 48
100 129
100 36
100 296
100 213
100 212
100 112
100 69
100 64
100 325
100 317
100 154
100 82
100 20
100 136
100 279
100 277
100 153
100 79
100 567
100 66
100 75
100 47
100 234
100 4
100 92
100 40
100 232
100 886
100 486
100 4
100 152
100 39
100 2
100 125
100 32
100 220
100 83
100 161
100 23
100 877
100 167
100 83
100 276
100 326
100 174
100 59
100 385
100 121
100 84
100 238
100 134
100 73
100 1
100 307
100 108
100 46
100 50
100 70
100 33
100 145
100 77
100 318
100 3
100 181
100 105
100 261
100 49
100 3
100 7
100 6
100 122
100 22
100 254
100 388
100 730
100 340
100 225
100 186
100 350
100 45
100 288
100 68
100 21
100 27
100 82
100 128
100 24
100 28
100 126
100 208
100 311
100 200
100 313
100 6
100 160
100 273
100 513
100 181
100 694
100 985
100 122
100 26
100 349
100 161
100 49
100 131
100 242
100 84
100 13
100 7
100 50
100 82
100 587
100 822
100 272
100 166
100 543
100 161
100 0
100 10
100 275
100 272
100 18
100 111
100 301
100 785
100 100
100 18
100 41
100 25
100 28
100 64
100 190
100 713
100 94
100 6
100 43
100 576
100 42
100 506
100 206
100 106
100 19
100 83
100 6
100 293
100 139
100 145
100 29
100 180
100 65
100 39
100 222
100 72
100 132
100 525
100 260
100 63
100 53
100 169
100 44
100 132
100 335
100 192
100 200
100 49
100 190
100 217
100 9
100 482
100 195
100 92
100 371
100 579
100 83
100 588
100 51
100 94
100 273
100 301
100 6
100 495
100 81
100 1
100 381
100 0
100 46
100 206
100 61
100 350
100 431
100 40
100 111
100 116
100 619
100 8
100 212
100 164
100 454
100 88
100 80
100 370
100 167
100 264
100 14
100 158
100 285
100 357
100 13
100 27
100 21
100 291
100 44
100 138
100 138
100 139
100 391
100 19
100 75
100 162
100 274
100 201
100 39
100 281
100 9
100 48
100 24
100 60
100 68
100 5
100 97
100 458
100 33
100 180
100 63
100 86
100 292
100 127
100 1
100 826
100 163
100 271
100 283
100 168
100 530
100 294
100 3
100 20
100 16
100 293
100 286
100 266
100 99
100 215
100 332
100 221
100 17
100 63
100 94
100 32
100 5
100 446
100 73
100 186
100 0
100 276
100 88
100 7
100 419
100 350
100 311
100 154
100 759
100 208
100 140
100 78
100 44
100 34
100 35
100 62
100 261
100 284
100 268
100 113
100 156
100 98
100 163
100 40
100 93
100 372
100 980
100 159
100 10
100 425
100 35
100 654
100 179
100 2
100 133
100 252
100 44
100 48
100 122
100 14
100 102
100 413
100 219
100 408
100 271
100 74
100 75
100 12
100 16
100 245
100 709
100 222
100 31
100 137
100 0
100 368
100 32
100 201
100 54
100 284
100 16
100 555
100 50
100 467
100 104
100 135
100 191
100 37
100 19
100 87
100 6
100 173
100 331
100 38
100 271
100 222
100 204
100 183
100 168
100 286
100 78
100 62
100 97
100 149
100 195
100 13
100 126
100 25
100 429
100 87
100 390
100 331
100 118
100 23
100 48
100 71
100 72
100 70
100 25
100 179
100 181
100 391
100 85
100 137
100 68
100 299
100 54
100 303
100 400
100 7
100 11
100 144
100 289
100 80
100 40
100 119
100 63
100 302
100 19
100 39
100 172
100 384
100 12
100 109
100 159
100 26
100 254
100 334
100 46
100 473
100 140
100 165
100 109
100 115
100 1088
100 66
100 200
100 403
100 133
100 135
100 18
100 79
100 116
100 89
100 182
100 241
100 154
100 17
100 247
100 30
100 49
100 322
100 441
100 28
100 75
100 108
100 202
100 312
100 169
100 807
100 99
100 12
100 242
100 17
100 212
100 422
100 130
100 307
100 329
100 53
100 118
100 338
100 76
100 23
100 121
100 105
100 22
100 62
100 145
100 889
100 260
100 120
100 267
100 8
100 316
100 402
100 56
100 470
100 268
100 166
100 532
100 582
100 39
100 167
100 76
100 46
100 1072
100 473
100 232
100 89
100 332
100 6
100 55
100 33
100 2
100 23
100 3
100 105
100 198
100 14
100 152
100 143
100 70
100 3
100 122
100 42
100 128
100 287
100 114
100 38
100 55
100 29
100 245
100 347
100 133
100 334
100 134
100 59
100 132
100 5
100 137
100 36
100 105
100 582
100 0
100 104
100 295
100 37
100 393
100 20
100 394
100 329
100 88
100 76
100 54
100 283
100 423
100 116
100 22
100 44
100 422
100 167
100 535
100 75
100 2
100 33
100 224
100 200
100 593
100 11
100 280
100 144
100 321
100 162
100 570
100 146
100 53
100 351
100 90
100 6
100 114
100 29
100 148
100 348
100 130
100 100
100 43
100 202
100 220
100 3
100 42
100 75
100 155
100 287
100 154
100 191
100 68
100 25
100 375
100 75
100 322
100 201
100 55
100 48
100 36
100 189
100 200
100 271
100 341
100 151
100 35
100 58
100 126
100 27
100 39
100 82
100 95
100 80
100 62
100 646
100 68
100 170
100 122
100 230
100 179
100 227
100 115
100 67
100 529
100 310
100 60
100 48
100 51
100 46
100 146
100 42
100 38
100 112
100 591
100 163
100 49
100 279
100 79
100 36
100 12
100 870
100 289
100 85
100 322
100 24
100 195
100 195
100 345
100 150
100 84
100 251
100 326
100 104
100 129
100 311
100 22
100 26
100 107
100 135
100 9
100 119
100 98
100 105
100 132
100 226
100 41
100 694
100 230
100 92
100 21
100 99
100 626
100 61
100 422
100 166
100 64
100 169
100 306
100 70
100 136
100 29
100 62
100 546
100 150
100 113
100 49
100 179
100 26
100 59
100 44
100 76
100 17
100 126
100 81
100 20
100 27
100 269
100 293
100 671
100 74
100 228
100 71
100 276
100 7
100 54
100 395
100 172
100 13
100 254
100 88
100 207
100 547
100 110
100 103
100 89
100 195
100 169
100 101
100 643
100 145
100 27
100 24
100 30
100 528
100 207
100 78
100 182
100 36
100 227
100 151
100 62
100 137
100 511
100 24
100 73
100 570
100 356
100 227
100 11
100 46
100 25
100 342
100 37
100 457
100 408
100 4
100 86
100 30
100 63
100 250
100 95
100 220
100 110
100 112
100 71
100 128
100 363
100 45
100 280
100 76
100 119
100 329
100 62
100 268
100 560
100 613
100 417
100 18
100 64
100 419
100 97
100 125
100 54
100 12
100 13
100 127
100 0
100 10
100 383
100 333
100 341
100 258
100 15
100 410
100 68
100 434
100 54
100 87
100 59
100 70
100 289
100 81
100 735
100 20
100 99
100 218
100 51
100 70
100 56
100 423
100 23
100 58
100 218
100 77
100 772
100 72
100 115
100 307
100 188
100 68
100 80
100 41
100 301
100 793
100 71
100 19
100 246
100 48
100 205
100 625
100 18
100 494
100 209
100 320
100 508
100 239
100 301
100 237
100 88
100 237
100 405
100 58
100 333
100 121
100 183
100 65
100 37
100 44
100 212
100 335
100 67
100 118
100 506
100 96
100 163
100 20
100 59
100 171
100 184
100 100
100 71
100 156
100 49
100 128
100 146
100 18
100 12
100 28
100 178
100 48
100 4
100 60
100 127
100 59
100 554
100 13
100 306
100 254
100 34
100 169
100 281
100 78
100 41
100 96
100 53
100 52
100 37
100 88
100 137
100 19
100 372
100 271
100 35
100 108
100 754
100 406
100 108
100 33
100 76
100 589
100 28
100 158
100 349
100 161
100 148
100 721
100 531
100 157
100 91
100 161
100 625
100 224
100 15
100 145
100 460
100 19
100 230
100 27
100 156
100 25
100 190
100 31
100 230
100 163
100 127
100 528
100 227
100 9
100 66
100 167
100 257
100 106
100 51
100 291
100 9
100 35
100 8
100 74
100 217
100 170
100 112
100 57
100 177
100 129
100 189
100 151
100 538
100 95
100 236
100 183
100 92
100 319
100 472
100 77
100 61
100 30
100 1
100 155
100 111
100 61
100 161
100 457
100 106
100 267
100 228
100 2
100 208
100 73
100 113
100 10
100 252
100 4
100 33
100 352
100 71
100 122
100 193
100 405
100 35
100 709
100 24
100 265
100 317
100 57
100 72
100 164
100 12
100 340
100 401
100 273
100 217
100 300
100 450
100 117
100 1093
100 282
100 232
100 14
100 241
100 230
100 34
100 269
100 473
100 192
100 35
100 434
100 240
100 96
100 459
100 427
100 100
100 213
100 1
100 52
100 150
100 551
100 76
100 18
100 147
100 27
100 36
100 67
100 44
100 40
100 7
100 61
100 314
100 222
100 2
100 163
100 114
100 566
100 58
100 107
100 182
100 72
100 18
100 196
100 95
100 78
100 163
100 236
100 11
100 5
100 98
100 33
100 18
100 258
100 549
100 376
100 52
100 314
100 300
100 501
100 428
100 334
100 251
100 149
100 262
100 167
100 67
100 217
100 181
100 73
100 27
100 44
100 51
100 188
100 80
100 346
100 275
100 104
100 31
100 32
100 17
100 283
100 53
100 475
100 459
100 198
100 52
100 636
100 597
100 192
100 93
100 346
100 84
100 827
100 25
100 109
100 300
100 43
100 727
100 82
100 48
100 173
100 90
100 87
100 2
100 60
100 131
100 73
100 213
100 128
100 694
100 36
100 68
100 137
100 302
100 140
100 183
100 47
100 92
100 102
100 42
100 213
100 96
100 114
100 371
100 43
100 36
100 181
100 54
100 304
100 167
100 209
100 96
100 481
100 178
100 117
100 272
100 224
100 10
100 64
100 3
100 406
100 286
100 85
100 26
100 6
100 75
100 42
100 359
100 90
100 32
100 63
100 87
100 88
100 178
100 248
100 151
100 72
100 49
100 293
100 28
100 456
100 2
100 179
100 198
100 133
100 28
100 85
100 12
100 431
100 28
100 4
100 24
100 237
100 61
100 360
100 35
100 22
100 8
100 277
100 293
100 37
100 51
100 401
100 180
100 199
100 476
100 112
100 78
100 204
100 5
100 937
100 228
100 45
100 89
100 304
100 82
100 177
100 469
100 134
100 51
100 28
100 210
100 72
100 185
100 492
100 366
100 138
100 7
100 44
100 157
100 320
100 153
100 345
100 127
100 28
100 15
100 232
100 396
100 24
100 87
100 156
100 198
100 302
100 207
100 3
100 43
100 28
100 451
100 197
100 25
100 567
100 419
100 148
100 27
100 114
100 44
100 233
100 36
100 10
100 116
100 199
100 0
100 97
100 260
100 503
100 87
100 116
100 268
100 89
100 147
100 40
100 180
100 223
100 194
100 360
100 116
100 59
100 1121
100 140
100 70
100 39
100 110
100 140
100 281
100 27
100 6
100 8
100 98
100 116
100 35
100 167
100 744
100 67
100 349
100 123
100 72
100 10
100 171
100 237
100 158
100 106
100 50
100 683
100 65
100 342
100 116
100 56
100 87
100 23
100 443
100 7
100 338
100 155
100 191
100 12
100 375
100 607
100 178
100 80
100 474
100 84
100 393
100 316
100 185
100 78
100 190
100 55
100 105
100 246
100 385
100 295
100 146
100 64
100 501
100 113
100 235
100 184
100 668
100 14
100 293
100 786
100 105
100 101
100 757
100 36
100 12
100 385
100 14
100 56
100 82
100 31
100 152
100 836
100 13
100 36
100 106
100 651
100 206
100 35
100 206
100 93
100 554
100 144
100 18
100 134
100 219
100 64
100 673
100 71
100 30
100 40
100 10
100 64
100 166
100 471
100 118
100 396
100 322
100 271
100 78
100 82
100 128
100 150
100 339
100 524
100 250
100 327
100 201
100 286
100 41
100 460
100 70
100 38
100 39
100 456
100 21
100 1229
100 299
100 219
100 71
100 22
100 11
100 180
100 182
100 924
100 40
100 30
100 4
100 54
100 79
100 144
100 30
100 10
100 171
100 188
100 1
100 414
100 153
100 82
100 151
100 641
100 98
100 14
100 69
100 297
100 47
100 40
100 96
100 595
100 161
100 93
100 30
100 104
100 104
100 123
100 151
100 441
100 546
100 202
100 56
100 259
100 72
100 88
100 228
100 187
100 296
100 108
100 116
100 10
100 130
100 49
100 154
100 176
100 160
100 222
100 432
100 104
100 229
100 18
100 58
100 123
100 191
100 158
100 501
100 58
100 82
100 193
100 344
100 860
100 29
100 45
100 366
100 92
100 181
100 17
100 621
100 22
100 352
100 997
100 254
100 83
100 31
100 44
100 248
100 70
100 192
100 351
100 216
100 137
100 236
100 83
100 112
100 297
100 166
100 76
100 404
100 68
100 455
100 162
100 49
100 281
100 758
100 116
100 258
100 56
100 354
100 32
100 176
100 301
100 18
100 870
100 157
100 20
100 201
100 168
100 139
100 273
100 169
100 224
100 189
100 19
100 363
100 32
100 99
100 36
100 27
100 82
100 10
100 144
100 72
100 44
100 0
100 3
100 46
100 518
100 272
100 361
100 75
100 49
100 2
100 15
100 28
100 193
100 508
100 97
100 209
100 50
100 6
100 576
100 186
100 11
100 618
100 204
100 90
100 48
100 616
100 60
100 99
100 546
100 51
100 226
100 103
100 123
100 415
100 7
100 240
100 221
100 107
100 111
100 49
100 379
100 12
100 271
100 123
100 18
100 73
100 351
100 43
100 313
100 89
100 185
100 31
100 375
100 112
100 173
100 189
100 18
100 10
100 330
100 3
100 39
100 268
100 274
100 20
100 18
100 328
100 55
100 60
100 375
100 91
100 148
100 24
100 117
100 21
100 107
100 128
100 75
100 6
100 998
100 35
100 284
100 116
100 83
100 2
100 263
100 110
100 65
100 149
100 124
100 88
100 96
100 83
100 401
100 491
100 123
100 181
100 61
100 17
100 282
100 361
100 105
100 47
100 20
100 520
100 256
100 33
100 94
100 20
100 425
100 192
100 653
100 306
100 77
100 147
100 300
100 301
100 16
100 11
100 4
100 102
100 169
100 84
100 294
100 683
100 104
100 347
100 15
100 72
100 154
100 9
100 64
100 272
100 541
100 0
100 48
100 148
100 30
100 423
100 206
100 79
100 264
100 13
100 67
100 208
100 57
100 46
100 125
100 145
100 11
100 258
100 14
100 440
100 83
100 179
100 347
100 5
100 37
100 26
100 140
100 45
100 65
100 21
100 788
100 248
100 13
100 50
100 487
100 468
100 59
100 31
100 307
100 181
100 136
100 46
100 408
100 16
100 23
100 133
100 36
100 72
100 92
100 32
100 49
100 173
100 506
100 16
100 53
100 239
100 263
100 76
100 240
100 23
100 438
100 92
100 401
100 56
100 22
100 90
100 524
100 220
100 6
100 546
100 10
100 235
100 43
100 484
100 229
100 14
100 587
100 60
100 102
100 112
100 154
100 3
100 159
100 297
100 24
100 91
100 12
100 271
100 278
100 590
100 29
100 233
100 382
100 592
100 38
100 73
100 62
100 402
100 823
100 137
100 67
100 165
100 320
100 72
100 268
100 86
100 24
100 285
100 42
100 145
100 125
100 107
100 59
100 126
100 13
100 186
100 71
100 94
100 48
100 23
100 35
100 56
100 726
100 7
100 659
100 32
100 167
100 286
100 49
100 55
100 428
100 606
100 220
100 39
100 391
100 93
100 71
100 23
100 322
100 122
100 11
100 234
100 30
100 120
100 408
100 307
100 410
100 60
100 195
100 10
100 35
100 19
100 72
100 5
100 19
100 702
100 106
100 15
100 205
100 166
100 37
100 170
100 209
100 85
100 59
100 275
100 67
100 351
100 102
100 38
100 476
100 55
100 163
100 93
100 40
100 47
100 120
100 799
100 87
100 239
100 229
100 93
100 282
100 65
100 12
100 4
100 118
100 291
100 368
100 219
100 203
100 183
100 591
100 85
100 439
100 47
100 236
100 102
100 48
100 107
100 23
100 89
100 269
100 126
100 264
100 114
100 573
100 4
100 37
100 30
100 0
100 119
100 6
100 579
100 508
100 219
100 27
100 41
100 291
100 46
100 24
100 372
100 229
100 41
100 116
100 67
100 333
100 47
100 245
100 586
100 4
100 110
100 178
100 3
100 23
100 27
100 249
100 95
100 23
100 118
100 353
100 32
100 124
100 20
100 186
100 21
100 70
100 265
100 218
100 98
100 2
100 276
100 324
100 577
100 236
100 92
100 163
100 187
100 59
100 193
100 63
100 51
100 76
100 44
100 7
100 309
100 25
100 113
100 51
100 44
100 22
100 20
100 243
100 31
100 115
100 77
100 448
100 99
100 327
100 160
100 155
100 194
100 216
100 52
100 143
100 81
100 416
100 289
100 128
100 293
100 1
100 15
100 61
100 101
100 16
100 140
100 19
100 321
100 470
100 661
100 69
100 26
100 148
100 68
100 249
100 255
100 212
100 188
100 174
100 47
100 103
100 121
100 65
100 327
100 53
100 168
100 109
100 24
100 121
100 42
100 17
100 464
100 381
100 77
100 182
100 446
100 314
100 133
100 154
100 742
100 201
100 304
100 25
100 118
100 54
100 51
100 131
100 33
100 58
100 61
100 323
100 110
100 481
100 8
100 291
100 268
100 236
100 189
100 107
100 106
100 248
100 316
100 90
100 383
100 145
100 150
100 198
100 428
100 7
100 11
100 125
100 373
100 130
100 362
100 53
100 669
100 154
100 113
100 127
100 458
100 402
100 72
100 225
100 228
100 61
100 211
100 185
100 112
100 120
100 41
100 70
100 123
100 60
100 162
100 74
100 33
100 129
100 62
100 384
100 250
100 30
100 81
100 77
100 665
100 36
100 427
100 281
100 79
100 364
100 87
100 441
100 354
100 47
100 61
100 135
100 1105
100 2
100 198
100 364
100 26
100 106
100 367
100 126
100 370
100 88
100 51
100 248
100 634
100 218
100 156
100 769
100 58
100 20
100 288
100 4
100 96
100 294
100 229
100 62
100 446
100 46
100 9
100 26
100 293
100 90
100 68
100 130
100 514
100 281
100 70
100 101
100 80
100 475
100 76
100 249
100 295
100 5
100 382
100 273
100 177
100 58
100 154
100 138
100 121
100 173
100 218
100 43
100 132
100 97
100 216
100 4
100 185
100 175
100 465
100 87
100 175
100 329
100 241
100 319
100 106
100 217
100 41
100 580
100 521
100 252
100 34
100 256
100 12
100 83
100 123
100 477
100 153
100 581
100 9
100 77
100 97
100 246
100 145
100 682
100 89
100 213
100 9
100 238
100 7
100 64
100 234
100 76
100 41
100 212
100 158
100 85
100 167
100 182
100 94
100 23
100 230
100 231
100 12
100 154
100 232
100 306
100 92
100 176
100 146
100 51
100 69
100 63
100 453
100 9
100 247
100 568
100 74
100 1283
100 0
100 118
100 494
100 29
100 10
100 83
100 69
100 131
100 77
100 326
100 362
100 71
100 25
100 231
100 1
100 197
100 21
100 221
100 218
100 223
100 42
100 90
100 32
100 43
100 277
100 33
100 49
100 16
100 164
100 62
100 124
100 205
100 142
100 21
100 498
100 29
100 152
100 243
100 106
100 95
100 330
100 92
100 59
100 54
100 194
100 35
100 204
100 495
100 101
100 3
100 570
100 131
100 70
100 320
100 2
100 147
100 117
100 119
100 141
100 265
100 28
100 36
100 542
100 173
100 50
100 5
100 11
100 157
100 70
100 64
100 26
100 5
100 50
100 56
100 10
100 16
100 316
100 0
100 19
100 123
100 207
100 523
100 25
100 9
100 99
100 99
100 23
100 74
100 68
100 346
100 2
100 282
100 374
100 169
100 100
100 278
100 156
100 504
100 206
100 129
100 436
100 578
100 787
100 402
100 73
100 69
100 60
100 91
100 89
100 21
100 99
100 83
100 105
100 57
100 120
100 76
100 20
100 57
100 9
100 182
100 41
100 72
100 575
100 185
100 300
100 47
100 42
100 329
100 2
100 313
100 2
100 78
100 306
100 93
100 39
100 142
100 680
100 345
100 489
100 560
100 3
100 33
100 199
100 168
100 2
100 576
100 568
100 117
100 204
100 772
100 12
100 88
100 237
100 406
100 127
100 424
100 264
100 266
100 590
100 388
100 148
100 374
100 26
100 316
100 88
100 217
100 184
100 20
100 45
100 243
100 8
100 7
100 36
100 215
100 40
100 0
100 1
100 458
100 30
100 301
100 263
100 164
100 257
100 41
100 41
100 767
100 100
100 231
100 118
100 162
100 68
100 536
100 122
100 145
100 118
100 176
100 15
100 242
100 122
100 7
100 224
100 74
100 30
100 34
100 23
100 274
100 273
100 109
100 8
100 22
100 12
100 0
100 198
100 143
100 51
100 129
100 22
100 53
100 250
100 317
100 139
100 193
100 240
100 298
100 11
100 38
100 149
100 83
100 30
100 158
100 214
100 153
100 32
100 89
100 155
100 172
100 93
100 214
100 1
100 113
100 194
100 112
100 238
100 8
100 312
100 470
100 266
100 212
100 137
100 63
100 7
100 18
100 60
100 19
100 40
100 177
100 515
100 107
100 524
100 81
100 1
100 84
100 175
100 57
100 113
100 151
100 139
100 126
100 191
100 338
100 189
100 68
100 893
100 273
100 536
100 565
100 223
100 824
100 408
100 302
100 66
100 244
100 16
100 223
100 103
100 421
100 184
100 184
100 100
100 89
100 21
100 128
100 326
100 22
100 288
100 309
100 77
100 218
100 215
100 204
100 150
100 79
100 90
100 37
100 294
100 71
100 242
100 213
100 6
100 70
100 500
100 24
100 26
100 401
100 21
100 51
100 23
100 129
100 51
100 160
100 244
100 169
100 129
100 366
100 219
100 48
100 115
100 26
100 45
100 427
100 235
100 287
100 85
100 822
100 79
100 58
100 240
100 273
100 15
100 167
100 43
100 115
100 492
100 70
100 115
100 103
100 153
100 200
100 62
100 39
100 107
100 234
100 263
100 81
100 64
100 62
100 168
100 195
100 117
100 51
100 59
100 151
100 213
100 695
100 4
100 226
100 38
100 272
100 248
100 170
100 621
100 3
100 92
100 71
100 0
100 273
100 163
100 248
100 390
100 669
100 219
100 248
100 16
100 324
100 269
100 60
100 112
100 3
100 500
100 188
100 98
100 113
100 739
100 95
100 95
100 55
100 47
100 92
100 87
100 1
100 170
100 64
100 122
100 447
100 9
100 61
100 218
100 131
100 90
100 243
100 42
100 22
100 531
100 77
100 523
100 31
100 30
100 102
100 126
100 38
100 92
100 157
100 35
100 308
100 26
100 98
100 97
100 64
100 458
100 4
100 71
100 330
100 188
100 648
100 8
100 123
100 162
100 56
100 72
100 24
100 179
100 216
100 130
100 58
100 42
100 110
100 224
100 2
100 85
100 80
100 837
100 3
100 73
100 168
100 125
100 146
100 499
100 306
100 99
100 465
100 53
100 49
100 136
100 46
100 7
100 294
100 100
100 325
100 653
100 0
100 103
100 125
100 204
100 29
100 171
100 62
100 665
100 77
100 295
100 272
100 211
100 10
100 605
100 106
100 20
100 7
100 267
100 204
100 125
100 435
100 152
100 168
100 334
100 3
100 186
100 26
100 52
100 361
100 65
100 41
100 192
100 142
100 525
100 265
100 297
100 56
100 34
100 345
100 81
100 49
100 135
100 135
100 132
100 225
100 4
100 160
100 109
100 764
100 633
100 192
100 89
100 86
100 54
100 198
100 273
100 216
100 5
100 65
100 149
100 55
100 149
100 23
100 144
100 197
100 534
100 23
100 201
100 54
100 35
100 202
100 202
100 93
100 509
100 405
100 284
100 653
100 80
100 73
100 196
100 38
100 105
100 278
100 229
100 497
100 305
100 79
100 33
100 117
100 169
100 18
100 72
100 285
100 249
100 205
100 283
100 41
100 50
100 3
100 318
100 13
100 107
100 256
100 47
100 117
100 168
100 142
100 281
100 850
100 240
100 535
100 29
100 241
100 564
100 113
100 269
100 10
100 24
100 278
100 93
100 424
100 85
100 9
100 65
100 286
100 55
100 277
100 553
100 23
100 229
100 40
100 229
100 204
100 376
100 211
100 319
100 203
100 228
100 63
100 393
100 82
100 22
100 21
100 45
100 161
100 166
100 52
100 128
100 274
100 61
100 303
100 71
100 377
100 267
100 347
100 80
100 102
100 157
100 98
100 38
100 488
100 295
100 19
100 427
100 91
100 86
100 114
100 60
100 11
100 10
100 140
100 31
100 106
100 48
100 250
100 41
100 27
100 150
100 161
100 44
100 57
100 179
100 100
100 239
100 65
100 128
100 269
100 86
100 162
100 35
100 3
100 129
100 1
100 116
100 31
100 95
100 203
100 112
100 154
100 337
100 233
100 83
100 154
100 186
100 68
100 14
100 700
100 1032
100 71
100 69
100 34
100 133
100 90
100 417
100 157
100 56
100 16
100 276
100 83
100 353
100 19
100 16
100 444
100 72
100 318
100 1098
100 97
100 253
100 34
100 550
100 349
100 106
100 445
100 46
100 219
100 140
100 295
100 32
100 30
100 56
100 122
100 207
100 65
100 122
100 201
100 169
100 10
100 84
100 31
100 455
100 41
100 27
100 70
100 5
100 10
100 134
100 732
100 53
100 21
100 144
100 443
100 71
100 266
100 13
100 169
100 22
100 278
100 87
100 17
100 64
100 318
100 297
100 27
100 442
100 41
100 225
100 51
100 14
100 11
100 6
100 309
100 634
100 26
100 135
100 26
100 70
100 224
100 484
100 96
100 177
100 116
100 31
100 323
100 48
100 199
100 213
100 498
100 20
100 129
100 86
100 81
100 104
100 48
100 60
100 61
100 218
100 178
100 154
100 66
100 107
100 65
100 367
100 42
100 491
100 335
100 147
100 62
100 0
100 248
100 18
100 428
100 159
100 56
100 1185
100 323
100 69
100 109
100 57
100 74
100 97
100 65
100 120
100 39
100 201
100 154
100 98
100 121
100 613
100 148
100 46
100 20
100 56
100 225
100 135
100 146
100 0
100 466
100 338
100 247
100 291
100 333
100 425
100 232
100 127
100 15
100 206
100 29
100 305
100 165
100 224
100 118
100 68
100 453
100 25
100 5
100 159
100 96
100 53
100 72
100 42
100 1
100 174
100 87
100 176
100 17
100 582
100 304
100 189
100 78
100 35
100 136
100 144
100 23
100 253
100 166
100 115
100 37
100 80
100 82
100 12
100 19
100 100
100 296
100 19
100 395
100 155
100 6
100 17
100 259
100 232
100 234
100 444
100 2
100 188
100 27
100 49
100 148
100 75
100 5
100 120
100 543
100 38
100 216
100 249
100 71
100 100
100 120
100 483
100 27
100 225
100 156
100 537
100 308
100 13
100 47
100 27
100 118
100 217
100 78
100 138
100 776
100 142
100 110
100 453
100 10
100 397
100 72
100 158
100 204
100 1
100 39
100 66
100 567
100 425
100 21
100 207
100 281
100 371
100 273
100 100
100 130
100 91
100 1
100 82
100 11
100 77
100 256
100 287
100 127
100 52
100 68
100 79
100 107
100 47
100 17
100 180
100 410
100 172
100 18
100 129
100 46
100 84
100 87
100 15
100 122
100 53
100 23
100 35
100 279
100 257
100 630
100 350
100 68
100 688
100 95
100 92
100 0
100 139
100 53
100 141
100 28
100 33
100 749
100 193
100 59
100 217
100 293
100 355
100 446
100 196
100 332
100 163
100 365
100 267
100 102
100 80
100 369
100 405
100 54
100 355
100 236
100 0
100 149
100 145
100 62
100 79
100 42
100 383
100 121
100 103
100 34
100 2
100 116
100 221
100 16
100 111
100 13
100 93
100 49
100 2
100 259
100 264
100 209
100 39
100 103
100 40
100 407
100 27
100 89
100 136
100 32
100 293
100 30
100 3
100 43
100 44
100 162
100 43
100 359
100 8
100 98
100 33
100 485
100 115
100 113
100 135
100 325
100 278
100 521
100 103
100 95
100 230
100 19
100 15
100 19
100 18
100 410
100 496
100 782
100 13
100 108
100 59
100 350
100 254
100 10
100 373
100 394
100 109
100 314
100 111
100 432
100 60
100 258
100 421
100 567
100 26
100 141
100 150
100 428
100 66
100 204
100 40
100 61
100 270
100 290
100 303
100 829
100 659
100 140
100 11
100 217
100 131
100 88
100 149
100 130
100 92
100 376
100 3
100 419
100 95
100 43
100 80
100 23
100 114
100 350
100 284
100 30
100 46
100 249
100 105
100 101
100 38
100 85
100 49
100 136
100 165
100 344
100 40
100 47
100 371
100 1169
100 686
100 49
100 426
100 70
100 307
100 432
100 27
100 41
100 186
100 47
100 272
100 111
100 158
100 6
100 159
100 16
100 71
100 12
100 139
100 81
100 282
100 206
100 207
100 88
100 333
100 661
100 68
100 29
100 250
100 134
100 11
100 186
100 67
100 74
100 232
100 523
100 138
100 26
100 264
100 94
100 529
100 31
100 103
100 29
100 0
100 134
100 15
100 39
100 101
100 237
100 4
100 379
100 602
100 388
100 217
100 788
100 119
100 612
100 177
100 378
100 260
100 102
100 664
100 708
100 99
100 225
100 106
100 410
100 55
100 172
100 277
100 86
100 210
100 40
100 4
100 272
100 366
100 336
100 491
100 108
100 5
100 428
100 80
100 168
100 2
100 35
100 361
100 451
100 43
100 242
100 366
100 0
100 106
100 181
100 4
100 10
100 124
100 233
100 479
100 36
100 204
100 174
100 163
100 232
100 110
100 127
100 385
100 48
100 166
100 41
100 472
100 8
100 19
100 224
100 107
100 42
100 246
100 43
100 54
100 213
100 345
100 64
100 254
100 128
100 143
100 483
100 65
100 69
100 23
100 191
100 175
100 5
100 58
100 72
100 317
100 36
100 375
100 111
100 118
100 137
100 262
100 79
100 244
100 112
100 128
100 190
100 131
100 4
100 114
100 241
100 317
100 246
100 9
100 417
100 300
100 51
100 92
100 125
100 117
100 139
100 625
100 19
100 72
100 99
100 159
100 46
100 26
100 127
100 270
100 519
100 372
100 159
100 174
100 339
100 145
100 105
100 91
100 406
100 325
100 287
100 96
100 7
100 314
100 51
100 29
100 356
100 357
100 304
100 139
100 38
100 64
100 166
100 260
100 52
100 293
100 159
100 62
100 99
100 147
100 23
100 166
100 276
100 185
100 116
100 163
100 482
100 425
100 347
100 128
100 145
100 86
100 162
100 161
100 22
100 778
100 31
100 44
100 117
100 223
100 81
100 54
100 366
100 145
100 95
100 138
100 1192
100 135
100 108
100 49
100 404
100 52
100 172
100 4
100 277
100 201
100 78
100 49
100 501
100 284
100 50
100 38
100 254
100 226
100 407
100 19
100 5
100 127
100 562
100 17
100 361
100 173
100 130
100 471
100 257
100 67
100 14
100 84
100 26
100 217
100 24
100 136
100 51
100 562
100 106
100 55
100 24
100 58
100 108
100 121
100 87
100 81
100 34
100 280
100 617
100 11
100 15
100 743
100 294
100 168
100 104
100 31
100 94
100 143
100 81
100 9
100 390
100 37
100 342
100 203
100 213
100 47
100 1
100 246
100 65
100 60
100 204
100 252
100 675
100 206
100 83
100 424
100 146
100 613
100 198
100 203
100 56
100 263
100 206
100 66
100 308
100 189
100 349
100 52
100 117
100 34
100 9
100 576
100 145
100 4
100 352
100 243
100 59
100 224
100 117
100 326
100 35
100 110
100 257
100 201
100 85
100 92
100 170
100 170
100 166
100 118
100 102
100 33
100 109
100 61
100 120
100 164
100 88
100 89
100 51
100 195
100 285
100 292
100 13
100 194
100 54
100 137
100 150
100 85
100 43
100 56
100 294
100 48
100 118
100 206
100 7
100 118
100 56
100 159
100 117
100 471
100 18
100 876
100 120
100 33
100 354
100 57
100 351
100 191
100 6
100 85
100 285
100 136
100 230
100 168
100 238
100 519
100 75
100 538
100 334
100 99
100 546
100 172
100 80
100 61
100 47
100 1
100 385
100 379
100 243
100 42
100 130
100 29
100 225
100 203
100 223
100 155
100 223
100 1097
100 110
100 76
100 289
100 436
100 69
100 47
100 46
100 359
100 175
100 714
100 103
100 104
100 145
100 605
100 197
100 96
100 120
100 257
100 505
100 380
100 625
100 81
100 119
100 116
100 210
100 213
100 2
100 62
100 21
100 110
100 217
100 87
100 84
100 205
100 228
100 105
100 206
100 60
100 30
100 99
100 108
100 176
100 111
100 182
100 76
100 35
100 7
100 49
100 126
100 10
100 10
100 130
100 304
100 150
100 685
100 5
100 150
100 236
100 232
100 149
100 62
100 189
100 406
100 135
100 84
100 97
100 57
100 115
100 579
100 190
100 282
100 27
100 203
100 122
100 30
100 299
100 70
100 90
100 358
100 127
100 310
100 44
100 185
100 137
100 21
100 225
100 191
100 44
100 74
100 279
100 152
100 216
100 304
100 63
100 496
100 297
100 5
100 44
100 269
100 62
100 102
100 330
100 94
100 91
100 214
100 35
100 52
100 165
100 326
100 145
100 352
100 25
100 10
100 62
100 157
100 24
100 46
100 138
100 168
100 490
100 208
100 166
100 22
100 199
100 109
100 202
100 90
100 781
100 434
100 18
100 644
100 136
100 3
100 55
100 38
100 75
100 10
100 1
100 74
100 403
100 208
100 27
100 196
100 225
100 93
100 465
100 150
100 537
100 146
100 220
100 52
100 422
100 251
100 177
100 53
100 58
100 26
100 26
100 412
100 41
100 99
100 311
100 173
100 346
100 129
100 24
100 310
100 80
100 175
100 115
100 478
100 401
100 205
100 90
100 39
100 466
100 103
100 84
100 40
100 342
100 138
100 90
100 211
100 95
100 316
100 261
100 159
100 245
100 30
100 452
100 264
100 288
100 43
100 26
100 403
100 475
100 641
100 110
100 103
100 105
100 280
100 84
100 411
100 29
100 67
100 91
100 642
100 12
100 28
100 217
100 4
100 93
100 70
100 71
100 36
100 108
100 70
100 315
100 347
100 57
100 562
100 139
100 633
100 87
100 207
100 354
100 145
100 19
100 51
100 1
100 104
100 203
100 358
100 35
100 540
100 162
100 30
100 64
100 213
100 149
100 232
100 324
100 125
100 152
100 119
100 66
100 195
100 106
100 192
100 475
100 405
100 37
100 4
100 16
100 6
100 113
100 255
100 11
100 87
100 327
100 261
100 369
100 145
100 143
100 214
100 10
100 84
100 58
100 71
100 259
100 31
100 65
100 20
100 233
100 40
100 50
100 6
100 137
100 266
100 193
100 30
100 46
100 97
100 212
100 544
100 442
100 280
100 112
100 11
100 104
100 238
100 95
100 139
100 86
100 28
100 163
100 115
100 160
100 456
100 567
100 52
100 6
100 147
100 374
100 117
100 34
100 2
100 83
100 269
100 568
100 246
100 421
100 400
100 106
100 360
100 294
100 97
100 362
100 44
100 94
100 654
100 122
100 136
100 244
100 108
100 35
100 132
100 343
100 223
100 3
100 630
100 216
100 41
100 93
100 105
100 100
100 53
100 350
100 6
100 118
100 39
100 571
100 165
100 64
100 152
100 22
100 133
100 263
100 66
100 111
100 29
100 580
100 38
100 31
100 105
100 112
100 210
100 52
100 179
100 66
100 57
100 67
100 153
100 203
100 93
100 199
100 61
100 28
100 246
100 5
100 45
100 189
100 63
100 345
100 56
100 198
100 107
100 42
100 84
100 74
100 317
100 94
100 104
100 8
100 168
100 31
100 38
100 534
100 36
100 194
100 352
100 114
100 13
100 263
100 83
100 122
100 83
100 67
100 388
100 325
100 331
100 5
100 255
100 158
100 62
100 138
100 457
100 618
100 74
100 170
100 2
100 47
100 18
100 302
100 53
100 16
100 2
100 304
100 36
100 395
100 843
100 6
100 382
100 159
100 66
100 705
100 92
100 46
100 179
100 13
100 80
100 73
100 22
100 44
100 28
100 68
100 294
100 600
100 218
100 17
100 160
100 131
100 19
100 321
100 17
100 151
100 22
100 260
100 42
100 60
100 95
100 189
100 28
100 82
100 188
100 12
100 508
100 552
100 642
100 259
100 146
100 311
100 195
100 190
100 47
100 55
100 856
100 37
100 207
100 133
100 27
100 62
100 130
100 6
100 537
100 13
100 18
100 23
100 24
100 87
100 292
100 328
100 23
100 82
100 19
100 778
100 19
100 100
100 193
100 108
100 163
100 271
100 136
100 200
100 44
100 35
100 50
100 324
100 686
100 11
100 101
100 6
100 30
100 83
100 229
100 255
100 227
100 158
100 83
100 47
100 62
100 2
100 456
100 187
100 359
100 239
100 237
100 52
100 281
100 296
100 46
100 200
100 268
100 243
100 202
100 188
100 20
100 252
100 77
100 2
100 8
100 13
100 216
100 473
100 46
100 122
100 72
100 281
100 60
100 464
100 458
100 31
100 8
100 94
100 42
100 74
100 315
100 133
100 19
100 27
100 294
100 227
100 337
100 140
100 245
100 383
100 38
100 385
100 34
100 73
100 155
100 216
100 191
100 108
100 397
100 45
100 234
100 59
100 47
100 69
100 67
100 34
100 262
100 33
100 57
100 899
100 14
100 125
100 20
100 415
100 414
100 12
100 301
100 132
100 267
100 219
100 41
100 42
100 394
100 185
100 306
100 91
100 116
100 200
100 466
100 211
100 483
100 222
100 49
100 145
100 38
100 57
100 47
100 304
100 80
100 146
100 114
100 8
100 222
100 82
100 27
100 52
100 503
100 6
100 48
100 147
100 337
100 31
100 163
100 127
100 246
100 619
100 255
100 566
100 47
100 35
100 0
100 54
100 297
100 128
100 126
100 4
100 38
100 84
100 299
100 244
100 124
100 46
100 273
100 85
100 288
100 263
100 199
100 157
100 216
100 318
100 97
100 128
100 191
100 406
100 170
100 454
100 424
100 137
100 371
100 201
100 41
100 147
100 31
100 113
100 246
100 0
100 171
100 15
100 122
100 94
100 313
100 9
100 218
100 287
100 66
100 243
100 9
100 1
100 170
100 178
100 73
100 126
100 53
100 610
100 44
100 38
100 76
100 98
100 180
100 216
100 306
100 249
100 29
100 87
100 155
100 614
100 104
100 382
100 61
100 82
100 313
100 49
100 453
100 388
100 118
100 91
100 205
100 214
100 157
100 74
100 14
100 134
100 19
100 379
100 316
100 124
100 260
100 321
100 825
100 111
100 227
100 31
100 19
100 101
100 433
100 187
100 108
100 38
100 59
100 100
100 236
100 693
100 28
100 17
100 50
100 323
100 60
100 67
100 531
100 266
100 268
100 196
100 189
100 43
100 47
100 67
100 182
100 175
100 218
100 10
100 280
100 93
100 29
100 211
100 16
100 110
100 59
100 31
100 145
100 37
100 469
100 361
100 413
100 29
100 274
100 72
100 263
100 21
100 45
100 100
100 31
100 156
100 369
100 354
100 72
100 193
100 499
100 90
100 152
100 29
100 91
100 117
100 29
100 231
100 274
100 45
100 29
100 528
100 52
100 149
100 118
100 33
100 61
100 470
100 440
100 700
100 70
100 54
100 54
100 63
100 241
100 170
100 318
100 238
100 462
100 263
100 28
100 526
100 43
100 183
100 445
100 189
100 68
100 163
100 238
100 80
100 27
100 61
100 132
100 276
100 12
100 280
100 95
100 127
100 31
100 34
100 138
100 0
100 154
100 416
100 425
100 86
100 281
100 259
100 42
100 475
100 519
100 101
100 68
100 108
100 23
100 254
100 74
100 1258
100 187
100 278
100 5
100 90
100 729
100 170
100 20
100 64
100 664
100 74
100 58
100 209
100 120
100 4
100 10
100 292
100 87
100 228
100 62
100 270
100 123
100 163
100 306
100 144
100 2
100 179
100 349
100 451
100 54
100 342
100 463
100 189
100 71
100 161
100 702
100 149
100 277
100 68
100 73
100 77
100 284
100 62
100 2
100 34
100 185
100 71
100 148
100 748
100 68
100 368
100 47
100 39
100 163
100 276
100 716
100 341
100 126
100 61
100 162
100 270
100 275
100 513
100 44
100 572
100 108
100 53
100 327
100 49
100 164
100 84
100 517
100 659
100 108
100 439
100 147
100 321
100 5
100 238
100 103
100 34
100 113
100 96
100 455
100 55
100 16
100 405
100 16
100 11
100 365
100 88
100 323
100 28
100 102
100 25
100 386
100 6
100 162
100 91
100 198
100 202
100 90
100 317
100 375
100 60
100 256
100 85
100 532
100 12
100 38
100 155
100 214
100 136
100 278
100 138
100 4
100 225
100 621
100 58
100 214
100 56
100 69
100 81
100 355
100 162
100 8
100 15
100 219
100 76
100 444
100 146
100 105
100 419
100 263
100 94
100 243
100 161
100 50
100 278
100 17
100 495
100 46
100 334
100 192
100 21
100 30
100 175
100 16
100 895
100 356
100 290
100 146
100 154
100 205
100 359
100 46
100 280
100 25
100 58
100 644
100 145
100 106
100 194
100 447
100 63
100 22
100 348
100 150
100 87
100 2
100 131
100 210
100 3
100 247
100 23
100 67
100 149
100 119
100 150
100 190
100 127
100 283
100 144
100 60
100 32
100 143
100 79
100 338
100 416
100 134
100 36
100 25
100 17
100 123
100 68
100 4
100 211
100 56
100 192
100 256
100 416
100 392
100 197
100 229
100 23
100 173
100 194
100 218
100 4
100 153
100 10
100 26
100 37
100 250
100 319
100 324
100 369
100 88
100 199
100 95
100 126
100 42
100 78
100 217
100 137
100 318
100 372
100 61
100 150
100 99
100 350
100 336
100 126
100 83
100 256
100 436
100 19
100 136
100 135
100 658
100 75
100 205
100 58
100 12
100 270
100 526
100 8
100 606
100 34
100 134
100 2
100 55
100 3
100 250
100 225
100 11
100 1
100 225
100 204
100 24
100 44
100 195
100 244
100 413
100 348
100 62
100 165
100 142
100 142
100 87
100 11
100 110
100 22
100 299
100 124
100 9
100 163
100 652
100 268
100 75
100 115
100 39
100 128
100 233
100 516
100 210
100 155
100 27
100 193
100 22
100 111
100 251
100 100
100 868
100 624
100 88
100 122
100 145
100 27
100 80
100 692
100 51
100 49
100 15
100 264
100 31
100 464
100 765
100 73
100 308
100 45
100 363
100 17
100 1040
100 354
100 24
100 268
100 139
100 69
100 107
100 67
100 0
100 817
100 71
100 99
100 49
100 165
100 564
100 251
100 114
100 97
100 148
100 40
100 230
100 0
100 194
100 138
100 193
100 498
100 64
100 114
100 27
100 126
100 546
100 110
100 20
100 12
100 755
100 823
100 68
100 162
100 630
100 125
100 258
100 346
100 162
100 65
100 143
100 168
100 6
100 122
100 334
100 827
100 21
100 2
100 363
100 104
100 151
100 14
100 205
100 68
100 664
100 478
100 355
100 128
100 137
100 222
100 6
100 265
100 48
100 222
100 187
100 170
100 343
100 28
100 80
100 124
100 145
100 65
100 76
100 231
100 27
100 1076
100 362
100 300
100 318
100 55
100 162
100 323
100 387
100 254
100 73
100 186
100 14
100 8
100 77
100 436
100 176
100 250
100 100
100 181
100 24
100 144
100 130
100 4
100 520
100 584
100 134
100 95
100 319
100 82
100 390
100 37
100 361
100 352
100 90
100 248
100 134
100 66
100 225
100 332
100 106
100 260
100 181
100 72
100 27
100 294
100 210
100 191
100 258
100 294
100 99
100 68
100 85
100 292
100 107
100 229
100 22
100 28
100 0
100 150
100 111
100 37
100 57
100 320
100 27
100 83
100 65
100 57
100 79
100 9
100 321
100 64
100 85
100 16
100 53
100 27
100 64
100 34
100 57
100 308
100 208
100 8
100 138
100 64
100 80
100 371
100 50
100 228
100 75
100 28
100 78
100 42
100 983
100 95
100 204
100 26
100 828
100 5
100 207
100 19
100 114
100 90
100 53
100 180
100 40
100 278
100 111
100 108
100 49
100 89
100 24
100 823
100 220
100 21
100 35
100 181
100 180
100 122
100 349
100 197
100 246
100 41
100 180
100 479
100 164
100 92
100 94
100 23
100 114
100 27
100 8
100 312
100 71
100 37
100 114
100 376
100 388
100 314
100 123
100 26
100 63
100 40
100 114
100 220
100 72
100 71
100 72
100 80
100 699
100 273
100 62
100 226
100 140
100 308
100 188
100 310
100 477
100 160
100 139
100 3
100 61
100 48
100 274
100 167
100 428
100 149
100 56
100 129
100 338
100 136
100 140
100 119
100 189
100 498
100 320
100 69
100 152
100 66
100 433
100 14
100 223
100 34
100 71
100 26
100 100
100 561
100 789
100 11
100 197
100 37
100 79
100 16
100 33
100 63
100 159
100 166
100 148
100 182
100 17
100 27
100 167
100 39
100 494
100 431
100 160
100 101
100 431
100 98
100 11
100 232
100 148
100 120
100 36
100 24
100 187
100 341
100 53
100 176
100 275
100 418
100 79
100 385
100 119
100 77
100 3
100 96
100 171
100 13
100 54
100 49
100 168
100 195
100 20
100 10
100 160
100 81
100 59
100 364
100 99
100 29
100 75
100 38
100 486
100 16
100 164
100 72
100 239
100 165
100 3
100 12
100 138
100 829
100 82
100 11
100 209
100 172
100 21
100 4
100 130
100 108
100 16
100 227
100 4
100 329
100 179
100 152
100 787
100 67
100 122
100 39
100 166
100 50
100 379
100 105
100 320
100 324
100 2
100 251
100 499
100 162
100 280
100 32
100 80
100 20
100 113
100 665
100 42
100 54
100 229
100 371
100 661
100 136
100 16
100 25
100 29
100 103
100 56
100 990
100 74
100 127
100 40
100 852
100 24
100 257
100 97
100 294
100 7
100 40
100 136
100 28
100 107
100 166
100 22
100 26
100 251
100 85
100 48
100 73
100 470
100 40
100 8
100 120
100 48
100 177
100 52
100 90
100 20
100 387
100 94
100 23
100 62
100 105
100 103
100 101
100 2123
100 16
100 34
100 186
100 239
100 249
100 261
100 176
100 73
100 137
100 222
100 76
100 235
100 160
100 379
100 38
100 263
100 22
100 36
100 24
100 335
100 25
100 116
100 187
100 74
100 23
100 12
100 537
100 9
100 175
100 143
100 16
100 306
100 43
100 136
100 174
100 384
100 500
100 319
100 129
100 258
100 310
100 199
100 244
100 174
100 10
100 115
100 70
100 668
100 228
100 351
100 81
100 383
100 224
100 240
100 616
100 28
100 314
100 123
100 103
100 512
100 11
100 6
100 131
100 187
100 5
100 217
100 2
100 1
100 384
100 18
100 458
100 610
100 185
100 181
100 572
100 42
100 97
100 232
100 267
100 221
100 90
100 115
100 133
100 35
100 157
100 67
100 92
100 14
100 128
100 29
100 348
100 217
100 81
100 175
100 46
100 292
100 19
100 264
100 112
100 232
100 140
100 98
100 55
100 596
100 37
100 59
100 166
100 109
100 197
100 558
100 20
100 629
100 51
100 48
100 564
100 135
100 7
100 154
100 51
100 271
100 184
100 208
100 24
100 34
100 33
100 16
100 92
100 29
100 398
100 28
100 218
100 220
100 99
100 168
100 35
100 42
100 214
100 321
100 511
100 81
100 11
100 84
100 140
100 121
100 148
100 370
100 40
100 289
100 46
100 202
100 804
100 63
100 5
100 14
100 173
100 4
100 0
100 237
100 55
100 20
100 322
100 14
100 281
100 454
100 158
100 105
100 88
100 6
100 28
100 29
100 236
100 32
100 103
100 15
100 77
100 47
100 223
100 14
100 356
100 21
100 69
100 78
100 155
100 356
100 111
100 15
100 260
100 330
100 117
100 173
100 52
100 24
100 409
100 19
100 37
100 133
100 29
100 488
100 16
100 62
100 87
100 64
100 78
100 75
100 246
100 132
100 300
100 38
100 134
100 45
100 64
100 1
100 5
100 42
100 353
100 270
100 153
100 17
100 212
100 230
100 90
100 157
100 373
100 829
100 352
100 213
100 114
100 156
100 61
100 86
100 158
100 199
100 31
100 40
100 2
100 32
100 52
100 171
100 61
100 9
100 146
100 73
100 120
100 287
100 41
100 442
100 114
100 422
100 544
100 27
100 72
100 81
100 230
100 3
100 116
100 217
100 11
100 139
100 5
100 41
100 174
100 118
100 11
100 346
100 104
100 73
100 296
100 97
100 475
100 50
100 606
100 33
100 201
100 164
100 1606
100 47
100 156
100 50
100 90
100 23
100 152
100 63
100 28
100 429
100 173
100 285
100 438
100 28
100 419
100 31
100 250
100 177
100 116
100 193
100 92
100 196
100 860
100 202
100 91
100 279
100 163
100 975
100 110
100 353
100 299
100 762
100 19
100 302
100 878
100 26
100 162
100 595
100 65
100 164
100 67
100 49
100 220
100 161
100 75
100 262
100 217
100 4
100 646
100 589
100 70
100 25
100 110
100 188
100 381
100 819
100 9
100 314
100 134
100 633
100 316
100 134
100 394
100 266
100 245
100 94
100 239
100 4
100 89
100 194
100 115
100 260
100 75
100 444
100 135
100 15
100 180
100 754
100 94
100 77
100 145
100 39
100 451
100 227
100 279
100 161
100 67
100 382
100 112
100 9
100 27
100 675
100 203
100 200
100 16
100 213
100 182
100 123
100 242
100 18
100 130
100 42
100 436
100 37
100 249
100 15
100 14
100 35
100 81
100 57
100 508
100 226
100 9
100 91
100 478
100 985
100 23
100 16
100 59
100 95
100 66
100 231
100 927
100 269
100 194
100 63
100 195
100 73
100 116
100 228
100 10
100 103
100 38
100 83
100 719
100 136
100 203
100 118
100 32
100 101
100 23
100 277
100 87
100 556
100 95
100 132
100 374
100 66
100 251
100 77
100 60
100 180
100 178
100 64
100 49
100 130
100 126
100 57
100 305
100 45
100 39
100 529
100 211
100 153
100 282
100 142
100 786
100 27
100 107
100 149
100 55
100 75
100 357
100 289
100 34
100 45
100 12
100 18
100 37
100 103
100 37
100 53
100 54
100 52
100 103
100 20
100 57
100 133
100 276
100 91
100 77
100 66
100 50
100 10
100 97
100 20
100 185
100 195
100 209
100 212
100 15
100 29
100 61
100 124
100 460
100 18
100 136
100 130
100 228
100 189
100 44
100 82
100 173
100 17
100 257
100 250
100 15
100 211
100 220
100 176
100 427
100 440
100 48
100 558
100 22
100 36
100 528
100 237
100 89
100 302
100 134
100 180
100 13
100 258
100 243
100 44
100 59
100 166
100 15
100 139
100 47
100 342
100 70
100 183
100 26
100 2
100 30
100 242
100 80
100 184
100 244
100 47
100 154
100 184
100 183
100 63
100 559
100 36
100 332
100 125
100 1
100 125
100 527
100 348
100 80
100 18
100 60
100 76
100 89
100 263
100 92
100 17
100 278
100 61
100 198
100 102
100 401
100 6
100 202
100 72
100 56
100 87
100 202
100 218
100 68
100 74
100 87
100 48
100 89
100 76
100 299
100 62
100 173
100 200
100 158
100 130
100 272
100 95
100 39
100 25
100 267
100 200
100 53
100 76
100 461
100 89
100 89
100 216
100 151
100 270
100 110
100 22
100 603
100 114
100 853
100 76
100 277
100 54
100 502
100 113
100 53
100 139
100 338
100 145
100 47
100 30
100 167
100 218
100 11
100 51
100 118
100 300
100 232
100 253
100 92
100 215
100 87
100 271
100 3
100 76
100 116
100 75
100 117
100 55
100 0
100 29
100 111
100 497
100 2
100 172
100 202
100 922
100 59
100 11
100 301
100 3
100 57
100 4
100 129
100 34
100 105
100 138
100 173
100 43
100 568
100 261
100 38
100 27
100 410
100 483
100 4
100 272
100 62
100 253
100 63
100 476
100 8
100 13
100 14
100 47
100 63
100 798
100 55
100 246
100 381
100 18
100 142
100 38
100 68
100 51
100 1165
100 25
100 351
100 309
100 0
100 30
100 6
100 392
100 22
100 105
100 20
100 149
100 35
100 155
100 295
100 29
100 86
100 130
100 546
100 326
100 139
100 65
100 7
100 163
100 452
100 952
100 5
100 142
100 199
100 52
100 9
100 36
100 85
100 290
100 69
100 31
100 843
100 12
100 232
100 57
100 286
100 420
100 93
100 553
100 4
100 434
100 334
100 180
100 47
100 133
100 317
100 528
100 42
100 215
100 247
100 49
100 152
100 312
100 0
100 2
100 105
100 321
100 454
100 131
100 312
100 48
100 91
100 306
100 13
100 159
100 256
100 135
100 211
100 259
100 8
100 120
100 206
100 45
100 138
100 12
100 753
100 68
100 63
100 121
100 383
100 31
100 21
100 17
100 421
100 56
100 379
100 287
100 60
100 311
100 64
100 196
100 107
100 96
100 55
100 164
100 86
100 5
100 75
100 6
100 11
100 522
100 267
