100 467
100 36
100 972
100 570
100 1313
100 125
100 137
100 639
100 3453
100 4750
100 1960
100 5457
100 36
100 544
100 1027
100 2352
100 1889
100 409
100 2953
100 848
100 2110
100 1152
100 1062
100 961
100 32
100 2342
100 2451
100 283
100 2422
100 1377
100 1777
100 555
100 4983
100 1233
100 1622
100 723
100 1352
100 469
100 68
100 2897
100 4274
100 190
100 1600
100 97
100 633
100 697
100 8
100 89
100 375
100 1751
100 365
100 1881
100 1994
100 316
100 394
100 2198
100 1479
100 2452
100 421
100 112
100 227
100 362
100 95
100 420
100 1210
100 4088
100 1562
100 586
100 673
100 2432
100 886
100 2840
100 431
100 1203
100 1153
100 1481
100 26
100 7
100 622
100 1181
100 1197
100 887
100 2484
100 895
100 1225
100 1489
100 456
100 712
100 660
100 2330
100 1601
100 564
100 1594
100 1153
100 1349
100 1666
100 1813
100 1410
100 3056
100 427
100 3534
100 5524
100 191
100 2660
100 1984
100 71
100 3840
100 138
100 1510
100 352
100 480
100 2900
100 1809
100 49
100 5745
100 2608
100 2877
100 827
100 1174
100 905
100 407
100 717
100 740
100 1192
100 270
100 1491
100 703
100 1460
100 334
100 2960
100 3718
100 931
100 3872
100 2432
100 14
100 6273
100 3397
100 719
100 2936
100 591
100 2090
100 803
100 793
100 1825
100 150
100 5664
100 2052
100 3635
100 393
100 438
100 2352
100 279
100 129
100 609
100 215
100 4649
100 1569
100 624
100 426
100 3304
100 3063
100 1361
100 1578
100 135
100 91
100 122
100 3919
100 1922
100 0
100 3139
100 7405
100 1011
100 2219
100 1329
100 1748
100 1481
100 5974
100 406
100 691
100 2472
100 2994
100 797
100 3788
100 8880
100 250
100 1739
100 442
100 380
100 236
100 2774
100 6264
100 334
100 603
100 219
100 1016
100 310
100 1068
100 2395
100 687
100 1735
100 748
100 233
100 480
100 644
100 382
100 4552
100 2055
100 4818
100 56
100 161
100 79
100 2371
100 456
100 1166
100 242
100 1524
100 786
100 293
100 31
100 896
100 1210
100 1951
100 37
100 849
100 3676
100 2622
100 811
100 2473
100 3644
100 788
100 325
100 1383
100 6383
100 189
100 182
100 1614
100 1497
100 797
100 1988
100 1307
100 1822
100 1126
100 1757
100 1246
100 4156
100 2300
100 380
100 6997
100 1570
100 454
100 287
100 1645
100 2097
100 1206
100 273
100 106
100 902
100 381
100 3019
100 1170
100 4863
100 1995
100 188
100 1443
100 3808
100 185
100 227
100 1807
100 885
100 116
100 348
100 1553
100 1722
100 2290
100 2658
100 1590
100 3701
100 1257
100 2129
100 1614
100 2979
100 1253
100 237
100 2229
100 130
100 1534
100 3009
100 1558
100 870
100 1153
100 1874
100 3842
100 2106
100 3174
100 2078
100 269
100 106
100 135
100 895
100 2551
100 4182
100 31
100 330
100 1742
100 242
100 819
100 1747
100 5695
100 129
100 455
100 88
100 584
100 1115
100 382
100 246
100 715
100 1208
100 996
100 79
100 602
100 2010
100 371
100 1892
100 4526
100 5025
100 3771
100 3170
100 1304
100 79
100 2857
100 969
100 219
100 3325
100 534
100 499
100 360
100 3624
100 346
100 1671
100 144
100 764
100 839
100 280
100 1208
100 1046
100 1286
100 940
100 1539
100 2831
100 1994
100 1376
100 663
100 2093
100 1113
100 1461
100 3292
100 2801
100 4011
100 463
100 467
100 8968
100 1382
100 1239
100 848
100 3282
100 3107
100 3045
100 1160
100 200
100 1163
100 1151
100 1450
100 106
100 431
100 6793
100 668
100 557
100 2531
100 107
100 474
100 750
100 262
100 1263
100 68
100 170
100 2578
100 44
100 2953
100 624
100 3622
100 330
100 1130
100 1294
100 1533
100 2076
100 8213
100 429
100 110
100 409
100 2036
100 92
100 2574
100 1570
100 5481
100 1392
100 1724
100 2755
100 880
100 136
100 700
100 73
100 332
100 1763
100 1020
100 1212
100 97
100 1340
100 2220
100 1260
100 280
100 1049
100 130
100 1476
100 1894
100 1005
100 442
100 5083
100 2035
100 3587
100 201
100 1831
100 2272
100 2225
100 82
100 232
100 332
100 1913
100 1451
100 2313
100 5403
100 2108
100 3237
100 154
100 916
100 86
100 2348
100 1951
100 271
100 3550
100 1167
100 522
100 2222
100 2480
100 587
100 600
100 1595
100 373
100 225
100 1768
100 1320
100 100
100 253
100 423
100 518
100 736
100 622
100 3692
100 525
100 3826
100 5357
100 237
100 1195
100 299
100 1851
100 3798
100 2991
100 4566
100 2094
100 264
100 3996
100 1201
100 231
100 756
100 4900
100 111
100 142
100 972
100 1209
100 6072
100 434
100 2747
100 3005
100 1378
100 4840
100 571
100 309
100 287
100 175
100 209
100 403
100 285
100 216
100 71
100 1078
100 1016
100 1489
100 2
100 8355
100 3498
100 1228
100 161
100 861
100 1630
100 2126
100 243
100 570
100 396
100 1665
100 62
100 3557
100 3443
100 5502
100 365
100 6194
100 3747
100 3823
100 597
100 1877
100 1678
100 325
100 3201
100 6
100 1003
100 2506
100 106
100 371
100 879
100 2301
100 77
100 122
100 372
100 493
100 484
100 442
100 2846
100 61
100 264
100 1472
100 225
100 2204
100 1250
100 694
100 314
100 1036
100 1314
100 973
100 820
100 1305
100 102
100 249
100 680
100 2564
100 298
100 711
100 491
100 692
100 2853
100 7536
100 1766
100 7049
100 1014
100 1557
100 147
100 3336
100 4554
100 5986
100 1808
100 871
100 2156
100 521
100 1943
100 798
100 1208
100 443
100 1013
100 299
100 665
100 1749
100 448
100 556
100 1920
100 332
100 788
100 655
100 573
100 5898
100 1628
100 93
100 759
100 2134
100 2467
100 3804
100 1601
100 314
100 570
100 712
100 1908
100 3389
100 2618
100 1107
100 322
100 1272
100 1313
100 3243
100 1209
100 925
100 936
100 97
100 4307
100 2915
100 137
100 526
100 3002
100 173
100 1649
100 1250
100 605
100 764
100 2166
100 477
100 298
100 998
100 12227
100 921
100 1396
100 2018
100 781
100 525
100 340
100 130
100 2664
100 517
100 158
100 4211
100 994
100 649
100 1160
100 3624
100 382
100 1195
100 1374
100 2897
100 525
100 68
100 16
100 1468
100 670
100 3290
100 889
100 1272
100 629
100 2007
100 1842
100 5728
100 677
100 1531
100 1411
100 482
100 643
100 1729
100 112
100 962
100 33
100 4732
100 1323
100 190
100 887
100 939
100 1505
100 1079
100 505
100 109
100 936
100 789
100 60
100 486
100 273
100 419
100 702
100 577
100 1796
100 1566
100 319
100 3076
100 2254
100 1508
100 1891
100 3985
100 1632
100 1098
100 2668
100 1996
100 1239
100 3793
100 3806
100 461
100 2971
100 284
100 1048
100 464
100 3366
100 2299
100 1396
100 2365
100 1219
100 2193
100 505
100 38
100 1275
100 1462
100 231
100 2160
100 1319
100 2021
100 4995
100 557
100 359
100 378
100 191
100 25
100 1244
100 1275
100 5758
100 3041
100 2071
100 1628
100 2755
100 6508
100 267
100 2826
100 2924
100 4858
100 187
100 1566
100 3068
100 3961
100 1601
100 191
100 515
100 2828
100 183
100 1712
100 242
100 4627
100 2177
100 447
100 2496
100 625
100 463
100 190
100 1463
100 7046
100 230
100 150
100 1208
100 58
100 336
100 4051
100 343
100 37
100 3337
100 2060
100 3324
100 1444
100 1924
100 4950
100 2795
100 227
100 631
100 9866
100 810
100 1454
100 2202
100 740
100 1645
100 3
100 2136
100 1698
100 985
100 3745
100 2723
100 634
100 1037
100 1616
100 2042
100 981
100 2180
100 1643
100 4735
100 4549
100 563
100 556
100 3312
100 641
100 917
100 4960
100 2958
100 1429
100 407
100 640
100 77
100 163
100 2477
100 7460
100 3375
100 243
100 897
100 2461
100 435
100 3177
100 433
100 988
100 344
100 349
100 290
100 367
100 6259
100 1422
100 1466
100 1575
100 2288
100 3522
100 199
100 1372
100 55
100 342
100 1153
100 2894
100 74
100 1293
100 3996
100 4932
100 1427
100 1482
100 753
100 872
100 1882
100 3247
100 52
100 4694
100 1449
100 600
100 3
100 5356
100 5586
100 188
100 565
100 163
100 320
100 36
100 1728
100 456
100 9523
100 745
100 409
100 643
100 1364
100 191
100 1445
100 293
100 1853
100 3348
100 410
100 855
100 3247
100 1691
100 172
100 84
100 6843
100 459
100 553
100 914
100 493
100 151
100 1065
100 688
100 63
100 489
100 258
100 412
100 5415
100 2676
100 329
100 1889
100 1287
100 1318
100 1187
100 4022
100 3247
100 21
100 34
100 805
100 3872
100 552
100 989
100 588
100 7078
100 4805
100 893
100 3621
100 24
100 580
100 191
100 1866
100 701
100 250
100 306
100 520
100 3552
100 116
100 664
100 1861
100 1108
100 5833
100 2964
100 259
100 2176
100 589
100 1020
100 695
100 295
100 1710
100 618
100 2576
100 484
100 2035
100 3641
100 3053
100 943
100 441
100 210
100 393
100 1725
100 2151
100 991
100 3
100 1157
100 866
100 679
100 1234
100 1650
100 319
100 6314
100 350
100 597
100 768
100 958
100 1803
100 1993
100 2277
100 1078
100 1584
100 2732
100 690
100 326
100 1174
100 1017
100 958
100 94
100 301
100 154
100 1715
100 1964
100 2735
100 1994
100 178
100 748
100 2452
100 57
100 1500
100 488
100 384
100 618
100 14
100 431
100 4510
100 1219
100 1034
100 3119
100 1547
100 252
100 1153
100 430
100 1440
100 891
100 128
100 504
100 2254
100 529
100 543
100 1029
100 583
100 1762
100 2948
100 1516
100 3655
100 1552
100 1044
100 2778
100 59
100 2050
100 41
100 3515
100 89
100 1883
100 1345
100 674
100 1696
100 1395
100 275
100 4459
100 803
100 81
100 642
100 549
100 2353
100 1449
100 451
100 4698
100 1873
100 1474
100 258
100 1067
100 5734
100 344
100 577
100 1709
100 1227
100 1919
100 107
100 449
100 29
100 48
100 5162
100 589
100 4626
100 1322
100 61
100 215
100 2523
100 172
100 523
100 12
100 830
100 8477
100 4386
100 1139
100 6406
100 4687
100 50
100 3748
100 1170
100 842
100 567
100 2327
100 1401
100 622
100 405
100 285
100 1963
100 1295
100 649
100 1850
100 3640
100 699
100 1677
100 125
100 898
100 3931
100 2049
100 2162
100 662
100 1483
100 1247
100 66
100 1447
100 849
100 5076
100 6776
100 2613
100 820
100 742
100 2403
100 1352
100 1630
100 239
100 2687
100 2076
100 210
100 1668
100 85
100 961
100 2097
100 624
100 527
100 527
100 1370
100 554
100 322
100 1419
100 139
100 273
100 408
100 273
100 39
100 2156
100 125
100 760
100 1575
100 1982
100 810
100 2451
100 772
100 3045
100 33
100 4401
100 895
100 24
100 2458
100 136
100 2775
100 1409
100 4575
100 524
100 2181
100 47
100 548
100 3169
100 337
100 3324
100 127
100 1848
100 2649
100 1483
100 915
100 1589
100 2483
100 225
100 1275
100 1070
100 2838
100 588
100 99
100 618
100 921
100 302
100 1026
100 2810
100 599
100 9
100 3
100 2188
100 3037
100 799
100 9198
100 5066
100 3927
100 290
100 1525
100 2799
100 1581
100 1163
100 1099
100 2388
100 1311
100 2770
100 154
100 229
100 2434
100 888
100 4026
100 731
100 5918
100 3749
100 627
100 1437
100 690
100 1322
100 2681
100 5674
100 4398
100 1265
100 4415
100 1196
100 189
100 154
100 1017
100 3
100 1123
100 70
100 115
100 754
100 2253
100 3306
100 69
100 3454
100 1413
100 2341
100 4305
100 478
100 229
100 1238
100 100
100 2831
100 798
100 115
100 375
100 1199
100 1003
100 785
100 652
100 1756
100 6752
100 1788
100 415
100 711
100 221
100 7660
100 5645
100 1438
100 662
100 749
100 2444
100 3645
100 315
100 582
100 115
100 951
100 3577
100 283
100 1905
100 2814
100 1923
100 403
100 486
100 1968
100 22
100 4238
100 127
100 1329
100 1456
100 843
100 1224
100 951
100 247
100 1752
100 1348
100 737
100 303
100 1182
100 1440
100 613
100 1015
100 325
100 678
100 359
100 1011
100 1050
100 2411
100 1757
100 2068
100 1142
100 4612
100 1425
100 80
100 429
100 509
100 7204
100 1621
100 593
100 1865
100 7272
100 6201
100 1261
100 1225
100 891
100 390
100 2178
100 2476
100 909
100 913
100 862
100 844
100 1520
100 136
100 3408
100 265
100 116
100 1476
100 5434
100 135
100 3811
100 2054
100 1680
100 895
100 1656
100 716
100 206
100 2987
100 163
100 1089
100 810
100 1285
100 2529
100 2427
100 1671
100 1346
100 3851
100 2246
100 1365
100 679
100 732
100 426
100 1259
100 1351
100 955
100 633
100 776
100 296
100 1651
100 3419
100 1023
100 891
100 1905
100 1012
100 698
100 1553
100 3091
100 1185
100 2361
100 1584
100 640
100 6920
100 3733
100 816
100 2859
100 344
100 1167
100 1205
100 638
100 479
100 1017
100 280
100 1328
100 1310
100 96
100 90
100 2390
100 78
100 116
100 25
100 1236
100 341
100 437
100 74
100 1388
100 4540
100 269
100 177
100 1491
100 194
100 1209
100 377
100 3300
100 519
100 51
100 1857
100 377
100 816
100 2825
100 2541
100 6825
100 230
100 386
100 261
100 1778
100 202
100 2627
100 75
100 822
100 1203
100 1525
100 476
100 792
100 2559
100 2555
100 3412
100 3546
100 1390
100 112
100 118
100 269
100 515
100 1248
100 1856
100 106
100 4154
100 284
100 539
100 2076
100 2536
100 696
100 2680
100 3730
100 927
100 646
100 102
100 3960
100 466
100 1569
100 2348
100 380
100 3237
100 1902
100 491
100 3119
100 871
100 1374
100 828
100 924
100 1147
100 1854
100 82
100 576
100 1670
100 5451
100 1388
100 1077
100 731
100 606
100 315
100 209
100 336
100 1201
100 286
100 1131
100 554
100 27
100 3399
100 53
100 956
100 648
100 1046
100 717
100 3096
100 5466
100 268
100 6935
100 176
100 647
100 21
100 2348
100 502
100 522
100 1428
100 49
100 3435
100 323
100 778
100 1730
100 6386
100 1241
100 2391
100 32
100 474
100 2975
100 152
100 43
100 696
100 1045
100 914
100 362
100 3447
100 1907
100 1315
100 764
100 555
100 3291
100 1160
100 3038
100 2249
100 1306
100 171
100 3729
100 255
100 39
100 3435
100 103
100 874
100 277
100 110
100 1695
100 19
100 558
100 1293
100 49
100 276
100 17
100 978
100 1037
100 390
100 1900
100 1898
100 519
100 199
100 448
100 361
100 319
100 2044
100 82
100 1644
100 1601
100 9
100 1236
100 1389
100 1566
100 363
100 3164
100 3396
100 5291
100 5387
100 522
100 2913
100 2470
100 1445
100 402
100 60
100 2847
100 2201
100 1490
100 130
100 4911
100 1045
100 188
100 3644
100 798
100 1594
100 1866
100 1085
100 5
100 2396
100 33
100 1540
100 514
100 273
100 2597
100 113
100 386
100 1980
100 1323
100 3074
100 2121
100 515
100 169
100 262
100 718
100 816
100 1056
100 1545
100 886
100 3007
100 1879
100 347
100 3824
100 495
100 377
100 4434
100 1014
100 99
100 1280
100 339
100 853
100 98
100 260
100 1298
100 157
100 2377
100 1427
100 362
100 1178
100 1134
100 794
100 115
100 2832
100 2190
100 2093
100 3983
100 2047
100 21
100 542
100 1135
100 1724
100 2839
100 1523
100 267
100 50
100 31
100 3383
100 6215
100 1171
100 1076
100 1461
100 858
100 2857
100 469
100 3
100 835
100 286
100 1079
100 778
100 2397
100 465
100 2035
100 206
100 2584
100 1117
100 972
100 136
100 3345
100 2315
100 638
100 1554
100 188
100 88
100 1150
100 1812
100 2024
100 2039
100 1214
100 979
100 3579
100 2138
100 482
100 258
100 434
100 3912
100 1475
100 257
100 1960
100 225
100 2182
100 436
100 1437
100 4862
100 391
100 642
100 4586
100 1789
100 365
100 157
100 369
100 5097
100 4798
100 42
100 494
100 1733
100 156
100 436
100 2928
100 1282
100 5490
100 1086
100 887
100 325
100 1195
100 190
100 2591
100 3474
100 2333
100 506
100 217
100 3470
100 1796
100 3428
100 470
100 552
100 1034
100 305
100 4116
100 2752
100 505
100 631
100 869
100 639
100 2086
100 821
100 915
100 5379
100 42
100 2939
100 978
100 1888
100 6410
100 1267
100 2388
100 3144
100 592
100 2369
100 2001
100 1642
100 985
100 1367
100 3665
100 1824
100 1409
100 3394
100 901
100 498
100 3878
100 1113
100 3625
100 1302
100 2695
100 66
100 1565
100 97
100 1340
100 4341
100 1133
100 1486
100 820
100 325
100 192
100 589
100 514
100 340
100 158
100 5430
100 3222
100 299
100 1537
100 187
100 107
100 2631
100 3068
100 796
100 593
100 1516
100 2521
100 422
100 1566
100 64
100 316
100 75
100 1546
100 353
100 747
100 514
100 2359
100 1360
100 5007
100 2095
100 1781
100 2578
100 12
100 1149
100 2007
100 321
100 769
100 1798
100 472
100 928
100 1713
100 938
100 2192
100 1040
100 141
100 1148
100 708
100 910
100 884
100 18
100 1236
100 6369
100 1196
100 884
100 1797
100 3877
100 8799
100 1742
100 2124
100 309
100 3845
100 3788
100 819
100 7153
100 636
100 4458
100 85
100 1617
100 655
100 81
100 914
100 5957
100 2180
100 929
100 131
100 2605
100 149
100 281
100 2430
100 498
100 4814
100 1973
100 1000
100 2219
100 613
100 1502
100 1892
100 3846
100 4717
100 1653
100 754
100 1096
100 2274
100 5331
100 2987
100 7
100 1132
100 998
100 78
100 2891
100 3349
100 1918
100 1577
100 58
100 1400
100 1096
100 60
100 1694
100 3430
100 113
100 1835
100 6193
100 163
100 942
100 3355
100 319
100 494
100 439
100 1182
100 3660
100 943
100 915
100 334
100 2329
100 1888
100 150
100 1863
100 2215
100 3463
100 804
100 136
100 3946
100 5081
100 296
100 3749
100 1434
100 611
100 67
100 870
100 2404
100 373
100 49
100 2661
100 618
100 1801
100 787
100 2709
100 709
100 851
100 664
100 821
100 807
100 1692
100 3735
100 661
100 2298
100 323
100 2789
100 77
100 1390
100 1621
100 4938
100 5283
100 707
100 931
100 257
100 4054
100 1804
100 543
100 1052
100 55
100 730
100 862
100 1130
100 334
100 4334
100 883
100 3196
100 1
100 2393
100 82
100 743
100 1144
100 607
100 1134
100 828
100 683
100 608
100 1125
100 435
100 1050
100 184
100 2499
100 9950
100 284
100 261
100 4926
100 4598
100 475
100 1987
100 1231
100 914
100 3931
100 697
100 2282
100 3283
100 3323
100 1389
100 4826
100 409
100 1824
100 996
100 144
100 1554
100 2280
100 2196
100 1399
100 664
100 632
100 1820
100 4647
100 2988
100 1451
100 136
100 436
100 2268
100 979
100 112
100 3595
100 1176
100 1551
100 1809
100 2328
100 1059
100 928
100 66
100 676
100 106
100 784
100 205
100 3147
100 308
100 1130
100 2510
100 196
100 11
100 1981
100 2321
100 4980
100 1172
100 1857
100 71
100 1659
100 367
100 2487
100 1403
100 2705
100 378
100 2377
100 1359
100 1831
100 1087
100 845
100 1119
100 7697
100 484
100 189
100 1190
100 1076
100 542
100 448
100 2470
100 1440
100 58
100 569
100 993
100 3040
100 2143
100 175
100 635
100 449
100 2432
100 2181
100 1903
100 214
100 1810
100 617
100 864
100 2990
100 39
100 777
100 1075
100 193
100 616
100 725
100 589
100 518
100 1552
100 6766
100 75
100 2419
100 6206
100 733
100 1363
100 1370
100 1429
100 185
100 288
100 9526
100 229
100 1417
100 1558
100 2678
100 1699
100 501
100 5527
100 2501
100 2255
100 2212
100 2804
100 102
100 1640
100 345
100 422
100 2229
100 775
100 398
100 1275
100 1739
100 1447
100 3522
100 823
100 1472
100 2492
100 511
100 1854
100 132
100 587
100 501
100 205
100 2358
100 514
100 2020
100 1737
100 1239
100 153
100 1743
100 570
100 1827
100 817
100 1975
100 930
100 916
100 72
100 550
100 1780
100 221
100 1886
100 2769
100 2994
100 1797
100 3171
100 850
100 2559
100 18
100 850
100 8180
100 676
100 1376
100 637
100 831
100 1555
100 2797
100 3961
100 7
100 4077
100 1358
100 2133
100 74
100 7306
100 3383
100 4702
100 83
100 993
100 587
100 891
100 453
100 699
100 4357
100 741
100 685
100 224
100 203
100 2095
100 675
100 1383
100 3540
100 3306
100 2323
100 2087
100 1132
100 1699
100 691
100 1790
100 120
100 1121
100 742
100 1410
100 360
100 726
100 232
100 23
100 2750
100 7341
100 3815
100 2368
100 3593
100 63
100 460
100 91
100 2760
100 2212
100 1099
100 78
100 3517
100 5213
100 1991
100 1137
100 790
100 2593
100 442
100 289
100 2199
100 845
100 1870
100 858
100 91
100 506
100 278
100 853
100 4208
100 4189
100 561
100 2866
100 629
100 1140
100 78
100 1027
100 1551
100 2382
100 3713
100 7245
100 718
100 1589
100 2699
100 3678
100 3318
100 521
100 24
100 1842
100 3430
100 67
100 634
100 4672
100 1011
100 940
100 996
100 860
100 1707
100 350
100 1906
100 458
100 2324
100 6576
100 768
100 1624
100 3317
100 3607
100 634
100 852
100 6760
100 2108
100 351
100 171
100 2330
100 7709
100 552
100 1075
100 515
100 4067
100 945
100 2296
100 632
100 1892
100 3666
100 1113
100 4972
100 1054
100 192
100 2631
100 1523
100 4119
100 128
100 567
100 1053
100 4053
100 3799
100 713
100 242
100 45
100 1154
100 106
100 1041
100 2173
100 2257
100 567
100 84
100 1637
100 943
100 238
100 689
100 2453
100 4273
100 4423
100 405
100 1731
100 1064
100 803
100 499
100 1971
100 3487
100 2902
100 259
100 5569
100 410
100 8290
100 330
100 4119
100 360
100 734
100 1329
100 527
100 7104
100 2432
100 533
100 635
100 134
100 1646
100 853
100 71
100 276
100 1372
100 2746
100 710
100 3136
100 4562
100 2144
100 1507
100 2987
100 1031
100 3468
100 54
100 919
100 688
100 2352
100 873
100 1738
100 1487
100 1360
100 398
100 720
100 491
100 964
100 878
100 485
100 161
100 4264
100 1258
100 1723
100 410
100 529
100 4270
100 2317
100 912
100 1586
100 962
100 1300
100 2763
100 2188
100 3151
100 121
100 4325
100 1388
100 2611
100 539
100 40
100 677
100 4944
100 20
100 1474
100 1590
100 646
100 166
100 708
100 1002
100 2032
100 1573
100 1423
100 295
100 4221
100 1473
100 701
100 6121
100 601
100 1953
100 681
100 4003
100 2490
100 2097
100 1431
100 1431
100 4354
100 234
100 257
100 1411
100 1905
100 163
100 297
100 186
100 495
100 3794
100 1338
100 1361
100 1349
100 509
100 83
100 223
100 3399
100 930
100 2904
100 637
100 2582
100 9115
100 2654
100 148
100 661
100 1093
100 4592
100 500
100 4391
100 211
100 4589
100 4828
100 542
100 134
100 2788
100 591
100 9
100 1697
100 838
100 1595
100 1093
100 4132
100 1829
100 316
100 933
100 945
100 877
100 449
100 65
100 826
100 6210
100 736
100 1273
100 1960
100 493
100 721
100 280
100 474
100 1444
100 2404
100 30
100 967
100 2059
100 1239
100 892
100 742
100 766
100 3296
100 528
100 2285
100 323
100 1176
100 1222
100 234
100 2013
100 3140
100 2418
100 917
100 6610
100 3103
100 132
100 2258
100 1950
100 2497
100 856
100 639
100 126
100 100
100 1749
100 741
100 2497
100 1368
100 252
100 2783
100 2888
100 618
100 2071
100 5293
100 1761
100 129
100 1296
100 6854
100 155
100 563
100 3974
100 1058
100 5597
100 1151
100 138
100 817
100 1449
100 248
100 1360
100 1875
100 438
100 3019
100 1015
100 401
100 651
100 972
100 3547
100 1435
100 7995
100 3115
100 3255
100 966
100 541
100 258
100 2889
100 115
100 1625
100 105
100 1222
100 1130
100 1197
100 560
100 2656
100 687
100 14
100 604
100 383
100 281
100 27
100 566
100 1465
100 3276
100 1694
100 170
100 1051
100 119
100 610
100 2607
100 337
100 895
100 1582
100 838
100 1317
100 362
100 1311
100 991
100 1643
100 2989
100 1716
100 70
100 969
100 1543
100 1220
100 130
100 606
100 422
100 2318
100 1193
100 3366
100 729
100 495
100 1461
100 1933
100 3233
100 731
100 3501
100 791
100 815
100 154
100 464
100 1373
100 1128
100 557
100 6057
100 399
100 85
100 2973
100 2264
100 2365
100 3059
100 622
100 363
100 534
100 2320
100 830
100 781
100 2325
100 2703
100 1270
100 438
100 2461
100 514
100 98
100 1322
100 64
100 108
100 798
100 540
100 4716
100 1678
100 4293
100 270
100 97
100 511
100 1304
100 4174
100 1021
100 10713
100 2295
100 2452
100 718
100 849
100 241
100 605
100 673
100 1618
100 537
100 3624
100 416
100 779
100 110
100 749
100 26
100 1650
100 717
100 724
100 400
100 1449
100 1457
100 183
100 1381
100 2231
100 985
100 1991
100 224
100 161
100 436
100 914
100 535
100 1848
100 341
100 1266
100 967
100 549
100 1742
100 2628
100 400
100 219
100 738
100 203
100 2355
100 1676
100 99
100 1003
100 2068
100 3470
100 117
100 266
100 808
100 578
100 849
100 794
100 1909
100 1279
100 1221
100 1464
100 4863
100 79
100 1183
100 366
100 1351
100 1336
100 191
100 567
100 818
100 690
100 1347
100 8821
100 1485
100 958
100 4672
100 3141
100 394
100 5129
100 1194
100 363
100 133
100 538
100 3
100 1198
100 2
100 1591
100 1966
100 3155
100 1559
100 391
100 537
100 82
100 758
100 4142
100 791
100 1193
100 483
100 1647
100 203
100 946
100 70
100 697
100 1117
100 2519
100 2129
100 1951
100 5519
100 1992
100 1169
100 90
100 477
100 195
100 172
100 2825
100 188
100 1445
100 2569
100 165
100 3374
100 3588
100 1673
100 39
100 27
100 1302
100 1288
100 4169
100 2027
100 3791
100 917
100 2491
100 5113
100 4335
100 150
100 4058
100 3578
100 3265
100 3962
100 1215
100 202
100 2249
100 597
100 2461
100 552
100 5273
100 1145
100 3440
100 4414
100 5913
100 4776
100 43
100 2914
100 521
100 395
100 3279
100 328
100 1206
100 138
100 7308
100 3628
100 3461
100 2033
100 1139
100 472
100 1553
100 497
100 4498
100 1261
100 641
100 1705
100 1978
100 1459
100 6551
100 900
100 810
100 1807
100 1816
100 551
100 760
100 75
100 2431
100 1164
100 5138
100 148
100 667
100 151
100 217
100 1141
100 3394
100 3758
100 2506
100 469
100 643
100 1321
100 1592
100 510
100 566
100 2624
100 248
100 190
100 4079
100 4018
100 1979
100 1879
100 1076
100 352
100 423
100 1157
100 545
100 2057
100 86
100 3891
100 3101
100 3443
100 230
100 310
100 1291
100 1462
100 518
100 65
100 1931
100 261
100 2057
100 1669
100 1949
100 19
100 2122
100 3147
100 328
100 1161
100 205
100 136
100 3246
100 832
100 287
100 131
100 5102
100 1098
100 366
100 708
100 2339
100 1066
100 181
100 4125
100 360
100 3146
100 1558
100 389
100 892
100 1250
100 5048
100 653
100 3525
100 5701
100 673
100 872
100 1076
100 477
100 350
100 206
100 770
100 218
100 565
100 482
100 504
100 1393
100 571
100 2069
100 37
100 626
100 581
100 1645
100 76
100 574
100 283
100 4929
100 4177
100 121
100 1247
100 202
100 1862
100 546
100 307
100 404
100 203
100 396
100 144
100 1329
100 208
100 69
100 1539
100 296
100 241
100 2116
100 164
100 2151
100 8349
100 1382
100 1120
100 33
100 39
100 3457
100 1180
100 532
100 1881
100 7798
100 60
100 2259
100 931
100 1262
100 721
100 1970
100 73
100 778
100 1622
100 370
100 1463
100 1782
100 4320
100 561
100 2819
100 648
100 9137
100 414
100 35
100 2252
100 510
100 531
100 1084
100 1063
100 689
100 309
100 3371
100 467
100 577
100 4901
100 35
100 5642
100 307
100 384
100 2449
100 668
100 9100
100 159
100 1332
100 627
100 585
100 831
100 671
100 9
100 1139
100 4767
100 1531
100 672
100 1485
100 863
100 3614
100 326
100 733
100 419
100 260
100 5084
100 214
100 410
100 2435
100 2513
100 1323
100 2500
100 43
100 3477
100 78
100 3178
100 1775
100 1801
100 621
100 510
100 2928
100 1910
100 3457
100 615
100 411
100 747
100 4910
100 4217
100 1379
100 410
100 828
100 1021
100 1820
100 749
100 176
100 343
100 1878
100 292
100 3401
100 139
100 1734
100 58
100 1566
100 132
100 703
100 1302
100 210
100 3654
100 2441
100 6563
100 1499
100 2582
100 781
100 1579
100 3789
100 664
100 1126
100 1454
100 2854
100 88
100 2464
100 2113
100 3173
100 652
100 683
100 5662
100 2389
100 1552
100 710
100 1799
100 5330
100 1118
100 1421
100 5836
100 291
100 3049
100 261
100 269
100 181
100 629
100 2527
100 1875
100 2479
100 210
100 1349
100 1598
100 399
100 1019
100 1140
100 79
100 4363
100 1379
100 1252
100 685
100 872
100 1350
100 157
100 6106
100 4700
100 6671
100 948
100 688
100 3110
100 2082
100 758
100 1737
100 1411
100 543
100 2860
100 498
100 5317
100 2165
100 900
100 2471
100 412
100 32
100 2618
100 646
100 3043
100 1884
100 1858
100 1525
100 784
100 2062
100 89
100 1078
100 1148
100 132
100 62
100 3448
100 866
100 414
100 1400
100 1390
100 523
100 652
100 5914
100 1525
100 10520
100 1920
100 124
100 357
100 2436
100 963
100 3888
100 3381
100 293
100 3600
100 2519
100 1034
100 3684
100 1234
100 2952
100 718
100 653
100 2111
100 847
100 958
100 2586
100 3647
100 547
100 1632
100 7429
100 1472
100 226
100 1031
100 673
100 86
100 4801
100 2502
100 3509
100 2224
100 1180
100 285
100 5455
100 918
100 667
100 2046
100 418
100 1719
100 65
100 3876
100 3912
100 48
100 276
100 1406
100 2450
100 202
100 551
100 3177
100 218
100 1045
100 1591
100 2943
100 1553
100 1002
100 4023
100 153
100 1069
100 969
100 101
100 3360
100 1804
100 902
100 2350
100 903
100 323
100 3520
100 1044
100 1859
100 1586
100 556
100 2459
100 712
100 657
100 2473
100 3920
100 3821
100 1702
100 4835
100 153
100 1570
100 404
100 113
100 2450
100 1738
100 359
100 623
100 159
100 4358
100 892
100 1673
100 439
100 37
100 2333
100 882
100 1277
100 3236
100 406
100 651
100 2281
100 1233
100 514
100 1605
100 485
100 473
100 1171
100 114
100 664
100 465
100 290
100 434
100 1828
100 859
100 4876
100 1881
100 373
100 1173
100 1610
100 627
100 1449
100 3547
100 923
100 1883
100 759
100 557
100 659
100 3346
100 224
100 2846
100 369
100 84
100 241
100 2478
100 133
100 829
100 3156
100 6
100 1186
100 2450
100 3173
100 2705
100 6666
100 1760
100 127
100 234
100 406
100 992
100 761
100 618
100 632
100 948
100 290
100 2077
100 2282
100 1048
100 1575
100 1094
100 3964
100 655
100 17
100 1460
100 2152
100 3508
100 1155
100 1032
100 3353
100 3124
100 4056
100 4567
100 3256
100 3228
100 26
100 1379
100 1985
100 1198
100 2500
100 399
100 283
100 3029
100 1265
100 1240
100 1652
100 2870
100 258
100 1934
100 3384
100 358
100 2805
100 863
100 1426
100 1171
100 2242
100 2822
100 2500
100 581
100 71
100 646
100 2628
100 258
100 419
100 1711
100 479
100 595
100 677
100 298
100 2626
100 586
100 363
100 739
100 951
100 482
100 1696
100 2582
100 2970
100 655
100 1264
100 682
100 227
100 208
100 244
100 353
100 1149
100 3095
100 2704
100 202
100 112
100 7854
100 42
100 735
100 911
100 442
100 1324
100 321
100 3819
100 1130
100 930
100 7024
100 318
100 1112
100 80
100 1597
100 4830
100 1903
100 632
100 707
100 609
100 120
100 3762
100 1155
100 1427
100 174
100 804
100 387
100 1388
100 426
100 362
100 760
100 1859
100 81
100 1347
100 55
100 1712
100 2449
100 3177
100 1782
100 389
100 515
100 189
100 2835
100 137
100 1980
100 478
100 594
100 496
100 528
100 997
100 908
100 3297
100 600
100 6367
100 1349
100 539
100 1053
100 2336
100 522
100 263
100 2713
100 3409
100 5659
100 720
100 8223
100 2315
100 1129
100 2504
100 3137
100 132
100 419
100 537
100 19
100 1805
100 3941
100 2637
100 355
100 1294
100 516
100 5186
100 441
100 2576
100 1795
100 3781
100 1165
100 4544
100 2804
100 2999
100 3149
100 2255
100 114
100 36
100 1638
100 1730
100 3894
100 566
100 2537
100 347
100 2767
100 1999
100 2617
100 221
100 784
100 218
100 2994
100 903
100 259
100 567
100 1400
100 2096
100 2313
100 11021
100 5198
100 500
100 3990
100 686
100 3297
100 1417
100 1522
100 142
100 113
100 222
100 3775
100 1948
100 7121
100 571
100 1945
100 494
100 413
100 1528
100 2208
100 1756
100 175
100 759
100 1068
100 8
100 267
100 6664
100 283
100 3165
100 626
100 467
100 930
100 1253
100 2233
100 15
100 3287
100 2050
100 3902
100 2445
100 139
100 4003
100 4355
100 553
100 402
100 4140
100 136
100 132
100 172
100 2444
100 394
100 460
100 109
100 2544
100 1850
100 1261
100 5226
100 1352
100 4960
100 643
100 19
100 2013
100 890
100 2051
100 481
100 88
100 545
100 2125
100 854
100 680
100 402
100 49
100 1211
100 344
100 4244
100 379
100 341
100 2694
100 0
100 2537
100 4290
100 8027
100 1067
100 109
100 805
100 966
100 158
100 366
100 895
100 683
100 548
100 4618
100 1788
100 446
100 998
100 348
100 3634
100 844
100 1193
100 718
100 605
100 1284
100 5177
100 1383
100 2194
100 547
100 668
100 272
100 3436
100 1569
100 106
100 908
100 15511
100 2110
100 2294
100 42
100 2246
100 178
100 753
100 933
100 1655
100 686
100 1678
100 1410
100 750
100 1534
100 2930
100 29
100 1262
100 293
100 2269
100 2760
100 1654
100 2573
100 407
100 101
100 5310
100 1756
100 5414
100 2186
100 76
100 937
100 839
100 7768
100 1109
100 2898
100 1603
100 1697
100 205
100 131
100 1734
100 614
100 2178
100 124
100 2113
100 55
100 394
100 805
100 2196
100 171
100 5641
100 243
100 1322
100 475
100 873
100 1118
100 5332
100 1337
100 633
100 867
100 1550
100 1003
100 1963
100 2180
100 3126
100 743
100 1249
100 299
100 5147
100 1346
100 276
100 66
100 973
100 149
100 2518
100 2537
100 2622
100 1939
100 1557
100 250
100 5322
100 1591
100 2096
100 198
100 423
100 366
100 23
100 1023
100 404
100 100
100 2315
100 29
100 2367
100 459
100 6910
100 9135
100 235
100 3227
100 206
100 123
100 2859
100 207
100 175
100 206
100 279
100 1158
100 342
100 1100
100 8
100 1234
100 2103
100 1698
100 254
100 1068
100 1619
100 1345
100 251
100 1205
100 3129
100 855
100 1248
100 98
100 669
100 470
100 3919
100 207
100 482
100 2533
100 1798
100 145
100 372
100 3958
100 211
100 489
100 43
100 2695
100 94
100 3940
100 3895
100 56
100 894
100 4825
100 283
100 2449
100 618
100 438
100 656
100 824
100 1155
100 1942
100 507
100 853
100 10752
100 222
100 3877
100 1400
100 607
100 5819
100 2326
100 1719
100 582
100 550
100 169
100 46
100 3491
100 801
100 3854
100 553
100 732
100 818
100 1189
100 198
100 2355
100 1853
100 432
100 5246
100 961
100 2452
100 4432
100 762
100 1864
100 3203
100 63
100 507
100 78
100 113
100 2010
100 1660
100 28
100 5147
100 834
100 1682
100 2851
100 4158
100 2389
100 2372
100 1016
100 597
100 30
100 3116
100 2548
100 2647
100 1976
100 3600
100 4942
100 4258
100 114
100 1024
100 60
100 1203
100 971
100 3723
100 513
100 1513
100 5244
100 1007
100 2389
100 246
100 2189
100 1919
100 111
100 1456
100 349
100 202
100 665
100 2445
100 781
100 826
100 177
100 7330
100 1678
100 948
100 1657
100 3473
100 2005
100 2241
100 221
100 668
100 411
100 31
100 503
100 878
100 681
100 960
100 1568
100 4255
100 1897
100 637
100 5292
100 1757
100 3214
100 568
100 840
100 51
100 3172
100 2386
100 311
100 3468
100 1861
100 332
100 4176
100 1789
100 816
100 1837
100 677
100 917
100 1085
100 359
100 1949
100 1770
100 27
100 1342
100 2128
100 2130
100 797
100 4
100 5743
100 1948
100 706
100 107
100 479
100 726
100 246
100 4277
100 2693
100 381
100 1190
100 492
100 722
100 2281
100 861
100 2068
100 38
100 715
100 280
100 409
100 1644
100 820
100 855
100 3642
100 16
100 4848
100 2623
100 1838
100 4900
100 568
100 692
100 1468
100 318
100 2003
100 1561
100 4158
100 573
100 1304
100 1133
100 437
100 185
100 337
100 117
100 888
100 1726
100 1544
100 719
100 1318
100 3741
100 1575
100 1245
100 901
100 983
100 109
100 963
100 796
100 5198
100 732
100 795
100 889
100 170
100 1359
100 152
100 910
100 2229
100 1283
100 3874
100 1414
100 2114
100 175
100 1740
100 2488
100 3847
100 2839
100 2371
100 5071
100 131
100 1530
100 193
100 381
100 1481
100 205
100 641
100 373
100 1865
100 80
100 588
100 10519
100 779
100 3390
100 1033
100 495
100 938
100 805
100 982
100 223
100 525
100 1872
100 329
100 3236
100 980
100 2458
100 7725
100 947
100 5698
100 2148
100 750
100 2658
100 2706
100 31
100 1036
100 1096
100 4259
100 594
100 2273
100 2948
100 1383
100 201
100 3123
100 1319
100 4315
100 733
100 1386
100 2049
100 1025
100 227
100 3541
100 329
100 494
100 546
100 1158
100 731
100 1733
100 885
100 306
100 599
100 3318
100 2200
100 611
100 2331
100 1565
100 2277
100 3399
100 28
100 2042
100 1587
100 2696
100 2286
100 215
100 1206
100 73
100 1342
100 2047
100 1081
100 481
100 1290
100 156
100 3344
100 933
100 1073
100 1255
100 56
100 991
100 142
100 131
100 985
100 49
100 1539
100 110
100 1262
100 3726
100 2120
100 342
100 2446
100 118
100 1812
100 2017
100 836
100 8627
100 406
100 1261
100 2380
100 1371
100 942
100 873
100 1330
100 2779
100 1185
100 1874
100 2628
100 1235
100 2119
100 403
100 603
100 1941
100 543
100 1913
100 1626
100 3429
100 1636
100 323
100 2385
100 1996
100 1737
100 3128
100 2347
100 1302
100 1539
100 249
100 937
100 2180
100 940
100 2767
100 1078
100 4419
100 1055
100 1751
100 516
100 6614
100 427
100 1602
100 51
100 1310
100 273
100 213
100 85
100 669
100 161
100 7411
100 1242
100 4709
100 1510
100 30
100 558
100 1520
100 922
100 1174
100 78
100 2112
100 71
100 2352
100 1127
100 2940
100 1066
100 1892
100 58
100 879
100 723
100 1713
100 115
100 1378
100 917
100 890
100 119
100 1336
100 820
100 2219
100 883
100 76
100 579
100 1474
100 1749
100 598
100 1246
100 811
100 1551
100 2947
100 4884
100 925
100 2352
100 12873
100 2170
100 1847
100 5204
100 6808
100 1432
100 1856
100 5627
100 401
100 451
100 1489
100 2003
100 89
100 710
100 738
100 438
100 5696
100 2662
100 518
100 475
100 1411
100 4322
100 5222
100 2814
100 284
100 1767
100 921
100 1462
100 715
100 677
100 539
100 921
100 725
100 27
100 733
100 6702
100 3004
100 1023
100 9127
100 4
100 955
100 624
100 2586
100 1550
100 290
100 2127
100 1461
100 90
100 2425
100 969
100 1749
100 515
100 677
100 7
100 330
100 1454
100 506
100 1535
100 960
100 1376
100 3025
100 934
100 4450
100 198
100 756
100 1012
100 1789
100 4004
100 395
100 8580
100 1514
100 6652
100 171
100 234
100 480
100 85
100 664
100 678
100 119
100 292
100 666
100 134
100 3849
100 975
100 1744
100 1053
100 2246
100 43
100 1323
100 340
100 409
100 1199
100 1778
100 903
100 291
100 5113
100 2084
100 1096
100 657
100 709
100 1572
100 47
100 462
100 1483
100 1618
100 354
100 399
100 220
100 1947
100 3794
100 2891
100 1669
100 4002
100 1172
100 439
100 1121
100 175
100 4487
100 1533
100 2416
100 2948
100 6337
100 243
100 306
100 2022
100 2858
100 2207
100 1053
100 4984
100 5142
100 756
100 607
100 2396
100 1628
100 1179
100 979
100 4800
100 220
100 784
100 274
100 1772
100 1820
100 690
100 1383
100 1918
100 604
100 356
100 989
100 1046
100 116
100 676
100 3159
100 2597
100 905
100 62
100 426
100 904
100 461
100 660
100 2387
100 2421
100 357
100 49
100 2267
100 61
100 6144
100 1981
100 4709
100 94
100 1528
100 1230
100 1486
100 3245
100 894
100 451
100 607
100 1876
100 649
100 3986
100 658
100 1631
100 5511
100 349
100 3050
100 1942
100 2257
100 731
100 2274
100 1321
100 1957
100 2750
100 757
100 1301
100 2040
100 296
100 448
100 2229
100 433
100 1907
100 637
100 734
100 1224
100 3377
100 2561
100 2068
100 2579
100 5315
100 630
100 5858
100 3059
100 500
100 2230
100 1888
100 2047
100 1175
100 1253
100 475
100 654
100 2502
100 2734
100 2443
100 579
100 1259
100 1601
100 2237
100 1675
100 181
100 301
100 370
100 1121
100 215
100 750
100 4363
100 3140
100 429
100 2651
100 1192
100 1008
100 2500
100 7534
100 3689
100 3014
100 2636
100 271
100 2424
100 1891
100 1014
100 1202
100 160
100 235
100 149
100 1682
100 209
100 1163
100 1396
100 405
100 899
100 522
100 732
100 2903
100 284
100 248
100 1454
100 478
100 1181
100 184
100 2633
100 301
100 757
100 456
100 1034
100 1513
100 2994
100 71
100 289
100 1735
100 1490
100 1501
100 5777
100 671
100 951
100 2911
100 2246
100 423
100 262
100 2398
100 70
100 13047
100 1607
100 578
100 15
100 2088
100 3423
100 5051
100 3360
100 1192
100 2962
100 1720
100 2336
100 1034
100 2250
100 399
100 248
100 883
100 6912
100 4909
100 305
100 177
100 793
100 599
100 823
100 5272
100 3002
100 2012
100 4625
100 3624
100 3175
100 2165
100 684
100 3061
100 6000
100 478
100 328
100 2369
100 108
100 2086
100 355
100 1079
100 1753
100 1313
100 1164
100 4887
100 504
100 2093
100 977
100 9828
100 558
100 2286
100 1267
100 3642
100 670
100 732
100 698
100 705
100 3759
100 124
100 54
100 385
100 834
100 1531
100 1287
100 954
100 1356
100 4784
100 1327
100 4728
100 1092
100 2051
100 25
100 189
100 320
100 353
100 1227
100 1537
100 152
100 4381
100 801
100 451
100 5246
100 2281
100 1772
100 9869
100 624
100 2585
100 1116
100 688
100 2361
100 926
100 3137
100 1992
100 1199
100 986
100 3489
100 3405
100 1315
100 1105
100 1020
100 5577
100 1137
100 2505
100 539
100 3356
100 198
100 232
100 71
100 520
100 4003
100 549
100 255
100 2331
100 648
100 986
100 932
100 492
100 2068
100 393
100 1538
100 1404
100 541
100 1468
100 710
100 177
100 1550
100 1145
100 700
100 1828
100 1372
100 762
100 410
100 153
100 536
100 1913
100 3357
100 826
100 1495
100 5631
100 11041
100 623
100 107
100 2054
100 2982
100 623
100 1474
100 77
100 1772
100 74
100 278
100 1629
100 8570
100 2094
100 274
100 1205
100 212
100 1422
100 390
100 2108
100 1773
100 4108
100 1198
100 1951
100 173
100 1676
100 685
100 2160
100 3233
100 6
100 2171
100 2693
100 1360
100 1710
100 346
100 1620
100 117
100 91
100 601
100 1028
100 2909
100 1136
100 932
100 1024
100 629
100 2406
100 1007
100 1789
100 1042
100 2974
100 647
100 3503
100 165
100 1553
100 4102
100 1634
100 1863
100 2825
100 1501
100 1386
100 1950
100 337
100 1634
100 4128
100 5189
100 384
100 2111
100 203
100 19
100 1927
100 367
100 3031
100 1090
100 408
100 441
100 3807
100 1848
100 303
100 2248
100 296
100 3676
100 3192
100 1199
100 1710
100 5616
100 1611
100 5682
100 2267
100 142
100 2422
100 832
100 2558
100 4340
100 1922
100 659
100 8677
100 403
100 818
100 7461
100 1636
100 131
100 1458
100 1914
100 815
100 5500
100 4750
100 1089
100 10
100 919
100 754
100 1721
100 2444
100 2087
100 597
100 3023
100 1174
100 790
100 158
100 112
100 2218
100 1503
100 2049
100 881
100 326
100 177
100 1533
100 2588
100 404
100 1086
100 3250
100 867
100 7
100 1247
100 1678
100 131
100 527
100 6086
100 670
100 675
100 32
100 3797
100 937
100 3192
100 1196
100 5085
100 1124
100 3315
100 1891
100 3236
100 1510
100 420
100 4004
100 2766
100 260
100 1776
100 778
100 3689
100 513
100 971
100 2
100 357
100 238
100 713
100 369
100 3447
100 1504
100 501
100 4523
100 1088
100 823
100 848
100 1475
100 785
100 1497
100 685
100 607
100 572
100 636
100 58
100 2034
100 1182
100 1728
100 1008
100 6075
100 889
100 1702
100 290
100 1956
100 57
100 342
100 132
100 1603
100 392
100 343
100 658
100 4842
100 2817
100 21
100 2606
100 1131
100 2522
100 13
100 442
100 518
100 3221
100 321
100 803
100 29
100 2049
100 126
100 4486
100 1167
100 4751
100 2458
100 115
100 5838
100 351
100 366
100 347
100 178
100 885
100 2967
100 1704
100 1328
100 200
100 439
100 999
100 123
100 571
100 88
100 173
100 2597
100 1302
100 2316
100 4634
100 3127
100 1698
100 1141
100 54
100 1081
100 1268
100 1983
100 3588
100 3733
100 510
100 1507
100 603
100 13
100 123
100 1456
100 538
100 2092
100 271
100 2145
100 1262
100 1334
100 2690
100 3629
100 1093
100 10
100 95
100 5
100 1880
100 678
100 3499
100 2152
100 3773
100 1255
100 1494
100 124
100 2443
100 721
100 713
100 599
100 3511
100 1889
100 1731
100 1653
100 3276
100 1188
100 5273
100 1709
100 587
100 421
100 2744
100 1127
100 3139
100 570
100 646
100 4013
100 3034
100 1172
100 42
100 251
100 4541
100 1401
100 529
100 395
100 1312
100 535
100 320
100 188
100 1495
100 613
100 1652
100 624
100 1857
100 1312
100 3259
100 1281
100 195
100 66
100 2443
100 867
100 925
100 505
100 748
100 327
100 632
100 1349
100 2274
100 410
100 317
100 2561
100 81
100 1
100 713
100 617
100 4225
100 1573
100 127
100 5445
100 1021
100 2366
100 490
100 1769
100 6194
100 3220
100 176
100 3585
100 770
100 1789
100 8190
100 972
100 2972
100 391
100 36
100 774
100 1894
100 237
100 672
100 6364
100 167
100 1312
100 2901
100 1639
100 1126
100 886
100 3187
100 136
100 65
100 2491
100 690
100 2479
100 3552
100 1373
100 1670
100 1022
100 2337
100 2236
100 90
100 1451
100 2530
100 126
100 824
100 100
100 948
100 268
100 860
100 3
100 481
100 4429
100 1237
100 1591
100 696
100 4018
100 2312
100 595
100 1375
100 542
100 2620
100 963
100 1291
100 615
100 2382
100 4637
100 3191
100 5
100 622
100 951
100 2074
100 682
100 26
100 3044
100 1398
100 1469
100 1743
100 159
100 2268
100 186
100 2131
100 400
100 987
100 210
100 3840
100 205
100 1255
100 1874
100 1670
100 7403
100 1044
100 1537
100 1961
100 326
100 1621
100 1497
100 1474
100 127
100 767
100 1367
100 2927
100 330
100 412
100 942
100 58
100 986
100 806
100 1252
100 5193
100 1445
100 259
100 257
100 1682
100 5159
100 1642
100 2749
100 444
100 611
100 93
100 8
100 130
100 1447
100 419
100 932
100 551
100 761
100 1443
100 3070
100 710
100 678
100 3560
100 2057
100 587
100 33
100 651
100 3946
100 17
100 1133
100 469
100 5333
100 557
100 1359
100 1131
100 755
100 1171
100 46
100 417
100 852
100 1866
100 4517
100 662
100 1402
100 245
100 2347
100 725
100 5444
100 126
100 2899
100 92
100 2169
100 299
100 938
100 1211
100 767
100 2210
100 398
100 4688
100 441
100 162
100 4420
100 852
100 1257
100 114
100 241
100 33
100 7336
100 715
100 1047
100 2593
100 3235
100 3456
100 1109
100 4703
100 132
100 3447
100 3567
100 219
100 118
100 775
100 1718
100 2579
100 3932
100 3440
100 4848
100 115
100 612
100 129
100 3363
100 2120
100 1099
100 888
100 337
100 2664
100 225
100 670
100 2234
100 342
100 1964
100 371
100 977
100 1448
100 7
100 3255
100 733
100 1801
100 799
100 1032
100 2796
100 968
100 1164
100 814
100 1525
100 1721
100 715
100 5746
100 1644
100 2684
100 582
100 70
100 368
100 1343
100 6
100 1687
100 1210
100 3284
100 3244
100 569
100 1667
100 1302
100 1716
100 5240
100 2120
100 1708
100 2185
100 400
100 4324
100 1487
100 1809
100 3494
100 150
100 527
100 6265
100 89
100 17
100 557
100 3064
100 40
100 67
100 982
100 1550
100 1534
100 353
100 2288
100 2269
100 130
100 1600
100 441
100 887
100 116
100 1660
100 534
100 672
100 1961
100 4446
100 118
100 142
100 126
100 934
100 2382
100 1613
100 479
100 1100
100 893
100 544
100 332
100 3925
100 857
100 543
100 722
100 192
100 531
100 2167
100 4190
100 658
100 1396
100 923
100 459
100 1377
100 1626
100 926
100 709
100 2423
100 331
100 3584
100 6797
100 3139
100 164
100 2052
100 51
100 412
100 1264
100 3807
100 98
100 469
100 1503
100 112
100 146
100 2220
100 84
100 1527
100 275
100 822
100 341
100 632
100 1946
100 304
100 1371
100 2297
100 2096
100 458
100 479
100 2251
100 2341
100 295
100 3031
100 2593
100 1113
100 264
100 152
100 1329
100 634
100 112
100 529
100 88
100 985
100 1988
100 1802
100 5396
100 293
100 1631
100 1084
100 1548
100 241
100 269
100 156
100 905
100 2409
100 793
100 2206
100 687
100 281
100 2473
100 9047
100 1498
100 438
100 625
100 4851
100 2149
100 321
100 1273
100 191
100 925
100 1826
100 1496
100 2337
100 1099
100 5419
100 48
100 182
100 1672
100 1606
100 326
100 1188
100 964
100 698
100 0
100 365
100 1784
100 5159
100 998
100 36
100 995
100 2829
100 451
100 1025
100 4642
100 2633
100 3193
100 12
100 1249
100 7205
100 760
100 42
100 312
100 6433
100 3294
100 5080
100 521
100 3469
100 444
100 5162
100 493
100 742
100 5093
100 981
100 5369
100 1022
100 3543
100 145
100 330
100 3958
100 6263
100 1405
100 355
100 1037
100 280
100 352
100 75
100 3183
100 984
100 134
100 1276
100 978
100 2186
100 1809
100 2922
100 2055
100 240
100 563
100 546
100 2753
100 3478
100 2311
100 244
100 2066
100 2304
100 409
100 247
100 2938
100 1153
100 507
100 1175
100 2147
100 2312
100 2828
100 3998
100 1610
100 1091
100 1129
100 3174
100 482
100 2665
100 1190
100 3938
100 1181
100 1700
100 13
100 1382
100 445
100 469
100 1812
100 1839
100 1936
100 342
100 337
100 82
100 776
100 1904
100 490
100 403
100 1985
100 947
100 160
100 1000
100 3208
100 1937
100 1934
100 1090
100 243
100 1078
100 3792
100 263
100 2709
100 155
100 1363
100 1209
100 443
100 4786
100 1391
100 16
100 402
100 1529
100 64
100 1554
100 73
100 890
100 530
100 186
100 1633
100 2072
100 432
100 1474
100 2016
100 1680
100 586
100 2122
100 2445
100 1575
100 3438
100 551
100 2457
100 1934
100 211
100 6306
100 1036
100 2341
100 203
100 7447
100 2586
100 1754
100 194
100 2721
100 358
100 1041
100 1587
100 111
100 3707
100 1384
100 798
100 2072
100 348
100 1722
100 616
100 1693
100 17
100 387
100 581
100 6
100 4
100 784
100 2551
100 3996
100 568
100 27
100 1405
100 898
100 729
100 0
100 610
100 1565
100 2319
100 614
100 94
100 223
100 3938
100 947
100 3739
100 501
100 1390
100 446
100 1401
100 407
100 3153
100 170
100 3034
100 2421
100 250
100 788
100 5
100 585
100 3828
100 157
100 370
100 4892
100 2435
100 201
100 2693
100 201
100 1497
100 427
100 2071
100 2075
100 2073
100 997
100 140
100 2441
100 497
100 1154
100 454
100 1858
100 1384
100 777
100 335
100 2001
100 309
100 1030
100 364
100 2120
100 2739
100 351
100 3094
100 4213
100 295
100 1150
100 4166
100 246
100 2740
100 360
100 2475
100 2821
100 3878
100 279
100 2382
100 306
100 578
100 7721
100 14
100 244
100 2996
100 1220
100 130
100 588
100 494
100 757
100 606
100 269
100 1772
100 2241
100 660
100 3404
100 1333
100 3275
100 1816
100 1311
100 1123
100 337
100 14519
100 857
100 9676
100 435
100 2584
100 631
100 7585
100 214
100 15
100 3713
100 3345
100 721
100 1856
100 19
100 1699
100 2760
100 1009
100 3508
100 53
100 36
100 1939
100 747
100 557
100 3700
100 2591
100 2368
100 5318
100 3574
100 1774
100 7
100 2250
100 2550
100 895
100 311
100 3353
100 626
100 82
100 270
100 3887
100 106
100 863
100 5774
100 3193
100 529
100 365
100 2480
100 1816
100 6073
100 2570
100 668
100 3116
100 330
100 595
100 2266
100 906
100 1277
100 258
100 6394
100 1109
100 1612
100 1459
100 5174
100 3940
100 2911
100 709
100 292
100 384
100 838
100 231
100 2820
100 5779
100 4218
100 4850
100 1500
100 1673
100 777
100 531
100 270
100 1251
100 1937
100 208
100 3427
100 407
100 556
100 278
100 2170
100 263
100 2635
100 675
100 3269
100 2643
100 1273
100 1191
100 755
100 3712
100 762
100 602
100 211
100 402
100 427
100 4732
100 1807
100 69
100 455
100 502
100 4272
100 669
100 1967
100 295
100 297
100 536
100 1412
100 147
100 1628
100 3012
100 23
100 1476
100 3124
100 150
100 1882
100 153
100 488
100 2113
100 3684
100 1282
100 811
100 6071
100 2544
100 166
100 1881
100 306
100 4056
100 874
100 364
100 222
100 3494
100 523
100 1277
100 1145
100 807
100 3079
100 1326
100 729
100 405
100 82
100 888
100 389
100 445
100 1629
100 654
100 3864
100 404
100 1107
100 209
100 3131
100 1763
100 447
100 3620
100 47
100 623
100 3003
100 320
100 1776
100 4147
100 6343
100 237
100 2915
100 491
100 1180
100 4429
100 704
100 4131
100 754
100 2899
100 5741
100 1689
100 871
100 761
100 67
100 395
100 313
100 5647
100 1255
100 577
100 426
100 2036
100 897
100 1610
100 3097
100 434
100 1114
100 2376
100 482
100 3313
100 249
100 1583
100 6550
100 325
100 1235
100 1578
100 773
100 453
100 3294
100 1618
100 1529
100 2982
100 2462
100 585
100 1996
100 43
100 1238
100 1781
100 2088
100 298
100 12
100 871
100 62
100 206
100 1088
100 2670
100 89
100 93
100 733
100 148
100 2192
100 751
100 1134
100 1547
100 2203
100 1705
100 1016
100 1084
100 470
100 692
100 547
100 211
100 793
100 2442
100 817
100 89
100 56
100 488
100 495
100 708
100 1039
100 2245
100 508
100 628
100 623
100 231
100 2020
100 1307
100 1929
100 515
100 421
100 2425
100 732
100 7376
100 5004
100 2829
100 1109
100 2311
100 363
100 1218
100 2545
100 537
100 6059
100 1057
100 1623
100 181
100 302
100 1198
100 2141
100 1079
100 234
100 3475
100 1048
100 400
100 180
100 186
100 1703
100 329
100 2914
100 4347
100 992
100 3647
100 1058
100 833
100 100
100 180
100 425
100 2279
100 2457
100 1580
100 1276
100 860
100 2490
100 770
100 570
100 11
100 94
100 600
100 1925
100 773
100 540
100 1694
100 1240
100 18
100 2129
100 511
100 398
100 551
100 16
100 153
100 165
100 221
100 160
100 1295
100 2785
100 1339
100 142
100 292
100 106
100 1
100 94
100 1325
100 1323
100 421
100 1768
100 2451
100 2071
100 225
100 2652
100 538
100 3731
100 7139
100 1952
100 214
100 917
100 829
100 2989
100 802
100 1243
100 60
100 2942
100 2729
100 1565
100 2410
100 270
100 892
100 2263
100 3194
100 4944
100 679
100 1685
100 457
100 1664
100 3920
100 4719
100 1790
100 1550
100 62
100 892
100 1094
100 4313
100 789
100 2153
100 1287
100 1196
100 1852
100 823
100 4713
100 270
100 1468
100 2242
100 2077
100 472
100 285
100 1125
100 2469
100 1135
100 58
100 280
100 128
100 791
100 18
100 1405
100 423
100 2104
100 2382
100 461
100 1835
100 877
100 1240
100 920
100 2100
100 327
100 768
100 2401
100 4045
100 1068
100 354
100 444
100 1421
100 670
100 1747
100 3885
100 1772
100 3479
100 1025
100 446
100 205
100 554
100 776
100 4036
100 1742
100 1014
100 9514
100 1396
100 442
100 373
100 696
100 449
100 1018
100 3743
100 153
100 2526
100 231
100 6063
100 2147
100 2288
100 4007
100 2802
100 342
100 73
100 1711
100 187
100 64
100 1287
100 840
100 578
100 721
100 266
100 4731
100 1689
100 1692
100 296
100 233
100 180
100 663
100 2562
100 1703
100 266
100 996
100 821
100 2094
100 3342
100 743
100 1073
100 184
100 465
100 359
100 871
100 1692
100 824
100 1702
100 212
100 2937
100 1048
100 1198
100 8199
100 555
100 2999
100 1638
100 2632
100 202
100 3066
100 2197
100 1205
100 159
100 1210
100 2072
100 3184
100 197
100 616
100 1283
100 645
100 440
100 1331
100 183
100 191
100 1944
100 806
100 76
100 1236
100 2039
100 29
100 2327
100 198
100 581
100 3509
100 608
100 31
100 1339
100 773
100 5945
100 263
100 6009
100 2106
100 440
100 1904
100 1230
100 189
100 930
100 1752
100 1508
100 1161
100 552
100 2721
100 207
100 952
100 1925
100 700
100 1556
100 68
100 1241
100 1431
100 229
100 1575
100 3821
100 35
100 205
100 541
100 926
100 2990
100 1116
100 1867
100 1645
100 2692
100 1002
100 1700
100 1910
100 9545
100 330
100 2951
100 5378
100 1967
100 2262
100 5027
100 824
100 1887
100 8269
100 2997
100 999
100 2273
100 433
100 1074
100 217
100 144
100 27
100 645
100 265
100 835
100 2265
100 260
100 1181
100 5316
100 2153
100 118
100 69
100 4317
100 840
100 823
100 762
100 909
100 953
100 972
100 2589
100 22
100 4410
100 2184
100 3818
100 556
100 490
100 904
100 564
100 121
100 537
100 3072
100 123
100 808
100 722
100 14
100 997
100 436
100 135
100 4458
100 468
100 179
100 1515
100 659
100 2974
100 2085
100 828
100 1684
100 6071
100 298
100 3540
100 759
100 1529
100 2335
100 168
100 369
100 7
100 726
100 511
100 937
100 1533
100 2486
100 1809
100 2050
100 1701
100 993
100 2292
100 3037
100 2701
100 3577
100 1108
100 1838
100 967
100 859
100 1277
100 4068
100 429
100 1377
100 1785
100 1241
100 1922
100 1101
100 5263
100 882
100 651
100 2797
100 339
100 505
100 159
100 6274
100 560
100 2558
100 462
100 1712
100 1498
100 324
100 5061
100 1459
100 3562
100 967
100 1599
100 2237
100 327
100 1185
100 1028
100 715
100 404
100 2280
100 526
100 1691
100 1416
100 1720
100 300
100 256
100 4608
100 401
100 464
100 145
100 2605
100 3112
100 1057
100 173
100 14
100 507
100 3697
100 227
100 1142
100 1242
100 251
100 713
100 2722
100 2552
100 1520
100 1925
100 1145
100 1865
100 700
100 373
100 1969
100 364
100 483
100 223
100 445
100 1017
100 1188
100 606
100 641
100 1643
100 3853
100 2287
100 811
100 2026
100 1727
100 221
100 1224
100 2188
100 3732
100 2721
100 860
100 905
100 95
100 3767
100 302
100 181
100 2654
100 353
100 192
100 1234
100 1822
100 2040
100 119
100 746
100 2452
100 312
100 2507
100 761
100 366
100 417
100 9225
100 383
100 2062
100 17
100 307
100 1729
100 2740
100 161
100 407
100 2138
100 3105
100 785
100 284
100 2832
100 2645
100 227
100 45
100 648
100 627
100 360
100 173
100 819
100 5987
100 995
100 1456
100 1640
100 120
100 447
100 2003
100 6049
100 9561
100 552
100 6291
100 1757
100 302
100 3708
100 1227
100 5378
100 6941
100 57
100 684
100 436
100 688
100 4806
100 914
100 1845
100 1331
100 1050
100 2668
100 798
100 430
100 145
100 624
100 1215
100 260
100 2591
100 2094
100 231
100 1391
100 917
100 53
100 2495
100 1138
100 1286
100 1419
100 1930
100 1149
100 584
100 308
100 1669
100 305
100 2152
100 53
100 634
100 1413
100 1937
100 1979
100 417
100 3742
100 639
100 20
100 2666
100 1955
100 497
100 2298
100 907
100 3668
100 460
100 42
100 3814
100 548
100 3651
100 1959
100 1247
100 5181
100 733
100 3392
100 2454
100 656
100 448
100 735
100 365
100 638
100 800
100 147
100 1253
100 3688
100 2191
100 1214
100 149
100 60
100 1543
100 2087
100 2534
100 311
100 1022
100 357
100 334
100 3491
100 1171
100 33
100 634
100 211
100 1243
100 1608
100 1434
100 482
100 145
100 227
100 336
100 148
100 87
100 1182
100 3812
100 903
100 253
100 866
100 1260
100 1838
100 121
100 1163
100 1265
100 657
100 117
100 1250
100 267
100 1097
100 2257
100 29
100 907
100 1853
100 5334
100 707
100 970
100 558
100 2815
100 427
100 235
100 753
100 1197
100 1182
100 963
100 1010
100 545
100 3521
100 1539
100 1659
100 1374
100 7409
100 331
100 580
100 174
100 7063
100 1570
100 447
100 2549
100 370
100 1240
100 1464
100 181
100 1483
100 4248
100 846
100 1226
100 2285
100 2703
100 867
100 349
100 3351
100 4719
100 1195
100 459
100 701
100 1529
100 723
100 3540
100 345
100 2119
100 727
100 362
100 1326
100 1896
100 1547
100 249
100 1365
100 575
100 1748
100 3103
100 3384
100 3521
100 441
100 26
100 6959
100 1667
100 2427
100 221
100 2452
100 2860
100 975
100 950
100 2936
100 1123
100 2243
100 835
100 751
100 4244
100 404
100 258
100 275
100 1374
100 2154
100 263
100 634
100 420
100 1455
100 4166
100 50
100 659
100 221
100 4025
100 3966
100 1684
100 415
100 1320
100 456
100 1870
100 3281
100 114
100 1967
100 1425
100 1388
100 316
100 1047
100 18
100 1751
100 52
100 351
100 655
100 4684
100 987
100 4304
100 109
100 2794
100 450
100 1434
100 3537
100 2716
100 585
100 744
100 1150
100 817
100 4509
100 356
100 1736
100 1153
100 3031
100 2387
100 202
100 3455
100 1584
100 224
100 41
100 3715
100 2014
100 995
100 381
100 3069
100 765
100 2563
100 247
100 2064
100 256
100 297
100 122
100 314
100 2469
100 1203
100 1286
100 3159
100 2854
100 188
100 656
100 96
100 3000
100 5168
100 621
100 63
100 650
100 183
100 1722
100 3868
100 3669
100 0
100 1493
100 1144
100 1757
100 1353
100 2090
100 1884
100 790
100 980
100 374
100 6082
100 509
100 1454
100 1287
100 2351
100 32
100 277
100 2198
100 2645
100 1153
100 338
100 2672
100 2442
100 1077
100 313
100 372
100 2346
100 280
100 1770
100 4442
100 244
100 1491
100 981
100 1394
100 2718
100 3779
100 331
100 414
100 956
100 3937
100 4342
100 255
100 174
100 128
100 176
100 3745
100 4384
100 1841
100 963
100 298
100 294
100 5880
100 3010
100 2035
100 2238
100 7792
100 2289
100 1061
100 395
100 186
100 2409
100 1028
100 1531
100 2250
100 1410
100 5801
100 2914
100 841
100 1024
100 5570
100 5080
100 874
100 3986
100 565
100 656
100 539
100 380
100 1184
100 116
100 189
100 697
100 2327
100 2298
100 1694
100 1670
100 506
100 2742
100 141
100 2019
100 803
100 2127
100 4245
100 178
100 834
100 269
100 4284
100 3095
100 620
100 196
100 685
100 1561
100 1208
100 2950
100 163
100 713
100 840
100 407
100 717
100 333
100 354
100 1536
100 899
100 139
100 523
100 104
100 841
100 2851
100 183
100 2537
100 330
100 773
100 3374
100 446
100 3855
100 3003
100 2552
100 2212
100 132
100 3005
100 1764
100 1309
100 734
100 2910
100 48
100 1601
100 3623
100 923
100 285
100 1513
100 1880
100 1713
100 2588
100 398
100 1042
100 1412
100 3234
100 453
100 440
100 299
100 4223
100 431
100 4839
100 288
100 446
100 1970
100 1067
100 180
100 1988
100 862
100 2585
100 1175
100 3743
100 362
100 2610
100 824
100 623
100 211
100 3204
100 394
100 762
100 26
100 2605
100 3684
100 566
100 450
100 238
100 1606
100 3206
100 1840
100 5685
100 2673
100 1009
100 296
100 1206
100 895
100 18
100 326
100 3942
100 1242
100 1852
100 1457
100 746
100 1924
100 3476
100 1566
100 800
100 759
100 2637
100 3777
100 3426
100 1364
100 1856
100 1098
100 1212
100 2420
100 521
100 681
100 3027
100 1417
100 276
100 1040
100 6263
100 277
100 809
100 3939
100 1282
100 1485
100 2456
100 882
100 757
100 477
100 1367
100 1997
100 777
100 341
100 649
100 684
100 1101
100 857
100 560
100 788
100 5022
100 2506
100 439
100 85
100 703
100 119
100 577
100 50
100 808
100 2261
100 2679
100 1339
100 1717
100 142
100 898
100 2098
100 492
100 1661
100 5
100 1803
100 318
100 56
100 1133
100 368
100 359
100 1805
100 2014
100 1351
100 289
100 1190
100 387
100 1920
100 11194
100 1039
100 1954
100 1147
100 2044
100 2235
100 1954
100 105
100 3976
100 3476
100 2836
100 44
100 1971
100 1192
100 1867
100 147
100 458
100 1576
100 2085
100 2405
100 2186
100 546
100 6206
100 1387
100 695
100 760
100 441
100 925
100 4496
100 3005
100 812
100 611
100 1308
100 2030
100 460
100 1029
100 135
100 220
100 510
100 1102
100 7486
100 824
100 672
100 2527
100 3278
100 1236
100 4136
100 1040
100 1095
100 221
100 607
100 1646
100 1159
100 894
100 1205
100 703
100 1587
100 2886
100 673
100 1036
100 1052
100 3104
100 216
100 2210
100 211
100 1344
100 3531
100 360
100 2021
100 944
100 2373
100 495
100 988
100 540
100 33
100 1716
100 6186
100 912
100 1373
100 4009
100 197
100 654
100 2227
100 502
100 1818
100 203
100 3101
100 432
100 6327
100 946
100 1330
100 37
100 1821
100 263
100 1234
100 3520
100 1652
100 1618
100 729
100 1928
100 2107
100 1151
100 7631
100 243
100 687
100 399
100 487
100 98
100 877
100 658
100 571
100 1694
100 1475
100 2
100 339
100 2439
100 922
100 249
100 792
100 563
100 3330
100 474
100 909
100 277
100 608
100 27
100 2960
100 856
100 731
100 3522
100 692
100 174
100 1064
100 141
100 2067
100 3926
100 286
100 16
100 1316
100 994
100 11005
100 6784
100 711
100 216
100 2275
100 83
100 139
100 2006
100 2015
100 5078
100 523
100 743
100 1566
100 1574
100 669
100 105
100 970
100 937
100 5970
100 1235
100 159
100 247
100 4501
100 1748
100 1365
100 3348
100 1503
100 31
100 627
100 921
100 424
100 1586
100 139
100 690
100 4687
100 364
100 929
100 760
100 1758
100 1309
100 691
100 21
100 1490
100 115
100 243
100 5483
100 156
100 104
100 1148
100 1334
100 2862
100 2084
100 1463
100 1165
100 1666
100 1221
100 84
100 680
100 605
100 92
100 217
100 4292
100 1026
100 305
100 618
100 1055
100 491
100 1733
100 2241
100 1577
100 339
100 174
100 2111
100 1580
100 3127
100 120
100 3316
100 1092
100 61
100 2291
100 1025
100 827
100 803
100 610
100 816
100 5358
100 952
100 178
100 763
100 6157
100 990
100 1145
100 215
100 455
100 2942
100 2451
100 1413
100 1817
100 1185
100 563
100 4856
100 2045
100 5048
100 974
100 139
100 1445
100 797
100 4326
100 1252
100 1336
100 2301
100 1945
100 1551
100 2954
100 308
100 3228
100 760
100 425
100 646
100 1232
100 472
100 209
100 127
100 362
100 2956
100 613
100 197
100 148
100 642
100 2263
100 351
100 277
100 3347
100 2299
100 26
100 20
100 19
100 232
100 1944
100 699
100 1956
100 971
100 241
100 2272
100 352
100 2872
100 259
100 2275
100 1457
100 266
100 740
100 6329
100 1907
100 16
100 2578
100 266
100 2700
100 1377
100 4348
100 531
100 3017
100 898
100 527
100 1229
100 1901
100 463
100 2236
100 1952
100 122
100 886
100 1203
100 4102
100 800
100 521
100 956
100 478
100 2223
100 4689
100 2844
100 1439
100 265
100 6
100 631
100 1234
100 1212
100 1459
100 2825
100 197
100 517
100 289
100 133
100 522
100 681
100 2152
100 1344
100 2379
100 1642
100 607
100 257
100 116
100 197
100 716
100 1961
100 737
100 740
100 19
100 3345
100 768
100 639
100 885
100 9
100 648
100 2468
100 9121
100 1784
100 2349
100 1169
100 488
100 2055
100 3882
100 861
100 147
100 1837
100 867
100 642
100 1577
100 136
100 1377
100 93
100 1073
100 3675
100 550
100 3968
100 129
100 2143
100 626
100 879
100 1114
100 3828
100 1301
100 61
100 994
100 2530
100 215
100 1996
100 4274
100 1555
100 13
100 1082
100 553
100 2347
100 2915
100 1124
100 3061
100 85
100 2354
100 752
100 730
100 4571
100 161
100 2724
100 836
100 47
100 1530
100 279
100 1404
100 935
100 5230
100 3210
100 660
100 1033
100 336
100 2516
100 452
100 272
100 316
100 871
100 392
100 780
100 1637
100 3186
100 654
100 1757
100 135
100 5
100 1352
100 1518
100 566
100 121
100 74
100 1196
100 212
100 1223
100 1446
100 896
100 917
100 1536
100 577
100 1246
100 35
100 313
100 978
100 2820
100 3708
100 983
100 165
100 2157
100 3467
100 843
100 6130
100 395
100 614
100 690
100 1651
100 1738
100 713
100 1115
100 1011
100 384
100 880
100 3614
100 374
100 1634
100 4536
100 1168
100 1838
100 3596
100 2089
100 1373
100 1765
100 261
100 4326
100 646
100 304
100 410
100 1277
100 395
100 1190
100 2998
100 1538
100 777
100 1952
100 3764
100 2355
100 4610
100 2472
100 599
100 562
100 121
100 358
100 1823
100 656
100 749
100 247
100 65
100 5409
100 2308
100 40
100 4910
100 1470
100 1867
100 4635
100 1627
100 842
100 3027
100 908
100 3023
100 1759
100 830
100 1812
100 785
100 618
100 1068
100 4716
100 181
100 1369
100 4306
100 804
100 1092
100 1006
100 394
100 153
100 506
100 10283
100 7
100 1104
100 3262
100 1610
100 84
100 7625
100 1564
100 1539
100 7096
100 38
100 1200
100 316
100 1150
100 883
100 1480
100 3095
100 180
100 1934
100 1598
100 729
100 3927
100 707
100 947
100 120
100 22
100 3272
100 792
100 775
100 2899
100 1043
100 2378
100 4304
100 138
100 458
100 310
100 659
100 4461
100 774
100 418
100 4285
100 1535
100 2454
100 253
100 708
100 161
100 1188
100 2628
100 2378
100 1585
100 754
100 564
100 1350
100 1738
100 900
100 356
100 2669
100 1557
100 350
100 141
100 4752
100 1107
100 495
100 2204
100 114
100 345
100 2606
100 921
100 3388
100 2570
100 108
100 829
100 2172
100 920
100 2026
100 2543
100 6512
100 240
100 4879
100 2441
100 745
100 2396
100 2526
100 153
100 31
100 535
100 1708
100 216
100 193
100 1286
100 2809
100 4531
100 651
100 3368
100 1630
100 104
100 480
100 706
100 1632
100 976
100 440
100 1528
100 1489
100 394
100 439
100 119
100 509
100 300
100 43
100 3
100 663
100 654
100 1540
100 3377
100 488
100 1255
100 1948
100 473
100 269
100 680
100 43
100 2092
100 1034
100 2227
100 483
100 5688
100 4962
100 466
100 2041
100 84
100 944
100 1336
100 463
100 1244
100 2838
100 725
100 80
100 831
100 657
100 2171
100 6731
100 1201
100 1892
100 728
100 83
100 3695
100 948
100 423
100 564
100 813
100 6572
100 29
100 1021
100 591
100 370
100 176
100 976
100 210
100 827
100 3383
100 2906
100 706
100 1316
100 1185
100 1675
100 2310
100 479
100 1382
100 698
100 308
100 2141
100 735
100 312
100 47
100 515
100 3292
100 888
100 759
100 108
100 1130
100 19
100 3395
100 541
100 1729
100 280
100 880
100 4212
100 369
100 1002
100 2613
100 2453
100 1894
100 220
100 362
100 1503
100 251
100 5689
100 1339
100 789
100 101
100 1277
100 183
100 1519
100 3132
100 784
100 63
100 2108
100 1708
100 1793
100 1272
100 1163
100 1337
100 567
100 510
100 499
100 1042
100 1007
100 1841
100 841
100 3406
100 3559
100 1184
100 84
100 3125
100 13
100 1306
100 1207
100 3724
100 563
100 271
100 808
100 1182
100 2052
100 1751
100 994
100 5586
100 527
100 1485
100 1168
100 1135
100 75
100 4404
100 373
100 865
100 2088
100 1175
100 854
100 1589
100 0
100 557
100 412
100 827
100 1079
100 1320
100 2369
100 2999
100 943
100 3065
100 1333
100 2323
100 1519
100 6363
100 2479
100 269
100 1562
100 1045
100 877
100 1650
100 796
100 3307
100 1070
100 1611
100 248
100 4856
100 660
100 957
100 3044
100 3004
100 759
100 945
100 3246
100 815
100 1501
100 1249
100 2024
100 3072
100 2150
100 1379
100 134
100 990
100 1108
100 1962
100 280
100 3964
100 104
100 6311
100 532
100 844
100 357
100 2962
100 2716
100 1521
100 1139
100 3691
100 6
100 1384
100 2220
100 1390
100 2269
100 209
100 584
100 397
100 1921
100 1195
100 3865
100 1084
100 439
100 949
100 4040
100 1323
100 1534
100 2635
100 1654
100 915
100 4183
100 459
100 249
100 130
100 627
100 1409
100 344
100 5957
100 3355
100 94
100 2745
100 927
100 2646
100 718
100 1306
100 3251
100 96
100 100
100 573
100 922
100 1461
100 1123
100 2804
100 1243
100 243
100 1662
100 3370
100 688
100 2295
100 2726
100 2144
100 6599
100 381
100 163
100 1771
100 543
100 604
100 7743
100 417
100 399
100 1293
100 804
100 139
100 1314
100 858
100 2617
100 619
100 1038
100 189
100 758
100 260
100 520
100 512
100 257
100 4701
100 518
100 3210
100 989
100 1515
100 2595
100 243
100 649
100 1989
100 1342
100 3125
100 571
100 3113
100 340
100 1103
100 611
100 1439
100 338
100 919
100 32
100 1221
100 47
100 1510
100 1424
100 725
100 4027
100 951
100 3072
100 452
100 4044
100 12
100 774
100 661
100 776
100 5
100 628
100 825
100 3950
100 1080
100 3914
100 309
100 1879
100 38
100 475
100 438
100 1189
100 1564
100 3532
100 1368
100 1513
100 1223
100 209
100 1591
100 1671
100 730
100 40
100 2689
100 1768
100 770
100 2296
100 1453
100 525
100 2214
100 573
100 83
100 308
100 1059
100 1650
100 1030
100 733
100 1442
100 298
100 730
100 2722
100 642
100 2513
100 561
100 1484
100 3021
100 788
100 810
100 302
100 243
100 76
100 1191
100 3512
100 2375
100 1825
100 3450
100 98
100 293
100 2153
100 4780
100 983
100 673
100 1855
100 1092
100 1248
100 68
100 1585
100 882
100 751
100 1122
100 809
100 714
100 47
100 593
100 76
100 5040
100 348
100 398
100 348
100 695
100 1189
100 641
100 5787
100 2186
100 2967
100 579
100 2008
100 1809
100 3796
100 5301
100 1890
100 486
100 181
100 813
100 929
100 33
100 1041
100 199
100 274
100 1984
100 2630
100 3797
100 1657
100 1772
100 555
100 854
100 2250
100 173
100 220
100 472
100 677
100 288
100 1965
100 1368
100 3467
100 131
100 1589
100 634
100 1888
100 56
100 2172
100 3377
100 4580
100 132
100 1505
100 641
100 880
100 7
100 117
100 2128
100 716
100 2117
100 866
100 939
100 3645
100 2147
100 2387
100 1642
100 2200
100 42
100 822
100 8366
100 534
100 25
100 863
100 589
100 1569
100 2031
100 173
100 1678
100 133
100 482
100 1400
100 2787
100 809
100 6103
100 816
100 1481
100 112
100 672
100 849
100 1631
100 621
100 26
100 2053
100 1791
100 1
100 64
100 951
100 1898
100 4187
100 6091
100 906
100 167
100 380
100 1100
100 913
100 1152
100 2068
100 2468
100 1044
100 1695
100 1633
100 296
100 2187
100 2818
100 902
100 860
100 3998
100 43
100 1259
100 3144
100 5459
100 2801
100 583
100 2404
100 138
100 53
100 563
100 1057
100 1254
100 1165
100 388
100 1321
100 674
100 97
100 391
100 1338
100 1597
100 1988
100 2294
100 730
100 2130
100 38
100 327
100 38
100 2125
100 2420
100 2596
100 847
100 4139
100 2358
100 3484
100 200
100 221
100 1768
100 261
100 110
100 725
100 2316
100 758
100 5122
100 791
100 46
100 925
100 847
100 2694
100 955
100 824
100 1609
100 830
100 890
100 1482
100 37
100 1604
100 15
100 488
100 94
100 1092
100 340
100 307
100 1389
100 1525
100 2030
100 48
100 623
100 424
100 1450
100 696
100 1334
100 617
100 116
100 140
100 251
100 2121
100 153
100 1508
100 1507
100 722
100 2890
100 14
100 1260
100 2213
100 2625
100 746
100 129
100 2270
100 1005
100 9349
100 82
100 894
100 326
100 302
100 438
100 276
100 1183
100 861
100 3355
100 5740
100 240
100 2363
100 999
100 1825
100 770
100 1326
100 1444
100 1312
100 3897
100 2108
100 2246
100 2375
100 2371
100 475
100 3854
100 5849
100 1231
100 1303
100 1610
100 129
100 1479
100 398
100 24
100 2657
100 63
100 3815
100 379
100 2764
100 69
100 394
100 1820
100 526
100 1007
100 1533
100 844
100 1183
100 1819
100 6097
100 1490
100 2186
100 1002
100 1562
100 2453
100 1527
100 85
100 2176
100 487
100 497
100 190
100 4939
100 2801
100 1651
100 1646
100 420
100 184
100 3783
100 4555
100 1484
100 2019
100 1123
100 2702
100 4152
100 1223
100 388
100 255
100 306
100 856
100 4583
100 2165
100 298
100 756
100 3794
100 612
100 3011
100 34
100 2247
100 238
100 753
100 1500
100 3843
100 117
100 148
100 1318
100 1448
100 3821
100 2857
100 719
100 1578
100 629
100 581
100 1697
100 91
100 1648
100 1290
100 17
100 905
100 777
100 1665
100 2186
100 1468
100 7
100 844
100 2750
100 2479
100 38
100 1813
100 10951
100 3269
100 1267
100 549
100 5203
100 2935
100 238
100 2692
100 752
100 1010
100 5134
100 3709
100 1474
100 1727
100 1078
100 905
100 849
100 1665
100 410
100 423
100 1674
100 79
100 2318
100 1353
100 709
100 3969
100 2517
100 1155
100 571
100 194
100 413
100 1847
100 1356
100 97
100 1343
100 932
100 1006
100 66
100 1832
100 2375
100 2548
100 107
100 1073
100 81
100 842
100 636
100 813
100 2560
100 3289
100 762
100 334
100 6435
100 1490
100 1729
100 275
100 282
100 70
100 449
100 1130
100 2281
100 634
100 206
100 1935
100 867
100 3410
100 1127
100 6383
100 1764
100 1899
100 84
100 679
100 1218
100 2421
100 408
100 386
100 32
100 1280
100 503
100 482
100 517
100 830
100 1196
100 3149
100 705
100 329
100 244
100 2188
100 166
100 450
100 5722
100 155
100 720
100 2069
100 1789
100 1114
100 1339
100 2584
100 380
100 2905
100 965
100 1051
100 259
100 751
100 1301
100 570
100 1105
100 1065
100 222
100 1375
100 1214
100 1737
100 2964
100 368
100 2397
100 4176
100 1059
100 816
100 1422
100 4024
100 85
100 354
100 1852
100 48
100 1541
100 1788
100 173
100 3405
100 1016
100 3943
100 1250
100 3575
100 102
100 4044
100 812
100 3548
100 630
100 2135
100 1123
100 1153
100 1364
100 490
100 2152
100 4733
100 1314
100 749
100 655
100 3585
100 870
100 1127
100 446
100 3305
100 3205
100 2406
100 1324
100 185
100 1177
100 190
100 2398
100 113
100 2326
100 53
100 24
100 367
100 1734
100 1632
100 1385
100 739
100 3113
100 4084
100 109
100 3497
100 42
100 380
100 378
100 1726
100 140
100 84
100 327
100 804
100 2345
100 78
100 1372
100 1614
100 123
100 1399
100 2061
100 1914
100 334
100 1858
100 923
100 211
100 3633
100 390
100 64
100 3524
100 2338
100 4165
100 1636
100 210
100 857
100 1731
100 929
100 648
100 333
100 939
100 3016
100 4094
100 252
100 2994
100 1064
100 407
100 118
100 1033
100 3769
100 4993
100 852
100 446
100 234
100 483
100 74
100 89
100 112
100 520
100 319
100 418
100 10
100 553
100 382
100 81
100 1272
100 1257
100 2591
100 782
100 2938
100 2247
100 2077
100 321
100 1358
100 2822
100 259
100 742
100 286
100 0
100 134
100 40
100 1260
100 1855
100 2241
100 78
100 449
100 3793
100 35
100 534
100 10689
100 153
100 283
100 485
100 1469
100 4125
100 3898
100 3395
100 4007
100 603
100 1556
100 583
100 2841
100 459
100 5777
100 485
100 1773
100 2793
100 1586
100 1635
100 356
100 705
100 1445
100 3506
100 225
100 2298
100 228
100 6366
100 626
100 1462
100 1056
100 4403
100 5967
100 625
100 424
100 412
100 1590
100 2466
100 458
100 651
100 1329
100 630
100 767
100 417
100 1260
100 1323
100 796
100 15
100 2011
100 704
100 497
100 127
100 600
100 634
100 97
100 1941
100 211
100 2275
100 955
100 1493
100 1090
100 13
100 72
100 2169
100 4087
100 1882
100 855
100 861
100 1154
100 2976
100 126
100 1762
100 233
100 302
100 600
100 586
100 3491
100 1819
100 868
100 2704
100 1279
100 690
100 791
100 1076
100 3836
100 1167
100 421
100 5283
100 979
100 838
100 226
100 2655
100 3228
100 3466
100 372
100 1489
100 6087
100 1730
100 424
100 1852
100 1705
100 3240
100 366
100 522
100 214
100 777
100 1669
100 159
100 368
100 1605
100 1558
100 579
100 1299
100 54
100 872
100 865
100 1337
100 856
100 1454
100 155
100 1321
100 892
100 164
100 591
100 341
100 759
100 2789
100 4637
100 656
100 405
100 183
100 6129
100 4647
100 4813
100 4797
100 2295
100 1654
100 4620
100 28
100 583
100 2717
100 1189
100 2078
100 118
100 1506
100 1062
100 32
100 771
100 3529
100 359
100 66
100 2928
100 3340
100 1044
100 201
100 135
100 244
100 471
100 134
100 2588
100 1878
100 754
100 1185
100 3702
100 1330
100 1127
100 10
100 558
100 1015
100 1071
100 532
100 2767
100 515
100 804
100 477
100 1465
100 385
100 139
100 1028
100 211
100 147
100 3248
100 2914
100 5357
100 1464
100 1158
100 152
100 424
100 1456
100 4720
100 63
100 3804
100 737
100 798
100 886
100 255
100 425
100 550
100 1642
100 1891
100 1908
100 1006
100 972
100 350
100 1329
100 4700
100 575
100 1655
100 211
100 2644
100 2972
100 4964
100 1016
100 750
100 552
100 1108
100 644
100 11
100 725
100 2334
100 803
100 2383
100 1647
100 2770
100 1580
100 817
100 308
100 1065
100 23
100 1614
100 767
100 224
100 620
100 883
100 2963
100 696
100 53
100 4376
100 1463
100 3688
100 4079
100 2092
100 358
100 2113
100 4068
100 2977
100 1861
100 31
100 900
100 1216
100 1125
100 0
100 2926
100 4677
100 970
100 1185
100 1348
100 2640
100 1021
100 221
100 1170
100 1017
100 2914
100 2121
100 361
100 2046
100 3183
100 5189
100 1758
100 906
100 572
100 575
100 66
100 1416
100 2109
100 736
100 113
100 805
100 690
100 1250
100 1146
100 136
100 320
100 3355
100 1124
100 1487
100 903
100 829
100 1117
100 2455
100 715
100 485
100 210
100 439
100 3041
100 2517
100 1373
100 288
100 140
100 775
100 3435
100 459
100 144
100 212
100 3015
100 1229
100 3801
100 162
100 2380
100 3170
100 2876
100 921
100 1819
100 6914
100 375
100 1698
100 580
100 4532
100 982
100 821
100 1974
100 853
100 3280
100 1295
100 324
100 129
100 4104
100 1237
100 148
100 622
100 112
100 535
100 80
100 1838
100 1301
100 1656
100 1590
100 876
100 1816
100 1150
100 851
100 3402
100 1004
100 6541
100 638
100 129
100 444
100 2393
100 287
100 6410
100 1487
100 335
100 1497
100 1495
100 274
100 475
100 367
100 2205
100 1732
100 5232
100 311
100 751
100 853
100 3969
100 2603
100 91
100 459
100 1841
100 2679
100 1333
100 1250
100 4187
100 5731
100 7327
100 2749
100 1215
100 892
100 819
100 818
100 1026
100 30
100 2063
100 444
100 2734
100 1349
100 513
100 1319
100 417
100 736
100 1455
100 1548
100 112
100 819
100 429
100 610
100 72
100 468
100 864
100 4357
100 1192
100 1828
100 2737
100 2453
100 328
100 1655
100 403
100 1241
100 4013
100 278
100 66
100 30
100 1683
100 555
100 614
100 1020
100 2941
100 1615
100 3518
100 3291
100 370
100 1766
100 95
100 1343
100 290
100 614
100 828
100 40
100 695
100 267
100 92
100 341
100 2036
100 533
100 256
100 2812
100 4460
100 697
100 1010
100 510
100 789
100 186
100 396
100 741
100 703
100 626
100 2266
100 43
100 480
100 3183
100 2876
100 1311
100 1169
100 4109
100 1625
100 3304
100 77
100 1822
100 689
100 490
100 2272
100 2469
100 1124
100 685
100 20
100 712
100 6222
100 729
100 747
100 1573
100 965
100 26
100 4654
100 179
100 1453
100 134
100 270
100 18
100 364
100 2698
100 134
100 162
100 1174
100 153
100 5039
100 308
100 2229
100 2774
100 3264
100 2274
100 1003
100 1109
100 675
100 2730
100 1417
100 463
100 3691
100 1876
100 3443
100 1917
100 3154
100 192
100 1301
100 1269
100 1229
100 3100
100 4005
100 47
100 2215
100 836
100 1018
100 26
100 1217
100 562
100 779
100 394
100 1023
100 2798
100 1359
100 1442
100 4343
100 4363
100 4959
100 355
100 347
100 286
100 3850
100 1974
100 1316
100 2145
100 1484
100 3947
100 1133
100 1225
100 899
100 188
100 934
100 1096
100 4766
100 808
100 5222
100 3024
100 1721
100 874
100 471
100 987
100 2942
100 140
100 1612
100 230
100 854
100 244
100 144
100 992
100 1294
100 72
100 409
100 462
100 3175
100 3402
100 13
100 468
100 1348
100 1739
100 3760
100 493
100 2030
100 543
100 1535
100 2079
100 98
100 414
100 29
100 120
100 1080
100 5798
100 10493
100 3487
100 4146
100 3403
100 1150
100 867
100 205
100 1346
100 2258
100 717
100 1632
100 1099
100 1614
100 682
100 3275
100 75
100 1257
100 876
100 523
100 29
100 3017
100 2403
100 78
100 921
100 2
100 821
100 644
100 1323
100 2029
100 1049
100 1806
100 805
100 1858
100 3240
100 27
100 9
100 146
100 1634
100 959
100 2544
100 1086
100 557
100 2060
100 717
100 1576
100 1153
100 2044
100 1395
100 4331
100 791
100 2332
100 1573
100 8337
100 578
100 1637
100 1733
100 1157
100 508
100 578
100 709
100 694
100 1442
100 564
100 515
100 748
100 1566
100 971
100 3294
100 1539
100 1833
100 4072
100 1808
100 259
100 4377
100 516
100 818
100 960
100 2468
100 2068
100 750
100 2625
100 488
100 2020
100 2877
100 468
100 666
100 2765
100 171
100 973
100 682
100 2590
100 712
100 972
100 963
100 357
100 3
100 830
100 947
100 1738
100 1112
100 172
100 486
100 487
100 65
100 2491
100 1179
100 106
100 821
100 2993
100 129
100 394
100 3329
100 637
100 1749
100 1026
100 265
100 1528
100 1358
100 2351
100 236
100 876
100 5689
100 2758
100 555
100 5122
100 227
100 574
100 542
100 528
100 9
100 3690
100 1695
100 104
100 70
100 1387
100 3139
100 640
100 1888
100 12
100 1354
100 197
100 1354
100 371
100 1458
100 889
100 977
100 3773
100 1009
100 1466
100 24
100 3150
100 4160
100 6685
100 2093
100 2800
100 175
100 436
100 1527
100 2010
100 2
100 8098
100 2332
100 1550
100 3928
100 2766
100 671
100 3612
100 355
100 877
100 2330
100 1290
100 404
100 896
100 2247
100 528
100 2584
100 56
100 5349
100 1242
100 2141
100 1893
100 1071
100 897
100 355
100 648
100 2256
100 493
100 428
100 131
100 1671
100 418
100 6734
100 5414
100 209
100 7475
100 2844
100 371
100 150
100 131
100 3471
100 2428
100 1852
100 1275
100 428
100 152
100 232
100 217
100 303
100 3063
100 97
100 528
100 437
100 910
100 1443
100 948
100 1721
100 121
100 1531
100 1435
100 377
100 686
100 308
100 3279
100 3996
100 3251
100 1387
100 2624
100 747
100 3223
100 1494
100 2227
100 1440
100 1620
100 280
100 117
100 809
100 863
100 4182
100 1127
100 1856
100 2764
100 4595
100 67
100 1570
100 6789
100 516
100 1910
100 3172
100 4932
100 1644
100 3187
100 1842
100 535
100 1278
100 237
100 2000
100 1361
100 1624
100 767
100 1037
100 5026
100 1105
100 2996
100 4009
100 1070
100 715
100 4241
100 2244
100 199
100 1744
100 2862
100 809
100 479
100 2486
100 3360
100 1923
100 606
100 273
100 1050
100 727
100 417
100 408
100 241
100 891
100 260
100 3961
100 373
100 770
100 2155
100 773
100 1074
100 1042
100 2371
100 1127
100 1559
100 285
100 2646
100 2339
100 1371
100 1274
100 393
100 710
100 4148
100 1595
100 2112
100 830
100 310
100 5148
100 2203
100 1057
100 226
100 629
100 2122
100 436
100 91
100 1187
100 708
100 105
100 181
100 289
100 2348
100 3624
100 2081
100 551
100 147
100 3112
100 703
100 1989
100 3666
100 405
100 1708
100 1038
100 574
100 91
100 320
100 1391
100 1105
100 9
100 4746
100 2591
100 1379
100 2639
100 483
100 193
100 5221
100 3609
100 1591
100 1104
100 1554
100 444
100 697
100 2521
100 3662
100 3156
100 484
100 2069
100 270
100 896
100 2579
100 1191
100 2384
100 175
100 799
100 725
100 6420
100 518
100 2552
100 1095
100 2095
100 5689
100 1296
100 2062
100 781
100 979
100 3382
100 484
100 644
100 115
100 960
100 978
100 815
100 590
100 276
100 1311
100 723
100 1390
100 846
100 139
100 269
100 1687
100 381
100 2123
100 1261
100 7623
100 379
100 3885
100 551
100 2058
100 10
100 1591
100 3931
100 627
100 1840
100 321
100 3990
100 194
100 3290
100 1432
100 753
100 877
100 6237
100 1577
100 2063
100 1932
100 2727
100 732
100 1275
100 528
100 12
100 164
100 1428
100 812
100 982
100 489
100 302
100 847
100 2146
100 2093
100 203
100 460
100 529
100 417
100 1258
100 2255
100 268
100 612
100 515
100 1023
100 638
100 147
100 2641
100 772
100 648
100 4020
100 3680
100 3318
100 501
100 667
100 34
100 99
100 581
100 364
100 1178
100 3415
100 3646
100 109
100 4709
100 17
100 2327
100 2726
100 124
100 601
100 1163
100 1593
100 576
100 1458
100 1021
100 905
100 2626
100 797
100 3538
100 1406
100 350
100 127
100 734
100 771
100 1862
100 2
100 820
100 1450
100 936
100 5041
100 4420
100 4180
100 567
100 1254
100 1071
100 92
100 2177
100 963
100 697
100 1138
100 1291
100 483
100 329
100 771
100 1479
100 1537
100 1146
100 2671
100 498
100 1600
100 722
100 447
100 1411
100 1961
100 2262
100 1144
100 1803
100 742
100 951
100 3163
100 2427
100 267
100 126
100 3635
100 477
100 300
100 731
100 1357
100 258
100 2165
100 4041
100 1763
100 472
100 2036
100 4744
100 4193
100 2728
100 1915
100 3502
100 1291
100 170
100 4565
100 1526
100 2435
100 1048
100 336
100 870
100 955
100 3250
100 3145
100 210
100 3286
100 101
100 347
100 3442
100 1902
100 4569
100 3817
100 223
100 1306
100 2571
100 1588
100 1171
100 2010
100 435
100 330
100 1011
100 359
100 848
100 744
100 1297
100 5286
100 3441
100 31
100 759
100 132
100 3117
100 3780
100 50
100 46
100 170
100 478
100 812
100 276
100 1179
100 829
100 3166
100 3062
100 207
100 1379
100 208
100 1646
100 1506
100 1679
100 1187
100 1394
100 1266
100 2319
100 7292
100 389
100 38
100 1575
100 1458
100 170
100 1340
100 243
100 1126
100 109
100 2258
100 1446
100 2926
100 1156
100 49
100 320
100 1625
100 4305
100 3281
100 63
100 3416
100 1446
100 4357
100 2769
100 6095
100 3158
100 1860
100 3366
100 910
100 2412
100 483
100 402
100 921
100 1414
100 9
100 2580
100 1226
100 242
100 436
100 1970
100 94
100 723
100 2430
100 351
100 5
100 1175
100 188
100 2009
100 7257
100 162
100 29
100 2032
100 793
100 2038
100 384
100 599
100 535
100 336
100 251
100 754
100 5410
100 1133
100 774
100 925
100 343
100 723
100 5096
100 786
100 3761
100 1061
100 1637
100 2255
100 1421
100 2768
100 1810
100 1217
100 4831
100 133
100 99
100 792
100 129
100 1944
100 1285
100 125
100 14
100 2395
100 2391
100 777
100 683
100 1965
100 2599
100 2348
100 656
100 210
100 780
100 228
100 2262
100 6342
100 238
100 1878
100 2312
100 2442
100 421
100 6026
100 729
100 717
100 258
100 1201
100 885
100 2392
100 2394
100 645
100 1033
100 278
100 1114
100 1893
100 2233
100 1453
100 3515
100 2751
100 1056
100 89
100 4018
100 685
100 5015
100 3617
100 1156
100 1495
100 387
100 192
100 125
100 1104
100 1677
100 4842
100 402
100 2738
100 1296
100 3527
100 2844
100 26
100 352
100 463
100 2876
100 369
100 2499
100 1116
100 111
100 2516
100 1635
100 4611
100 543
100 217
100 1847
100 200
100 1725
100 464
100 1922
100 1319
100 935
100 1656
100 531
100 379
100 650
100 2002
100 126
100 36
100 879
100 1908
100 581
100 33
100 2574
100 793
100 6023
100 750
100 728
100 4122
100 517
100 973
100 583
100 2528
100 978
100 45
100 4270
100 218
100 2827
100 228
100 1685
100 2971
100 1617
100 35
100 1252
100 2417
100 42
100 4752
100 5646
100 1273
100 85
100 133
100 4446
100 1200
100 3542
100 174
100 6416
100 638
100 562
100 3033
100 188
100 3088
100 2405
100 594
100 663
100 251
100 3172
100 1725
100 529
100 259
100 3928
100 3554
100 3572
100 743
100 1184
100 2
100 486
100 10006
100 119
100 1174
100 1482
100 824
100 1601
100 952
100 80
100 3455
100 2555
100 1260
100 7275
100 3305
100 843
100 980
100 771
100 4549
100 378
100 2382
100 3516
100 138
100 78
100 1166
100 181
100 4867
100 1650
100 1708
100 928
100 88
100 121
100 86
100 1193
100 2966
100 601
100 2035
100 553
100 2448
100 3750
100 1598
100 1803
100 1274
100 301
100 1546
100 37
100 3406
100 2160
100 5558
100 1750
100 33
100 3129
100 19
100 2698
100 1399
100 520
100 926
100 780
100 1465
100 245
100 5971
100 276
100 6420
100 1659
100 887
100 1298
100 1023
100 2013
100 2466
100 993
100 620
100 7776
100 5142
100 40
100 668
100 562
100 58
100 1454
100 1981
100 717
100 1763
100 4372
100 811
100 1758
100 102
100 4917
100 4609
100 354
100 150
100 278
100 1895
100 239
100 641
100 79
100 1196
100 1018
100 697
100 210
100 1173
100 1231
100 813
100 1383
100 1830
100 855
100 351
100 528
100 387
100 111
100 3996
100 164
100 244
100 894
100 2234
100 1095
100 822
100 965
100 427
100 1201
100 2320
100 1858
100 4588
100 828
100 1947
100 2260
100 2668
100 9172
100 4582
100 9375
100 1260
100 443
100 486
100 275
100 890
100 44
100 115
100 4458
100 165
100 454
100 603
100 2347
100 448
100 54
100 1125
100 1786
100 345
100 448
100 336
100 506
100 2061
100 2008
100 47
100 3370
100 66
100 585
100 2624
100 5069
100 3440
100 1665
100 1538
100 36
100 2196
100 296
100 2521
100 597
100 2738
100 348
100 2088
100 1091
100 599
100 1548
100 2386
100 4147
100 629
100 156
100 157
100 114
100 638
100 742
100 2388
100 1970
100 210
100 1245
100 306
100 393
100 825
100 7226
100 539
100 2322
100 809
100 629
100 623
100 1108
100 2360
100 996
100 1543
100 1166
100 2262
100 2633
100 784
100 108
100 107
100 437
100 3531
100 256
100 1974
100 37
100 1221
100 552
100 1674
100 2267
100 1912
100 330
100 96
100 1135
100 1083
100 1629
100 1214
100 559
100 1303
100 348
100 1660
100 1642
100 2673
100 437
100 2856
100 654
100 394
100 518
100 1292
100 2881
100 3567
100 745
100 2121
100 106
100 1585
100 1885
100 299
100 173
100 1845
100 111
100 3574
100 2227
100 489
100 1379
100 1389
100 56
100 4530
100 169
100 3129
100 3872
100 1970
100 4112
100 3437
100 1008
100 486
100 345
100 3176
100 679
100 163
