100 73
100 817
100 336
100 137
100 753
100 77
100 373
100 127
100 416
100 154
100 10
100 299
100 318
100 262
100 91
100 83
100 470
100 56
100 101
100 1747
100 131
100 749
100 296
100 1223
100 179
100 88
100 35
100 56
100 381
100 355
100 153
100 91
100 646
100 8
100 88
100 213
100 237
100 56
100 122
100 350
100 47
100 303
100 865
100 317
100 69
100 59
100 693
100 2757
100 511
100 98
100 389
100 0
100 601
100 133
100 285
100 453
100 863
100 703
100 96
100 22
100 272
100 5
100 377
100 41
100 290
100 130
100 243
100 657
100 387
100 952
100 118
100 248
100 39
100 60
100 63
100 36
100 55
100 17
100 87
100 46
100 71
100 381
100 92
100 202
100 407
100 3
100 629
100 291
100 90
100 33
100 194
100 699
100 30
100 138
100 59
100 200
100 131
100 115
100 14
100 389
100 94
100 48
100 88
100 180
100 206
100 343
100 80
100 76
100 477
100 35
100 1140
100 5
100 101
100 186
100 68
100 339
100 182
100 243
100 13
100 219
100 128
100 38
100 227
100 281
100 232
100 194
100 151
100 203
100 20
100 167
100 373
100 235
100 410
100 354
100 348
100 246
100 44
100 106
100 42
100 581
100 483
100 159
100 120
100 21
100 413
100 497
100 179
100 343
100 846
100 108
100 184
100 181
100 120
100 204
100 13
100 299
100 98
100 150
100 409
100 185
100 363
100 757
100 9
100 186
100 519
100 359
100 393
100 330
100 93
100 483
100 198
100 92
100 280
100 31
100 351
100 296
100 30
100 636
100 326
100 530
100 204
100 190
100 57
100 113
100 1039
100 954
100 7
100 1103
100 813
100 963
100 180
100 255
100 23
100 1118
100 208
100 0
100 367
100 1151
100 14
100 61
100 819
100 370
100 106
100 536
100 589
100 381
100 308
100 204
100 225
100 194
100 86
100 49
100 750
100 124
100 68
100 974
100 286
100 206
100 79
100 311
100 430
100 796
100 155
100 65
100 260
100 589
100 175
100 117
100 724
100 111
100 196
100 75
100 300
100 299
100 239
100 72
100 610
100 209
100 194
100 137
100 518
100 41
100 245
100 515
100 77
100 13
100 2
100 132
100 720
100 265
100 105
100 149
100 221
100 112
100 172
100 169
100 331
100 653
100 782
100 87
100 2
100 423
100 9
100 368
100 227
100 1
100 800
100 390
100 763
100 52
100 20
100 345
100 310
100 288
100 102
100 686
100 226
100 165
100 24
100 97
100 204
100 703
100 87
100 420
100 191
100 231
100 388
100 1803
100 9
100 36
100 115
100 364
100 200
100 187
100 116
100 2
100 155
100 41
100 344
100 476
100 389
100 1037
100 243
100 178
100 172
100 343
100 28
100 461
100 125
100 117
100 223
100 710
100 80
100 257
100 31
100 141
100 460
100 87
100 225
100 22
100 756
100 53
100 119
100 220
100 183
100 36
100 72
100 354
100 808
100 1058
100 392
100 201
100 79
100 391
100 443
100 231
100 209
100 25
100 368
100 255
100 129
100 251
100 529
100 126
100 713
100 0
100 280
100 241
100 177
100 213
100 461
100 502
100 510
100 7
100 30
100 32
100 875
100 1682
100 1387
100 344
100 0
100 1364
100 310
100 94
100 61
100 84
100 217
100 426
100 590
100 281
100 110
100 83
100 121
100 229
100 269
100 84
100 429
100 134
100 1
100 181
100 159
100 27
100 313
100 27
100 91
100 390
100 814
100 34
100 143
100 152
100 1173
100 20
100 25
100 366
100 26
100 185
100 156
100 90
100 270
100 269
100 229
100 347
100 225
100 287
100 61
100 22
100 606
100 169
100 306
100 350
100 621
100 73
100 79
100 249
100 200
100 57
100 178
100 903
100 729
100 23
100 521
100 507
100 321
100 405
100 304
100 275
100 328
100 121
100 193
100 308
100 24
100 121
100 101
100 44
100 59
100 115
100 106
100 512
100 240
100 400
100 175
100 254
100 696
100 252
100 321
100 206
100 745
100 583
100 31
100 172
100 31
100 203
100 68
100 485
100 111
100 154
100 853
100 115
100 46
100 162
100 164
100 193
100 347
100 933
100 161
100 2
100 528
100 88
100 349
100 811
100 51
100 17
100 427
100 128
100 376
100 735
100 1
100 38
100 223
100 0
100 603
100 1137
100 45
100 442
100 91
100 771
100 652
100 1201
100 103
100 663
100 230
100 1295
100 25
100 391
100 354
100 357
100 30
100 604
100 25
100 51
100 66
100 182
100 109
100 14
100 457
100 636
100 192
100 16
100 464
100 137
100 443
100 257
100 161
100 109
100 104
100 45
100 297
100 160
100 267
100 193
100 484
100 282
100 54
100 917
100 25
100 229
100 60
100 152
100 852
100 399
100 244
100 73
100 99
100 334
100 141
100 1490
100 151
100 99
100 506
100 419
100 28
100 156
100 130
100 34
100 354
100 138
100 300
100 89
100 135
100 270
100 476
100 36
100 158
100 679
100 416
100 228
100 65
100 28
100 868
100 116
100 176
100 157
100 76
100 529
100 43
100 133
100 384
100 227
100 86
100 969
100 6
100 54
100 264
100 92
100 78
100 323
100 342
100 142
100 87
100 138
100 409
100 257
100 370
100 89
100 322
100 549
100 7
100 218
100 313
100 490
100 440
100 56
100 1187
100 689
100 7
100 10
100 72
100 209
100 185
100 26
100 912
100 1407
100 258
100 955
100 93
100 86
100 136
100 161
100 26
100 18
100 282
100 328
100 395
100 105
100 690
100 301
100 120
100 91
100 89
100 319
100 346
100 126
100 46
100 660
100 661
100 107
100 398
100 386
100 1225
100 427
100 52
100 801
100 802
100 876
100 283
100 26
100 374
100 492
100 29
100 267
100 830
100 45
100 910
100 1
100 394
100 106
100 165
100 501
100 59
100 90
100 36
100 149
100 525
100 225
100 319
100 144
100 66
100 10
100 146
100 860
100 85
100 184
100 439
100 47
100 171
100 155
100 420
100 670
100 265
100 373
100 33
100 758
100 817
100 734
100 8
100 189
100 84
100 381
100 299
100 62
100 0
100 525
100 203
100 982
100 298
100 894
100 130
100 1302
100 172
100 321
100 211
100 886
100 849
100 25
100 1282
100 23
100 207
100 473
100 653
100 176
100 85
100 498
100 1234
100 61
100 16
100 231
100 324
100 1045
100 377
100 445
100 250
100 246
100 34
100 297
100 292
100 335
100 171
100 289
100 483
100 25
100 322
100 77
100 114
100 1175
100 113
100 325
100 140
100 180
100 191
100 1501
100 187
100 611
100 169
100 19
100 433
100 434
100 385
100 63
100 376
100 46
100 847
100 933
100 220
100 2701
100 554
100 130
100 41
100 264
100 233
100 103
100 1246
100 97
100 970
100 186
100 118
100 587
100 184
100 5
100 43
100 122
100 260
100 0
100 143
100 442
100 451
100 237
100 1111
100 115
100 46
100 2035
100 54
100 588
100 241
100 33
100 123
100 296
100 146
100 427
100 268
100 587
100 517
100 302
100 40
100 139
100 407
100 31
100 606
100 423
100 70
100 544
100 30
100 266
100 93
100 165
100 173
100 533
100 186
100 16
100 6
100 263
100 71
100 730
100 410
100 501
100 218
100 398
100 405
100 685
100 363
100 263
100 84
100 2
100 186
100 173
100 343
100 51
100 460
100 244
100 174
100 293
100 59
100 314
100 116
100 276
100 835
100 0
100 31
100 406
100 258
100 412
100 451
100 1124
100 440
100 131
100 423
100 10
100 39
100 101
100 384
100 52
100 162
100 279
100 48
100 1070
100 408
100 437
100 552
100 142
100 22
100 75
100 535
100 118
100 126
100 534
100 492
100 57
100 210
100 11
100 725
100 219
100 1284
100 603
100 321
100 40
100 20
100 396
100 158
100 662
100 159
100 10
100 92
100 149
100 103
100 373
100 268
100 562
100 555
100 106
100 167
100 163
100 307
100 112
100 280
100 173
100 251
100 1179
100 528
100 81
100 212
100 9
100 46
100 80
100 154
100 12
100 336
100 881
100 678
100 75
100 448
100 485
100 20
100 133
100 377
100 282
100 311
100 114
100 452
100 109
100 249
100 481
100 1589
100 97
100 278
100 18
100 216
100 39
100 133
100 112
100 113
100 953
100 183
100 375
100 1173
100 564
100 107
100 22
100 132
100 456
100 44
100 60
100 288
100 130
100 320
100 316
100 416
100 117
100 166
100 26
100 224
100 102
100 39
100 156
100 96
100 261
100 96
100 426
100 279
100 305
100 273
100 395
100 531
100 330
100 183
100 340
100 342
100 408
100 881
100 613
100 92
100 367
100 39
100 21
100 515
100 205
100 142
100 624
100 380
100 4
100 325
100 126
100 187
100 46
100 600
100 287
100 131
100 272
100 1130
100 64
100 147
100 54
100 295
100 384
100 845
100 405
100 383
100 734
100 158
100 521
100 578
100 86
100 333
100 373
100 530
100 212
100 161
100 107
100 537
100 98
100 326
100 569
100 70
100 236
100 278
100 1004
100 146
100 414
100 347
100 571
100 119
100 634
100 22
100 212
100 15
100 332
100 436
100 383
100 282
100 109
100 252
100 220
100 510
100 521
100 426
100 96
100 41
100 442
100 412
100 488
100 209
100 496
100 153
100 257
100 164
100 100
100 282
100 35
100 91
100 149
100 210
100 118
100 286
100 391
100 300
100 294
100 133
100 90
100 145
100 210
100 61
100 199
100 304
100 467
100 479
100 66
100 292
100 201
100 555
100 104
100 852
100 32
100 245
100 43
100 534
100 62
100 1030
100 719
100 74
100 2
100 129
100 957
100 9
100 948
100 21
100 65
100 365
100 68
100 570
100 83
100 5
100 109
100 118
100 159
100 89
100 65
100 49
100 325
100 54
100 59
100 192
100 554
100 24
100 113
100 62
100 158
100 36
100 310
100 1400
100 484
100 460
100 112
100 58
100 56
100 83
100 27
100 899
100 687
100 250
100 47
100 448
100 656
100 39
100 382
100 275
100 247
100 31
100 889
100 626
100 317
100 130
100 494
100 98
100 236
100 62
100 633
100 319
100 10
100 514
100 680
100 23
100 228
100 10
100 534
100 374
100 524
100 543
100 317
100 5
100 216
100 320
100 560
100 238
100 169
100 310
100 480
100 154
100 43
100 317
100 983
100 46
100 54
100 676
100 85
100 828
100 673
100 507
100 227
100 427
100 216
100 361
100 122
100 659
100 1529
100 17
100 149
100 210
100 55
100 120
100 121
100 1217
100 3
100 6
100 309
100 11
100 113
100 105
100 886
100 40
100 132
100 179
100 14
100 10
100 96
100 1039
100 239
100 625
100 523
100 635
100 14
100 42
100 347
100 512
100 403
100 64
100 313
100 62
100 214
100 99
100 123
100 46
100 821
100 144
100 273
100 295
100 290
100 457
100 264
100 319
100 1071
100 172
100 39
100 67
100 216
100 45
100 50
100 26
100 123
100 192
100 639
100 900
100 221
100 626
100 145
100 478
100 17
100 7
100 442
100 1783
100 196
100 150
100 155
100 707
100 531
100 61
100 48
100 703
100 40
100 714
100 848
100 669
100 391
100 386
100 287
100 641
100 2073
100 128
100 1453
100 3
100 443
100 41
100 42
100 470
100 491
100 293
100 82
100 498
100 69
100 17
100 906
100 153
100 489
100 102
100 506
100 462
100 456
100 592
100 336
100 322
100 234
100 1752
100 13
100 337
100 426
100 98
100 18
100 21
100 143
100 98
100 613
100 109
100 98
100 371
100 328
100 132
100 634
100 180
100 125
100 175
100 485
100 54
100 77
100 193
100 347
100 388
100 206
100 10
100 184
100 165
100 137
100 134
100 129
100 375
100 571
100 205
100 203
100 333
100 453
100 27
100 293
100 171
100 76
100 290
100 537
100 161
100 413
100 508
100 225
100 219
100 208
100 128
100 431
100 646
100 1
100 441
100 966
100 313
100 71
100 255
100 37
100 553
100 622
100 62
100 272
100 161
100 297
100 262
100 140
100 193
100 439
100 3
100 207
100 87
100 38
100 689
100 209
100 388
100 480
100 45
100 640
100 287
100 95
100 38
100 395
100 34
100 56
100 108
100 73
100 159
100 339
100 12
100 108
100 113
100 167
100 120
100 100
100 547
100 441
100 258
100 242
100 293
100 4
100 770
100 85
100 472
100 4
100 171
100 11
100 65
100 223
100 503
100 84
100 1
100 266
100 279
100 151
100 12
100 149
100 1094
100 715
100 103
100 249
100 90
100 557
100 137
100 82
100 462
100 393
100 446
100 314
100 176
100 119
100 26
100 390
100 254
100 1151
100 377
100 288
100 19
100 694
100 283
100 123
100 717
100 471
100 33
100 578
100 23
100 346
100 323
100 187
100 59
100 50
100 261
100 430
100 90
100 168
100 97
100 331
100 601
100 80
100 119
100 111
100 336
100 0
100 289
100 1177
100 300
100 59
100 268
100 163
100 85
100 866
100 32
100 214
100 210
100 215
100 73
100 700
100 357
100 395
100 541
100 27
100 112
100 6
100 638
100 29
100 844
100 140
100 4
100 835
100 1400
100 122
100 967
100 217
100 205
100 544
100 581
100 281
100 58
100 217
100 81
100 197
100 238
100 1412
100 473
100 686
100 392
100 17
100 484
100 95
100 185
100 152
100 342
100 51
100 1011
100 17
100 533
100 71
100 189
100 664
100 34
100 15
100 65
100 394
100 71
100 186
100 427
100 52
100 338
100 763
100 255
100 108
100 37
100 236
100 454
100 473
100 291
100 179
100 817
100 122
100 241
100 950
100 19
100 66
100 52
100 424
100 261
100 166
100 640
100 448
100 174
100 59
100 557
100 70
100 468
100 36
100 34
100 28
100 57
100 302
100 217
100 23
100 401
100 751
100 46
100 566
100 52
100 1888
100 370
100 24
100 645
100 28
100 261
100 139
100 678
100 547
100 125
100 151
100 219
100 397
100 12
100 385
100 535
100 440
100 144
100 147
100 330
100 444
100 230
100 21
100 839
100 518
100 626
100 490
100 18
100 142
100 673
100 282
100 1259
100 280
100 359
100 343
100 36
100 631
100 50
100 114
100 22
100 224
100 106
100 77
100 202
100 221
100 99
100 5
100 171
100 363
100 117
100 284
100 3
100 83
100 93
100 589
100 568
100 42
100 17
100 108
100 568
100 216
100 50
100 1361
100 461
100 498
100 6
100 352
100 240
100 183
100 696
100 46
100 262
100 366
100 358
100 317
100 219
100 222
100 121
100 59
100 750
100 178
100 759
100 153
100 237
100 294
100 80
100 282
100 806
100 18
100 78
100 1299
100 179
100 95
100 738
100 73
100 47
100 901
100 741
100 298
100 39
100 32
100 392
100 107
100 811
100 67
100 119
100 360
100 5
100 1099
100 58
100 371
100 109
100 331
100 195
100 126
100 253
100 390
100 118
100 35
100 97
100 38
100 198
100 241
100 575
100 87
100 50
100 188
100 197
100 119
100 120
100 68
100 92
100 46
100 509
100 32
100 471
100 541
100 180
100 30
100 376
100 730
100 784
100 213
100 199
100 305
100 342
100 243
100 352
100 683
100 283
100 253
100 313
100 10
100 75
100 177
100 126
100 500
100 95
100 264
100 1108
100 45
100 626
100 25
100 37
100 108
100 18
100 211
100 237
100 485
100 485
100 401
100 174
100 14
100 651
100 332
100 122
100 63
100 608
100 500
100 177
100 473
100 999
100 666
100 508
100 239
100 118
100 151
100 43
100 141
100 2222
100 14
100 502
100 115
100 174
100 95
100 19
100 275
100 207
100 384
100 1
100 232
100 522
100 27
100 39
100 329
100 337
100 406
100 21
100 158
100 614
100 271
100 296
100 267
100 203
100 135
100 267
100 51
100 76
100 690
100 374
100 55
100 255
100 734
100 108
100 431
100 309
100 165
100 425
100 563
100 87
100 121
100 125
100 246
100 719
100 343
100 203
100 313
100 253
100 313
100 472
100 77
100 373
100 55
100 98
100 461
100 90
100 367
100 432
100 21
100 146
100 161
100 447
100 167
100 216
100 194
100 228
100 45
100 459
100 213
100 491
100 241
100 242
100 449
100 208
100 31
100 127
100 154
100 393
100 31
100 35
100 408
100 186
100 885
100 145
100 493
100 601
100 98
100 205
100 585
100 219
100 374
100 323
100 126
100 16
100 384
100 62
100 1000
100 241
100 953
100 13
100 8
100 478
100 186
100 379
100 43
100 103
100 530
100 499
100 69
100 27
100 59
100 48
100 149
100 113
100 97
100 249
100 353
100 287
100 294
100 775
100 74
100 953
100 249
100 751
100 119
100 239
100 441
100 13
100 58
100 481
100 348
100 566
100 75
100 42
100 117
100 183
100 215
100 752
100 304
100 262
100 759
100 520
100 813
100 432
100 173
100 54
100 405
100 42
100 184
100 480
100 614
100 382
100 47
100 315
100 447
100 19
100 340
100 14
100 528
100 770
100 103
100 450
100 43
100 234
100 124
100 571
100 162
100 63
100 196
100 282
100 39
100 18
100 227
100 70
100 76
100 23
100 1
100 34
100 155
100 257
100 25
100 369
100 17
100 90
100 42
100 76
100 293
100 293
100 85
100 315
100 293
100 197
100 405
100 199
100 39
100 9
100 300
100 877
100 96
100 144
100 834
100 1141
100 597
100 1100
100 312
100 14
100 335
100 41
100 698
100 194
100 452
100 78
100 300
100 364
100 425
100 273
100 111
100 366
100 46
100 313
100 263
100 186
100 1327
100 1163
100 528
100 212
100 1157
100 12
100 43
100 139
100 230
100 228
100 552
100 444
100 89
100 117
100 540
100 561
100 99
100 25
100 280
100 11
100 1442
100 417
100 55
100 460
100 161
100 307
100 564
100 320
100 391
100 33
100 209
100 112
100 21
100 188
100 85
100 799
100 52
100 111
100 32
100 35
100 699
100 205
100 36
100 65
100 259
100 38
100 437
100 462
100 917
100 71
100 481
100 59
100 153
100 315
100 388
100 706
100 613
100 51
100 402
100 174
100 425
100 44
100 284
100 148
100 104
100 529
100 167
100 45
100 260
100 28
100 487
100 352
100 810
100 698
100 362
100 230
100 15
100 477
100 110
100 37
100 628
100 120
100 223
100 472
100 776
100 203
100 255
100 38
100 287
100 118
100 202
100 189
100 620
100 308
100 574
100 299
100 491
100 23
100 792
100 21
100 348
100 2
100 80
100 372
100 83
100 1861
100 27
100 452
100 542
100 49
100 105
100 305
100 18
100 371
100 91
100 47
100 600
100 940
100 505
100 747
100 74
100 246
100 1037
100 191
100 280
100 114
100 22
100 189
100 684
100 1
100 16
100 4
100 292
100 63
100 462
100 469
100 117
100 448
100 289
100 473
100 159
100 236
100 253
100 542
100 626
100 627
100 481
100 94
100 75
100 954
100 202
100 213
100 500
100 323
100 511
100 353
100 502
100 194
100 158
100 199
100 11
100 13
100 21
100 209
100 247
100 327
100 359
100 767
100 283
100 134
100 648
100 64
100 308
100 403
100 363
100 909
100 39
100 1
100 341
100 106
100 70
100 91
100 405
100 29
100 620
100 252
100 109
100 64
100 62
100 473
100 46
100 208
100 105
100 863
100 95
100 24
100 142
100 103
100 239
100 200
100 332
100 153
100 17
100 738
100 121
100 581
100 184
100 157
100 341
100 432
100 303
100 376
100 289
100 626
100 307
100 256
100 71
100 318
100 20
100 659
100 192
100 193
100 3
100 102
100 656
100 150
100 146
100 10
100 25
100 5
100 110
100 611
100 2
100 280
100 211
100 61
100 105
100 176
100 657
100 53
100 5
100 362
100 175
100 725
100 56
100 5
100 400
100 73
100 74
100 88
100 276
100 150
100 527
100 345
100 714
100 132
100 46
100 151
100 31
100 792
100 397
100 366
100 503
100 1045
100 195
100 1333
100 119
100 237
100 145
100 128
100 329
100 181
100 247
100 369
100 123
100 482
100 438
100 237
100 962
100 142
100 466
100 63
100 56
100 519
100 3
100 699
100 32
100 1947
100 694
100 112
100 309
100 306
100 175
100 367
100 122
100 346
100 139
100 208
100 295
100 95
100 898
100 899
100 382
100 402
100 239
100 566
100 525
100 540
100 496
100 538
100 401
100 285
100 899
100 148
100 43
100 873
100 100
100 66
100 200
100 169
100 189
100 194
100 142
100 545
100 290
100 122
100 19
100 128
100 1042
100 62
100 64
100 54
100 1286
100 176
100 284
100 117
100 37
100 303
100 166
100 178
100 381
100 577
100 708
100 722
100 312
100 251
100 1
100 32
100 243
100 27
100 155
100 144
100 29
100 216
100 81
100 162
100 540
100 362
100 1147
100 466
100 34
100 44
100 71
100 940
100 109
100 1
100 355
100 867
100 2
100 26
100 433
100 439
100 590
100 2
100 194
100 278
100 7
100 13
100 372
100 77
100 64
100 125
100 861
100 306
100 502
100 30
100 315
100 161
100 460
100 17
100 557
100 29
100 69
100 508
100 35
100 78
100 535
100 542
100 202
100 1527
100 19
100 125
100 45
100 351
100 324
100 171
100 126
100 296
100 31
100 132
100 612
100 105
100 166
100 27
100 546
100 671
100 331
100 142
100 512
100 124
100 24
100 310
100 421
100 449
100 270
100 382
100 71
100 351
100 381
100 328
100 304
100 128
100 135
100 1565
100 88
100 420
100 162
100 138
100 78
100 571
100 374
100 462
100 278
100 293
100 82
100 85
100 116
100 1364
100 8
100 177
100 313
100 361
100 255
100 23
100 99
100 168
100 400
100 53
100 616
100 600
100 49
100 311
100 33
100 728
100 78
100 95
100 514
100 107
100 202
100 109
100 258
100 286
100 181
100 358
100 17
100 44
100 382
100 624
100 65
100 315
100 594
100 47
100 38
100 474
100 6
100 400
100 332
100 351
100 34
100 129
100 351
100 33
100 20
100 394
100 61
100 310
100 35
100 271
100 3
100 144
100 285
100 812
100 246
100 481
100 4
100 137
100 20
100 205
100 61
100 132
100 410
100 335
100 293
100 809
100 512
100 181
100 38
100 627
100 0
100 91
100 282
100 72
100 16
100 436
100 428
100 870
100 469
100 271
100 81
100 86
100 1330
100 516
100 96
100 258
100 573
100 274
100 16
100 463
100 500
100 115
100 225
100 21
100 205
100 13
100 481
100 80
100 170
100 395
100 9
100 12
100 440
100 189
100 263
100 14
100 142
100 147
100 104
100 173
100 48
100 464
100 147
100 7
100 97
100 110
100 586
100 91
100 174
100 40
100 565
100 110
100 32
100 295
100 831
100 3
100 43
100 238
100 1989
100 713
100 65
100 89
100 409
100 623
100 51
100 92
100 1038
100 39
100 18
100 200
100 190
100 36
100 811
100 437
100 689
100 147
100 41
100 197
100 412
100 183
100 357
100 249
100 14
100 131
100 104
100 89
100 30
100 404
100 117
100 793
100 501
100 133
100 15
100 254
100 606
100 432
100 98
100 89
100 697
100 266
100 113
100 42
100 421
100 108
100 391
100 730
100 282
100 25
100 197
100 166
100 23
100 1565
100 171
100 754
100 271
100 966
100 51
100 20
100 809
100 224
100 189
100 603
100 55
100 572
100 526
100 490
100 404
100 694
100 135
100 32
100 413
100 455
100 203
100 123
100 575
100 209
100 194
100 54
100 193
100 272
100 222
100 842
100 185
100 735
100 52
100 789
100 25
100 157
100 285
100 514
100 33
100 845
100 509
100 68
100 25
100 26
100 379
100 183
100 63
100 272
100 326
100 193
100 115
100 82
100 295
100 190
100 7
100 201
100 127
100 144
100 61
100 664
100 523
100 850
100 93
100 774
100 392
100 108
100 347
100 385
100 135
100 98
100 325
100 70
100 296
100 14
100 741
100 10
100 108
100 299
100 963
100 18
100 61
100 189
100 182
100 219
100 235
100 178
100 417
100 1035
100 296
100 320
100 70
100 84
100 349
100 846
100 729
100 151
100 84
100 215
100 125
100 553
100 63
100 87
100 126
100 530
100 220
100 542
100 214
100 398
100 443
100 456
100 468
100 175
100 776
100 70
100 331
100 45
100 258
100 69
100 135
100 922
100 1404
100 716
100 11
100 92
100 218
100 198
100 850
100 1937
100 89
100 11
100 517
100 325
100 543
100 1029
100 221
100 163
100 616
100 135
100 52
100 32
100 109
100 128
100 502
100 213
100 116
100 119
100 501
100 112
100 297
100 79
100 158
100 278
100 131
100 862
100 441
100 1241
100 89
100 28
100 254
100 98
100 508
100 11
100 97
100 651
100 84
100 388
100 106
100 607
100 488
100 166
100 190
100 68
100 373
100 69
100 288
100 10
100 659
100 94
100 672
100 252
100 432
100 649
100 57
100 447
100 848
100 106
100 222
100 390
100 631
100 602
100 89
100 23
100 880
100 304
100 13
100 51
100 170
100 545
100 139
100 532
100 602
100 1073
100 473
100 24
100 1122
100 76
100 100
100 373
100 261
100 204
100 113
100 250
100 208
100 134
100 84
100 639
100 209
100 378
100 473
100 633
100 1963
100 504
100 203
100 228
100 64
100 263
100 196
100 1034
100 19
100 552
100 229
100 24
100 106
100 780
100 171
100 696
100 101
100 315
100 318
100 209
100 760
100 726
100 1308
100 184
100 895
100 46
100 670
100 668
100 415
100 100
100 572
100 737
100 375
100 258
100 382
100 380
100 555
100 376
100 343
100 429
100 196
100 380
100 92
100 165
100 485
100 85
100 97
100 79
100 205
100 176
100 199
100 484
100 161
100 541
100 357
100 533
100 441
100 315
100 285
100 287
100 2
100 221
100 92
100 25
100 14
100 55
100 462
100 893
100 85
100 152
100 134
100 321
100 19
100 126
100 582
100 157
100 574
100 502
100 87
100 310
100 33
100 417
100 122
100 27
100 437
100 388
100 396
100 19
100 33
100 150
100 476
100 431
100 345
100 212
100 334
100 186
100 66
100 897
100 794
100 163
100 82
100 228
100 430
100 207
100 65
100 122
100 252
100 104
100 1667
100 159
100 1692
100 438
100 95
100 97
100 902
100 366
100 270
100 159
100 236
100 112
100 301
100 299
100 16
100 58
100 453
100 370
100 1366
100 195
100 25
100 40
100 140
100 207
100 302
100 41
100 316
100 779
100 83
100 27
100 145
100 86
100 36
100 383
100 344
100 195
100 376
100 772
100 12
100 48
100 245
100 370
100 61
100 93
100 296
100 321
100 501
100 91
100 113
100 1169
100 641
100 72
100 28
100 125
100 48
100 13
100 176
100 228
100 504
100 13
100 43
100 109
100 26
100 207
100 625
100 506
100 1
100 187
100 1606
100 377
100 93
100 19
100 199
100 858
100 63
100 347
100 60
100 122
100 100
100 343
100 355
100 283
100 276
100 58
100 66
100 176
100 259
100 570
100 211
100 72
100 731
100 709
100 80
100 301
100 162
100 155
100 1829
100 142
100 741
100 10
100 267
100 182
100 169
100 561
100 735
100 189
100 17
100 588
100 74
100 394
100 46
100 249
100 76
100 46
100 1521
100 338
100 500
100 1179
100 182
100 170
100 229
100 142
100 467
100 296
100 19
100 23
100 451
100 81
100 1479
100 708
100 913
100 85
100 225
100 317
100 860
100 144
100 981
100 375
100 238
100 565
100 596
100 532
100 7
100 313
100 50
100 582
100 122
100 205
100 16
100 161
100 495
100 163
100 320
100 23
100 1073
100 778
100 214
100 464
100 781
100 13
100 447
100 282
100 204
100 1088
100 136
100 323
100 12
100 146
100 253
100 14
100 717
100 358
100 151
100 81
100 142
100 313
100 942
100 349
100 105
100 600
100 105
100 92
100 543
100 34
100 154
100 30
100 608
100 502
100 153
100 30
100 133
100 234
100 27
100 170
100 379
100 32
100 424
100 20
100 470
100 254
100 165
100 551
100 163
100 128
100 141
100 282
100 66
100 1333
100 24
100 407
100 597
100 33
100 87
100 215
100 445
100 265
100 94
100 313
100 134
100 12
100 108
100 367
100 171
100 2
100 1314
100 250
100 167
100 78
100 291
100 50
100 125
100 586
100 41
100 97
100 83
100 906
100 0
100 120
100 134
100 21
100 114
100 41
100 37
100 1
100 274
100 263
100 984
100 318
100 7
100 262
100 151
100 1130
100 653
100 279
100 188
100 24
100 72
100 309
100 29
100 422
100 462
100 352
100 71
100 89
100 373
100 28
100 597
100 2331
100 781
100 344
100 197
100 52
100 106
100 155
100 685
100 402
100 125
100 48
100 117
100 470
100 681
100 157
100 521
100 261
100 191
100 89
100 788
100 343
100 7
100 866
100 115
100 146
100 129
100 5
100 469
100 415
100 487
100 760
100 304
100 140
100 66
100 37
100 109
100 9
100 553
100 2
100 472
100 73
100 18
100 347
100 914
100 142
100 112
100 42
100 574
100 70
100 49
100 669
100 90
100 364
100 58
100 459
100 432
100 31
100 136
100 58
100 188
100 80
100 1626
100 260
100 564
100 219
100 194
100 487
100 289
100 185
100 172
100 142
100 43
100 163
100 20
100 226
100 154
100 163
100 127
100 91
100 873
100 403
100 153
100 459
100 149
100 236
100 496
100 161
100 83
100 244
100 60
100 86
100 250
100 340
100 1
100 895
100 78
100 170
100 182
100 420
100 80
100 90
100 393
100 42
100 735
100 44
100 277
100 262
100 393
100 25
100 109
100 442
100 218
100 563
100 3
100 202
100 221
100 366
100 86
100 1
100 461
100 46
100 103
100 577
100 435
100 120
100 83
100 330
100 122
100 474
100 130
100 233
100 405
100 20
100 72
100 553
100 824
100 247
100 859
100 365
100 307
100 361
100 112
100 16
100 28
100 16
100 459
100 49
100 117
100 109
100 19
100 28
100 8
100 102
100 5
100 25
100 456
100 454
100 279
100 20
100 11
100 528
100 110
100 79
100 46
100 608
100 85
100 315
100 450
100 276
100 758
100 563
100 330
100 486
100 248
100 198
100 187
100 430
100 289
100 432
100 186
100 66
100 47
100 318
100 421
100 204
100 409
100 392
100 199
100 276
100 242
100 119
100 105
100 294
100 320
100 166
100 185
100 115
100 237
100 666
100 180
100 235
100 147
100 170
100 671
100 94
100 481
100 529
100 464
100 326
100 144
100 272
100 562
100 22
100 211
100 777
100 438
100 786
100 134
100 106
100 17
100 497
100 295
100 26
100 363
100 69
100 745
100 305
100 129
100 122
100 32
100 158
100 121
100 266
100 109
100 643
100 8
100 94
100 1164
100 416
100 387
100 207
100 418
100 248
100 545
100 436
100 3
100 303
100 137
100 579
100 80
100 13
100 151
100 9
100 50
100 120
100 117
100 167
100 50
100 36
100 577
100 210
100 374
100 72
100 37
100 37
100 375
100 13
100 205
100 52
100 134
100 58
100 22
100 54
100 122
100 953
100 72
100 133
100 691
100 59
100 239
100 24
100 388
100 29
100 540
100 292
100 133
100 282
100 162
100 32
100 1516
100 167
100 571
100 160
100 608
100 10
100 38
100 273
100 246
100 143
100 127
100 256
100 503
100 578
100 264
100 27
100 59
100 312
100 840
100 107
100 264
100 209
100 44
100 29
100 153
100 1218
100 2205
100 938
100 310
100 566
100 395
100 1136
100 138
100 296
100 310
100 729
100 394
100 185
100 115
100 175
100 580
100 225
100 42
100 9
100 30
100 427
100 96
100 353
100 149
100 45
100 128
100 1151
100 270
100 54
100 908
100 236
100 100
100 1021
100 62
100 1007
100 260
100 5
100 46
100 119
100 193
100 190
100 261
100 621
100 767
100 312
100 238
100 7
100 295
100 110
100 167
100 96
100 233
100 68
100 842
100 401
100 541
100 55
100 173
100 1945
100 667
100 29
100 476
100 985
100 104
100 68
100 82
100 393
100 430
100 71
100 118
100 49
100 232
100 132
100 448
100 611
100 203
100 762
100 55
100 186
100 491
100 480
100 69
100 16
100 35
100 539
100 309
100 123
100 16
100 247
100 202
100 444
100 347
100 307
100 351
100 433
100 356
100 820
100 279
100 134
100 17
100 249
100 369
100 331
100 111
100 199
100 55
100 164
100 120
100 613
100 76
100 35
100 41
100 5
100 50
100 1027
100 68
100 320
100 352
100 218
100 503
100 208
100 280
100 8
100 540
100 21
100 709
100 658
100 563
100 456
100 190
100 437
100 642
100 386
100 623
100 328
100 67
100 1357
100 41
100 377
100 537
100 221
100 345
100 43
100 166
100 254
100 70
100 64
100 555
100 390
100 814
100 346
100 16
100 577
100 74
100 459
100 115
100 103
100 319
100 465
100 146
100 217
100 276
100 106
100 1063
100 2
100 152
100 92
100 60
100 67
100 699
100 440
100 477
100 976
100 759
100 842
100 5
100 80
100 12
100 97
100 570
100 105
100 37
100 452
100 731
100 314
100 298
100 77
100 155
100 166
100 3
100 61
100 454
100 298
100 3
100 82
100 282
100 228
100 214
100 172
100 56
100 66
100 136
100 120
100 541
100 714
100 304
100 0
100 113
100 70
100 363
100 124
100 20
100 245
100 300
100 52
100 75
100 118
100 208
100 187
100 55
100 5
100 575
100 125
100 200
100 364
100 11
100 596
100 211
100 309
100 263
100 343
100 222
100 39
100 123
100 89
100 154
100 77
100 70
100 306
100 201
100 207
100 69
100 443
100 364
100 134
100 1740
100 59
100 303
100 365
100 403
100 321
100 27
100 65
100 34
100 48
100 285
100 255
100 8
100 423
100 258
100 4
100 624
100 359
100 217
100 76
100 126
100 582
100 63
100 180
100 126
100 102
100 472
100 559
100 110
100 667
100 72
100 270
100 74
100 140
100 227
100 2
100 4
100 84
100 36
100 111
100 831
100 258
100 964
100 160
100 132
100 1812
100 104
100 5
100 55
100 386
100 1122
100 890
100 305
100 245
100 149
100 17
100 76
100 819
100 442
100 124
100 988
100 446
100 7
100 33
100 332
100 113
100 785
100 393
100 104
100 929
100 527
100 158
100 196
100 401
100 299
100 8
100 206
100 140
100 515
100 417
100 634
100 816
100 687
100 302
100 183
100 32
100 156
100 1165
100 389
100 148
100 192
100 155
100 71
100 1
100 188
100 177
100 523
100 120
100 530
100 109
100 283
100 804
100 183
100 489
100 15
100 57
100 241
100 22
100 862
100 658
100 30
100 224
100 4
100 439
100 106
100 1192
100 781
100 331
100 229
100 584
100 756
100 229
100 336
100 9
100 0
100 451
100 703
100 68
100 32
100 678
100 174
100 1
100 309
100 221
100 96
100 604
100 600
100 176
100 383
100 1440
100 545
100 56
100 240
100 155
100 75
100 36
100 779
100 12
100 91
100 1504
100 441
100 578
100 168
100 153
100 53
100 501
100 258
100 267
100 114
100 449
100 162
100 222
100 324
100 49
100 363
100 311
100 1207
100 340
100 81
100 12
100 52
100 42
100 1140
100 734
100 571
100 333
100 788
100 335
100 398
100 230
100 81
100 176
100 27
100 162
100 36
100 846
100 738
100 810
100 503
100 324
100 728
100 367
100 106
100 144
100 415
100 151
100 635
100 153
100 288
100 56
100 655
100 825
100 94
100 134
100 137
100 139
100 233
100 488
100 365
100 319
100 311
100 160
100 215
100 453
100 4
100 62
100 572
100 120
100 71
100 510
100 63
100 150
100 419
100 152
100 49
100 78
100 817
100 36
100 26
100 146
100 556
100 762
100 41
100 339
100 160
100 4
100 111
100 451
100 558
100 1745
100 42
100 100
100 75
100 91
100 85
100 95
100 19
100 375
100 71
100 589
100 603
100 13
100 372
100 212
100 25
100 65
100 115
100 9
100 238
100 104
100 528
100 735
100 1114
100 642
100 195
100 326
100 301
100 96
100 274
100 382
100 276
100 6
100 47
100 739
100 524
100 357
100 318
100 70
100 316
100 118
100 69
100 98
100 203
100 529
100 390
100 265
100 154
100 210
100 848
100 29
100 498
100 58
100 52
100 64
100 214
100 160
100 116
100 146
100 55
100 652
100 634
100 44
100 648
100 84
100 28
100 127
100 75
100 605
100 142
100 149
100 431
100 314
100 578
100 56
100 72
100 55
100 119
100 362
100 198
100 394
100 832
100 174
100 378
100 85
100 111
100 53
100 531
100 551
100 276
100 570
100 479
100 467
100 23
100 297
100 218
100 169
100 258
100 654
100 1251
100 498
100 33
100 360
100 166
100 31
100 457
100 151
100 579
100 67
100 649
100 424
100 156
100 37
100 894
100 25
100 246
100 677
100 47
100 698
100 142
100 37
100 174
100 451
100 135
100 91
100 18
100 240
100 142
100 226
100 313
100 91
100 182
100 424
100 187
100 2
100 95
100 14
100 50
100 266
100 1001
100 558
100 483
100 181
100 88
100 148
100 9
100 97
100 52
100 868
100 9
100 88
100 104
100 88
100 339
100 748
100 185
100 82
100 361
100 17
100 89
100 69
100 410
100 497
100 446
100 29
100 178
100 293
100 14
100 545
100 182
100 667
100 27
100 223
100 373
100 489
100 244
100 315
100 231
100 49
100 133
100 726
100 0
100 11
100 1032
100 110
100 235
100 473
100 670
100 262
100 358
100 942
100 621
100 53
100 134
100 3
100 205
100 179
100 70
100 162
100 39
100 30
100 1020
100 56
100 151
100 143
100 173
100 9
100 123
100 229
100 59
100 130
100 58
100 378
100 565
100 326
100 539
100 297
100 1234
100 393
100 110
100 496
100 124
100 57
100 39
100 498
100 383
100 1208
100 569
100 774
100 50
100 126
100 67
100 251
100 121
100 298
100 99
100 142
100 618
100 580
100 154
100 796
100 250
100 2113
100 527
100 555
100 339
100 385
100 37
100 457
100 455
100 289
100 14
100 133
100 302
100 90
100 592
100 129
100 177
100 22
100 40
100 247
100 43
100 260
100 577
100 544
100 537
100 20
100 302
100 70
100 70
100 286
100 128
100 193
100 306
100 110
100 62
100 20
100 25
100 189
100 180
100 142
100 825
100 1263
100 1887
100 179
100 147
100 138
100 305
100 156
100 40
100 1707
100 49
100 75
100 199
100 286
100 329
100 346
100 76
100 10
100 4
100 292
100 256
100 42
100 154
100 254
100 97
100 439
100 303
100 137
100 309
100 202
100 77
100 169
100 100
100 707
100 1182
100 503
100 157
100 569
100 12
100 251
100 135
100 2
100 984
100 65
100 114
100 27
100 2092
100 48
100 304
100 411
100 31
100 1501
100 128
100 339
100 721
100 248
100 118
100 227
100 716
100 112
100 1069
100 104
100 882
100 227
100 187
100 870
100 4
100 103
100 66
100 728
100 362
100 232
100 461
100 465
100 139
100 283
100 471
100 362
100 339
100 253
100 321
100 194
100 81
100 25
100 441
100 4
100 1003
100 146
100 41
100 268
100 77
100 49
100 317
100 44
100 422
100 471
100 127
100 230
100 31
100 171
100 966
100 1098
100 245
100 9
100 1214
100 256
100 267
100 76
100 215
100 389
100 392
100 401
100 56
100 300
100 114
100 218
100 118
100 15
100 491
100 647
100 196
100 98
100 588
100 276
100 75
100 43
100 1939
100 14
100 78
100 577
100 78
100 982
100 359
100 109
100 23
100 497
100 278
100 114
100 170
100 46
100 466
100 378
100 67
100 17
100 50
100 1147
100 276
100 36
100 120
100 879
100 148
100 559
100 322
100 156
100 114
100 1507
100 337
100 157
100 328
100 793
100 120
100 642
100 993
100 470
100 72
100 883
100 23
100 245
100 72
100 385
100 104
100 445
100 53
100 764
100 69
100 414
100 308
100 209
100 358
100 74
100 385
100 319
100 314
100 71
100 842
100 204
100 955
100 144
100 145
100 86
100 476
100 269
100 604
100 70
100 258
100 848
100 25
100 59
100 2430
100 758
100 326
100 249
100 924
100 717
100 218
100 819
100 1222
100 75
100 233
100 200
100 119
100 313
100 143
100 743
100 339
100 170
100 568
100 217
100 334
100 692
100 30
100 81
100 131
100 827
100 334
100 375
100 123
100 196
100 209
100 241
100 349
100 2
100 454
100 663
100 68
100 6
100 85
100 472
100 270
100 305
100 694
100 134
100 30
100 475
100 149
100 644
100 89
100 504
100 1015
100 171
100 250
100 94
100 65
100 130
100 721
100 132
100 505
100 548
100 26
100 277
100 373
100 48
100 1028
100 479
100 488
100 156
100 14
100 489
100 358
100 528
100 447
100 41
100 36
100 36
100 64
100 273
100 18
100 14
100 41
100 79
100 12
100 122
100 171
100 1053
100 73
100 383
100 143
100 127
100 264
100 243
100 186
100 27
100 800
100 996
100 329
100 188
100 3
100 121
100 285
100 236
100 450
100 61
100 125
100 182
100 199
100 115
100 515
100 63
100 191
100 717
100 110
100 15
100 650
100 144
100 125
100 567
100 1006
100 492
100 87
100 355
100 199
100 509
100 5
100 384
100 336
100 478
100 876
100 198
100 95
100 606
100 14
100 416
100 148
100 177
100 209
100 640
100 212
100 263
100 173
100 314
100 685
100 92
100 398
100 160
100 399
100 421
100 530
100 17
100 78
100 930
100 176
100 243
100 0
100 423
100 13
100 1665
100 810
100 263
100 405
100 1091
100 95
100 586
100 288
100 84
100 685
100 71
100 241
100 904
100 247
100 328
100 85
100 362
100 125
100 4
100 161
100 201
100 150
100 488
100 257
100 137
100 52
100 489
100 139
100 0
100 50
100 782
100 220
100 58
100 71
100 121
100 313
100 213
100 489
100 235
100 65
100 204
100 98
100 224
100 62
100 297
100 196
100 415
100 1231
100 47
100 63
100 76
100 375
100 735
100 394
100 29
100 556
100 171
100 543
100 635
100 214
100 14
100 7
100 359
100 259
100 140
100 12
100 132
100 159
100 391
100 62
100 36
100 706
100 726
100 313
100 768
100 222
100 80
100 202
100 924
100 48
100 179
100 180
100 370
100 260
100 4
100 106
100 129
100 282
100 136
100 1494
100 146
100 68
100 68
100 575
100 536
100 695
100 266
100 172
100 38
100 166
100 223
100 142
100 226
100 149
100 240
100 0
100 120
100 416
100 348
100 67
100 153
100 27
100 70
100 25
100 143
100 39
100 66
100 273
100 92
100 46
100 106
100 15
100 524
100 130
100 1501
100 186
100 632
100 174
100 312
100 439
100 206
100 1565
100 274
100 97
100 189
100 193
100 123
100 160
100 261
100 344
100 32
100 43
100 511
100 250
100 561
100 452
100 407
100 436
100 52
100 7
100 560
100 380
100 357
100 74
100 1
100 776
100 749
100 109
100 8
100 35
100 366
100 609
100 108
100 767
100 1042
100 139
100 186
100 94
100 522
100 895
100 422
100 312
100 30
100 828
100 407
100 567
100 109
100 10
100 110
100 528
100 8
100 509
100 45
100 358
100 77
100 897
100 1
100 32
100 33
100 251
100 231
100 72
100 230
100 743
100 491
100 864
100 33
100 1105
100 151
100 13
100 12
100 34
100 1610
100 83
100 505
100 128
100 325
100 18
100 267
100 232
100 458
100 423
100 104
100 55
100 173
100 297
100 19
100 302
100 25
100 316
100 246
100 650
100 77
100 783
100 833
100 369
100 22
100 360
100 252
100 342
100 223
100 269
100 119
100 188
100 334
100 374
100 185
100 140
100 647
100 184
100 197
100 509
100 36
100 23
100 194
100 89
100 1572
100 602
100 848
100 91
100 303
100 77
100 1047
100 292
100 281
100 349
100 143
100 873
100 3
100 237
100 46
100 303
100 290
100 287
100 565
100 131
100 750
100 15
100 174
100 725
100 1114
100 214
100 874
100 25
100 12
100 539
100 427
100 716
100 280
100 227
100 90
100 531
100 118
100 214
100 491
100 468
100 138
100 2
100 20
100 4
100 71
100 92
100 34
100 187
100 240
100 69
100 31
100 428
100 305
100 2054
100 154
100 224
100 228
100 43
100 32
100 236
100 63
100 399
100 484
100 482
100 72
100 53
100 52
100 998
100 1118
100 264
100 322
100 554
100 687
100 1149
100 14
100 32
100 115
100 306
100 328
100 168
100 433
100 5
100 322
100 586
100 1022
100 75
100 320
100 135
100 816
100 211
100 598
100 144
100 23
100 801
100 9
100 201
100 364
100 697
100 2
100 47
100 539
100 668
100 192
100 841
100 14
100 609
100 126
100 366
100 964
100 188
100 84
100 79
100 115
100 106
100 46
100 370
100 204
100 125
100 256
100 388
100 107
100 178
100 344
100 437
100 34
100 533
100 529
100 1347
100 343
100 5
100 337
100 616
100 261
100 72
100 353
100 722
100 873
100 60
100 403
100 57
100 1180
100 29
100 318
100 700
100 335
100 108
100 376
100 259
100 168
100 594
100 1052
100 614
100 277
100 102
100 136
100 66
100 205
100 103
100 312
100 120
100 305
100 122
100 1781
100 1071
100 164
100 36
100 244
100 455
100 454
100 172
100 290
100 464
100 258
100 56
100 377
100 273
100 260
100 137
100 129
100 65
100 275
100 252
100 64
100 1301
100 475
100 1381
100 199
100 223
100 1108
100 309
100 18
100 63
100 336
100 691
100 158
100 33
100 228
100 28
100 728
100 199
100 283
100 45
100 284
100 139
100 96
100 65
100 406
100 70
100 49
100 770
100 405
100 304
100 99
100 244
100 310
100 8
100 848
100 258
100 19
100 414
100 186
100 246
100 111
100 656
100 126
100 238
100 299
100 415
100 401
100 184
100 247
100 1191
100 318
100 94
100 161
100 417
100 1229
100 238
100 213
100 407
100 300
100 233
100 112
100 464
100 1020
100 760
100 26
100 428
100 545
100 48
100 885
100 74
100 185
100 222
100 38
100 464
100 646
100 1183
100 924
100 628
100 20
100 162
100 247
100 77
100 208
100 1178
100 58
100 410
100 504
100 743
100 334
100 212
100 423
100 36
100 126
100 42
100 803
100 77
100 136
100 131
100 547
100 121
100 91
100 64
100 20
100 153
100 548
100 134
100 0
100 265
100 65
100 140
100 207
100 627
100 343
100 931
100 478
100 125
100 612
100 79
100 55
100 39
100 894
100 24
100 290
100 793
100 884
100 72
100 47
100 933
100 304
100 297
100 13
100 694
100 24
100 352
100 543
100 163
100 98
100 1268
100 216
100 60
100 208
100 821
100 99
100 153
100 156
100 227
100 221
100 57
100 772
100 205
100 669
100 92
100 268
100 591
100 53
100 40
100 59
100 167
100 141
100 242
100 192
100 724
100 2062
100 439
100 73
100 81
100 48
100 130
100 321
100 167
100 397
100 172
100 471
100 106
100 169
100 585
100 65
100 1112
100 22
100 18
100 168
100 133
100 398
100 474
100 630
100 447
100 217
100 1734
100 838
100 72
100 420
100 350
100 165
100 34
100 123
100 30
100 403
100 165
100 6
100 243
100 83
100 317
100 213
100 33
100 338
100 629
100 936
100 428
100 200
100 21
100 41
100 668
100 70
100 807
100 569
100 25
100 780
100 20
100 43
100 87
100 722
100 951
100 622
100 237
100 460
100 647
100 86
100 533
100 789
100 427
100 477
100 46
100 301
100 173
100 346
100 524
100 21
100 966
100 472
100 990
100 24
100 450
100 597
100 138
100 153
100 141
100 183
100 57
100 1478
100 327
100 238
100 319
100 675
100 61
100 292
100 1
100 166
100 52
100 48
100 76
100 1522
100 755
100 14
100 36
100 77
100 643
100 340
100 275
100 292
100 88
100 626
100 38
100 320
100 393
100 456
100 202
100 654
100 118
100 613
100 37
100 259
100 215
100 40
100 876
100 138
100 953
100 165
100 946
100 77
100 123
100 207
100 168
100 429
100 371
100 408
100 135
100 1063
100 36
100 760
100 38
100 71
100 195
100 476
100 309
100 56
100 323
100 496
100 369
100 177
100 575
100 74
100 360
100 565
100 565
100 17
100 156
100 74
100 182
100 719
100 1067
100 251
100 266
100 295
100 45
100 43
100 216
100 416
100 133
100 666
100 247
100 686
100 197
100 354
100 360
100 71
100 107
100 505
100 563
100 73
100 207
100 1017
100 774
100 384
100 714
100 66
100 26
100 311
100 36
100 60
100 10
100 370
100 87
100 344
100 427
100 348
100 540
100 321
100 617
100 303
100 19
100 231
100 192
100 84
100 117
100 168
100 87
100 556
100 212
100 692
100 8
100 100
100 121
100 308
100 942
100 76
100 613
100 0
100 860
100 183
100 247
100 732
100 319
100 414
100 41
100 1132
100 456
100 197
100 393
100 844
100 554
100 205
100 151
100 148
100 121
100 98
100 64
100 645
100 422
100 1283
100 5
100 25
100 17
100 624
100 488
100 901
100 83
100 431
100 780
100 220
100 121
100 522
100 1024
100 282
100 25
100 494
100 249
100 797
100 407
100 70
100 294
100 452
100 474
100 27
100 1080
100 82
100 817
100 365
100 597
100 42
100 34
100 627
100 182
100 348
100 357
100 59
100 178
100 1486
100 1074
100 239
100 210
100 87
100 313
100 175
100 73
100 301
100 40
100 769
100 144
100 1203
100 426
100 666
100 16
100 224
100 311
100 15
100 296
100 185
100 114
100 1258
100 970
100 381
100 167
100 1087
100 11
100 74
100 115
100 1353
100 321
100 112
100 330
100 114
100 78
100 479
100 258
100 335
100 720
100 438
100 528
100 158
100 32
100 58
100 188
100 47
100 524
100 282
100 259
100 203
100 306
100 97
100 351
100 117
100 1441
100 96
100 212
100 132
100 1385
100 965
100 229
100 119
100 793
100 73
100 320
100 366
100 34
100 583
100 212
100 5
100 255
100 328
100 1406
100 125
100 1020
100 116
100 136
100 683
100 26
100 575
100 127
100 689
100 537
100 828
100 564
100 769
100 816
100 427
100 24
100 93
100 169
100 182
100 370
100 36
100 412
100 116
100 102
100 133
100 736
100 127
100 688
100 240
100 454
100 12
100 455
100 227
100 468
100 615
100 44
100 169
100 213
100 39
100 263
100 210
100 234
100 38
100 345
100 327
100 459
100 20
100 288
100 186
100 1467
100 114
100 850
100 1423
100 396
100 104
100 550
100 499
100 42
100 447
100 554
100 74
100 88
100 328
100 814
100 54
100 159
100 9
100 893
100 35
100 92
100 12
100 1007
100 349
100 527
100 250
100 230
100 252
100 751
100 171
100 254
100 532
100 129
100 500
100 106
100 2
100 192
100 12
100 809
100 328
100 279
100 84
100 759
100 478
100 35
100 197
100 90
100 151
100 114
100 626
100 287
100 225
100 98
100 337
100 187
100 463
100 138
100 271
100 587
100 34
100 91
100 14
100 180
100 891
100 677
100 414
100 97
100 602
100 666
100 219
100 125
100 9
100 75
100 373
100 105
100 421
100 354
100 6
100 801
100 456
100 1169
100 798
100 439
100 333
100 341
100 604
100 61
100 352
100 298
100 88
100 679
100 1468
100 63
100 289
100 101
100 112
100 60
100 124
100 71
100 670
100 1775
100 593
100 159
100 179
100 388
100 238
100 304
100 13
100 265
100 2113
100 165
100 1
100 10
100 160
100 274
100 55
100 132
100 470
100 797
100 256
100 799
100 670
100 612
100 156
100 228
100 295
100 998
100 756
100 325
100 11
100 428
100 4
100 17
100 333
100 94
100 29
100 539
100 413
100 166
100 35
100 107
100 200
100 463
100 116
100 88
100 552
100 953
100 452
100 106
100 101
100 880
100 51
100 155
100 1689
100 605
100 121
100 275
100 311
100 607
100 547
100 8
100 154
100 430
100 709
100 396
100 384
100 7
100 145
100 813
100 423
100 104
100 19
100 580
100 1105
100 29
100 85
100 702
100 231
100 137
100 861
100 591
100 630
100 381
100 403
100 334
100 516
100 497
100 140
100 206
100 58
100 253
100 330
100 299
100 352
100 1160
100 76
100 37
100 52
100 559
100 347
100 526
100 372
100 287
100 181
100 856
100 380
100 7
100 105
100 216
100 239
100 1157
100 321
100 38
100 643
100 580
100 12
100 173
100 278
100 88
100 7
100 265
100 79
100 36
100 43
100 170
100 245
100 450
100 221
100 889
100 397
100 131
100 83
100 758
100 1602
100 117
100 205
100 654
100 204
100 53
100 31
100 151
100 28
100 138
100 23
100 599
100 260
100 3
100 45
100 1
100 743
100 740
100 119
100 217
100 203
100 409
100 37
100 305
100 30
100 151
100 88
100 1139
100 44
100 221
100 464
100 239
100 21
100 84
100 234
100 243
100 1016
100 19
100 284
100 263
100 779
100 127
100 40
100 171
100 78
100 511
100 145
100 128
100 504
100 161
100 159
100 494
100 449
100 22
100 105
100 250
100 70
100 391
100 313
100 556
100 1515
100 1025
100 176
100 5
100 134
100 86
100 84
100 249
100 113
100 469
100 189
100 66
100 145
100 24
100 231
100 201
100 185
100 181
100 626
100 439
100 181
100 392
100 204
100 70
100 129
100 432
100 36
100 472
100 729
100 22
100 29
100 3
100 668
100 343
100 766
100 895
100 178
100 500
100 801
100 1094
100 22
100 189
100 624
100 308
100 373
100 155
100 204
100 188
100 446
100 319
100 341
100 270
100 512
100 741
100 700
100 104
100 246
100 379
100 16
100 54
100 243
100 274
100 119
100 198
100 518
100 4
100 338
100 277
100 119
100 502
100 170
100 437
100 31
100 259
100 24
100 441
100 892
100 673
100 1093
100 46
100 7
100 109
100 431
100 74
100 349
100 26
100 74
100 335
100 80
100 282
100 497
100 329
100 374
100 249
100 121
100 152
100 23
100 419
100 70
100 127
100 942
100 159
100 214
100 284
100 567
100 646
100 350
100 164
100 108
100 180
100 323
100 130
100 159
100 247
100 81
100 367
100 292
100 1556
100 276
100 138
100 213
100 152
100 441
100 399
100 185
100 153
100 645
100 81
100 477
100 130
100 268
100 27
100 350
100 141
100 1048
100 619
100 491
100 102
100 1144
100 1898
100 798
100 260
100 62
100 232
100 155
100 61
100 30
100 284
100 701
100 62
100 13
100 48
100 269
100 616
100 389
100 273
100 215
100 91
100 623
100 123
100 147
100 91
100 144
100 426
100 265
100 221
100 110
100 317
100 49
100 86
100 70
100 59
100 171
100 623
100 558
100 50
100 165
100 46
100 175
100 71
100 77
100 67
100 80
100 862
100 733
100 1041
100 182
100 148
100 646
100 430
100 85
100 168
100 642
100 184
100 15
100 584
100 210
100 220
100 620
100 237
100 27
100 71
100 422
100 207
100 55
100 456
100 207
100 649
100 82
100 199
100 316
100 218
100 12
100 422
100 85
100 306
100 35
100 63
100 257
100 207
100 91
100 252
100 86
100 27
100 280
100 27
100 20
100 120
100 1109
100 21
100 1009
100 229
100 416
100 91
100 121
100 1388
100 40
100 56
100 246
100 221
100 522
100 878
100 300
100 409
100 372
100 1384
100 124
100 137
100 199
100 122
100 225
100 153
100 18
100 447
100 103
100 1392
100 129
100 362
100 169
100 2126
100 16
100 98
100 523
100 112
100 253
100 265
100 205
100 13
100 114
100 227
100 323
100 258
100 197
100 498
100 289
100 400
100 137
100 153
100 524
100 20
100 655
100 28
100 33
100 433
100 680
100 310
100 47
100 20
100 61
100 10
100 91
100 36
100 377
100 186
100 206
100 753
100 93
100 320
100 12
100 27
100 340
100 65
100 316
100 194
100 304
100 16
100 197
100 147
100 436
100 134
100 38
100 44
100 180
100 235
100 4
100 199
100 489
100 24
100 569
100 100
100 267
100 0
100 942
100 64
100 53
100 114
100 368
100 106
100 85
100 66
100 346
100 237
100 228
100 139
100 490
100 82
100 264
100 135
100 100
100 827
100 946
100 371
100 506
100 470
100 549
100 580
100 816
100 102
100 241
100 211
100 592
100 1185
100 1068
100 647
100 114
100 292
100 8
100 635
100 207
100 293
100 128
100 179
100 4
100 360
100 315
100 409
100 499
100 263
100 9
100 274
100 1359
100 157
100 13
100 30
100 388
100 255
100 334
100 50
100 805
100 153
100 34
100 46
100 69
100 590
100 32
100 205
100 69
100 734
100 73
100 606
100 123
100 416
100 706
100 211
100 973
100 112
100 198
100 399
100 428
100 25
100 193
100 922
100 272
100 204
100 499
100 117
100 95
100 410
100 35
100 261
100 59
100 64
100 1637
100 154
100 122
100 622
100 17
100 388
100 118
100 250
100 572
100 119
100 521
100 4
100 364
100 1019
100 442
100 391
100 1248
100 712
100 130
100 93
100 158
100 282
100 31
100 126
100 142
100 767
100 736
100 94
100 364
100 308
100 576
100 40
100 162
100 24
100 234
100 69
100 1197
100 319
100 180
100 163
100 285
100 517
100 342
100 78
100 193
100 348
100 25
100 754
100 455
100 111
100 961
100 1
100 5
100 1034
100 497
100 2
100 719
100 287
100 425
100 361
100 554
100 892
100 9
100 572
100 662
100 227
100 638
100 142
100 425
100 65
100 709
100 64
100 839
100 78
100 695
100 156
100 409
100 1062
100 679
100 945
100 741
100 505
100 170
100 976
100 489
100 365
100 797
100 260
100 27
100 53
100 219
100 47
100 966
100 50
100 56
100 134
100 354
100 960
100 62
100 470
100 72
100 145
100 162
100 105
100 194
100 1074
100 190
100 159
100 99
100 325
100 22
100 65
100 282
100 246
100 554
100 84
100 48
100 436
100 338
100 1517
100 806
100 18
100 321
100 244
100 63
100 289
100 441
100 946
100 32
100 657
100 147
100 350
100 56
100 179
100 212
100 1
100 203
100 852
100 279
100 170
100 241
100 1242
100 437
100 76
100 59
100 415
100 119
100 32
100 165
100 623
100 8
100 487
100 919
100 16
100 306
100 135
100 23
100 687
100 369
100 212
100 439
100 237
100 210
100 132
100 447
100 437
100 259
100 584
100 419
100 14
100 353
100 543
100 340
100 14
100 118
100 37
100 98
100 238
100 94
100 91
100 248
100 811
100 90
100 31
100 107
100 1488
100 119
100 501
100 528
100 441
100 37
100 62
100 330
100 19
100 1166
100 350
100 652
100 1295
100 29
100 1153
100 92
100 888
100 56
100 411
100 431
100 162
100 319
100 49
100 406
100 320
100 415
100 17
100 89
100 185
100 4
100 123
100 421
100 377
100 14
100 199
100 5
100 22
100 286
100 53
100 844
100 544
100 10
100 815
100 451
100 469
100 4
100 16
100 205
100 742
100 17
100 76
100 182
100 22
100 116
100 507
100 195
100 154
100 15
100 628
100 651
100 331
100 94
100 168
100 80
100 11
100 216
100 60
100 29
100 188
100 96
100 470
100 1109
100 367
100 227
100 465
100 498
100 63
100 108
100 128
100 221
100 43
100 57
100 179
100 27
100 134
100 60
100 208
100 99
100 578
100 251
100 229
100 45
100 396
100 1228
100 1378
100 87
100 671
100 833
100 491
100 32
100 247
100 469
100 137
100 537
100 218
100 347
100 293
100 293
100 77
100 28
100 157
100 218
100 896
100 89
100 173
100 6
100 184
100 296
100 12
100 68
100 27
100 450
100 74
100 23
100 281
100 159
100 41
100 65
100 267
100 378
100 312
100 159
100 893
100 610
100 6
100 486
100 280
100 254
100 18
100 20
100 3
100 279
100 190
100 15
100 140
100 580
100 53
100 296
100 115
100 325
100 738
100 525
100 9
100 527
100 79
100 578
100 153
100 787
100 53
100 22
100 168
100 54
100 36
100 52
100 80
100 354
100 665
100 2
100 176
100 162
100 785
100 6
100 77
100 16
100 766
100 459
100 138
100 659
100 2104
100 157
100 391
100 2
100 318
100 58
100 75
100 19
100 210
100 44
100 112
100 110
100 1086
100 541
100 74
100 334
100 439
100 463
100 190
100 152
100 73
100 77
100 46
100 24
100 71
100 5
100 411
100 495
100 1158
100 152
100 388
100 229
100 410
100 211
100 373
100 338
100 986
100 475
100 125
100 259
100 99
100 56
100 1
100 863
100 394
100 869
100 11
100 129
100 184
100 142
100 100
100 242
100 782
100 8
100 492
100 262
100 65
100 55
100 213
100 321
100 118
100 93
100 0
100 315
100 145
100 234
100 1030
100 47
100 543
100 246
100 48
100 135
100 130
100 59
100 21
100 130
100 399
100 444
100 141
100 770
100 339
100 49
100 316
100 6
100 84
100 352
100 499
100 49
100 151
100 129
100 108
100 843
100 113
100 760
100 1324
100 445
100 295
100 74
100 70
100 186
100 25
100 57
100 194
100 177
100 411
100 51
100 146
100 0
100 238
100 256
100 392
100 195
100 24
100 605
100 382
100 61
100 53
100 198
100 279
100 496
100 174
100 268
100 56
100 366
100 191
100 23
100 63
100 252
100 159
100 427
100 753
100 206
100 129
100 26
100 38
100 235
100 119
100 216
100 12
100 151
100 127
100 199
100 107
100 421
100 406
100 134
100 439
100 141
100 308
100 621
100 71
100 18
100 4
100 3
100 22
100 752
100 913
100 42
100 509
100 211
100 661
100 143
100 22
100 184
100 356
100 113
100 210
100 840
100 149
100 232
100 65
100 898
100 185
100 426
100 464
100 7
100 34
100 216
100 182
100 460
100 420
100 613
100 75
100 315
100 101
100 111
100 578
100 908
100 176
100 783
100 75
100 195
100 560
100 849
100 765
100 217
100 247
100 44
100 607
100 503
100 142
100 185
100 167
100 68
100 277
100 14
100 94
100 95
100 36
100 174
100 10
100 448
100 230
100 61
100 29
100 680
100 254
100 8
100 12
100 80
100 119
100 706
100 230
100 286
100 52
100 440
100 126
100 1038
100 138
100 73
100 274
100 280
100 349
100 534
100 202
100 37
100 341
100 627
100 631
100 93
100 485
100 411
100 249
100 679
100 10
100 34
100 276
100 98
100 48
100 226
100 6
100 18
100 47
100 49
100 190
100 50
100 199
100 58
100 178
100 1145
100 293
100 279
100 77
100 570
100 629
100 615
100 67
100 241
100 370
100 81
100 26
100 180
100 568
100 556
100 857
100 247
100 1395
100 115
100 343
100 887
100 299
100 346
100 275
100 345
100 153
100 146
100 118
100 122
100 135
100 30
100 45
100 134
100 628
100 445
100 15
100 94
100 26
100 199
100 271
100 263
100 291
100 110
100 751
100 694
100 197
100 370
100 794
100 609
100 240
100 451
100 345
100 388
100 277
100 109
100 933
100 106
100 31
100 179
100 315
100 161
100 275
100 344
100 27
100 779
100 532
100 831
100 711
100 232
100 429
100 492
100 617
100 238
100 621
100 163
100 73
100 39
100 363
100 317
100 426
100 147
100 6
100 642
100 115
100 375
100 203
100 53
100 50
100 496
100 216
100 378
100 78
100 80
100 132
100 46
100 91
100 11
100 1304
100 1053
100 555
100 136
100 29
100 74
100 337
100 248
100 333
100 79
100 249
100 50
100 200
100 39
100 149
100 290
100 111
100 243
100 176
100 468
100 24
100 402
100 268
100 378
100 865
100 839
100 228
100 8
100 320
100 110
100 300
100 304
100 132
100 338
100 71
100 26
100 1926
100 52
100 312
100 153
100 12
100 239
100 105
100 330
100 64
100 104
100 230
100 766
100 80
100 233
100 151
100 223
100 109
100 425
100 94
100 54
100 362
100 586
100 316
100 97
100 106
100 189
100 182
100 5
100 290
100 781
100 614
100 1257
100 517
100 328
100 528
100 137
100 94
100 15
100 22
100 112
100 415
100 66
100 140
100 163
100 170
100 29
100 155
100 804
100 202
100 603
100 250
100 78
100 729
100 1422
100 42
100 539
100 190
100 103
100 250
100 101
100 37
100 80
100 201
100 1345
100 172
100 603
100 10
100 38
100 5
100 686
100 960
100 74
100 246
100 1060
100 116
100 72
100 76
100 1517
100 921
100 615
100 254
100 547
100 137
100 195
100 390
100 391
100 1011
100 106
100 62
100 481
100 603
100 340
100 321
100 88
100 283
100 592
100 514
100 60
100 348
100 154
100 87
100 51
100 142
100 667
100 163
100 299
100 154
100 166
100 149
100 94
100 372
100 25
100 350
100 23
100 1352
100 76
100 145
100 471
100 56
100 193
100 227
100 647
100 75
100 158
100 658
100 141
100 601
100 13
100 347
100 32
100 5
100 768
100 163
100 44
100 288
100 109
100 104
100 927
100 949
100 77
100 96
100 68
100 48
100 86
100 335
100 67
100 859
100 28
100 519
100 985
100 37
100 805
100 41
100 403
100 213
100 91
100 285
100 851
100 526
100 583
100 250
100 634
100 261
100 463
100 87
100 101
100 196
100 290
100 193
100 773
100 21
100 37
100 224
100 58
100 106
100 229
100 245
100 29
100 65
100 23
100 511
100 84
100 74
100 46
100 294
100 1333
100 541
100 191
100 391
100 282
100 529
100 361
100 377
100 153
100 688
100 303
100 553
100 55
100 297
100 508
100 229
100 742
100 89
100 92
100 168
100 403
100 211
100 439
100 136
100 657
100 55
100 413
100 77
100 177
100 571
100 80
100 83
100 468
100 59
100 233
100 1273
100 458
100 45
100 117
100 17
100 540
100 86
100 240
100 408
100 490
100 113
100 1264
100 657
100 533
100 40
100 3
100 186
100 373
100 101
100 147
100 58
100 416
100 14
100 147
100 110
100 1
100 58
100 148
100 305
100 41
100 358
100 60
100 117
100 149
100 215
100 14
100 132
100 18
100 399
100 312
100 278
100 273
100 204
100 677
100 1174
100 20
100 121
100 196
100 6
100 172
100 378
100 191
100 101
100 300
100 355
100 357
100 772
100 211
100 159
100 125
100 571
100 655
100 161
100 434
100 121
100 112
100 34
100 289
100 161
100 38
100 184
100 435
100 265
100 466
100 134
100 14
100 77
100 236
100 225
100 48
100 249
100 183
100 360
100 300
100 40
100 41
100 315
100 284
100 713
100 499
100 43
100 205
100 163
100 341
100 176
100 429
100 259
100 170
100 209
100 51
100 100
100 316
100 706
100 830
100 1015
100 476
100 144
100 1029
100 154
100 417
100 40
100 216
100 23
100 595
100 91
100 318
100 158
100 51
100 56
100 223
100 52
100 350
100 7
100 56
100 517
100 341
100 84
100 27
100 197
100 117
100 748
100 333
100 582
100 370
100 261
100 1057
100 465
100 159
100 120
100 6
100 214
100 374
100 166
100 144
100 393
100 236
100 27
100 350
100 126
100 555
100 196
100 28
100 676
100 108
100 64
100 1748
100 436
100 15
100 110
100 403
100 464
100 1153
100 536
100 16
100 2
100 135
100 174
100 372
100 239
100 127
100 456
100 245
100 90
100 53
100 59
100 288
100 1348
100 320
100 108
100 530
100 131
100 308
100 862
100 768
100 100
100 114
100 19
100 627
100 302
100 62
100 712
100 127
100 178
100 924
100 104
100 43
100 274
100 32
100 88
100 84
100 1368
100 293
100 677
100 43
100 204
100 112
100 373
100 69
100 430
100 484
100 278
100 350
100 38
100 798
100 228
100 817
100 962
100 371
100 35
100 754
100 80
100 71
100 51
100 574
100 228
100 329
100 122
100 47
100 293
100 25
100 706
100 30
100 88
100 519
100 274
100 82
100 343
100 326
100 904
100 46
100 258
100 313
100 234
100 334
100 108
100 251
100 26
100 191
100 179
100 59
100 1070
100 989
100 81
100 36
100 645
100 109
100 305
100 219
100 1119
100 642
100 20
100 50
100 349
100 84
100 89
100 228
100 48
100 35
100 123
100 272
100 474
100 509
100 605
100 197
100 315
100 591
100 671
100 628
100 402
100 51
100 373
100 166
100 283
100 312
100 27
100 142
100 422
100 277
100 71
100 367
100 8
100 22
100 120
100 42
100 1026
100 603
100 1149
100 104
100 155
100 34
100 59
100 38
100 117
100 133
100 693
100 91
100 710
100 649
100 283
100 30
100 288
100 749
100 644
100 413
100 292
100 1032
100 2
100 445
100 162
100 327
100 749
100 39
100 632
100 82
100 568
100 373
100 787
100 98
100 109
100 1016
100 63
100 771
100 512
100 505
100 253
100 996
100 471
100 394
100 478
100 315
100 81
100 396
100 419
100 512
100 193
100 303
100 155
100 142
100 69
100 250
100 577
100 641
100 88
100 956
100 271
100 345
100 100
100 225
100 66
100 207
100 829
100 469
100 641
100 187
100 521
100 33
100 244
100 419
100 26
100 656
100 270
100 467
100 369
100 125
100 1808
100 211
100 383
100 594
100 597
100 547
100 375
100 239
100 849
100 226
100 211
100 656
100 168
100 726
100 19
100 1437
100 41
100 556
100 104
100 233
100 645
100 176
100 50
100 116
100 156
100 43
100 519
100 194
100 168
100 106
100 888
100 678
100 403
100 574
100 518
100 33
100 107
100 45
100 146
100 124
100 281
100 498
100 558
100 183
100 780
100 466
100 305
100 116
100 589
100 251
100 41
100 206
100 306
100 33
100 132
100 84
100 175
100 408
100 39
100 1032
100 339
100 215
100 678
100 381
100 445
100 376
100 193
100 261
100 322
100 30
100 14
100 400
100 430
100 293
100 267
100 452
100 2
100 510
100 1545
100 43
100 46
100 247
100 8
100 247
100 47
100 734
100 255
100 429
100 639
100 149
100 34
100 147
100 72
100 458
100 123
100 301
100 332
100 1026
100 91
100 697
100 460
100 17
100 5
100 47
100 253
100 251
100 847
100 304
100 354
100 192
100 690
100 965
100 4
100 325
100 178
100 107
100 986
100 15
100 267
100 410
100 45
100 1155
100 199
100 161
100 275
100 113
100 323
100 657
100 359
100 233
100 45
100 428
100 46
100 340
100 44
100 231
100 484
100 213
100 354
100 223
100 24
100 1235
100 988
100 151
100 1469
100 33
100 228
100 540
100 94
100 627
100 70
100 684
100 303
100 64
100 316
100 533
100 314
100 260
100 26
100 535
100 101
100 75
100 89
100 277
100 273
100 3
100 340
100 254
100 2224
100 323
100 189
100 8
100 97
100 84
100 494
100 27
100 159
100 229
100 781
100 61
100 416
100 276
100 67
100 496
100 114
100 468
100 201
100 463
100 188
100 42
100 635
100 402
100 277
100 37
100 434
100 646
100 29
100 1072
100 63
100 928
100 46
100 721
100 968
100 69
100 197
100 307
100 452
100 288
100 434
100 70
100 834
100 396
100 154
100 1674
100 192
100 203
100 1209
100 464
100 494
100 43
100 464
100 46
100 158
100 62
100 51
100 368
100 183
100 606
100 603
100 130
100 317
100 524
100 10
100 361
100 176
100 568
100 295
100 112
100 632
100 35
100 584
100 257
100 404
100 136
100 880
100 575
100 636
100 115
100 261
100 174
100 98
100 30
100 11
100 168
100 193
100 88
100 19
100 141
100 673
100 554
100 413
100 19
100 27
100 131
100 468
100 90
100 762
100 771
100 1012
100 78
100 395
100 3
100 416
100 13
100 691
100 725
100 639
100 1000
100 22
100 253
100 101
100 784
100 336
100 98
100 411
100 1119
100 9
100 797
100 527
100 52
100 127
100 276
100 66
100 652
100 219
100 263
100 581
100 156
100 437
100 113
100 346
100 79
100 27
100 415
100 314
100 91
100 1
100 304
100 28
100 60
100 169
100 55
100 920
100 6
100 5
100 64
100 331
100 599
100 341
100 110
100 304
100 159
100 1031
100 476
100 742
100 4
100 212
100 48
100 583
100 338
100 38
100 339
100 162
100 173
100 389
100 453
100 430
100 110
100 193
100 143
100 313
100 329
100 187
100 1400
100 859
100 115
100 651
100 223
100 153
100 396
100 276
100 70
100 165
100 14
100 142
100 464
100 26
100 266
100 65
100 920
100 357
100 114
100 347
100 93
100 254
100 37
100 165
100 155
100 181
100 104
100 21
100 12
100 106
100 44
100 163
100 190
100 257
100 956
100 724
100 122
100 77
100 661
100 103
100 160
100 44
100 309
100 112
100 118
100 146
100 202
100 664
100 462
100 158
100 39
100 172
100 212
100 97
100 880
100 15
100 296
100 242
100 22
100 253
100 165
100 765
100 101
100 77
100 3
100 580
100 838
100 345
100 28
100 113
100 1003
100 83
100 544
100 5
100 654
100 176
100 555
100 871
100 80
100 0
100 56
100 209
100 210
100 174
100 751
100 321
100 508
100 76
100 410
100 97
100 517
100 256
100 14
100 311
100 20
100 13
100 174
100 148
100 22
100 44
100 311
100 515
100 141
100 1298
100 27
100 719
100 410
100 550
100 271
100 285
100 28
100 297
100 4
100 32
100 77
100 1236
100 435
100 1006
100 745
100 52
100 606
100 437
100 39
100 45
100 830
100 1953
100 121
100 551
100 327
100 84
100 379
100 62
100 415
100 208
100 102
100 576
100 175
100 492
100 325
100 614
100 874
100 28
100 526
100 91
100 178
100 681
100 133
100 20
100 1035
100 54
100 93
100 71
100 57
100 533
100 740
100 365
100 666
100 459
100 91
100 102
100 755
100 692
100 46
100 657
100 178
100 248
100 1528
100 72
100 342
100 27
100 471
100 312
100 60
100 227
100 111
100 174
100 127
100 494
100 132
100 4
100 140
100 466
100 83
100 24
100 290
100 414
100 330
100 158
100 17
100 80
100 123
100 143
100 11
100 17
100 116
100 806
100 173
100 21
100 1529
100 327
100 308
100 529
100 2
100 334
100 458
100 47
100 80
100 189
100 135
100 63
100 431
100 55
100 91
100 67
100 168
100 733
100 814
100 331
100 768
100 843
100 1344
100 72
100 179
100 15
100 284
100 91
100 532
100 40
100 412
100 62
100 16
100 237
100 11
100 496
100 129
100 488
100 180
100 53
100 779
100 147
100 417
100 284
100 209
100 760
100 1679
100 112
100 126
100 407
100 26
100 444
100 45
100 126
100 321
100 680
100 208
100 615
100 545
100 214
100 136
100 376
100 743
100 579
100 569
100 44
100 0
100 69
100 366
100 745
100 47
100 810
100 605
100 80
100 30
100 83
100 64
100 422
100 514
100 18
100 226
100 130
100 419
100 42
100 288
100 45
100 526
100 633
100 386
100 37
100 214
100 77
100 163
100 397
100 210
100 44
100 247
100 392
100 235
100 985
100 33
100 792
100 438
100 979
100 277
100 444
100 168
100 145
100 16
100 63
100 101
100 91
100 395
100 185
100 6
100 443
100 460
100 77
100 104
100 318
100 31
100 27
100 789
100 200
100 662
100 6
100 646
100 164
100 331
100 28
100 234
100 29
100 749
100 556
100 78
100 623
100 268
100 407
100 45
100 415
100 240
100 1282
100 145
100 212
100 279
100 258
100 237
100 129
100 56
100 74
100 6
100 70
100 99
100 1648
100 589
100 117
100 620
100 285
100 83
100 271
100 188
100 305
100 337
100 59
100 516
100 151
100 769
100 182
100 388
100 63
100 321
100 114
100 278
100 1255
100 42
100 163
100 77
100 260
100 310
100 83
100 64
100 166
100 139
100 141
100 30
100 104
100 322
100 8
100 102
100 494
100 172
100 162
100 1945
100 322
100 865
100 86
100 329
100 151
100 191
100 122
100 295
100 104
100 1114
100 467
100 134
100 18
100 877
100 447
100 305
100 293
100 461
100 146
100 22
100 0
100 857
100 302
100 140
100 109
100 133
100 192
100 87
100 190
100 372
100 21
100 90
100 194
100 187
100 745
100 136
100 420
100 288
100 40
100 88
100 402
100 171
100 120
100 235
100 682
100 367
100 29
100 221
100 618
100 407
100 184
100 241
100 66
100 393
100 177
100 298
100 247
100 119
100 151
100 497
100 431
100 154
100 115
100 418
100 82
100 68
100 53
100 292
100 91
100 160
100 576
100 501
100 120
100 516
100 8
100 425
100 204
100 9
100 196
100 1330
100 202
100 18
100 91
100 532
100 201
100 399
100 476
100 209
100 344
100 152
100 90
100 97
100 25
100 695
100 426
100 72
100 92
100 344
100 99
100 606
100 422
100 340
100 537
100 287
100 203
100 76
100 370
100 277
100 471
100 75
100 81
100 767
100 764
100 236
100 537
100 104
100 786
100 240
100 969
100 255
100 131
100 762
100 167
100 259
100 20
100 1537
100 249
100 452
100 166
100 254
100 273
100 107
100 47
100 164
100 347
100 4
100 102
100 209
100 76
100 410
100 21
100 642
100 32
100 200
100 176
100 164
100 397
100 552
100 111
100 313
100 879
100 115
100 10
100 241
100 234
100 134
100 160
100 794
100 165
100 79
100 910
100 452
100 389
100 174
100 162
100 42
100 318
100 20
100 109
100 414
100 33
100 563
100 14
100 26
100 106
100 129
100 607
100 170
100 47
100 235
100 73
100 94
100 208
100 0
100 125
100 304
100 719
100 40
100 99
100 488
100 141
100 73
100 21
100 267
100 68
100 81
100 6
100 54
100 312
100 70
100 41
100 398
100 292
100 293
100 162
100 788
100 301
100 279
100 18
100 855
100 56
100 28
100 89
100 192
100 148
100 240
100 1069
100 225
100 546
100 300
100 97
100 26
100 576
100 282
100 203
100 48
100 195
100 406
100 95
100 130
100 465
100 661
100 60
100 360
100 311
100 961
100 129
100 85
100 54
100 1213
100 168
100 301
100 31
100 127
100 239
100 390
100 407
100 222
100 1442
100 155
100 784
100 642
100 244
100 656
100 135
100 466
100 26
100 109
100 177
100 50
100 45
100 266
100 650
100 28
100 334
100 74
100 187
100 172
100 297
100 1454
100 126
100 456
100 216
100 565
100 390
100 230
100 918
100 179
100 643
100 1096
100 188
100 161
100 1840
100 101
100 445
100 417
100 106
100 34
100 310
100 142
100 0
100 15
100 269
100 393
100 529
100 204
100 85
100 407
100 303
100 64
100 467
100 153
100 386
100 249
100 474
100 178
100 282
100 305
100 60
100 840
100 571
100 147
100 139
100 254
100 44
100 136
100 64
100 235
100 256
100 42
100 79
100 261
100 53
100 14
100 126
100 121
100 294
100 755
100 871
100 371
100 626
100 4
100 74
100 179
100 445
100 44
100 36
100 352
100 567
100 18
100 101
100 203
100 668
100 8
100 748
100 485
100 49
100 91
100 435
100 208
100 383
100 178
100 406
100 406
100 171
100 155
100 120
100 133
100 361
100 298
100 139
100 26
100 652
100 682
100 34
100 137
100 320
100 36
100 423
100 315
100 234
100 432
100 150
100 484
100 160
100 8
100 569
100 6
100 118
100 771
100 951
100 487
100 179
100 182
100 141
100 562
100 538
100 286
100 364
100 1
100 1126
100 548
100 560
100 1871
100 33
100 29
100 1
100 196
100 49
100 177
100 877
100 503
100 156
100 89
100 701
100 339
100 38
100 376
100 20
100 258
100 182
100 397
100 75
100 320
100 116
100 642
100 41
100 143
100 85
100 228
100 266
100 571
100 276
100 185
100 32
100 601
100 168
100 146
100 181
100 43
100 260
100 423
100 459
100 31
100 98
100 207
100 47
100 107
100 597
100 25
100 107
100 46
100 674
100 345
100 160
100 174
100 329
100 217
100 237
100 279
100 200
100 462
100 203
100 96
100 862
100 44
100 1161
100 218
100 45
100 188
100 63
100 51
100 455
100 287
100 802
100 376
100 259
100 49
100 620
100 118
100 486
100 12
100 144
100 727
100 7
100 164
100 18
100 16
100 141
100 237
100 162
100 24
100 189
100 718
100 63
100 20
100 188
100 247
100 194
100 129
100 72
100 624
100 26
100 413
100 89
100 507
100 46
100 882
100 1316
100 328
100 318
100 172
100 137
100 154
100 2
100 877
100 1334
100 183
100 1321
100 434
100 287
100 304
100 17
100 100
100 9
100 574
100 589
100 121
100 1235
100 29
100 242
100 126
100 97
100 113
100 273
100 317
100 46
100 239
100 24
100 65
100 382
100 48
100 183
100 11
100 312
100 80
100 287
100 341
100 376
100 255
100 883
100 49
100 410
100 64
100 228
100 18
100 285
100 273
100 88
100 213
100 8
100 813
100 252
100 175
100 249
100 78
100 265
100 97
100 50
100 288
100 72
100 803
100 37
100 201
100 191
100 26
100 570
100 351
100 152
100 922
100 498
100 166
100 182
100 1113
100 85
100 249
100 171
100 522
100 60
100 132
100 589
100 163
100 645
100 240
100 141
100 133
100 616
100 330
100 252
100 98
100 77
100 14
100 105
100 432
100 33
100 484
100 61
100 434
100 47
100 29
100 931
100 82
100 476
100 467
100 1027
100 266
100 254
100 98
100 1265
100 955
100 182
100 39
100 35
100 125
100 317
100 281
100 318
100 896
100 185
100 384
100 251
100 3
100 16
100 280
100 17
100 1127
100 418
100 282
100 480
100 133
100 18
100 155
100 1141
100 107
100 1110
100 480
100 42
100 40
100 569
100 776
100 237
100 622
100 824
100 112
100 90
100 22
100 177
100 450
100 149
100 438
100 28
100 986
100 8
100 34
100 56
100 696
100 14
100 252
100 126
100 596
100 1
100 81
100 180
100 194
100 83
100 180
100 296
100 185
100 119
100 100
100 531
100 466
100 132
100 287
100 99
100 17
100 92
100 514
100 173
100 184
100 117
100 97
100 70
100 124
100 106
100 68
100 374
100 0
100 151
100 15
100 430
100 18
100 701
100 169
100 187
100 23
100 621
100 85
100 364
100 441
100 124
100 171
100 525
100 327
100 169
100 322
100 333
100 255
100 169
100 394
100 478
100 96
100 247
100 195
100 52
100 33
100 24
100 8
100 315
100 342
100 1
100 79
100 290
100 13
100 269
100 163
100 30
100 227
100 76
100 1388
100 228
100 141
100 217
100 517
100 481
100 38
100 294
100 1411
100 288
100 4
100 13
100 434
100 208
100 33
100 113
100 972
100 262
100 1118
100 233
100 869
100 210
100 83
100 101
100 33
100 369
100 45
100 41
100 79
100 15
100 94
100 71
100 12
100 35
100 326
100 238
100 82
100 287
100 141
100 1214
100 125
100 273
100 481
100 232
100 343
100 279
100 119
100 78
100 57
100 634
100 745
100 57
100 54
100 808
100 520
100 2
100 946
100 44
100 707
100 94
100 261
100 279
100 41
100 130
100 71
100 523
100 567
100 166
100 305
100 601
100 57
100 425
100 634
100 96
100 14
100 4
100 116
100 67
100 6
100 425
100 509
100 501
100 398
100 146
100 50
100 4
100 234
100 8
100 225
100 105
100 58
100 122
100 22
100 233
100 223
100 236
100 221
100 644
100 26
100 508
100 277
100 162
100 106
100 602
100 509
100 221
100 858
100 148
100 1
100 623
100 238
100 234
100 105
100 73
100 1224
100 508
100 75
100 511
100 10
100 250
100 296
100 695
100 924
100 551
100 233
100 52
100 402
100 712
100 725
100 82
100 179
100 85
100 540
100 588
100 151
100 1028
100 30
100 222
100 318
100 386
100 449
100 365
100 171
100 356
100 74
100 921
100 32
100 227
100 42
100 341
100 415
100 141
100 486
100 68
100 109
100 659
100 413
100 1012
100 150
100 141
100 29
100 73
100 64
100 114
100 180
100 29
100 1176
100 441
100 958
100 71
100 744
100 597
100 143
100 164
100 279
100 229
100 278
100 4
100 1318
100 516
100 337
100 141
100 253
100 243
100 654
100 11
100 93
100 364
100 499
100 538
100 166
100 237
100 455
100 258
100 313
100 86
100 77
100 343
100 410
100 1323
100 382
100 253
100 356
100 232
100 829
100 263
100 13
100 65
100 383
100 113
100 158
100 299
100 680
100 78
100 1028
100 0
100 973
100 129
100 283
100 142
100 48
100 1006
100 249
100 340
100 517
100 151
100 87
100 9
100 521
100 271
100 469
100 293
100 158
100 735
100 40
100 395
100 583
100 103
100 154
100 48
100 492
100 66
100 682
100 486
100 3
100 139
100 141
100 427
100 167
100 612
100 31
100 506
100 407
100 247
100 966
100 81
100 1211
100 268
100 1385
100 514
100 42
100 85
100 19
100 756
100 726
100 136
100 343
100 961
100 219
100 291
100 26
100 105
100 530
100 41
100 200
100 68
100 145
100 84
100 892
100 340
100 506
100 109
100 17
100 622
100 47
100 410
100 752
100 72
100 180
100 333
100 748
100 438
100 117
100 1057
100 49
100 517
100 267
100 198
100 370
100 324
100 85
100 490
100 5
100 85
100 120
100 62
100 571
100 768
100 117
100 92
100 245
100 419
100 367
100 78
100 339
100 599
100 1723
100 101
100 248
100 639
100 136
100 386
100 599
100 1807
100 433
100 336
100 1177
100 317
100 733
100 436
100 0
100 22
100 229
100 1571
100 791
100 345
100 129
100 152
100 653
100 1328
100 25
100 572
100 190
100 216
100 67
100 391
100 378
100 86
100 5
100 632
100 229
100 359
100 504
100 4
100 381
100 413
100 15
100 4
100 1013
100 137
100 17
100 31
100 80
100 549
100 76
100 1136
100 252
100 304
100 16
100 74
100 159
100 59
100 131
100 62
100 294
100 427
100 12
100 19
100 374
100 119
100 7
100 506
100 120
100 30
100 38
100 575
100 420
100 447
100 31
100 192
100 240
100 245
100 140
100 151
100 113
100 359
100 304
100 14
100 265
100 129
100 289
100 916
100 234
100 318
100 166
100 34
100 182
100 112
100 18
100 216
100 90
100 742
100 53
100 423
100 268
100 297
100 638
100 92
100 63
100 285
100 764
100 207
100 138
100 117
100 211
100 255
100 1018
100 136
100 698
100 15
100 51
100 196
100 135
100 528
100 88
100 535
100 215
100 108
100 239
100 106
100 7
100 105
100 496
100 505
100 16
100 98
100 1347
100 375
100 120
100 451
100 293
100 655
100 170
100 72
100 359
100 1323
100 786
100 147
100 222
100 10
100 131
100 632
100 180
100 77
100 100
100 646
100 150
100 122
100 176
100 119
100 345
100 564
100 68
100 748
100 380
100 493
100 223
100 447
100 171
100 161
100 190
100 433
100 214
100 45
100 68
100 91
100 148
100 156
100 832
100 135
100 83
100 289
100 124
100 329
100 158
100 365
100 309
100 18
100 721
100 198
100 528
100 80
100 630
100 29
100 4
100 30
100 115
100 78
100 126
100 237
100 517
100 250
100 950
100 677
100 147
100 700
100 216
100 76
100 172
100 956
100 252
100 60
100 52
100 283
100 463
100 13
100 189
100 388
100 404
100 9
100 114
100 177
100 305
100 178
100 153
100 294
100 319
100 178
100 219
100 202
100 1152
100 9
100 360
100 63
100 301
100 102
100 75
100 575
100 187
100 116
100 70
100 343
100 194
100 351
100 394
100 36
100 137
100 1283
100 4
100 152
100 96
100 242
100 345
100 237
100 429
100 1017
100 37
100 87
100 308
100 145
100 325
100 862
100 583
100 24
100 437
100 416
100 167
100 54
100 381
100 648
100 300
100 971
100 64
100 144
100 103
100 760
100 1426
100 24
100 557
100 393
100 190
100 514
100 34
100 71
100 369
100 64
100 174
100 408
100 136
100 292
100 510
100 131
100 92
100 1
100 80
100 19
100 400
100 160
100 108
100 662
100 229
100 889
100 255
100 232
100 282
100 375
100 11
100 966
100 347
100 786
100 29
100 643
100 63
100 138
100 1193
100 72
100 11
100 417
100 502
100 52
100 131
100 130
100 206
100 275
100 385
100 557
100 738
100 340
100 221
100 127
100 372
100 39
100 125
100 31
100 474
100 279
100 219
100 360
100 70
100 28
100 124
100 34
100 342
100 541
100 44
100 153
100 65
100 134
100 82
100 1949
100 400
100 436
100 147
100 682
100 159
100 89
100 101
100 392
100 171
100 290
100 7
100 286
100 143
100 41
100 497
100 18
100 361
100 971
100 47
100 161
100 123
100 28
100 2
100 827
100 69
100 13
100 502
100 1209
100 236
100 590
100 4
100 67
100 132
100 6
100 125
100 106
100 465
100 165
100 794
100 11
100 87
100 261
100 221
100 742
100 89
100 608
100 23
100 37
100 209
100 632
100 421
100 121
100 728
100 286
100 197
100 242
100 85
100 349
100 167
100 58
100 99
100 52
100 1037
100 48
100 800
100 217
100 79
100 389
100 408
100 1174
100 281
100 502
100 65
100 271
100 457
100 277
100 34
100 723
100 213
100 402
100 360
100 408
100 232
100 172
100 1083
100 116
100 532
100 325
100 237
100 1444
100 339
100 734
100 31
100 1232
100 296
100 1079
100 26
100 6
100 193
100 169
100 60
100 1213
100 396
100 886
100 23
100 203
100 81
100 244
100 53
100 92
100 20
100 1592
100 91
100 81
100 262
100 631
100 359
100 243
100 107
100 599
100 53
100 64
100 245
100 346
100 255
100 157
100 187
100 85
100 21
100 347
100 339
100 697
100 722
100 259
100 1525
100 80
100 78
100 153
100 313
100 228
100 551
100 823
100 1483
100 191
100 315
100 539
100 188
100 241
100 1426
100 1268
100 189
100 160
100 279
100 42
100 509
100 117
100 486
100 525
100 59
100 139
100 613
100 201
100 341
100 411
100 142
100 189
100 196
100 1436
100 339
100 51
100 92
100 430
100 82
100 109
100 123
100 1199
100 999
100 295
100 1264
100 155
100 149
100 189
100 142
100 70
100 20
100 203
100 14
100 338
100 1086
100 41
100 1305
100 2191
100 260
100 270
100 113
100 49
100 127
100 188
100 110
100 28
100 77
100 109
100 1172
100 149
100 192
100 162
100 464
100 844
100 117
100 710
100 121
100 498
100 811
100 547
100 129
100 127
100 4
100 665
100 39
100 99
100 221
100 223
100 571
100 491
100 241
100 446
100 153
100 72
100 214
100 1041
