100 249
100 175
100 70
100 86
100 416
100 52
100 83
100 816
100 36
100 511
100 325
100 196
100 639
100 170
100 177
100 89
100 229
100 185
100 175
100 8
100 18
100 141
100 257
100 165
100 200
100 35
100 165
100 668
100 332
100 136
100 995
100 354
100 43
100 60
100 81
100 892
100 245
100 332
100 784
100 91
100 61
100 133
100 1
100 69
100 428
100 51
100 183
100 496
100 173
100 290
100 54
100 138
100 103
100 8
100 131
100 0
100 22
100 159
100 35
100 71
100 107
100 33
100 272
100 42
100 672
100 231
100 395
100 312
100 199
100 634
100 196
100 24
100 104
100 399
100 138
100 169
100 150
100 86
100 161
100 167
100 176
100 227
100 405
100 99
100 125
100 542
100 191
100 86
100 69
100 81
100 135
100 404
100 143
100 522
100 196
100 82
100 94
100 268
100 28
100 467
100 293
100 9
100 27
100 76
100 40
100 474
100 212
100 832
100 47
100 254
100 126
100 983
100 138
100 140
100 139
100 232
100 292
100 43
100 12
100 72
100 144
100 155
100 115
100 22
100 303
100 221
100 33
100 21
100 82
100 186
100 337
100 154
100 82
100 251
100 56
100 152
100 5
100 32
100 133
100 79
100 339
100 232
100 92
100 0
100 334
100 112
100 62
100 4
100 4
100 53
100 59
100 58
100 86
100 176
100 197
100 108
100 46
100 63
100 10
100 436
100 225
100 322
100 24
100 21
100 180
100 30
100 140
100 484
100 210
100 459
100 41
100 384
100 152
100 70
100 129
100 749
100 141
100 379
100 24
100 371
100 93
100 140
100 163
100 116
100 43
100 372
100 45
100 192
100 58
100 66
100 619
100 86
100 121
100 166
100 46
100 386
100 52
100 2
100 75
100 855
100 259
100 119
100 139
100 38
100 6
100 214
100 655
100 467
100 233
100 101
100 207
100 9
100 112
100 534
100 99
100 3
100 173
100 173
100 68
100 185
100 115
100 237
100 19
100 294
100 145
100 0
100 17
100 244
100 93
100 118
100 215
100 65
100 32
100 408
100 190
100 174
100 78
100 133
100 15
100 115
100 483
100 105
100 139
100 485
100 123
100 403
100 1
100 38
100 90
100 114
100 27
100 25
100 351
100 700
100 33
100 96
100 146
100 139
100 132
100 209
100 31
100 1003
100 253
100 63
100 1045
100 40
100 99
100 305
100 25
100 10
100 200
100 564
100 288
100 91
100 148
100 33
100 158
100 210
100 290
100 88
100 158
100 180
100 82
100 371
100 149
100 440
100 148
100 1150
100 164
100 209
100 290
100 642
100 382
100 87
100 12
100 196
100 232
100 424
100 350
100 67
100 90
100 108
100 365
100 99
100 12
100 127
100 134
100 619
100 100
100 492
100 200
100 324
100 193
100 92
100 59
100 35
100 300
100 106
100 19
100 252
100 1618
100 278
100 213
100 302
100 38
100 103
100 106
100 188
100 298
100 231
100 166
100 52
100 45
100 16
100 143
100 203
100 211
100 706
100 71
100 13
100 169
100 686
100 168
100 246
100 61
100 77
100 533
100 192
100 45
100 454
100 479
100 21
100 172
100 945
100 64
100 405
100 315
100 66
100 402
100 81
100 332
100 219
100 71
100 649
100 108
100 36
100 214
100 122
100 57
100 358
100 290
100 41
100 433
100 38
100 60
100 14
100 13
100 652
100 105
100 497
100 82
100 48
100 369
100 170
100 305
100 427
100 116
100 138
100 407
100 227
100 109
100 247
100 287
100 138
100 240
100 26
100 46
100 285
100 131
100 26
100 639
100 102
100 129
100 18
100 348
100 41
100 503
100 151
100 209
100 25
100 436
100 1063
100 130
100 7
100 177
100 724
100 150
100 169
100 101
100 172
100 214
100 16
100 498
100 241
100 642
100 179
100 353
100 9
100 258
100 168
100 58
100 188
100 16
100 339
100 5
100 136
100 60
100 550
100 633
100 9
100 1014
100 706
100 233
100 522
100 204
100 295
100 256
100 544
100 407
100 260
100 196
100 473
100 417
100 138
100 38
100 621
100 252
100 624
100 171
100 339
100 191
100 402
100 96
100 48
100 338
100 5
100 58
100 240
100 61
100 784
100 257
100 52
100 241
100 481
100 92
100 45
100 323
100 80
100 81
100 565
100 18
100 173
100 90
100 285
100 28
100 252
100 614
100 27
100 92
100 10
100 18
100 17
100 207
100 108
100 51
100 199
100 320
100 522
100 149
100 261
100 148
100 285
100 122
100 131
100 480
100 404
100 84
100 316
100 879
100 656
100 5
100 393
100 419
100 204
100 14
100 21
100 198
100 165
100 87
100 242
100 63
100 166
100 140
100 879
100 333
100 670
100 298
100 55
100 38
100 411
100 333
100 106
100 45
100 864
100 14
100 146
100 306
100 130
100 3
100 57
100 216
100 28
100 77
100 50
100 80
100 425
100 557
100 295
100 588
100 1367
100 822
100 437
100 60
100 74
100 559
100 79
100 11
100 246
100 109
100 61
100 126
100 31
100 10
100 126
100 181
100 326
100 3
100 60
100 762
100 35
100 248
100 318
100 184
100 162
100 573
100 190
100 192
100 95
100 141
100 81
100 137
100 544
100 256
100 57
100 140
100 56
100 326
100 181
100 123
100 216
100 136
100 296
100 103
100 237
100 129
100 167
100 396
100 139
100 565
100 505
100 490
100 355
100 169
100 292
100 19
100 125
100 623
100 53
100 89
100 294
100 88
100 67
100 55
100 302
100 304
100 393
100 110
100 225
100 233
100 316
100 75
100 90
100 94
100 26
100 159
100 287
100 182
100 204
100 396
100 151
100 27
100 9
100 42
100 267
100 378
100 137
100 157
100 121
100 19
100 193
100 111
100 573
100 183
100 203
100 42
100 37
100 74
100 660
100 514
100 13
100 27
100 152
100 24
100 82
100 43
100 366
100 851
100 130
100 369
100 34
100 39
100 372
100 635
100 374
100 431
100 13
100 317
100 165
100 41
100 117
100 38
100 42
100 231
100 36
100 140
100 23
100 367
100 307
100 5
100 196
100 355
100 533
100 213
100 117
100 68
100 247
100 466
100 38
100 45
100 456
100 138
100 625
100 5
100 229
100 275
100 54
100 102
100 96
100 21
100 100
100 168
100 59
100 798
100 253
100 188
100 262
100 264
100 47
100 232
100 154
100 351
100 46
100 509
100 346
100 91
100 17
100 228
100 271
100 109
100 182
100 177
100 11
100 25
100 26
100 16
100 163
100 54
100 189
100 104
100 13
100 509
100 320
100 705
100 328
100 310
100 133
100 119
100 431
100 50
100 72
100 143
100 421
100 66
100 71
100 35
100 98
100 246
100 323
100 20
100 917
100 162
100 70
100 570
100 359
100 8
100 138
100 403
100 363
100 628
100 168
100 125
100 293
100 20
100 26
100 121
100 30
100 36
100 115
100 80
100 233
100 686
100 65
100 55
100 20
100 28
100 98
100 246
100 127
100 8
100 91
100 572
100 419
100 114
100 5
100 324
100 94
100 44
100 777
100 265
100 1303
100 19
100 246
100 532
100 163
100 578
100 431
100 58
100 117
100 58
100 7
100 493
100 17
100 222
100 431
100 186
100 703
100 14
100 100
100 133
100 166
100 29
100 5
100 869
100 153
100 202
100 89
100 412
100 226
100 116
100 560
100 191
100 223
100 239
100 4
100 143
100 318
100 427
100 266
100 360
100 16
100 15
100 30
100 278
100 71
100 500
100 221
100 10
100 21
100 38
100 45
100 162
100 78
100 509
100 121
100 733
100 60
100 418
100 734
100 216
100 85
100 315
100 591
100 277
100 11
100 140
100 412
100 113
100 125
100 29
100 110
100 32
100 85
100 50
100 141
100 254
100 199
100 779
100 5
100 196
100 118
100 307
100 76
100 313
100 98
100 64
100 292
100 226
100 194
100 124
100 144
100 163
100 35
100 239
100 9
100 109
100 125
100 269
100 1107
100 108
100 1459
100 71
100 333
100 93
100 415
100 101
100 82
100 1
100 846
100 172
100 15
100 338
100 275
100 179
100 243
100 29
100 77
100 170
100 74
100 108
100 104
100 237
100 601
100 61
100 247
100 80
100 16
100 135
100 106
100 632
100 348
100 254
100 85
100 110
100 272
100 928
100 412
100 218
100 659
100 143
100 136
100 19
100 32
100 35
100 42
100 780
100 321
100 416
100 143
100 126
100 233
100 62
100 28
100 244
100 140
100 309
100 388
100 883
100 56
100 18
100 325
100 50
100 138
100 27
100 765
100 157
100 70
100 538
100 67
100 105
100 54
100 60
100 548
100 156
100 200
100 177
100 231
100 21
100 27
100 69
100 404
100 72
100 40
100 504
100 149
100 28
100 57
100 122
100 987
100 562
100 65
100 113
100 619
100 169
100 81
100 191
100 65
100 334
100 5
100 170
100 893
100 235
100 77
100 40
100 199
100 26
100 340
100 66
100 303
100 74
100 31
100 269
100 97
100 318
100 4
100 56
100 233
100 593
100 144
100 164
100 250
100 34
100 139
100 367
100 75
100 627
100 392
100 31
100 393
100 138
100 426
100 58
100 10
100 351
100 102
100 45
100 14
100 178
100 169
100 113
100 49
100 219
100 98
100 263
100 613
100 83
100 13
100 30
100 296
100 26
100 257
100 2
100 41
100 183
100 638
100 279
100 2
100 40
100 86
100 93
100 198
100 120
100 158
100 71
100 406
100 95
100 140
100 441
100 217
100 101
100 7
100 516
100 472
100 2
100 325
100 98
100 20
100 130
100 164
100 89
100 276
100 328
100 525
100 10
100 74
100 1242
100 217
100 28
100 316
100 360
100 25
100 601
100 29
100 68
100 108
100 80
100 215
100 514
100 139
100 93
100 92
100 72
100 95
100 414
100 173
100 142
100 568
100 280
100 428
100 237
100 100
100 302
100 82
100 380
100 465
100 203
100 413
100 228
100 205
100 430
100 38
100 142
100 18
100 250
100 107
100 271
100 286
100 85
100 334
100 805
100 190
100 473
100 60
100 364
100 222
100 680
100 14
100 161
100 158
100 123
100 266
100 499
100 225
100 300
100 3
100 327
100 57
100 727
100 53
100 53
100 119
100 35
100 249
100 209
100 1352
100 29
100 291
100 39
100 256
100 612
100 289
100 109
100 51
100 197
100 122
100 164
100 191
100 98
100 8
100 247
100 329
100 150
100 382
100 244
100 256
100 237
100 279
100 90
100 343
100 209
100 3
100 265
100 641
100 142
100 121
100 176
100 155
100 79
100 314
100 29
100 11
100 289
100 25
100 56
100 338
100 120
100 177
100 113
100 176
100 239
100 314
100 387
100 59
100 565
100 877
100 202
100 625
100 311
100 670
100 433
100 54
100 36
100 143
100 38
100 269
100 306
100 204
100 26
100 419
100 5
100 11
100 23
100 412
100 496
100 384
100 176
100 55
100 6
100 68
100 196
100 15
100 228
100 93
100 59
100 295
100 394
100 146
100 213
100 50
100 299
100 221
100 707
100 82
100 146
100 174
100 4
100 39
100 69
100 422
100 490
100 765
100 328
100 337
100 309
100 24
100 8
100 50
100 184
100 439
100 112
100 612
100 141
100 91
100 325
100 2
100 109
100 198
100 68
100 456
100 467
100 76
100 623
100 70
100 50
100 251
100 534
100 5
100 690
100 798
100 69
100 0
100 142
100 267
100 297
100 234
100 647
100 780
100 76
100 130
100 669
100 69
100 245
100 129
100 24
100 287
100 313
100 1111
100 388
100 309
100 301
100 80
100 22
100 181
100 584
100 330
100 480
100 29
100 202
100 272
100 134
100 773
100 373
100 282
100 644
100 23
100 371
100 99
100 91
100 87
100 341
100 221
100 1328
100 24
100 220
100 105
100 133
100 158
100 89
100 217
100 555
100 144
100 33
100 228
100 144
100 503
100 140
100 58
100 12
100 89
100 180
100 19
100 89
100 16
100 742
100 141
100 72
100 347
100 300
100 973
100 54
100 351
100 70
100 258
100 117
100 202
100 26
100 74
100 606
100 386
100 288
100 1458
100 455
100 33
100 453
100 325
100 9
100 71
100 606
100 57
100 1
100 73
100 521
100 306
100 189
100 41
100 18
100 227
100 107
100 294
100 30
100 232
100 719
100 39
100 384
100 147
100 219
100 127
100 87
100 85
100 79
100 198
100 86
100 206
100 40
100 284
100 239
100 349
100 61
100 160
100 161
100 413
100 93
100 373
100 159
100 1167
100 63
100 31
100 0
100 121
100 171
100 200
100 110
100 150
100 35
100 267
100 180
100 131
100 56
100 2
100 472
100 346
100 2
100 386
100 323
100 626
100 31
100 561
100 31
100 54
100 537
100 502
100 605
100 339
100 89
100 51
100 12
100 46
100 188
100 459
100 88
100 530
100 26
100 151
100 46
100 24
100 289
100 136
100 22
100 35
100 156
100 125
100 55
100 27
100 20
100 5
100 74
100 67
100 50
100 111
100 37
100 19
100 12
100 50
100 32
100 694
100 222
100 168
100 161
100 469
100 368
100 117
100 302
100 203
100 336
100 49
100 4
100 240
100 17
100 124
100 0
100 91
100 92
100 43
100 378
100 175
100 353
100 69
100 39
100 115
100 39
100 51
100 3
100 551
100 11
100 594
100 197
100 71
100 37
100 55
100 308
100 33
100 402
100 276
100 14
100 240
100 673
100 35
100 282
100 258
100 265
100 134
100 485
100 62
100 62
100 539
100 39
100 732
100 284
100 59
100 28
100 193
100 253
100 78
100 555
100 213
100 179
100 143
100 22
100 273
100 365
100 4
100 37
100 236
100 1
100 104
100 41
100 87
100 159
100 659
100 132
100 85
100 866
100 113
100 105
100 58
100 324
100 223
100 588
100 133
100 1324
100 660
100 34
100 236
100 847
100 52
100 17
100 86
100 190
100 20
100 38
100 475
100 381
100 14
100 294
100 1
100 29
100 968
100 91
100 241
100 134
100 98
100 455
100 404
100 195
100 160
100 296
100 534
100 11
100 433
100 359
100 126
100 667
100 140
100 134
100 224
100 54
100 217
100 124
100 475
100 248
100 297
100 598
100 548
100 203
100 201
100 171
100 6
100 478
100 484
100 78
100 177
100 227
100 9
100 186
100 184
100 150
100 149
100 149
100 188
100 65
100 202
100 4
100 1012
100 630
100 500
100 105
100 138
100 414
100 517
100 492
100 505
100 43
100 6
100 84
100 57
100 401
100 157
100 202
100 308
100 307
100 209
100 180
100 151
100 74
100 28
100 260
100 175
100 402
100 139
100 26
100 327
100 261
100 175
100 16
100 3
100 160
100 158
100 286
100 328
100 297
100 181
100 398
100 139
100 301
100 168
100 139
100 155
100 64
100 191
100 307
100 57
100 508
100 144
100 65
100 612
100 29
100 72
100 269
100 271
100 16
100 71
100 23
100 70
100 270
100 31
100 156
100 230
100 91
100 683
100 707
100 232
100 289
100 64
100 143
100 155
100 4
100 2
100 407
100 567
100 132
100 471
100 186
100 49
100 22
100 66
100 41
100 108
100 665
100 171
100 111
100 0
100 59
100 32
100 15
100 5
100 229
100 284
100 219
100 22
100 198
100 73
100 338
100 290
100 85
100 89
100 267
100 379
100 44
100 530
100 113
100 693
100 104
100 58
100 314
100 1
100 115
100 110
100 10
100 337
100 614
100 172
100 183
100 3
100 69
100 25
100 275
100 38
100 14
100 165
100 516
100 3
100 159
100 137
100 54
100 494
100 43
100 88
100 571
100 249
100 67
100 44
100 45
100 572
100 62
100 174
100 47
100 261
100 391
100 82
100 27
100 165
100 831
100 75
100 0
100 465
100 217
100 27
100 225
100 14
100 142
100 67
100 674
100 8
100 30
100 12
100 59
100 331
100 216
100 119
100 158
100 143
100 331
100 164
100 19
100 93
100 290
100 72
100 160
100 214
100 254
100 8
100 109
100 43
100 38
100 210
100 1136
100 200
100 5
100 116
100 52
100 4
100 49
100 154
100 63
100 142
100 91
100 58
100 14
100 319
100 234
100 68
100 246
100 259
100 139
100 4
100 110
100 101
100 607
100 232
100 131
100 166
100 101
100 127
100 47
100 153
100 10
100 224
100 83
100 8
100 92
100 19
100 281
100 20
100 614
100 241
100 622
100 292
100 4
100 401
100 109
100 18
100 584
100 166
100 96
100 217
100 1079
100 26
100 89
100 227
100 282
100 71
100 96
100 366
100 586
100 63
100 406
100 61
100 214
100 422
100 15
100 77
100 58
100 30
100 184
100 365
100 437
100 51
100 58
100 140
100 129
100 229
100 50
100 45
100 57
100 339
100 28
100 11
100 15
100 264
100 61
100 29
100 213
100 51
100 101
100 25
100 16
100 100
100 198
100 60
100 275
100 90
100 171
100 23
100 154
100 298
100 58
100 12
100 352
100 75
100 129
100 433
100 55
100 211
100 360
100 0
100 460
100 39
100 26
100 90
100 284
100 116
100 793
100 403
100 618
100 61
100 139
100 397
100 312
100 101
100 112
100 728
100 26
100 70
100 325
100 77
100 218
100 34
100 283
100 223
100 73
100 25
100 104
100 10
100 123
100 21
100 148
100 21
100 129
100 557
100 60
100 23
100 211
100 196
100 115
100 113
100 301
100 372
100 119
100 56
100 285
100 213
100 135
100 86
100 226
100 209
100 90
100 105
100 557
100 596
100 71
100 163
100 20
100 14
100 195
100 15
100 168
100 231
100 10
100 400
100 80
100 13
100 51
100 9
100 82
100 50
100 148
100 6
100 81
100 618
100 416
100 141
100 65
100 395
100 62
100 371
100 215
100 136
100 85
100 19
100 369
100 420
100 293
100 192
100 160
100 205
100 913
100 20
100 322
100 717
100 649
100 57
100 2
100 101
100 154
100 39
100 179
100 129
100 99
100 425
100 124
100 38
100 79
100 115
100 121
100 566
100 103
100 735
100 2
100 991
100 114
100 210
100 223
100 22
100 4
100 57
100 175
100 63
100 248
100 63
100 14
100 42
100 208
100 226
100 234
100 375
100 296
100 296
100 46
100 116
100 724
100 107
100 112
100 771
100 164
100 258
100 430
100 69
100 148
100 216
100 24
100 82
100 30
100 113
100 96
100 840
100 27
100 407
100 79
100 159
100 71
100 262
100 23
100 245
100 69
100 691
100 173
100 60
100 277
100 178
100 121
100 64
100 176
100 30
100 85
100 50
100 92
100 194
100 382
100 57
100 275
100 357
100 19
100 455
100 19
100 17
100 248
100 117
100 302
100 166
100 184
100 162
100 79
100 140
100 795
100 27
100 26
100 336
100 181
100 179
100 66
100 58
100 174
100 146
100 138
100 679
100 9
100 99
100 31
100 827
100 602
100 222
100 222
100 303
100 209
100 100
100 828
100 355
100 44
100 43
100 109
100 590
100 253
100 319
100 333
100 320
100 473
100 119
100 144
100 226
100 37
100 259
100 213
100 106
100 525
100 261
100 530
100 241
100 122
100 43
100 397
100 4
100 58
100 347
100 65
100 47
100 22
100 36
100 494
100 34
100 208
100 243
100 298
100 133
100 166
100 271
100 130
100 882
100 7
100 240
100 142
100 151
100 335
100 64
100 102
100 1281
100 0
100 373
100 64
100 66
100 383
100 203
100 594
100 65
100 31
100 613
100 145
100 127
100 59
100 252
100 372
100 363
100 36
100 48
100 179
100 128
100 90
100 139
100 197
100 206
100 297
100 160
100 109
100 31
100 276
100 806
100 386
100 461
100 108
100 184
100 137
100 297
100 378
100 75
100 155
100 17
100 219
100 84
100 133
100 507
100 65
100 43
100 80
100 148
100 124
100 92
100 139
100 154
100 888
100 261
100 128
100 243
100 75
100 94
100 21
100 173
100 99
100 170
100 42
100 508
100 95
100 244
100 4
100 592
100 190
100 63
100 2
100 48
100 25
100 37
100 427
100 28
100 132
100 168
100 290
100 172
100 429
100 407
100 25
100 30
100 163
100 114
100 165
100 21
100 354
100 256
100 77
100 95
100 130
100 195
100 21
100 274
100 221
100 194
100 162
100 81
100 222
100 60
100 539
100 81
100 585
100 77
100 54
100 1100
100 592
100 265
100 263
100 919
100 28
100 81
100 378
100 334
100 141
100 103
100 25
100 83
100 358
100 13
100 192
100 29
100 175
100 230
100 85
100 207
100 32
100 645
100 303
100 146
100 107
100 325
100 212
100 5
100 158
100 33
100 64
100 86
100 181
100 106
100 29
100 106
100 236
100 49
100 0
100 25
100 145
100 91
100 43
100 12
100 360
100 375
100 194
100 111
100 455
100 510
100 34
100 59
100 2
100 371
100 187
100 55
100 170
100 420
100 152
100 99
100 542
100 55
100 830
100 28
100 179
100 108
100 377
100 355
100 372
100 632
100 198
100 885
100 111
100 151
100 64
100 27
100 4
100 182
100 41
100 233
100 266
100 164
100 262
100 416
100 143
100 851
100 1
100 659
100 171
100 425
100 291
100 52
100 45
100 286
100 234
100 505
100 24
100 859
100 5
100 407
100 191
100 39
100 25
100 9
100 81
100 356
100 178
100 25
100 29
100 0
100 178
100 194
100 512
100 303
100 207
100 58
100 85
100 214
100 527
100 376
100 37
100 166
100 87
100 93
100 247
100 193
100 107
100 74
100 268
100 740
100 815
100 17
100 1536
100 264
100 64
100 636
100 131
100 235
100 4
100 213
100 210
100 203
100 227
100 151
100 2
100 317
100 1090
100 239
100 4
100 322
100 707
100 136
100 53
100 69
100 233
100 68
100 252
100 185
100 30
100 79
100 20
100 155
100 53
100 131
100 95
100 9
100 334
100 207
100 338
100 155
100 325
100 155
100 214
100 291
100 49
100 277
100 545
100 89
100 121
100 279
100 139
100 168
100 209
100 38
100 6
100 57
100 34
100 506
100 82
100 137
100 117
100 421
100 103
100 51
100 44
100 161
100 383
100 585
100 134
100 195
100 94
100 575
100 171
100 72
100 241
100 8
100 758
100 225
100 69
100 4
100 8
100 491
100 262
100 359
100 1120
100 214
100 148
100 338
100 218
100 106
100 119
100 249
100 466
100 147
100 210
100 307
100 74
100 13
100 96
100 113
100 29
100 356
100 40
100 746
100 40
100 48
100 246
100 192
100 199
100 664
100 0
100 112
100 248
100 174
100 158
100 121
100 183
100 403
100 66
100 55
100 144
100 63
100 125
100 19
100 188
100 373
100 412
100 275
100 510
100 173
100 456
100 32
100 162
100 60
100 182
100 67
100 123
100 205
100 165
100 186
100 50
100 119
100 7
100 591
100 57
100 105
100 565
100 327
100 37
100 173
100 200
100 61
100 45
100 28
100 386
100 312
100 88
100 2
100 478
100 448
100 165
100 311
100 2
100 55
100 38
100 240
100 599
100 117
100 278
100 243
100 184
100 197
100 268
100 352
100 359
100 37
100 274
100 131
100 39
100 47
100 77
100 176
100 120
100 176
100 162
100 72
100 89
100 71
100 8
100 101
100 364
100 331
100 26
100 262
100 386
100 47
100 10
100 346
100 117
100 23
100 137
100 848
100 31
100 135
100 207
100 294
100 230
100 378
100 22
100 666
100 9
100 35
100 320
100 162
100 247
100 415
100 35
100 443
100 144
100 40
100 221
100 362
100 834
100 8
100 87
100 144
100 58
100 263
100 59
100 36
100 114
100 183
100 0
100 256
100 32
100 228
100 690
100 5
100 182
100 158
100 231
100 313
100 458
100 410
100 57
100 117
100 59
100 77
100 227
100 108
100 543
100 398
100 215
100 159
100 86
100 122
100 373
100 192
100 131
100 604
100 1364
100 107
100 16
100 167
100 24
100 212
100 113
100 506
100 24
100 261
100 49
100 235
100 422
100 2
100 97
100 9
100 227
100 99
100 30
100 193
100 406
100 360
100 468
100 110
100 33
100 91
100 362
100 181
100 582
100 65
100 240
100 365
100 80
100 291
100 6
100 79
100 111
100 300
100 100
100 506
100 256
100 172
100 138
100 56
100 132
100 221
100 627
100 91
100 68
100 8
100 113
100 225
100 612
100 539
100 139
100 31
100 239
100 144
100 32
100 76
100 684
100 580
100 21
100 388
100 260
100 76
100 103
100 421
100 588
100 14
100 410
100 432
100 25
100 414
100 500
100 120
100 1226
100 149
100 1
100 429
100 9
100 848
100 12
100 40
100 210
100 113
100 130
100 481
100 28
100 127
100 69
100 60
100 388
100 158
100 138
100 375
100 126
100 125
100 16
100 221
100 390
100 254
100 8
100 293
100 210
100 10
100 640
100 1055
100 131
100 211
100 33
100 202
100 239
100 0
100 24
100 190
100 287
100 8
100 895
100 93
100 129
100 665
100 558
100 236
100 96
100 77
100 119
100 299
100 25
100 94
100 260
100 53
100 145
100 289
100 507
100 47
100 107
100 169
100 10
100 32
100 40
100 108
100 134
100 40
100 102
100 2
100 52
100 446
100 252
100 193
100 48
100 465
100 105
100 79
100 203
100 126
100 1
100 154
100 140
100 458
100 65
100 116
100 19
100 131
100 189
100 149
100 5
100 417
100 441
100 321
100 537
100 104
100 151
100 544
100 495
100 124
100 78
100 277
100 107
100 33
100 72
100 317
100 1597
100 118
100 295
100 213
100 342
100 162
100 294
100 104
100 24
100 1130
100 26
100 93
100 655
100 342
100 444
100 32
100 5
100 23
100 11
100 53
100 46
100 15
100 62
100 1310
100 303
100 427
100 397
100 287
100 8
100 233
100 313
100 8
100 7
100 161
100 340
100 33
100 149
100 161
100 49
100 767
100 343
100 500
100 59
100 3
100 135
100 176
100 959
100 365
100 236
100 96
100 324
100 342
100 357
100 928
100 258
100 112
100 165
100 105
100 42
100 66
100 93
100 329
100 198
100 560
100 422
100 89
100 99
100 333
100 8
100 119
100 68
100 366
100 183
100 371
100 86
100 473
100 17
100 87
100 688
100 21
100 28
100 53
100 215
100 136
100 0
100 174
100 24
100 720
100 316
100 6
100 561
100 680
100 39
100 123
100 156
100 62
100 38
100 79
100 197
100 259
100 146
100 139
100 62
100 46
100 36
100 70
100 89
100 193
100 240
100 8
100 535
100 148
100 454
100 289
100 184
100 170
100 444
100 606
100 84
100 235
100 126
100 131
100 187
100 241
100 518
100 211
100 569
100 957
100 188
100 105
100 106
100 117
100 63
100 36
100 77
100 67
100 9
100 455
100 32
100 508
100 176
100 391
100 417
100 130
100 166
100 297
100 285
100 84
100 12
100 308
100 56
100 135
100 349
100 31
100 1409
100 48
100 448
100 29
100 96
100 202
100 84
100 26
100 3
100 33
100 176
100 76
100 418
100 15
100 549
100 295
100 29
100 217
100 368
100 110
100 392
100 321
100 22
100 320
100 29
100 75
100 86
100 6
100 235
100 116
100 48
100 110
100 10
100 631
100 79
100 213
100 749
100 42
100 55
100 159
100 170
100 205
100 211
100 10
100 220
100 565
100 300
100 166
100 167
100 211
100 282
100 16
100 459
100 32
100 297
100 44
100 31
100 138
100 113
100 184
100 167
100 397
100 185
100 76
100 145
100 86
100 244
100 94
100 135
100 123
100 189
100 76
100 67
100 7
100 119
100 1
100 308
100 60
100 117
100 195
100 67
100 78
100 10
100 418
100 56
100 288
100 123
100 136
100 156
100 82
100 411
100 697
100 18
100 288
100 17
100 13
100 839
100 106
100 549
100 237
100 113
100 147
100 52
100 190
100 49
100 63
100 146
100 295
100 211
100 390
100 19
100 567
100 546
100 28
100 41
100 329
100 239
100 260
100 613
100 60
100 189
100 622
100 139
100 311
100 196
100 420
100 26
100 317
100 144
100 492
100 46
100 83
100 193
100 29
100 408
100 146
100 566
100 78
100 10
100 106
100 17
100 167
100 21
100 163
100 319
100 227
100 424
100 45
100 330
100 116
100 60
100 38
100 67
100 336
100 42
100 26
100 28
100 185
100 136
100 358
100 89
100 98
100 91
100 31
100 131
100 619
100 147
100 42
100 175
100 524
100 11
100 225
100 135
100 28
100 1137
100 144
100 11
100 58
100 424
100 1088
100 108
100 189
100 161
100 574
100 104
100 96
100 221
100 350
100 419
100 62
100 94
100 154
100 4
100 166
100 189
100 134
100 120
100 138
100 283
100 219
100 94
100 606
100 75
100 282
100 648
100 92
100 29
100 74
100 24
100 215
100 274
100 219
100 132
100 170
100 561
100 159
100 31
100 179
100 553
100 17
100 1
100 73
100 327
100 110
100 125
100 232
100 132
100 449
100 98
100 34
100 436
100 498
100 54
100 392
100 119
100 115
100 234
100 93
100 0
100 40
100 298
100 63
100 130
100 243
100 42
100 301
100 136
100 2
100 114
100 539
100 132
100 340
100 813
100 15
100 63
100 52
100 5
100 42
100 11
100 155
100 6
100 6
100 30
100 581
100 69
100 3
100 216
100 107
100 43
100 267
100 76
100 108
100 188
100 17
100 158
100 454
100 83
100 309
100 279
100 40
100 314
100 453
100 298
100 37
100 35
100 209
100 11
100 164
100 200
100 0
100 184
100 812
100 444
100 335
100 46
100 33
100 79
100 143
100 792
100 289
100 23
100 42
100 38
100 11
100 190
100 19
100 194
100 85
100 268
100 27
100 143
100 148
100 155
100 177
100 92
100 40
100 89
100 214
100 237
100 2
100 24
100 107
100 944
100 171
100 658
100 100
100 20
100 625
100 106
100 169
100 184
100 39
100 197
100 123
100 17
100 224
100 97
100 9
100 876
100 140
100 1004
100 209
100 42
100 189
100 8
100 386
100 80
100 158
100 241
100 415
100 576
100 14
100 151
100 146
100 124
100 2
100 748
100 288
100 282
100 205
100 603
100 222
100 84
100 275
100 112
100 85
100 164
100 145
100 187
100 397
100 184
100 151
100 19
100 323
100 95
100 262
100 184
100 16
100 102
100 88
100 45
100 95
100 18
100 54
100 59
100 566
100 134
100 159
100 28
100 457
100 383
100 279
100 4
100 100
100 212
100 1491
100 379
100 229
100 199
100 79
100 266
100 362
100 413
100 102
100 690
100 310
100 323
100 130
100 137
100 166
100 334
100 48
100 52
100 144
100 507
100 155
100 595
100 235
100 21
100 412
100 3
100 554
100 273
100 8
100 33
100 112
100 147
100 233
100 405
100 128
100 90
100 557
100 28
100 196
100 363
100 255
100 554
100 67
100 70
100 13
100 371
100 20
100 163
100 11
100 65
100 176
100 34
100 358
100 323
100 204
100 266
100 196
100 167
100 9
100 350
100 71
100 6
100 1
100 324
100 48
100 170
100 118
100 206
100 133
100 176
100 484
100 63
100 33
100 57
100 314
100 22
100 532
100 18
100 20
100 463
100 79
100 5
100 130
100 381
100 245
100 263
100 56
100 90
100 55
100 174
100 183
100 211
100 40
100 130
100 285
100 29
100 13
100 150
100 179
100 152
100 63
100 283
100 28
100 64
100 84
100 563
100 124
100 91
100 90
100 36
100 129
100 506
100 152
100 45
100 25
100 36
100 33
100 210
100 204
100 481
100 5
100 73
100 0
100 74
100 98
100 150
100 26
100 708
100 42
100 227
100 203
100 89
100 95
100 281
100 156
100 275
100 114
100 41
100 290
100 72
100 393
100 155
100 110
100 125
100 208
100 196
100 85
100 184
100 3
100 178
100 406
100 454
100 517
100 82
100 28
100 208
100 840
100 222
100 41
100 807
100 8
100 189
100 196
100 339
100 181
100 92
100 156
100 143
100 259
100 100
100 29
100 55
100 77
100 1302
100 777
100 127
100 154
100 122
100 88
100 481
100 368
100 337
100 259
100 402
100 2
100 11
100 190
100 52
100 323
100 513
100 511
100 499
100 80
100 359
100 140
100 219
100 488
100 145
100 17
100 372
100 210
100 174
100 86
100 802
100 30
100 36
100 343
100 92
100 45
100 311
100 224
100 66
100 18
100 11
100 99
100 20
100 481
100 984
100 108
100 15
100 213
100 27
100 272
100 53
100 439
100 130
100 154
100 420
100 108
100 43
100 85
100 109
100 273
100 1248
100 34
100 125
100 17
100 444
100 323
100 467
100 28
100 271
100 58
100 9
100 133
100 283
100 405
100 198
100 57
100 85
100 404
100 476
100 97
100 85
100 106
100 618
100 113
100 165
100 693
100 317
100 180
100 19
100 47
100 350
100 2
100 538
100 253
100 296
100 366
100 202
100 3
100 5
100 49
100 253
100 801
100 151
100 148
100 105
100 150
100 85
100 475
100 462
100 391
100 664
100 410
100 175
100 47
100 130
100 413
100 195
100 426
100 691
100 95
100 183
100 169
100 127
100 33
100 1
100 513
100 201
100 167
100 424
100 179
100 343
100 216
100 91
100 69
100 68
100 21
100 252
100 20
100 17
100 404
100 316
100 61
100 30
100 222
100 193
100 77
100 12
100 631
100 38
100 409
100 111
100 391
100 193
100 18
100 10
100 370
100 62
100 679
100 314
100 109
100 47
100 6
100 153
100 640
100 436
100 79
100 96
100 44
100 48
100 346
100 59
100 1450
100 235
100 6
100 442
100 188
100 133
100 140
100 108
100 1
100 74
100 351
100 216
100 158
100 150
100 847
100 405
100 65
100 133
100 59
100 385
100 290
100 488
100 57
100 113
100 555
100 563
100 41
100 77
100 51
100 507
100 75
100 26
100 333
100 60
100 183
100 4
100 757
100 105
100 92
100 235
100 205
100 316
100 275
100 516
100 171
100 187
100 107
100 114
100 44
100 60
100 54
100 37
100 151
100 85
100 178
100 136
100 495
100 383
100 266
100 9
100 127
100 314
100 262
100 91
100 479
100 123
100 402
100 3
100 281
100 43
100 210
100 92
100 368
100 86
100 298
100 101
100 280
100 20
100 75
100 192
100 168
100 281
100 310
100 27
100 208
100 147
100 118
100 224
100 423
100 76
100 417
100 61
100 617
100 113
100 138
100 219
100 3
100 156
100 260
100 122
100 16
100 303
100 12
100 3
100 347
100 358
100 10
100 254
100 272
100 38
100 448
100 76
100 497
100 289
100 51
100 17
100 433
100 127
100 218
100 510
100 46
100 830
100 45
100 168
100 407
100 503
100 1035
100 1039
100 859
100 517
100 666
100 50
100 1111
100 279
100 210
100 431
100 26
100 77
100 474
100 14
100 56
100 419
100 115
100 52
100 498
100 81
100 0
100 211
100 250
100 16
100 180
100 852
100 79
100 233
100 23
100 12
100 246
100 50
100 202
100 426
100 323
100 582
100 20
100 335
100 73
100 200
100 6
100 605
100 14
100 169
100 6
100 29
100 443
100 62
100 84
100 31
100 21
100 44
100 52
100 243
100 55
100 8
100 181
100 415
100 108
100 447
100 620
100 255
100 317
100 100
100 581
100 399
100 685
100 224
100 228
100 7
100 76
100 105
100 372
100 881
100 102
100 20
100 70
100 393
100 9
100 150
100 656
100 290
100 272
100 81
100 398
100 275
100 267
100 56
100 217
100 162
100 142
100 280
100 44
100 279
100 18
100 179
100 153
100 479
100 479
100 75
100 66
100 418
100 86
100 44
100 1468
100 24
100 239
100 653
100 195
100 66
100 327
100 41
100 223
100 6
100 197
100 113
100 8
100 139
100 364
100 127
100 318
100 164
100 613
100 676
100 33
100 187
100 247
100 431
100 720
100 14
100 33
100 53
100 46
100 24
100 184
100 146
100 63
100 486
100 324
100 116
100 717
100 74
100 327
100 584
100 274
100 52
100 596
100 81
100 337
100 264
100 4
100 211
100 621
100 400
100 147
100 356
100 261
100 421
100 19
100 94
100 10
100 134
100 61
100 101
100 5
100 97
100 132
100 287
100 126
100 9
100 504
100 324
100 463
100 415
100 111
100 658
100 54
100 183
100 38
100 372
100 7
100 38
100 17
100 8
100 640
100 567
100 233
100 642
100 91
100 739
100 288
100 249
100 139
100 17
100 10
100 246
100 100
100 18
100 187
100 46
100 97
100 147
100 190
100 423
100 138
100 54
100 250
100 7
100 229
100 337
100 55
100 174
100 187
100 539
100 460
100 341
100 165
100 196
100 287
100 99
100 366
100 300
100 143
100 306
100 187
100 78
100 44
100 33
100 68
100 558
100 3
100 89
100 517
100 181
100 221
100 434
100 120
100 308
100 128
100 219
100 62
100 25
100 165
100 203
100 444
100 91
100 314
100 317
100 62
100 86
100 180
100 199
100 270
100 208
100 578
100 23
100 128
100 613
100 242
100 592
100 241
100 178
100 77
100 472
100 25
100 275
100 79
100 424
100 8
100 24
100 5
100 166
100 82
100 133
100 515
100 105
100 106
100 813
100 766
100 18
100 42
100 168
100 568
100 372
100 84
100 236
100 173
100 348
100 404
100 14
100 91
100 105
100 308
100 332
100 305
100 97
100 6
100 584
100 387
100 316
100 578
100 257
100 224
100 95
100 29
100 272
100 71
100 12
100 7
100 271
100 1447
100 291
100 563
100 79
100 26
100 375
100 16
100 10
100 207
100 257
100 37
100 281
100 345
100 262
100 57
100 108
100 533
100 148
100 133
100 128
100 698
100 157
100 79
100 43
100 240
100 129
100 7
100 2
100 377
100 432
100 228
100 212
100 9
100 154
100 7
100 288
100 7
100 76
100 647
100 121
100 10
100 474
100 270
100 132
100 94
100 151
100 333
100 17
100 91
100 99
100 68
100 528
100 112
100 43
100 76
100 109
100 66
100 11
100 105
100 776
100 321
100 398
100 209
100 45
100 34
100 64
100 63
100 38
100 28
100 293
100 65
100 62
100 226
100 41
100 37
100 85
100 19
100 166
100 152
100 6
100 361
100 237
100 40
100 32
100 16
100 379
100 233
100 107
100 384
100 39
100 84
100 554
100 82
100 335
100 56
100 95
100 19
100 289
100 806
100 216
100 160
100 169
100 90
100 170
100 50
100 380
100 31
100 91
100 90
100 39
100 138
100 35
100 428
100 344
100 10
100 70
100 47
100 407
100 283
100 517
100 150
100 101
100 617
100 883
100 339
100 7
100 14
100 826
100 59
100 187
100 619
100 164
100 96
100 245
100 91
100 5
100 466
100 95
100 604
100 194
100 6
100 267
100 12
100 319
100 146
100 180
100 250
100 199
100 95
100 440
100 194
100 72
100 39
100 36
100 237
100 242
100 266
100 442
100 65
100 194
100 127
100 141
100 424
100 97
100 64
100 143
100 15
100 5
100 138
100 93
100 184
100 10
100 38
100 224
100 218
100 183
100 199
100 127
100 19
100 137
100 841
100 115
100 136
100 278
100 61
100 144
100 41
100 200
100 222
100 4
100 514
100 282
100 13
100 91
100 133
100 84
100 866
100 497
100 117
100 28
100 52
100 40
100 131
100 282
100 29
100 121
100 4
100 75
100 110
100 117
100 49
100 440
100 2
100 238
100 18
100 42
100 70
100 222
100 121
100 900
100 496
100 323
100 114
100 188
100 349
100 514
100 248
100 241
100 203
100 203
100 0
100 498
100 76
100 928
100 180
100 489
100 27
100 22
100 412
100 44
100 111
100 75
100 204
100 29
100 100
100 1
100 297
100 7
100 250
100 102
100 82
100 209
100 46
100 279
100 278
100 115
100 8
100 280
100 49
100 106
100 31
100 374
100 79
100 113
100 31
100 171
100 11
100 833
100 22
100 178
100 93
100 55
100 491
100 242
100 65
100 3
100 70
100 177
100 226
100 56
100 503
100 528
100 23
100 192
100 80
100 205
100 115
100 35
100 39
100 26
100 135
100 59
100 296
100 242
100 91
100 374
100 19
100 10
100 116
100 535
100 83
100 410
100 67
100 312
100 91
100 328
100 187
100 267
100 32
100 389
100 131
100 30
100 120
100 183
100 62
100 99
100 62
100 385
100 38
100 406
100 132
100 98
100 69
100 563
100 131
100 164
100 142
100 15
100 145
100 241
100 73
100 333
100 585
100 433
100 51
100 63
100 234
100 114
100 93
100 103
100 446
100 88
100 6
100 295
100 1219
100 291
100 182
100 167
100 191
100 309
100 348
100 287
100 291
100 433
100 373
100 64
100 14
100 68
100 24
100 431
100 139
100 74
100 54
100 82
100 9
100 788
100 166
100 492
100 157
100 68
100 43
100 18
100 17
100 12
100 103
100 58
100 104
100 478
100 216
100 276
100 198
100 270
100 13
100 51
100 492
100 37
100 175
100 124
100 49
100 875
100 145
100 63
100 221
100 5
100 94
100 562
100 101
100 371
100 170
100 293
100 198
100 564
100 2
100 215
100 245
100 66
100 144
100 606
100 7
100 470
100 360
100 123
100 490
100 108
100 453
100 38
100 45
100 367
100 1230
100 236
100 300
100 620
100 209
100 101
100 91
100 834
100 97
100 134
100 141
100 88
100 19
100 554
100 93
100 138
100 115
100 467
100 6
100 50
100 107
100 50
100 933
100 9
100 511
100 370
100 21
100 111
100 450
100 154
100 106
100 81
100 247
100 58
100 358
100 249
100 135
100 336
100 727
100 272
100 252
100 502
100 101
100 78
100 122
100 156
100 852
100 245
100 54
100 451
100 155
100 140
100 109
100 232
100 6
100 139
100 387
100 20
100 367
100 315
100 136
100 45
100 15
100 12
100 101
100 64
100 172
100 173
100 97
100 92
100 54
100 70
100 460
100 80
100 498
100 181
100 361
100 66
100 558
100 19
100 9
100 175
100 135
100 133
100 178
100 70
100 102
100 262
100 107
100 123
100 7
100 35
100 145
100 41
100 122
100 105
100 270
100 535
100 5
100 178
100 160
100 186
100 65
100 129
100 110
100 331
100 440
100 71
100 165
100 44
100 177
100 560
100 91
100 127
100 81
100 26
100 27
100 250
100 966
100 33
100 31
100 209
100 156
100 218
100 496
100 180
100 87
100 488
100 124
100 103
100 28
100 421
100 54
100 5
100 5
100 450
100 555
100 416
100 446
100 212
100 537
100 430
100 49
100 916
100 30
100 487
100 470
100 58
100 72
100 150
100 2
100 218
100 542
100 257
100 276
100 111
100 466
100 83
100 446
100 1152
100 160
100 211
100 27
100 245
100 198
100 529
100 9
100 119
100 130
100 122
100 115
100 102
100 176
100 28
100 91
100 272
100 700
100 156
100 171
100 74
100 374
100 275
100 169
100 18
100 96
100 33
100 148
100 199
100 517
100 1351
100 40
100 234
100 112
100 217
100 199
100 136
100 215
100 31
100 303
100 45
100 217
100 406
100 239
100 156
100 109
100 371
100 95
100 60
100 111
100 163
100 348
100 107
100 308
100 223
100 217
100 701
100 33
100 112
100 468
100 183
100 303
100 153
100 50
100 386
100 357
100 51
100 162
100 52
100 201
100 458
100 280
100 47
100 84
100 173
100 195
100 195
100 35
100 299
100 204
100 523
100 104
100 87
100 32
100 244
100 51
100 37
100 661
100 218
100 576
100 72
100 156
100 73
100 179
100 362
100 108
100 9
100 304
100 84
100 41
100 184
100 236
100 61
100 134
100 53
100 192
100 150
100 159
100 255
100 54
100 474
100 32
100 313
100 101
100 74
100 39
100 448
100 1105
100 174
100 215
100 169
100 157
100 182
100 536
100 912
100 401
100 355
100 235
100 290
100 209
100 236
100 14
100 236
100 127
100 131
100 759
100 71
100 58
100 6
100 540
100 109
100 335
100 167
100 246
100 116
100 87
100 11
100 275
100 244
100 24
100 93
100 151
100 81
100 331
100 206
100 181
100 609
100 389
100 102
100 28
100 15
100 42
100 163
100 119
100 291
100 278
100 730
100 62
100 15
100 0
100 239
100 19
100 195
100 42
100 89
100 58
100 785
100 236
100 97
100 540
100 30
100 189
100 363
100 146
100 288
100 9
100 44
100 539
100 363
100 25
100 0
100 203
100 242
100 109
100 252
100 1042
100 211
100 81
100 20
100 230
100 21
100 63
100 7
100 162
100 52
100 385
100 155
100 140
100 176
100 7
100 102
100 76
100 210
100 131
100 11
100 114
100 309
100 233
100 14
100 209
100 74
100 135
100 0
100 110
100 249
100 19
100 346
100 47
100 290
100 133
100 443
100 387
100 437
100 55
100 111
100 300
100 97
100 169
100 129
100 65
100 45
100 56
100 127
100 440
100 13
100 92
100 990
100 251
100 208
100 205
100 159
100 667
100 90
100 5
100 58
100 128
100 165
100 144
100 142
100 216
100 275
100 78
100 92
100 172
100 52
100 275
100 366
100 179
100 132
100 182
100 16
100 122
100 196
100 32
100 122
100 592
100 81
100 68
100 371
100 316
100 17
100 223
100 32
100 104
100 59
100 126
100 8
100 297
100 62
100 1
100 612
100 136
100 177
100 196
100 77
100 13
100 15
100 167
100 102
100 71
100 448
100 484
100 246
100 300
100 118
100 208
100 516
100 99
100 325
100 192
100 24
100 27
100 452
100 19
100 299
100 320
100 172
100 573
100 804
100 225
100 61
100 90
100 357
100 49
100 145
100 74
100 125
100 220
100 65
100 107
100 513
100 382
100 80
100 520
100 619
100 377
100 201
100 32
100 33
100 125
100 25
100 355
100 202
100 8
100 82
100 19
100 91
100 134
100 37
100 273
100 383
100 402
100 375
100 144
100 470
100 0
100 131
100 539
100 328
100 571
100 35
100 137
100 385
100 914
100 84
100 302
100 11
100 199
100 1
100 527
100 135
100 8
100 128
100 80
100 134
100 609
100 2
100 113
100 101
100 41
100 155
100 411
100 75
100 1
100 126
100 192
100 287
100 129
100 501
100 190
100 150
100 487
100 769
100 198
100 82
100 54
100 65
100 151
100 112
100 99
100 23
100 200
100 10
100 430
100 754
100 9
100 110
100 230
100 0
100 27
100 54
100 116
100 269
100 45
100 119
100 200
100 22
100 5
100 115
100 35
100 371
100 10
100 110
100 239
100 3
100 208
100 313
100 1075
100 299
100 190
100 156
100 5
100 244
100 85
100 186
100 650
100 298
100 226
100 38
100 30
100 32
100 434
100 34
100 235
100 30
100 110
100 125
100 113
100 24
100 175
100 119
100 40
100 0
100 38
100 4
100 1
100 436
100 92
100 354
100 542
100 48
100 111
100 169
100 58
100 39
100 5
100 94
100 122
100 502
100 586
100 59
100 671
100 801
100 64
100 312
100 103
100 340
100 54
100 134
100 232
100 260
100 625
100 286
100 519
100 255
100 589
100 360
100 34
100 379
100 31
100 180
100 15
100 211
100 73
100 7
100 411
100 94
100 34
100 89
100 414
100 73
100 282
100 43
100 146
100 212
100 115
100 28
100 128
100 110
100 356
100 45
100 76
100 40
100 77
100 321
100 863
100 27
100 62
100 144
100 496
100 669
100 50
100 263
100 67
100 646
100 4
100 394
100 62
100 20
100 68
100 280
100 426
100 312
100 121
100 328
100 2
100 245
100 614
100 73
100 41
100 443
100 0
100 100
100 36
100 687
100 279
100 51
100 178
100 121
100 299
100 86
100 149
100 201
100 83
100 578
100 8
100 163
100 226
100 27
100 164
100 272
100 91
100 331
100 80
100 136
100 12
100 7
100 46
100 65
100 63
100 265
100 66
100 50
100 253
100 621
100 33
100 24
100 58
100 88
100 68
100 29
100 115
100 56
100 326
100 123
100 306
100 47
100 172
100 50
100 36
100 286
100 245
100 180
100 282
100 95
100 63
100 71
100 426
100 233
100 297
100 72
100 206
100 11
100 5
100 255
100 71
100 9
100 106
100 69
100 48
100 38
100 78
100 601
100 476
100 137
100 224
100 54
100 108
100 237
100 479
100 469
100 76
100 409
100 0
100 107
100 151
100 48
100 257
100 144
100 211
100 293
100 105
100 0
100 380
100 138
100 367
100 962
100 7
100 124
100 279
100 100
100 82
100 181
100 71
100 102
100 89
100 466
100 251
100 411
100 506
100 594
100 124
100 77
100 85
100 122
100 212
100 91
100 776
100 191
100 40
100 337
100 227
100 62
100 63
100 391
100 133
100 49
100 92
100 361
100 252
100 592
100 321
100 27
100 106
100 49
100 164
100 341
100 122
100 186
100 370
100 710
100 973
100 79
100 515
100 61
100 153
100 13
100 96
100 167
100 270
100 194
100 123
100 221
100 399
100 108
100 145
100 119
100 159
100 55
100 465
100 15
100 404
100 143
100 496
100 241
100 91
100 289
100 414
100 23
100 1
100 219
100 409
100 127
100 25
100 136
100 110
100 76
100 293
100 227
100 8
100 47
100 8
100 174
100 511
100 25
100 8
100 228
100 308
100 9
100 338
100 211
100 2
100 60
100 422
100 353
100 203
100 2
100 175
100 197
100 179
100 0
100 78
100 93
100 161
100 13
100 413
100 223
100 125
100 1608
100 584
100 514
100 212
100 55
100 157
100 76
100 606
100 613
100 23
100 2
100 47
100 547
100 228
100 899
100 116
100 210
100 346
100 188
100 145
100 56
100 348
100 160
100 181
100 598
100 304
100 1203
100 280
100 513
100 306
100 280
100 141
100 267
100 367
100 483
100 560
100 52
100 83
100 184
100 13
100 719
100 394
100 525
100 632
100 223
100 337
100 37
100 114
100 23
100 170
100 662
100 334
100 672
100 165
100 24
100 300
100 392
100 202
100 97
100 370
100 91
100 46
100 1
100 10
100 152
100 305
100 10
100 297
100 15
100 322
100 78
100 296
100 331
100 56
100 7
100 425
100 441
100 56
100 91
100 227
100 15
100 353
100 62
100 80
100 1031
100 5
100 60
100 126
100 159
100 175
100 48
100 52
100 244
100 37
100 27
100 481
100 76
100 347
100 284
100 153
100 80
100 67
100 2
100 71
100 560
100 190
100 102
100 226
100 195
100 307
100 412
100 362
100 49
100 125
100 110
100 467
100 26
100 712
100 56
100 157
100 615
100 261
100 100
100 25
100 301
100 358
100 127
100 13
100 171
100 402
100 258
100 43
100 63
100 22
100 12
100 109
100 111
100 180
100 95
100 35
100 39
100 608
100 86
100 38
100 60
100 119
100 812
100 45
100 69
100 399
100 90
100 265
100 262
100 193
100 86
100 61
100 378
100 30
100 323
100 103
100 449
100 400
100 95
100 15
100 543
100 106
100 208
100 406
100 83
100 66
100 242
100 555
100 266
100 393
100 4
100 8
100 211
100 96
100 26
100 61
100 182
100 511
100 229
100 475
100 29
100 246
100 14
100 25
100 177
100 114
100 7
100 51
100 224
100 90
100 11
100 130
100 2
100 265
100 82
100 473
100 634
100 111
100 390
100 39
100 279
100 16
100 448
100 70
100 194
100 178
100 88
100 82
100 82
100 44
100 371
100 388
100 87
100 233
100 116
100 172
100 28
100 122
100 799
100 348
100 76
100 257
100 38
100 16
100 596
100 657
100 365
100 112
100 67
100 207
100 23
100 98
100 44
100 60
100 263
100 133
100 366
100 9
100 7
100 107
100 152
100 187
100 48
100 96
100 120
100 191
100 578
100 236
100 126
100 104
100 68
100 265
100 83
100 70
100 182
100 257
100 344
100 238
100 384
100 13
100 418
100 39
100 137
100 179
100 235
100 589
100 76
100 22
100 6
100 83
100 521
100 55
100 43
100 319
100 154
100 133
100 874
100 453
100 17
100 1
100 5
100 102
100 95
100 68
100 161
100 127
100 39
100 15
100 731
100 261
100 54
100 216
100 94
100 402
100 115
100 411
100 71
100 43
100 243
100 381
100 330
100 223
100 455
100 1162
100 165
100 235
100 232
100 320
100 135
100 100
100 20
100 244
100 16
100 333
100 112
100 12
100 72
100 72
100 8
100 63
100 512
100 440
100 280
100 57
100 703
100 174
100 605
100 96
100 58
100 273
100 110
100 111
100 8
100 18
100 781
100 12
100 397
100 201
100 391
100 509
100 44
100 105
100 28
100 4
100 28
100 77
100 360
100 431
100 80
100 70
100 201
100 5
100 375
100 15
100 67
100 238
100 52
100 104
100 487
100 88
100 33
100 126
100 102
100 152
100 243
100 389
100 71
100 398
100 247
100 40
100 152
100 328
100 11
100 369
100 134
100 116
100 37
100 504
100 152
100 64
100 5
100 356
100 7
100 721
100 241
100 17
100 505
100 118
100 38
100 80
100 221
100 78
100 1161
100 816
100 134
100 417
100 238
100 65
100 437
100 48
100 166
100 246
100 312
100 236
100 0
100 272
100 263
100 63
100 114
100 35
100 269
100 247
100 643
100 158
100 88
100 384
100 101
100 50
100 22
100 128
100 4
100 49
100 120
100 237
100 405
100 742
100 159
100 36
100 255
100 479
100 67
100 97
100 580
100 173
100 250
100 286
100 59
100 245
100 50
100 24
100 95
100 402
100 425
100 2
100 208
100 99
100 149
100 203
100 37
100 680
100 87
100 8
100 73
100 1
100 481
100 410
100 305
100 155
100 18
100 177
100 777
100 189
100 307
100 76
100 43
100 220
100 24
100 51
100 113
100 10
100 205
100 469
100 135
100 81
100 131
100 637
100 17
100 334
100 65
100 69
100 102
100 210
100 24
100 160
100 202
100 104
100 160
100 161
100 105
100 129
100 54
100 35
100 596
100 54
100 38
100 113
100 221
100 233
100 39
100 481
100 71
100 6
100 45
100 1043
100 91
100 58
100 303
100 674
100 277
100 164
100 59
100 51
100 619
100 84
100 57
100 536
100 66
100 391
100 154
100 248
100 81
100 100
100 165
100 382
100 411
100 191
100 193
100 58
100 68
100 323
100 344
100 16
100 267
100 6
100 194
100 640
100 214
100 199
100 30
100 242
100 327
100 21
100 69
100 140
100 367
100 147
100 156
100 143
100 83
100 124
100 11
100 88
100 226
100 517
100 6
100 126
100 29
100 8
100 15
100 65
100 236
100 54
100 52
100 34
100 157
100 232
100 106
100 61
100 218
100 336
100 270
100 66
100 610
100 497
100 686
100 240
100 54
100 271
100 411
100 194
100 144
100 298
100 679
100 339
100 117
100 342
100 66
100 273
100 79
100 142
100 68
100 13
100 4
100 1017
100 53
100 198
100 214
100 466
100 91
100 204
100 79
100 171
100 55
100 187
100 910
100 310
100 102
100 138
100 186
100 108
100 142
100 7
100 74
100 2
100 218
100 457
100 70
100 29
100 14
100 57
100 269
100 6
100 116
100 14
100 338
100 207
100 537
100 1040
100 143
100 87
100 440
100 39
100 21
100 548
100 242
100 628
100 112
100 521
100 619
100 395
100 36
100 9
100 245
100 421
100 37
100 203
100 290
100 127
100 1
100 79
100 708
100 272
100 0
100 259
100 42
100 126
100 114
100 1056
100 95
100 251
100 130
100 241
100 154
100 264
100 276
100 152
100 142
100 68
100 690
100 403
100 4
100 36
100 49
100 100
100 185
100 282
100 73
100 206
100 34
100 64
100 26
100 513
100 21
100 86
100 125
100 26
100 36
100 145
100 117
100 38
100 144
100 57
100 168
100 10
100 120
100 173
100 400
100 210
100 506
100 86
100 233
100 329
100 112
100 96
100 71
100 48
100 218
100 346
100 35
100 65
100 509
100 250
100 428
100 529
100 154
100 92
100 240
100 398
100 119
100 468
100 183
100 22
100 226
100 135
100 147
100 433
100 475
100 335
100 30
100 109
100 119
100 10
100 156
100 270
100 1280
100 142
100 1120
100 252
100 207
100 139
100 197
100 675
100 107
100 140
100 40
100 82
100 9
100 8
100 12
100 22
100 7
100 383
100 523
100 152
100 513
100 162
100 412
100 19
100 36
100 442
100 61
100 677
100 157
100 414
100 188
100 6
100 166
100 298
100 19
100 5
100 185
100 284
100 25
100 63
100 655
100 45
100 239
100 176
100 188
100 94
100 47
100 34
100 22
100 84
100 45
100 456
100 278
100 88
100 29
100 25
100 325
100 277
100 1136
100 232
100 49
100 211
100 985
100 68
100 98
100 364
100 294
100 119
100 410
100 26
100 216
100 43
100 364
100 297
100 39
100 180
100 277
100 155
100 148
100 176
100 207
100 206
100 36
100 107
100 8
100 278
100 60
100 184
100 217
100 64
100 275
100 136
100 210
100 142
100 188
100 164
100 266
100 213
100 76
100 81
100 29
100 224
100 1
100 217
100 427
100 8
100 535
100 278
100 211
100 3
100 1724
100 88
100 59
100 66
100 28
100 16
100 384
100 538
100 135
100 438
100 84
100 14
100 648
100 77
100 140
100 378
100 618
100 266
100 271
100 20
100 68
100 121
100 148
100 309
100 479
100 530
100 19
100 58
100 150
100 109
100 402
100 278
100 187
100 489
100 335
100 254
100 414
100 108
100 90
100 52
100 529
100 214
100 133
100 91
100 18
100 167
100 263
100 72
100 199
100 83
100 134
100 691
100 4
100 1022
100 24
100 0
100 172
100 106
100 79
100 193
100 938
100 6
100 21
100 155
100 55
100 59
100 346
100 236
100 36
100 14
100 49
100 339
100 59
100 255
100 334
100 26
100 88
100 246
100 213
100 146
100 98
100 157
100 1335
100 399
100 82
100 209
100 79
100 136
100 56
100 70
100 313
100 789
100 87
100 503
100 225
100 40
100 182
100 190
100 440
100 73
100 288
100 576
100 2
100 134
100 601
100 359
100 215
100 880
100 311
100 125
100 3
100 174
100 67
100 138
100 100
100 493
100 711
100 286
100 471
100 100
100 90
100 254
100 252
100 136
100 270
100 196
100 535
100 718
100 75
100 213
100 61
100 387
100 222
100 578
100 96
100 612
100 107
100 103
100 163
100 80
100 51
100 73
100 437
100 207
100 80
100 62
100 97
100 20
100 641
100 875
100 430
100 106
100 106
100 60
100 324
100 421
100 47
100 32
100 88
100 35
100 33
100 210
100 182
100 246
100 270
100 166
100 18
100 63
100 51
100 991
100 197
100 895
100 842
100 313
100 99
100 219
100 206
100 51
100 274
100 271
100 307
100 165
100 73
100 142
100 235
100 189
100 78
100 120
100 95
100 138
100 167
100 29
100 175
100 208
100 146
100 105
100 27
100 301
100 424
100 1127
100 227
100 18
100 143
100 89
100 164
100 345
100 9
100 90
100 295
100 157
100 180
100 90
100 72
100 82
100 137
100 315
100 24
100 196
100 217
100 48
100 115
100 89
100 165
100 63
100 561
100 480
100 172
100 27
100 125
100 124
100 271
100 42
100 328
100 98
100 30
100 124
100 6
100 297
100 392
100 288
100 114
100 79
100 297
100 212
100 47
100 190
100 77
100 160
100 254
100 563
100 644
100 275
100 317
100 318
100 278
100 164
100 688
100 1225
100 14
100 588
100 20
100 4
100 338
100 467
100 143
100 132
100 1103
100 65
100 264
100 43
100 275
100 216
100 5
100 1
100 167
100 222
100 122
100 337
100 24
100 518
100 79
100 296
100 7
100 48
100 140
100 546
100 4
100 74
100 24
100 31
100 203
100 22
100 218
100 161
100 208
100 7
100 57
100 68
100 116
100 30
100 125
100 285
100 35
100 129
100 382
100 329
100 131
100 653
100 19
100 232
100 275
100 678
100 262
100 54
100 189
100 1231
100 63
100 28
100 141
100 204
100 93
100 354
100 289
100 378
100 132
100 96
100 283
100 16
100 103
100 91
100 95
100 70
100 46
100 239
100 241
100 242
100 39
100 90
100 249
100 62
100 300
100 138
100 78
100 64
100 157
100 166
100 95
100 690
100 45
100 18
100 24
100 140
100 307
100 205
100 98
100 112
100 307
100 69
100 633
100 2
100 52
100 60
100 1142
100 88
100 74
100 745
100 80
100 86
100 369
100 132
100 443
100 590
100 119
100 187
100 94
100 18
100 179
100 418
100 88
100 408
100 28
100 578
100 201
100 184
100 240
100 714
100 907
100 10
100 404
100 76
100 513
100 717
100 442
100 140
100 19
100 23
100 60
100 323
100 249
100 193
100 92
100 573
100 12
100 90
100 331
100 133
100 35
100 170
100 111
100 408
100 217
100 151
100 73
100 55
100 155
100 187
100 371
100 4
100 512
100 261
100 228
100 1019
100 160
100 193
100 14
100 355
100 188
100 5
100 206
100 161
100 522
100 264
100 62
100 480
100 117
100 81
100 155
100 338
100 221
100 51
100 299
100 79
100 596
100 212
100 471
100 210
100 483
100 250
100 498
100 61
100 382
100 127
100 157
100 279
100 131
100 211
100 106
100 202
100 45
100 70
100 162
100 136
100 117
100 502
100 1
100 138
100 178
100 268
100 178
100 86
100 108
100 55
100 328
100 6
100 838
100 252
100 198
100 13
100 124
100 25
100 80
100 64
100 322
100 169
100 19
100 224
100 211
100 57
100 83
100 193
100 280
100 750
100 220
100 312
100 328
100 97
100 37
100 55
100 66
100 12
100 285
100 592
100 277
100 388
100 58
100 124
100 67
100 486
100 29
100 406
100 99
100 254
100 128
100 334
100 128
100 25
100 116
100 1101
100 23
100 1
100 60
100 57
100 606
100 66
100 93
100 704
100 188
100 181
100 424
100 174
100 125
100 1001
100 236
100 237
100 151
100 354
100 802
100 44
100 45
100 63
100 164
100 153
100 21
100 30
100 467
100 7
100 110
100 38
100 370
100 10
100 665
100 46
100 252
100 453
100 425
100 67
100 337
100 72
100 68
100 431
100 26
100 70
100 86
100 55
100 91
100 90
100 282
100 48
100 359
100 52
100 370
100 100
100 512
100 247
100 109
100 99
100 163
100 12
100 233
100 196
100 9
100 358
100 251
100 294
100 715
100 501
100 73
100 194
100 111
100 124
100 179
100 57
100 164
100 5
100 187
100 85
100 192
100 685
100 6
100 14
100 585
100 338
100 124
100 295
100 48
100 1
100 26
100 194
100 36
100 488
100 31
100 5
100 59
100 520
100 256
100 102
100 104
100 68
100 82
100 171
100 116
100 225
100 450
100 234
100 149
100 83
100 62
100 944
100 269
100 60
100 187
100 544
100 196
100 92
100 221
100 473
100 26
100 32
100 138
100 212
100 456
100 56
100 109
100 139
100 441
100 127
100 83
100 258
100 13
100 167
100 13
100 183
100 393
100 322
100 164
100 14
100 169
100 82
100 6
100 237
100 76
100 23
100 196
100 154
100 23
100 110
100 70
100 38
100 731
100 109
100 196
100 83
100 113
100 426
100 339
100 236
100 86
100 492
100 609
100 146
100 15
100 151
100 593
100 154
100 14
100 39
100 324
100 359
100 148
100 68
100 113
100 31
100 250
100 316
100 221
100 95
100 429
100 46
100 39
100 61
100 518
100 308
100 23
100 188
100 124
100 219
100 184
100 181
100 355
100 111
100 362
100 428
100 321
100 471
100 379
100 110
100 385
100 261
100 682
100 24
100 326
100 39
100 100
100 6
100 470
100 3
100 150
100 77
100 280
100 80
100 151
100 67
100 633
100 513
100 60
100 174
100 784
100 370
100 123
100 268
100 154
100 126
100 118
100 5
100 670
100 578
100 299
100 435
100 531
100 225
100 210
100 102
100 39
100 138
100 231
100 203
100 5
100 41
100 89
100 94
100 225
100 145
100 583
100 133
100 55
100 36
100 85
100 279
100 82
100 127
100 100
100 151
100 106
100 138
100 214
100 90
100 134
100 116
100 1
100 36
100 212
100 441
100 559
100 41
100 486
100 143
100 223
100 43
100 834
100 86
100 33
100 256
100 168
100 1
100 6
100 175
100 46
100 114
100 575
100 105
100 79
100 12
100 495
100 689
100 34
100 1
100 70
100 72
100 152
100 960
100 433
100 139
100 67
100 115
100 315
100 372
100 1202
100 59
100 47
100 165
100 4
100 20
100 503
100 63
100 28
100 334
100 116
100 18
100 82
100 434
100 918
100 59
100 87
100 625
100 75
100 1
100 432
100 35
100 170
100 7
100 235
100 135
100 43
100 18
100 13
100 57
100 102
100 249
100 29
100 361
100 221
100 22
100 412
100 126
100 123
100 344
100 311
100 40
100 26
100 275
100 240
100 229
100 300
100 91
100 65
100 349
100 601
100 51
100 6
100 286
100 731
100 121
100 31
100 235
100 183
100 266
100 315
100 21
100 15
100 23
100 357
100 448
100 154
100 56
100 184
100 307
100 50
100 296
100 332
100 816
100 277
100 21
100 98
100 123
100 666
100 103
100 470
100 59
100 32
100 53
100 207
100 346
100 236
100 260
100 13
100 3
100 3
100 234
100 334
100 9
100 296
100 117
100 434
100 42
100 828
100 439
100 10
100 196
100 55
100 330
100 73
100 0
100 171
100 359
100 171
100 211
100 192
100 752
100 79
100 240
100 170
100 422
100 14
100 247
100 270
100 34
100 105
100 197
100 133
100 79
100 63
100 247
100 128
100 87
100 13
100 59
100 301
100 4
100 221
100 250
100 43
100 47
100 259
100 125
100 127
100 94
100 335
100 143
100 170
100 423
100 352
100 49
100 17
100 413
100 83
100 14
100 30
100 80
100 61
100 17
100 415
100 79
100 127
100 378
100 523
100 245
100 29
100 8
100 598
100 40
100 183
100 639
100 40
100 489
100 107
100 153
100 586
100 302
100 25
100 238
100 75
100 193
100 102
100 26
100 24
100 55
100 132
100 292
100 129
100 41
100 93
100 301
100 70
100 46
100 81
100 159
100 23
100 425
100 20
100 176
100 72
100 156
100 119
100 354
100 34
100 173
100 48
100 183
100 412
100 30
100 181
100 87
100 33
100 155
100 440
100 13
100 123
100 365
100 120
100 279
100 35
100 71
100 91
100 67
100 228
100 260
100 61
100 296
100 273
100 237
100 447
100 100
100 122
100 34
100 116
100 239
100 346
100 8
100 13
100 217
100 71
100 186
100 208
100 719
100 77
100 121
100 22
100 639
100 14
100 459
100 21
100 34
100 103
100 167
100 375
100 60
100 97
100 677
100 343
100 656
100 14
100 86
100 24
100 557
100 76
100 264
100 63
100 263
100 112
100 263
100 939
100 649
100 29
100 491
100 72
100 225
100 73
100 508
100 156
100 126
100 38
100 15
100 388
100 136
100 126
100 225
100 67
100 325
100 106
100 8
100 226
100 462
100 344
100 741
100 389
100 238
100 79
100 57
100 14
100 14
100 1
100 71
100 411
100 281
100 375
100 191
100 55
100 18
100 191
100 2
100 15
100 72
100 76
100 294
100 28
100 157
100 69
100 162
100 215
100 473
100 52
100 26
100 671
100 98
100 98
100 211
100 520
100 369
100 229
100 208
100 263
100 200
100 111
100 120
100 407
100 34
100 12
100 47
100 165
100 42
100 642
100 82
100 177
100 245
100 197
100 33
100 9
100 42
100 18
100 305
100 18
100 13
100 5
100 210
100 9
100 41
100 27
100 54
100 370
100 193
100 518
100 563
100 173
100 212
100 355
100 656
100 183
100 311
100 337
100 168
100 76
100 44
100 315
100 540
100 678
100 68
100 52
100 126
100 612
100 134
100 15
100 405
100 378
100 28
100 323
100 356
100 201
100 376
100 35
100 60
100 199
100 164
100 169
100 102
100 1
100 552
100 374
100 8
100 530
100 8
100 6
100 462
100 66
100 7
100 38
100 157
100 87
100 9
100 546
100 1117
100 102
100 519
100 7
100 188
100 282
100 461
100 190
100 498
100 127
100 94
100 12
100 130
100 132
100 211
100 63
100 168
100 76
100 154
100 181
100 78
100 70
100 213
100 447
100 182
100 37
100 383
100 99
100 301
100 277
100 107
100 107
100 156
100 117
100 186
100 326
100 204
100 47
100 146
100 49
100 357
100 174
100 288
100 11
100 164
100 4
100 92
100 124
100 13
100 61
100 345
100 21
100 199
100 141
100 61
100 180
100 29
100 44
100 194
100 90
100 200
100 180
100 45
100 30
100 70
100 22
100 152
100 63
100 276
100 44
100 513
100 249
100 97
100 14
100 89
100 73
100 442
100 83
100 147
100 183
100 71
100 464
100 374
100 708
100 192
100 50
100 229
100 174
100 301
100 63
100 600
100 944
100 220
100 170
100 65
100 302
100 406
100 210
100 457
100 870
100 628
100 123
100 176
100 40
100 7
100 498
100 80
100 310
100 36
100 128
100 16
100 76
100 4
100 568
100 75
100 258
100 161
100 104
100 4
100 701
100 1059
100 205
100 79
100 1
100 284
100 163
100 151
100 202
100 217
100 7
100 47
100 756
100 596
100 93
100 54
100 43
100 174
100 62
100 29
100 35
100 48
100 25
100 21
100 221
100 58
100 314
100 545
100 87
100 262
100 202
100 14
100 14
100 133
100 123
100 78
100 101
100 196
100 78
100 397
100 214
100 109
100 289
100 20
100 263
100 20
100 4
100 168
100 158
100 4
100 73
100 220
100 286
100 516
100 74
100 125
100 795
100 72
100 308
100 53
100 220
100 221
100 200
100 292
100 49
100 192
100 206
100 28
100 156
100 821
100 23
100 19
100 610
100 47
100 355
100 267
100 88
100 39
100 134
100 241
100 151
100 179
100 177
100 367
100 233
100 385
100 102
100 20
100 139
100 127
100 441
100 82
100 248
100 383
100 35
100 138
100 124
100 263
100 64
100 12
100 568
100 19
100 13
100 75
100 387
100 78
100 114
100 440
100 13
100 161
100 89
100 33
100 108
100 108
100 229
100 416
100 431
100 82
100 49
100 31
100 96
100 54
100 69
100 499
100 49
100 954
100 7
100 152
100 37
100 580
100 458
100 198
100 289
100 200
100 99
100 47
100 356
100 23
100 34
100 10
100 217
100 239
100 116
100 243
100 219
100 46
100 3
100 441
100 105
100 24
100 308
100 50
100 119
100 501
100 162
100 828
100 108
100 227
100 75
100 8
100 152
100 29
100 151
100 64
100 112
100 433
100 125
100 70
100 61
100 191
100 23
100 405
100 316
100 3
100 1
100 367
100 453
100 433
100 102
100 22
100 261
100 133
100 61
100 130
100 540
100 55
100 196
100 24
100 110
100 66
100 174
100 38
100 231
100 128
100 175
100 341
100 48
100 132
100 19
100 202
100 218
100 63
100 30
100 283
100 217
100 69
100 65
100 142
100 160
100 266
100 87
100 473
100 126
100 330
100 12
100 100
100 831
100 609
100 192
100 72
100 314
100 347
100 597
100 462
100 694
100 173
100 149
100 173
100 28
100 128
100 166
100 446
100 683
100 317
100 530
100 120
100 907
100 53
100 449
100 27
100 144
100 69
100 312
100 119
100 18
100 230
100 549
100 295
100 529
100 47
100 187
100 264
100 151
100 229
100 7
100 718
100 243
100 12
100 87
100 403
100 641
100 36
100 77
100 25
100 396
100 62
100 26
100 854
100 549
100 53
100 137
100 98
100 14
100 103
100 39
100 765
100 167
100 257
100 98
100 160
100 341
100 199
100 119
100 137
100 541
100 124
100 667
100 198
100 420
100 454
100 350
100 13
100 24
100 35
100 17
100 104
100 20
100 38
100 476
100 427
100 35
100 392
100 174
100 51
100 750
100 226
100 271
100 116
100 245
100 58
100 103
100 34
100 766
100 694
100 79
100 385
100 28
100 74
100 43
100 44
100 218
100 317
100 75
100 94
100 15
100 70
100 44
100 210
100 553
100 203
100 275
100 46
100 1
100 311
100 154
100 67
100 191
100 171
100 42
100 438
100 124
100 406
100 9
100 10
100 116
100 372
100 78
100 670
100 149
100 613
100 259
100 320
100 224
100 28
100 198
100 8
100 88
100 344
100 452
100 150
100 860
100 63
100 135
100 466
100 286
100 14
100 77
100 246
100 82
100 588
100 458
100 131
100 671
100 453
100 0
100 41
100 728
100 52
100 178
100 166
100 452
100 87
100 372
100 68
100 146
100 75
100 474
100 295
100 539
100 256
100 224
100 0
100 75
100 24
100 85
100 230
100 9
100 213
100 16
100 363
100 234
100 21
100 69
100 232
100 12
100 217
100 11
100 36
100 736
100 86
100 291
100 278
100 184
100 61
100 29
100 373
100 48
100 177
100 469
100 345
100 22
100 317
100 14
100 155
100 68
100 422
100 107
100 25
100 13
100 50
100 34
100 323
100 208
100 179
100 0
100 98
100 63
100 45
100 145
100 144
100 117
100 54
100 57
100 126
100 89
100 72
100 129
100 7
100 812
100 119
100 278
100 276
100 72
100 364
100 47
100 465
100 157
100 440
100 112
100 246
100 37
100 41
100 678
100 88
100 267
100 480
100 46
100 479
100 147
100 886
100 256
100 41
100 107
100 101
100 643
100 212
100 118
100 235
100 111
100 100
100 114
100 72
100 336
100 494
100 31
100 95
100 316
100 299
100 174
100 667
100 305
100 68
100 23
100 46
100 4
100 44
100 313
100 21
100 250
100 189
100 178
100 102
100 114
100 104
100 132
100 210
100 69
100 351
100 437
100 113
100 71
100 364
100 388
100 347
100 280
100 125
100 509
100 89
100 328
100 818
100 16
100 63
100 154
100 272
100 15
100 53
100 216
100 509
100 136
100 132
100 44
100 193
100 243
100 35
100 51
100 722
100 70
100 334
100 28
100 14
100 30
100 27
100 120
100 320
100 63
100 9
100 170
100 85
100 13
100 190
100 87
100 487
100 82
100 151
100 168
100 39
100 794
100 127
100 5
100 135
100 766
100 1022
100 174
100 59
100 43
100 198
100 420
100 463
100 147
100 91
100 216
100 58
100 834
100 58
100 87
100 325
100 167
100 326
100 130
100 85
100 246
100 245
100 16
100 147
100 171
100 97
100 56
100 33
100 609
100 268
100 69
100 102
100 83
100 180
100 231
100 854
100 168
100 63
100 440
100 50
100 156
100 44
100 71
100 13
100 550
100 593
100 298
100 182
100 5
100 415
100 26
100 169
100 152
100 314
100 2
100 142
100 96
100 342
100 200
100 231
100 20
100 113
100 174
100 82
100 196
100 272
100 418
100 252
100 245
100 175
100 136
100 105
100 187
100 78
100 34
100 6
100 88
100 65
100 307
100 45
100 128
100 181
100 222
100 433
100 5
100 161
100 130
100 295
100 99
100 4
100 64
100 236
100 239
100 30
100 94
100 89
100 346
100 464
100 412
100 628
100 405
100 42
100 1
100 87
100 282
100 184
100 181
100 713
100 241
100 3
100 498
100 143
100 58
100 277
100 138
100 118
100 563
100 182
100 146
100 54
100 57
100 149
100 66
100 20
100 270
100 491
100 604
100 62
100 13
100 445
100 178
100 550
100 842
100 351
100 170
100 449
100 81
100 193
100 107
100 275
100 161
100 82
100 105
100 104
100 2
100 25
100 24
100 182
100 1
100 1159
100 55
100 6
100 14
100 485
100 20
100 409
100 135
100 139
100 938
100 513
100 571
100 152
100 210
100 110
100 159
100 213
100 6
100 254
100 41
100 864
100 971
100 542
100 81
100 202
100 601
100 91
100 27
100 381
100 240
100 50
100 149
100 351
100 356
100 161
100 75
100 292
100 469
100 1
100 974
100 100
100 611
100 438
100 68
100 128
100 120
100 287
100 19
100 5
100 86
100 154
100 413
100 196
100 129
100 146
100 2
100 271
100 104
100 428
100 63
100 301
100 7
100 738
100 58
100 414
100 130
100 136
100 142
100 82
100 113
100 52
100 435
100 79
100 270
100 244
100 236
100 4
100 146
100 48
100 141
100 430
100 679
100 751
100 40
100 135
100 40
100 363
100 220
100 384
100 70
100 45
100 39
100 4
100 91
100 327
100 294
100 263
100 104
100 153
100 98
100 5
100 753
100 227
100 462
100 64
100 109
100 230
100 66
100 32
100 321
100 417
100 20
100 215
100 95
100 4
100 316
100 405
100 500
100 99
100 272
100 215
100 234
100 535
100 133
100 1324
100 593
100 233
100 14
100 307
100 23
100 82
100 134
100 249
100 360
100 78
100 9
100 405
100 295
100 199
100 86
100 136
100 40
100 151
100 249
100 47
100 181
100 244
100 248
100 226
100 73
100 173
100 8
100 49
100 15
100 342
100 388
100 340
100 167
100 88
100 261
100 677
100 5
100 30
100 65
100 148
100 33
100 143
100 722
100 153
100 337
100 20
100 186
100 33
100 63
100 31
100 75
100 9
100 120
100 147
100 42
100 2
100 78
100 174
100 9
100 340
100 139
100 2
100 149
100 16
100 189
100 210
100 8
100 119
100 624
100 835
100 6
100 696
100 47
100 393
100 87
100 179
100 91
100 351
100 369
100 411
100 717
100 357
100 138
100 149
100 454
100 10
100 66
100 162
100 157
100 311
100 73
100 105
100 128
100 283
100 13
100 313
100 336
100 246
100 105
100 262
100 4
100 3
100 62
100 757
100 94
100 14
100 412
100 125
100 89
100 128
100 9
100 357
100 14
100 63
100 33
100 76
100 694
100 52
100 1170
100 122
100 253
100 25
100 291
100 571
100 37
100 243
100 155
100 251
100 263
100 104
100 44
100 518
100 37
100 331
100 227
100 189
100 717
100 105
100 90
100 984
100 34
100 134
100 3
100 412
100 445
100 21
100 167
100 307
100 166
100 280
100 5
100 126
100 669
100 121
100 46
100 162
100 248
100 189
100 567
100 208
100 193
100 526
100 14
100 547
100 184
100 693
100 342
100 377
100 361
100 21
100 9
100 244
100 132
100 37
100 330
100 0
100 122
100 294
100 238
100 29
100 405
100 230
100 302
100 18
100 60
100 14
100 0
100 82
100 129
100 113
100 76
100 241
100 51
100 19
100 475
100 130
100 0
100 134
100 261
100 342
100 201
100 389
100 639
100 281
100 877
100 235
100 133
100 33
100 54
100 183
100 502
100 30
100 49
100 143
100 98
100 157
100 38
100 16
100 413
100 114
100 236
100 47
100 271
100 50
100 97
100 52
100 566
100 269
100 2
100 38
100 14
100 215
100 308
100 1047
100 88
100 170
100 135
100 196
100 24
100 10
100 250
100 204
100 375
100 70
100 370
100 14
100 286
100 92
100 47
100 4
100 1
100 114
100 155
100 64
100 384
100 571
100 99
100 281
100 18
100 300
100 20
100 66
100 32
100 17
100 182
100 31
100 48
100 354
100 450
100 275
100 91
100 233
100 46
100 177
100 86
100 109
100 283
100 23
100 216
100 385
100 896
100 104
100 3
100 88
100 150
100 297
100 85
100 62
100 225
100 9
100 59
100 144
100 303
100 409
100 33
100 414
100 75
100 244
100 139
100 238
100 139
100 19
100 91
100 268
100 71
100 100
100 59
100 60
100 31
100 41
100 455
100 112
100 351
100 9
100 810
100 120
100 518
100 63
100 214
100 31
100 353
100 248
100 703
100 412
100 769
100 97
100 240
100 303
100 39
100 550
100 230
100 175
100 538
100 40
100 714
100 246
100 423
100 47
100 97
100 172
100 293
100 224
100 311
100 9
100 90
100 255
100 592
100 104
100 244
100 675
100 35
100 495
100 36
100 94
100 26
100 474
100 37
100 464
100 162
100 687
100 119
100 21
100 103
100 414
100 36
100 237
100 59
100 197
100 159
100 200
100 130
100 747
100 32
100 8
100 110
100 15
100 385
100 40
100 600
100 829
100 908
100 808
100 16
100 388
100 34
100 208
100 244
100 167
100 519
100 421
100 97
100 459
100 86
100 91
100 28
100 1434
100 247
100 279
100 1
100 88
100 300
100 80
100 128
100 43
100 58
100 417
100 84
100 295
100 234
100 81
100 793
100 253
100 9
100 75
100 179
100 150
100 175
100 638
100 33
100 281
100 668
100 21
100 61
100 405
100 241
100 177
100 6
100 167
100 57
100 397
100 164
100 300
100 124
100 95
100 59
100 130
100 543
100 228
100 127
100 669
100 100
100 159
100 76
100 84
100 110
100 123
100 25
100 191
100 118
100 298
100 689
100 26
100 4
100 332
100 1
100 480
100 103
100 348
100 407
100 254
100 103
100 131
100 496
100 736
100 60
100 55
100 4
100 155
100 117
100 69
100 180
100 229
100 410
100 131
100 60
100 126
100 287
100 563
100 2
100 77
100 532
100 464
100 133
100 47
100 433
100 20
100 26
100 89
100 247
100 91
100 6
100 233
100 188
100 141
100 30
100 181
100 709
100 234
100 97
100 49
100 219
100 91
100 77
100 211
100 70
100 161
100 77
100 101
100 272
100 0
100 104
100 21
100 401
100 978
100 1287
100 338
100 53
100 117
100 236
100 218
100 29
100 87
100 46
100 43
100 43
100 20
100 202
100 52
100 63
100 369
100 1
100 158
100 143
100 571
100 41
100 8
100 387
100 72
100 120
100 80
100 98
100 187
100 66
100 10
100 173
100 453
100 155
100 364
100 136
100 22
100 119
100 79
100 11
100 206
100 141
100 66
100 512
100 354
100 81
100 56
100 13
100 1003
100 154
100 740
100 21
100 246
100 590
100 825
100 272
100 55
100 37
100 286
100 42
100 349
100 76
100 11
100 26
100 43
100 5
100 89
100 131
100 484
100 451
100 141
100 417
100 43
100 121
100 166
100 30
100 87
100 108
100 846
100 259
100 1
100 435
100 400
100 247
100 942
100 144
100 434
100 132
100 125
100 32
100 46
100 177
100 24
100 19
100 202
100 245
100 35
100 112
100 123
100 31
100 87
100 156
100 395
100 21
100 291
100 712
100 482
100 292
100 212
100 437
100 221
100 3
100 236
100 127
100 7
100 331
100 288
100 67
100 236
100 90
100 1
100 432
100 282
100 202
100 329
100 156
100 601
100 102
100 127
100 0
100 425
100 96
100 246
100 114
100 538
100 46
100 589
100 6
100 293
100 182
100 6
100 163
100 57
100 35
100 268
100 40
100 385
100 94
100 3
100 376
100 66
100 120
100 362
100 215
100 1
100 389
100 2
100 63
100 129
100 3
100 180
100 22
100 63
100 235
100 29
100 18
100 115
100 412
100 29
100 0
100 214
100 174
100 43
100 20
100 342
100 353
100 0
100 342
100 237
100 47
100 73
100 9
100 251
100 11
100 365
100 170
100 481
100 52
100 253
100 539
100 136
100 471
100 98
100 168
100 695
100 187
100 131
100 75
100 80
100 65
100 1198
100 3
100 310
100 423
100 240
100 162
100 526
100 41
100 73
100 37
100 131
100 779
100 92
100 489
100 78
100 12
100 94
100 694
100 758
100 1
100 330
100 25
100 26
100 169
100 208
100 32
100 196
100 117
100 87
100 146
100 340
100 19
100 103
100 383
100 63
100 797
100 108
100 182
100 22
100 62
100 596
100 302
100 247
100 100
100 82
100 488
100 290
100 68
100 230
100 462
100 220
100 354
100 236
100 63
100 146
100 277
100 977
100 319
100 690
100 45
100 299
100 169
100 152
100 79
100 251
100 174
100 141
100 322
100 575
100 691
100 26
100 52
100 21
100 142
100 255
100 28
100 95
100 237
100 130
100 240
100 109
100 91
100 138
100 601
100 159
100 75
100 94
100 281
100 148
100 606
100 0
100 25
100 298
100 58
100 71
100 224
100 22
100 26
100 204
100 112
100 502
100 45
100 190
100 533
100 64
100 46
100 474
100 209
100 3
100 51
100 165
100 86
100 582
100 321
100 31
100 97
100 100
100 180
100 424
100 432
100 5
100 164
100 299
100 61
100 868
100 12
100 171
100 105
100 44
100 147
100 293
100 8
100 100
100 160
100 305
100 157
100 1
100 103
100 212
100 56
100 535
100 249
100 69
100 264
100 119
100 119
100 66
100 202
100 0
100 67
100 262
100 12
100 168
100 0
100 7
100 58
100 179
100 173
100 265
100 86
100 54
100 139
100 158
100 199
100 248
100 232
100 54
100 70
100 744
100 48
100 64
100 36
100 329
100 217
100 54
100 11
100 138
100 186
100 478
100 162
100 215
100 118
100 247
100 118
100 414
100 190
100 14
100 10
100 67
100 182
100 12
100 4
100 289
100 550
100 322
100 71
100 63
100 13
100 50
100 790
100 120
100 125
100 36
100 28
100 782
100 257
100 163
100 468
100 83
100 79
100 386
100 47
100 122
100 187
100 625
100 88
100 538
100 158
100 342
100 66
100 101
100 510
100 87
100 177
100 331
100 397
100 128
100 328
100 11
100 55
100 10
100 24
100 59
100 95
100 196
100 62
100 30
100 239
100 244
100 11
100 171
100 408
100 461
100 168
100 97
100 149
100 353
100 157
100 5
100 273
100 328
100 24
100 203
100 28
100 289
100 8
100 344
100 202
100 252
100 297
100 3
100 195
100 32
100 66
100 50
100 282
100 15
100 16
100 373
100 342
100 186
100 259
100 424
100 216
100 194
100 269
100 294
100 607
100 163
100 188
100 85
100 16
100 170
100 302
100 20
100 14
100 145
100 52
100 95
100 91
100 742
100 636
100 67
100 107
100 179
100 244
100 207
100 533
100 193
100 111
100 590
100 520
100 405
100 13
100 38
100 287
100 182
100 220
100 55
100 270
100 93
100 288
100 434
100 927
100 46
100 7
100 1855
100 47
100 71
100 92
100 316
100 101
100 2
100 270
100 209
100 1431
100 673
100 107
100 129
100 42
100 354
100 88
100 275
100 33
100 107
100 413
100 359
100 775
100 208
100 4
100 17
100 328
100 48
100 174
100 187
100 160
100 318
100 155
100 124
100 108
100 807
100 39
100 276
100 51
100 42
100 438
100 344
100 54
100 30
100 506
100 625
100 336
100 287
100 618
100 1
100 42
100 951
100 474
100 13
100 327
100 27
100 199
100 206
100 216
100 487
100 465
100 39
100 225
100 74
100 287
100 120
100 212
100 155
100 46
100 224
100 523
100 149
100 411
100 106
100 283
100 258
100 485
100 317
100 243
100 100
100 148
100 69
100 492
100 80
100 55
100 947
100 894
100 26
100 118
100 120
100 338
100 30
100 64
100 217
100 266
100 54
100 101
100 48
100 49
100 117
100 207
100 83
100 107
100 740
100 149
100 81
100 145
100 194
100 199
100 174
100 103
100 438
100 367
100 352
100 112
100 146
100 25
100 418
100 84
100 15
100 167
100 23
100 114
100 133
100 91
100 9
100 466
100 368
100 64
100 33
100 197
100 27
100 66
100 164
100 243
100 18
100 46
100 66
100 80
100 159
100 158
100 95
100 50
100 143
100 191
100 383
100 641
100 20
100 49
100 88
100 61
100 280
100 189
100 28
100 235
100 666
100 776
100 109
100 370
100 133
100 153
100 172
100 48
100 495
100 153
100 65
100 474
100 63
100 355
100 48
100 122
100 21
100 95
100 373
100 259
100 143
100 35
100 95
100 177
100 1
100 549
100 12
100 89
100 279
100 17
100 169
100 21
100 88
100 272
100 35
100 77
100 107
100 181
100 85
100 24
100 272
100 54
100 54
100 451
100 83
100 349
100 4
100 139
100 274
100 294
100 353
100 42
100 333
100 193
100 422
100 71
100 180
100 437
100 116
100 373
100 39
100 109
100 575
100 41
100 443
100 32
100 544
100 10
100 184
100 71
100 315
100 268
100 254
100 79
100 218
100 270
100 154
100 90
100 412
100 276
100 205
100 181
100 21
100 448
100 77
100 42
100 182
100 620
100 214
100 70
100 244
100 6
100 414
100 338
100 40
100 31
100 618
100 299
100 189
100 634
100 78
100 262
100 40
100 91
100 86
100 146
100 154
100 243
100 3
100 356
100 158
100 109
100 41
100 288
100 88
100 34
100 10
100 43
100 863
100 45
100 72
100 149
100 859
100 43
100 166
100 202
100 359
100 265
100 73
100 126
100 69
100 31
100 23
100 4
100 348
100 1007
100 635
100 189
100 246
100 49
100 322
100 295
100 349
100 210
100 68
100 103
100 45
100 91
100 113
100 181
100 83
100 211
100 627
100 21
100 4
100 195
100 283
100 140
100 33
100 186
100 114
100 124
100 365
100 100
100 657
100 49
100 114
100 33
100 139
100 48
100 66
100 30
100 54
100 176
100 56
100 60
100 294
100 195
100 21
100 191
100 412
100 239
100 120
100 203
100 205
100 52
100 112
100 7
100 221
100 32
100 234
100 471
100 33
100 204
100 431
100 231
100 422
100 187
100 642
100 243
100 472
100 133
100 215
100 491
100 15
100 132
100 314
100 188
100 360
100 263
100 335
100 495
100 54
100 284
100 100
100 50
100 182
100 136
100 2
100 120
100 647
100 80
100 134
100 306
100 161
100 37
100 75
100 242
100 214
100 288
100 2
100 44
100 385
100 87
100 26
100 11
100 47
100 110
100 109
100 313
100 660
100 233
100 82
100 392
100 56
100 291
100 382
100 277
100 323
100 111
100 509
100 4
100 776
100 130
100 18
100 9
100 519
100 26
100 166
100 407
100 749
100 139
100 88
100 1585
100 74
100 83
100 119
100 407
100 34
100 179
100 95
100 28
100 86
100 164
100 53
100 0
100 610
100 66
100 151
100 327
100 205
100 33
100 34
100 155
100 47
100 52
100 281
100 48
100 9
100 683
100 234
100 361
100 313
100 93
100 125
100 114
100 448
100 312
100 489
100 67
100 46
100 339
100 443
100 74
100 193
100 149
100 27
100 14
100 295
