100 35
100 96
100 136
100 61
100 303
100 107
100 13
100 90
100 134
100 37
100 0
100 319
100 46
100 38
100 426
100 732
100 53
100 69
100 3
100 97
100 162
100 27
100 494
100 31
100 147
100 261
100 272
100 147
100 320
100 185
100 296
100 371
100 31
100 84
100 23
100 80
100 77
100 60
100 160
100 242
100 42
100 125
100 222
100 271
100 135
100 55
100 2
100 121
100 303
100 52
100 94
100 103
100 301
100 357
100 28
100 241
100 81
100 23
100 243
100 195
100 82
100 82
100 4
100 22
100 310
100 744
100 6
100 17
100 97
100 319
100 199
100 200
100 360
100 172
100 478
100 122
100 104
100 100
100 59
100 19
100 30
100 189
100 82
100 429
100 193
100 157
100 221
100 23
100 61
100 30
100 37
100 274
100 433
100 41
100 142
100 83
100 186
100 57
100 99
100 14
100 4
100 156
100 65
100 81
100 309
100 4
100 119
100 150
100 123
100 205
100 164
100 71
100 92
100 7
100 35
100 251
100 262
100 3
100 53
100 124
100 307
100 391
100 10
100 154
100 424
100 6
100 59
100 133
100 139
100 25
100 88
100 33
100 862
100 256
100 21
100 52
100 6
100 46
100 146
100 145
100 83
100 0
100 12
100 114
100 26
100 127
100 137
100 92
100 227
100 123
100 76
100 20
100 134
100 90
100 12
100 146
100 37
100 37
100 8
100 10
100 26
100 3
100 205
100 258
100 129
100 46
100 156
100 17
100 220
100 99
100 23
100 363
100 131
100 50
100 80
100 9
100 294
100 136
100 240
100 59
100 123
100 172
100 144
100 29
100 461
100 28
100 44
100 415
100 102
100 54
100 168
100 425
100 512
100 9
100 236
100 93
100 82
100 61
100 455
100 61
100 269
100 93
100 233
100 104
100 949
100 567
100 134
100 302
100 261
100 31
100 262
100 95
100 34
100 300
100 152
100 27
100 365
100 413
100 291
100 173
100 379
100 499
100 113
100 460
100 44
100 86
100 109
100 260
100 137
100 39
100 54
100 2
100 241
100 147
100 79
100 208
100 323
100 401
100 66
100 184
100 45
100 191
100 20
100 172
100 78
100 131
100 9
100 102
100 22
100 35
100 136
100 434
100 246
100 74
100 359
100 84
100 208
100 125
100 136
100 120
100 99
100 42
100 95
100 40
100 35
100 237
100 60
100 9
100 31
100 444
100 82
100 581
100 199
100 109
100 633
100 77
100 103
100 150
100 24
100 21
100 168
100 138
100 66
100 100
100 13
100 253
100 260
100 176
100 84
100 284
100 83
100 63
100 39
100 99
100 182
100 9
100 53
100 753
100 48
100 115
100 137
100 197
100 153
100 18
100 118
100 76
100 81
100 70
100 193
100 705
100 13
100 163
100 60
100 199
100 138
100 190
100 92
100 261
100 0
100 290
100 9
100 5
100 83
100 257
100 215
100 165
100 15
100 470
100 49
100 25
100 126
100 47
100 33
100 330
100 684
100 320
100 52
100 7
100 162
100 96
100 424
100 68
100 22
100 314
100 120
100 319
100 63
100 35
100 34
100 16
100 93
100 422
100 49
100 3
100 617
100 96
100 31
100 9
100 144
100 264
100 269
100 8
100 171
100 66
100 173
100 160
100 167
100 22
100 653
100 30
100 247
100 91
100 368
100 161
100 205
100 101
100 5
100 508
100 56
100 211
100 102
100 163
100 27
100 29
100 214
100 80
100 163
100 346
100 98
100 315
100 411
100 135
100 157
100 175
100 259
100 110
100 374
100 216
100 41
100 89
100 95
100 92
100 460
100 14
100 77
100 72
100 53
100 250
100 323
100 550
100 240
100 147
100 159
100 216
100 104
100 55
100 112
100 76
100 24
100 88
100 62
100 449
100 442
100 380
100 193
100 114
100 123
100 308
100 235
100 2
100 18
100 169
100 31
100 72
100 33
100 219
100 395
100 241
100 19
100 250
100 99
100 282
100 66
100 59
100 111
100 361
100 150
100 160
100 138
100 141
100 126
100 3
100 76
100 155
100 133
100 91
100 345
100 645
100 166
100 12
100 492
100 377
100 184
100 51
100 178
100 74
100 10
100 1
100 85
100 25
100 157
100 461
100 194
100 573
100 37
100 404
100 153
100 48
100 128
100 112
100 88
100 25
100 394
100 49
100 57
100 104
100 14
100 49
100 89
100 72
100 39
100 151
100 333
100 55
100 357
100 287
100 77
100 129
100 38
100 413
100 28
100 137
100 90
100 264
100 11
100 32
100 192
100 856
100 30
100 53
100 142
100 48
100 4
100 0
100 27
100 36
100 317
100 98
100 1
100 424
100 54
100 43
100 280
100 29
100 183
100 173
100 41
100 148
100 301
100 164
100 309
100 91
100 23
100 254
100 41
100 80
100 100
100 13
100 146
100 190
100 450
100 215
100 384
100 24
100 19
100 78
100 71
100 417
100 4
100 8
100 66
100 268
100 188
100 91
100 23
100 18
100 151
100 116
100 227
100 121
100 237
100 36
100 16
100 249
100 310
100 342
100 49
100 241
100 471
100 160
100 38
100 293
100 111
100 89
100 534
100 358
100 174
100 158
100 191
100 117
100 60
100 39
100 4
100 13
100 196
100 130
100 385
100 6
100 59
100 97
100 140
100 96
100 45
100 40
100 87
100 117
100 53
100 68
100 55
100 96
100 33
100 441
100 295
100 14
100 165
100 139
100 312
100 358
100 464
100 543
100 65
100 71
100 350
100 337
100 66
100 298
100 18
100 9
100 442
100 36
100 142
100 46
100 0
100 21
100 105
100 68
100 150
100 62
100 37
100 506
100 42
100 19
100 52
100 21
100 176
100 129
100 113
100 451
100 38
100 19
100 55
100 15
100 120
100 24
100 1
100 576
100 131
100 415
100 103
100 108
100 73
100 520
100 2
100 32
100 28
100 407
100 62
100 56
100 243
100 185
100 128
100 55
100 472
100 596
100 286
100 96
100 15
100 276
100 78
100 184
100 316
100 73
100 40
100 32
100 32
100 11
100 80
100 573
100 224
100 63
100 151
100 336
100 192
100 124
100 160
100 97
100 412
100 22
100 205
100 165
100 235
100 181
100 223
100 441
100 135
100 75
100 43
100 92
100 33
100 594
100 15
100 11
100 163
100 248
100 130
100 101
100 138
100 29
100 12
100 105
100 9
100 240
100 19
100 127
100 81
100 9
100 210
100 45
100 85
100 76
100 120
100 152
100 52
100 556
100 196
100 481
100 26
100 116
100 456
100 37
100 128
100 38
100 3
100 47
100 76
100 45
100 269
100 42
100 3
100 375
100 244
100 72
100 243
100 77
100 187
100 156
100 131
100 61
100 32
100 72
100 598
100 136
100 201
100 17
100 19
100 130
100 49
100 39
100 174
100 91
100 2
100 32
100 137
100 59
100 315
100 234
100 537
100 197
100 443
100 48
100 504
100 98
100 411
100 669
100 238
100 182
100 167
100 228
100 92
100 96
100 5
100 98
100 153
100 285
100 747
100 130
100 128
100 8
100 92
100 260
100 269
100 73
100 6
100 48
100 31
100 39
100 143
100 439
100 86
100 29
100 18
100 419
100 70
100 88
100 199
100 15
100 177
100 5
100 12
100 40
100 28
100 0
100 296
100 209
100 29
100 22
100 48
100 19
100 240
100 19
100 33
100 160
100 41
100 302
100 136
100 545
100 114
100 340
100 33
100 29
100 196
100 206
100 56
100 77
100 70
100 144
100 49
100 64
100 225
100 81
100 76
100 235
100 358
100 127
100 71
100 181
100 37
100 249
100 403
100 469
100 205
100 204
100 618
100 106
100 251
100 37
100 284
100 3
100 529
100 16
100 462
100 10
100 169
100 278
100 483
100 85
100 29
100 11
100 257
100 132
100 106
100 127
100 105
100 27
100 372
100 9
100 219
100 161
100 163
100 70
100 189
100 407
100 131
100 10
100 154
100 128
100 54
100 178
100 160
100 431
100 397
100 190
100 239
100 14
100 108
100 12
100 0
100 27
100 36
100 44
100 68
100 301
100 76
100 31
100 414
100 95
100 81
100 70
100 39
100 2
100 133
100 59
100 433
100 304
100 335
100 6
100 208
100 93
100 16
100 324
100 125
100 13
100 29
100 24
100 142
100 31
100 45
100 347
100 241
100 24
100 74
100 487
100 130
100 211
100 422
100 94
100 308
100 39
100 50
100 156
100 115
100 1005
100 69
100 97
100 662
100 49
100 420
100 149
100 6
100 79
100 116
100 316
100 56
100 13
100 198
100 14
100 168
100 119
100 26
100 269
100 1
100 136
100 380
100 23
100 299
100 2
100 132
100 31
100 85
100 239
100 3
100 340
100 138
100 47
100 215
100 16
100 7
100 156
100 50
100 129
100 73
100 74
100 24
100 200
100 38
100 24
100 660
100 141
100 148
100 118
100 124
100 101
100 121
100 174
100 18
100 310
100 83
100 262
100 127
100 264
100 213
100 84
100 83
100 432
100 14
100 431
100 411
100 369
100 45
100 202
100 32
100 44
100 33
100 186
100 271
100 143
100 35
100 110
100 138
100 121
100 127
100 33
100 138
100 23
100 295
100 44
100 63
100 23
100 241
100 76
100 171
100 97
100 266
100 41
100 130
100 119
100 177
100 82
100 141
100 180
100 451
100 613
100 3
100 291
100 79
100 17
100 220
100 156
100 251
100 169
100 19
100 53
100 152
100 85
100 83
100 25
100 100
100 63
100 24
100 61
100 274
100 21
100 180
100 127
100 183
100 58
100 409
100 189
100 109
100 93
100 37
100 70
100 47
100 27
100 441
100 349
100 310
100 76
100 133
100 59
100 158
100 15
100 32
100 181
100 438
100 28
100 13
100 149
100 84
100 41
100 372
100 185
100 143
100 101
100 38
100 619
100 61
100 39
100 133
100 8
100 61
100 428
100 1
100 222
100 122
100 60
100 262
100 54
100 65
100 26
100 611
100 296
100 199
100 161
100 178
100 311
100 49
100 170
100 111
100 128
100 122
100 25
100 326
100 20
100 6
100 15
100 423
100 68
100 388
100 31
100 144
100 3
100 247
100 349
100 162
100 134
100 30
100 37
100 272
100 26
100 63
100 194
100 111
100 379
100 38
100 426
100 34
100 102
100 28
100 1
100 148
100 89
100 5
100 57
100 45
100 66
100 81
100 487
100 40
100 401
100 199
100 563
100 149
100 29
100 56
100 13
100 135
100 57
100 37
100 131
100 370
100 281
100 644
100 66
100 80
100 29
100 28
100 277
100 27
100 18
100 444
100 4
100 522
100 13
100 31
100 98
100 68
100 3
100 490
100 60
100 87
100 49
100 48
100 3
100 9
100 254
100 434
100 14
100 137
100 544
100 245
100 216
100 33
100 83
100 322
100 32
100 88
100 21
100 38
100 235
100 91
100 235
100 191
100 443
100 225
100 133
100 147
100 11
100 28
100 49
100 13
100 117
100 24
100 17
100 516
100 188
100 40
100 680
100 94
100 411
100 7
100 436
100 22
100 163
100 75
100 51
100 4
100 108
100 14
100 160
100 145
100 365
100 7
100 254
100 219
100 91
100 108
100 53
100 50
100 87
100 123
100 260
100 47
100 443
100 389
100 347
100 72
100 323
100 153
100 18
100 523
100 44
100 268
100 64
100 97
100 64
100 19
100 459
100 96
100 38
100 12
100 305
100 64
100 118
100 59
100 103
100 501
100 17
100 8
100 200
100 15
100 14
100 311
100 264
100 27
100 19
100 241
100 69
100 66
100 0
100 189
100 253
100 78
100 51
100 240
100 16
100 85
100 96
100 82
100 270
100 37
100 79
100 27
100 27
100 95
100 210
100 34
100 93
100 172
100 158
100 169
100 160
100 81
100 184
100 75
100 522
100 1
100 378
100 94
100 94
100 218
100 774
100 205
100 45
100 196
100 51
100 91
100 133
100 84
100 567
100 473
100 58
100 140
100 210
100 20
100 25
100 25
100 204
100 280
100 61
100 178
100 77
100 389
100 46
100 39
100 20
100 121
100 139
100 10
100 142
100 29
100 63
100 158
100 248
100 878
100 462
100 957
100 105
100 53
100 30
100 200
100 148
100 328
100 66
100 375
100 15
100 50
100 23
100 702
100 198
100 35
100 45
100 51
100 88
100 129
100 57
100 304
100 119
100 248
100 286
100 115
100 124
100 245
100 6
100 115
100 56
100 367
100 6
100 40
100 134
100 63
100 117
100 64
100 43
100 195
100 474
100 65
100 20
100 208
100 181
100 122
100 57
100 94
100 166
100 390
100 63
100 210
100 131
100 332
100 56
100 48
100 213
100 65
100 225
100 111
100 120
100 207
100 113
100 99
100 226
100 48
100 343
100 201
100 565
100 135
100 81
100 52
100 553
100 97
100 79
100 17
100 118
100 147
100 68
100 386
100 158
100 171
100 90
100 321
100 18
100 79
100 239
100 263
100 385
100 367
100 31
100 225
100 346
100 119
100 226
100 70
100 385
100 464
100 58
100 46
100 195
100 22
100 553
100 55
100 177
100 58
100 18
100 193
100 415
100 85
100 113
100 273
100 41
100 69
100 146
100 49
100 43
100 139
100 23
100 38
100 156
100 113
100 48
100 26
100 128
100 221
100 362
100 171
100 221
100 195
100 66
100 162
100 18
100 351
100 96
100 20
100 6
100 77
100 25
100 245
100 9
100 65
100 7
100 192
100 104
100 316
100 71
100 118
100 39
100 221
100 339
100 76
100 43
100 55
100 216
100 206
100 22
100 76
100 110
100 2
100 11
100 374
100 84
100 71
100 83
100 789
100 273
100 94
100 73
100 118
100 138
100 224
100 159
100 9
100 467
100 10
100 83
100 121
100 238
100 143
100 443
100 654
100 41
100 80
100 284
100 326
100 28
100 99
100 40
100 72
100 157
100 77
100 314
100 638
100 54
100 156
100 400
100 400
100 167
100 82
100 80
100 36
100 156
100 373
100 68
100 123
100 52
100 191
100 57
100 260
100 410
100 101
100 51
100 46
100 70
100 186
100 337
100 42
100 430
100 741
100 42
100 154
100 2
100 171
100 121
100 45
100 53
100 10
100 332
100 19
100 432
100 78
100 111
100 175
100 433
100 204
100 82
100 21
100 282
100 113
100 241
100 113
100 21
100 312
100 175
100 84
100 13
100 88
100 106
100 155
100 48
100 179
100 62
100 225
100 115
100 34
100 180
100 116
100 278
100 28
100 172
100 48
100 124
100 346
100 55
100 115
100 219
100 36
100 307
100 122
100 272
100 137
100 40
100 187
100 181
100 117
100 317
100 26
100 135
100 566
100 110
100 247
100 42
100 15
100 73
100 236
100 42
100 236
100 24
100 187
100 177
100 47
100 238
100 26
100 146
100 129
100 421
100 39
100 1002
100 73
100 12
100 185
100 416
100 195
100 602
100 18
100 113
100 191
100 203
100 134
100 109
100 187
100 187
100 201
100 87
100 335
100 40
100 134
100 113
100 220
100 12
100 324
100 174
100 28
100 93
100 309
100 46
100 257
100 141
100 551
100 763
100 51
100 642
100 138
100 79
100 492
100 193
100 44
100 204
100 36
100 82
100 165
100 66
100 94
100 246
100 61
100 217
100 56
100 335
100 116
100 89
100 37
100 72
100 148
100 266
100 420
100 3
100 106
100 6
100 75
100 28
100 57
100 88
100 8
100 141
100 293
100 254
100 1
100 239
100 99
100 539
100 47
100 166
100 111
100 88
100 426
100 165
100 231
100 121
100 430
100 314
100 45
100 125
100 807
100 15
100 437
100 107
100 203
100 140
100 12
100 12
100 16
100 25
100 177
100 61
100 237
100 343
100 22
100 80
100 412
100 638
100 41
100 134
100 707
100 34
100 81
100 266
100 26
100 349
100 176
100 161
100 5
100 75
100 84
100 76
100 340
100 219
100 249
100 14
100 39
100 1
100 330
100 38
100 126
100 5
100 10
100 163
100 8
100 42
100 7
100 29
100 447
100 48
100 11
100 18
100 1
100 330
100 42
100 281
100 194
100 51
100 263
100 50
100 152
100 45
100 181
100 165
100 79
100 49
100 142
100 123
100 221
100 81
100 87
100 24
100 393
100 12
100 134
100 475
100 27
100 66
100 112
100 38
100 173
100 38
100 74
100 37
100 150
100 54
100 16
100 19
100 223
100 590
100 134
100 329
100 37
100 79
100 404
100 140
100 298
100 503
100 276
100 425
100 223
100 56
100 2
100 321
100 81
100 225
100 547
100 260
100 41
100 178
100 79
100 111
100 32
100 133
100 5
100 173
100 82
100 6
100 22
100 62
100 214
100 314
100 192
100 166
100 116
100 760
100 479
100 422
100 50
100 61
100 28
100 77
100 20
100 375
100 28
100 369
100 148
100 34
100 287
100 268
100 50
100 64
100 155
100 263
100 40
100 231
100 24
100 167
100 153
100 7
100 280
100 163
100 135
100 132
100 54
100 273
100 203
100 526
100 161
100 241
100 32
100 95
100 40
100 165
100 42
100 228
100 49
100 33
100 73
100 167
100 310
100 315
100 48
100 19
100 29
100 76
100 6
100 2
100 377
100 221
100 51
100 221
100 122
100 433
100 9
100 46
100 98
100 186
100 250
100 61
100 8
100 543
100 166
100 42
100 89
100 182
100 428
100 10
100 174
100 242
100 290
100 25
100 37
100 92
100 644
100 59
100 33
100 424
100 463
100 137
100 38
100 146
100 198
100 389
100 38
100 32
100 37
100 266
100 148
100 59
100 418
100 125
100 583
100 212
100 198
100 142
100 62
100 188
100 51
100 106
100 159
100 20
100 435
100 32
100 212
100 211
100 4
100 211
100 400
100 659
100 396
100 152
100 12
100 154
100 799
100 383
100 54
100 35
100 32
100 42
100 52
100 385
100 237
100 325
100 233
100 179
100 418
100 172
100 165
100 346
100 288
100 227
100 155
100 83
100 70
100 119
100 7
100 163
100 227
100 406
100 396
100 174
100 111
100 93
100 38
100 78
100 569
100 263
100 25
100 93
100 848
100 107
100 21
100 66
100 475
100 353
100 47
100 62
100 256
100 174
100 93
100 115
100 113
100 360
100 31
100 6
100 53
100 561
100 213
100 304
100 212
100 9
100 79
100 297
100 88
100 3
100 13
100 64
100 146
100 131
100 402
100 235
100 8
100 320
100 64
100 157
100 135
100 19
100 60
100 86
100 627
100 87
100 122
100 93
100 15
100 136
100 227
100 5
100 269
100 375
100 287
100 118
100 117
100 342
100 550
100 49
100 119
100 49
100 1
100 157
100 144
100 249
100 376
100 27
100 62
100 127
100 100
100 33
100 551
100 30
100 4
100 275
100 61
100 52
100 2
100 93
100 331
100 589
100 78
100 2
100 29
100 331
100 33
100 58
100 207
100 9
100 139
100 266
100 2
100 81
100 94
100 34
100 343
100 191
100 21
100 173
100 253
100 2
100 211
100 322
100 123
100 8
100 0
100 355
100 59
100 54
100 34
100 105
100 54
100 160
100 144
100 97
100 103
100 120
100 161
100 97
100 38
100 181
100 129
100 239
100 162
100 191
100 377
100 180
100 21
100 32
100 66
100 514
100 381
100 46
100 126
100 266
100 24
100 51
100 267
100 106
100 15
100 200
100 350
100 639
100 354
100 105
100 58
100 63
100 126
100 47
100 3
100 15
100 11
100 19
100 323
100 593
100 103
100 58
100 231
100 68
100 103
100 33
100 282
100 216
100 206
100 52
100 35
100 157
100 62
100 85
100 87
100 99
100 160
100 17
100 24
100 20
100 264
100 143
100 13
100 268
100 446
100 8
100 397
100 49
100 184
100 409
100 185
100 28
100 314
100 5
100 163
100 72
100 7
100 264
100 51
100 962
100 288
100 32
100 478
100 128
100 24
100 9
100 76
100 146
100 53
100 397
100 168
100 102
100 91
100 60
100 222
100 213
100 69
100 208
100 83
100 24
100 11
100 342
100 126
100 379
100 11
100 165
100 188
100 159
100 103
100 126
100 423
100 43
100 130
100 426
100 210
100 223
100 638
100 308
100 126
100 68
100 80
100 38
100 3
100 40
100 167
100 291
100 12
100 220
100 5
100 19
100 15
100 193
100 561
100 34
100 94
100 273
100 127
100 293
100 183
100 308
100 122
100 127
100 113
100 70
100 317
100 391
100 135
100 116
100 88
100 38
100 82
100 34
100 99
100 144
100 344
100 434
100 90
100 164
100 192
100 119
100 107
100 90
100 134
100 514
100 342
100 160
100 223
100 15
100 48
100 40
100 625
100 257
100 39
100 13
100 121
100 52
100 243
100 285
100 234
100 9
100 89
100 295
100 223
100 161
100 156
100 21
100 16
100 41
100 577
100 101
100 25
100 11
100 17
100 41
100 432
100 187
100 24
100 50
100 90
100 276
100 509
100 119
100 69
100 136
100 23
100 67
100 16
100 30
100 202
100 665
100 84
100 242
100 30
100 62
100 70
100 16
100 38
100 312
100 253
100 109
100 48
100 57
100 116
100 46
100 95
100 91
100 158
100 100
100 86
100 168
100 31
100 198
100 145
100 365
100 119
100 161
100 89
100 118
100 673
100 200
100 154
100 14
100 174
100 108
100 471
100 128
100 207
100 129
100 33
100 433
100 409
100 0
100 298
100 14
100 60
100 626
100 122
100 274
100 264
100 85
100 27
100 3
100 129
100 78
100 312
100 210
100 47
100 51
100 235
100 9
100 23
100 89
100 117
100 10
100 404
100 42
100 449
100 903
100 34
100 228
100 480
100 429
100 14
100 168
100 23
100 5
100 239
100 289
100 83
100 198
100 70
100 33
100 5
100 213
100 111
100 118
100 591
100 99
100 94
100 333
100 90
100 133
100 134
100 9
100 327
100 164
100 79
100 359
100 423
100 186
100 9
100 304
100 33
100 225
100 59
100 5
100 1
100 165
100 24
100 297
100 223
100 89
100 37
100 271
100 22
100 47
100 18
100 89
100 95
100 13
100 20
100 23
100 126
100 54
100 104
100 272
100 153
100 575
100 10
100 126
100 44
100 767
100 152
100 278
100 35
100 271
100 757
100 358
100 243
100 138
100 189
100 127
100 33
100 65
100 52
100 103
100 0
100 68
100 250
100 440
100 43
100 330
100 128
100 84
100 220
100 84
100 14
100 108
100 0
100 202
100 259
100 46
100 96
100 22
100 286
100 50
100 8
100 286
100 360
100 39
100 479
100 144
100 101
100 267
100 427
100 644
100 1
100 14
100 233
100 294
100 64
100 103
100 62
100 400
100 205
100 267
100 123
100 44
100 330
100 67
100 147
100 237
100 594
100 77
100 27
100 22
100 49
100 276
100 121
100 37
100 104
100 85
100 278
100 101
100 278
100 107
100 23
100 29
100 295
100 270
100 17
100 40
100 34
100 52
100 434
100 88
100 232
100 79
100 9
100 510
100 94
100 597
100 370
100 347
100 241
100 145
100 246
100 199
100 35
100 109
100 307
100 66
100 363
100 24
100 54
100 62
100 149
100 76
100 0
100 69
100 34
100 29
100 77
100 13
100 8
100 339
100 29
100 193
100 122
100 26
100 57
100 19
100 151
100 54
100 359
100 787
100 119
100 237
100 44
100 7
100 50
100 348
100 99
100 88
100 266
100 432
100 64
100 22
100 170
100 145
100 81
100 215
100 249
100 4
100 200
100 274
100 30
100 269
100 111
100 100
100 34
100 8
100 88
100 220
100 173
100 666
100 34
100 149
100 32
100 51
100 128
100 169
100 257
100 75
100 28
100 125
100 121
100 136
100 23
100 100
100 45
100 316
100 370
100 16
100 118
100 34
100 24
100 70
100 174
100 3
100 27
100 58
100 73
100 77
100 153
100 102
100 48
100 137
100 92
100 35
100 80
100 176
100 57
100 401
100 112
100 147
100 6
100 199
100 267
100 29
100 181
100 51
100 466
100 127
100 59
100 244
100 122
100 118
100 147
100 32
100 62
100 188
100 118
100 111
100 8
100 7
100 273
100 69
100 20
100 124
100 40
100 349
100 51
100 129
100 71
100 95
100 2
100 183
100 76
100 235
100 88
100 219
100 186
100 254
100 135
100 188
100 249
100 149
100 460
100 150
100 222
100 91
100 22
100 33
100 194
100 67
100 103
100 146
100 11
100 109
100 372
100 19
100 370
100 94
100 9
100 166
100 112
100 552
100 113
100 106
100 101
100 59
100 28
100 57
100 161
100 4
100 703
100 21
100 122
100 582
100 6
100 101
100 683
100 377
100 30
100 327
100 42
100 208
100 37
100 253
100 140
100 197
100 55
100 300
100 94
100 14
100 263
100 612
100 1
100 64
100 149
100 568
100 43
100 122
100 6
100 13
100 134
100 1
100 177
100 35
100 168
100 357
100 104
100 25
100 5
100 87
100 18
100 71
100 60
100 150
100 85
100 232
100 61
100 147
100 504
100 223
100 12
100 50
100 61
100 200
100 341
100 146
100 218
100 385
100 8
100 505
100 63
100 200
100 114
100 101
100 3
100 0
100 1036
100 425
100 18
100 16
100 55
100 34
100 69
100 33
100 19
100 40
100 1
100 260
100 62
100 504
100 108
100 249
100 16
100 120
100 48
100 18
100 33
100 428
100 75
100 290
100 224
100 248
100 92
100 30
100 10
100 21
100 414
100 94
100 48
100 162
100 197
100 212
100 109
100 1223
100 128
100 10
100 240
100 61
100 262
100 49
100 21
100 8
100 277
100 117
100 52
100 102
100 800
100 77
100 26
100 5
100 139
100 114
100 50
100 128
100 92
100 163
100 60
100 27
100 122
100 402
100 195
100 35
100 199
100 42
100 480
100 83
100 118
100 118
100 168
100 196
100 388
100 118
100 219
100 323
100 3
100 149
100 40
100 141
100 57
100 368
100 119
100 174
100 279
100 102
100 178
100 75
100 18
100 104
100 720
100 41
100 33
100 446
100 80
100 18
100 0
100 18
100 36
100 55
100 185
100 35
100 90
100 219
100 115
100 151
100 401
100 91
100 164
100 83
100 25
100 189
100 21
100 66
100 12
100 196
100 133
100 10
100 43
100 245
100 365
100 262
100 82
100 449
100 272
100 292
100 378
100 69
100 107
100 231
100 152
100 43
100 215
100 169
100 160
100 54
100 103
100 10
100 933
100 55
100 451
100 104
100 84
100 307
100 392
100 31
100 69
100 120
100 240
100 54
100 82
100 553
100 123
100 68
100 64
100 109
100 209
100 14
100 92
100 26
100 159
100 45
100 33
100 113
100 34
100 156
100 23
100 42
100 36
100 103
100 144
100 182
100 221
100 54
100 152
100 879
100 1
100 320
100 10
100 48
100 124
100 560
100 41
100 81
100 380
100 305
100 170
100 12
100 50
100 358
100 259
100 376
100 1
100 181
100 142
100 113
100 50
100 378
100 220
100 127
100 236
100 458
100 284
100 308
100 93
100 224
100 304
100 80
100 3
100 167
100 2
100 105
100 132
100 20
100 127
100 234
100 51
100 232
100 134
100 65
100 125
100 0
100 62
100 1
100 12
100 168
100 199
100 101
100 76
100 138
100 1054
100 99
100 68
100 316
100 189
100 378
100 26
100 93
100 6
100 139
100 132
100 18
100 107
100 122
100 295
100 102
100 12
100 4
100 155
100 85
100 296
100 311
100 12
100 349
100 31
100 61
100 38
100 386
100 212
100 105
100 120
100 49
100 29
100 5
100 114
100 19
100 128
100 270
100 46
100 366
100 74
100 276
100 121
100 216
100 277
100 95
100 247
100 163
100 15
100 100
100 112
100 31
100 79
100 6
100 206
100 221
100 276
100 246
100 40
100 194
100 8
100 23
100 100
100 188
100 188
100 426
100 142
100 34
100 420
100 283
100 171
100 352
100 27
100 668
100 27
100 17
100 739
100 212
100 13
100 189
100 0
100 13
100 267
100 166
100 18
100 25
100 14
100 0
100 226
100 98
100 43
100 17
100 10
100 18
100 219
100 49
100 18
100 12
100 62
100 813
100 18
100 58
100 182
100 189
100 8
100 44
100 254
100 470
100 139
100 36
100 399
100 74
100 55
100 280
100 610
100 38
100 791
100 72
100 8
100 7
100 131
100 155
100 420
100 145
100 227
100 492
100 9
100 100
100 281
100 3
100 70
100 46
100 47
100 29
100 103
100 343
100 89
100 39
100 143
100 157
100 467
100 97
100 95
100 75
100 428
100 393
100 71
100 565
100 216
100 95
100 61
100 180
100 498
100 158
100 4
100 9
100 484
100 33
100 375
100 6
100 1
100 180
100 47
100 528
100 67
100 291
100 13
100 18
100 58
100 27
100 105
100 178
100 85
100 318
100 73
100 362
100 126
100 38
100 49
100 469
100 57
100 63
100 43
100 265
100 19
100 117
100 468
100 97
100 168
100 32
100 123
100 5
100 498
100 135
100 11
100 11
100 343
100 34
100 177
100 289
100 144
100 41
100 176
100 27
100 207
100 177
100 59
100 99
100 498
100 67
100 135
100 143
100 67
100 30
100 203
100 480
100 46
100 6
100 151
100 68
100 75
100 207
100 178
100 68
100 5
100 69
100 24
100 264
100 88
100 102
100 186
100 22
100 41
100 101
100 195
100 232
100 158
100 150
100 37
100 245
100 19
100 280
100 180
100 52
100 4
100 39
100 91
100 451
100 78
100 341
100 84
100 101
100 153
100 302
100 148
100 41
100 1
100 296
100 23
100 338
100 0
100 338
100 43
100 56
100 2
100 205
100 312
100 135
100 111
100 159
100 36
100 10
100 58
100 10
100 605
100 124
100 7
100 557
100 63
100 96
100 330
100 612
100 679
100 121
100 348
100 56
100 190
100 31
100 148
100 102
100 119
100 100
100 1
100 303
100 124
100 20
100 351
100 90
100 311
100 157
100 26
100 75
100 168
100 122
100 37
100 222
100 101
100 61
100 1
100 311
100 34
100 81
100 321
100 408
100 107
100 60
100 42
100 231
100 85
100 208
100 36
100 234
100 163
100 303
100 7
100 57
100 35
100 75
100 119
100 7
100 94
100 38
100 210
100 281
100 567
100 95
100 5
100 278
100 2
100 130
100 22
100 286
100 87
100 3
100 460
100 46
100 139
100 257
100 228
100 52
100 15
100 218
100 94
100 240
100 39
100 112
100 114
100 189
100 59
100 150
100 153
100 4
100 15
100 116
100 104
100 39
100 383
100 153
100 181
100 62
100 0
100 34
100 56
100 107
100 345
100 645
100 398
100 299
100 62
100 39
100 132
100 59
100 14
100 140
100 10
100 5
100 103
100 238
100 111
100 147
100 83
100 121
100 71
100 49
100 17
100 260
100 169
100 90
100 35
100 29
100 124
100 169
100 235
100 260
100 55
100 43
100 260
100 151
100 79
100 23
100 308
100 269
100 161
100 84
100 251
100 134
100 26
100 99
100 4
100 38
100 502
100 21
100 51
100 72
100 132
100 147
100 214
100 258
100 137
100 32
100 30
100 111
100 7
100 204
100 208
100 531
100 6
100 23
100 103
100 67
100 1359
100 8
100 11
100 67
100 28
100 56
100 61
100 326
100 549
100 189
100 30
100 30
100 15
100 26
100 243
100 305
100 36
100 161
100 16
100 1
100 224
100 253
100 111
100 195
100 331
100 18
100 154
100 67
100 619
100 21
100 10
100 11
100 51
100 43
100 23
100 102
100 86
100 168
100 126
100 435
100 69
100 105
100 20
100 35
100 445
100 155
100 233
100 386
100 121
100 33
100 237
100 226
100 5
100 342
100 225
100 114
100 166
100 5
100 20
100 111
100 43
100 368
100 322
100 1288
100 495
100 287
100 199
100 9
100 24
100 270
100 145
100 17
100 188
100 74
100 632
100 90
100 182
100 490
100 251
100 319
100 142
100 107
100 16
100 41
100 83
100 3
100 475
100 126
100 5
100 7
100 120
100 168
100 196
100 144
100 110
100 99
100 71
100 167
100 580
100 25
100 108
100 57
100 144
100 779
100 79
100 47
100 231
100 103
100 460
100 278
100 88
100 53
100 28
100 207
100 47
100 55
100 12
100 110
100 151
100 101
100 121
100 190
100 124
100 272
100 261
100 50
100 14
100 274
100 38
100 21
100 92
100 210
100 436
100 176
100 75
100 11
100 103
100 197
100 349
100 124
100 23
100 27
100 121
100 13
100 5
100 1
100 385
100 246
100 184
100 27
100 161
100 14
100 138
100 52
100 114
100 272
100 108
100 484
100 292
100 52
100 41
100 11
100 31
100 121
100 42
100 91
100 30
100 13
100 189
100 90
100 155
100 142
100 52
100 230
100 75
100 691
100 326
100 96
100 54
100 172
100 296
100 241
100 119
100 61
100 90
100 35
100 19
100 103
100 117
100 65
100 3
100 333
100 19
100 43
100 36
100 54
100 96
100 178
100 334
100 36
100 22
100 14
100 212
100 174
100 83
100 550
100 187
100 17
100 131
100 273
100 69
100 0
100 315
100 308
100 240
100 366
100 144
100 115
100 80
100 5
100 199
100 42
100 624
100 4
100 122
100 91
100 8
100 33
100 320
100 549
100 35
100 59
100 1
100 191
100 103
100 61
100 105
100 39
100 50
100 137
100 557
100 176
100 128
100 128
100 65
100 32
100 99
100 6
100 249
100 191
100 285
100 272
100 143
100 348
100 51
100 142
100 215
100 13
100 57
100 35
100 681
100 377
100 173
100 132
100 358
100 50
100 57
100 27
100 1
100 57
100 87
100 233
100 1
100 27
100 154
100 119
100 188
100 229
100 375
100 411
100 337
100 290
100 52
100 205
100 340
100 14
100 20
100 98
100 110
100 452
100 125
100 127
100 8
100 215
100 380
100 3
100 507
100 36
100 17
100 588
100 308
100 4
100 457
100 210
100 33
100 19
100 86
100 53
100 176
100 132
100 203
100 6
100 23
100 288
100 44
100 16
100 90
100 286
100 338
100 23
100 41
100 114
100 129
100 5
100 79
100 93
100 65
100 72
100 257
100 506
100 139
100 114
100 226
100 57
100 77
100 9
100 206
100 97
100 479
100 95
100 282
100 366
100 13
100 176
100 80
100 445
100 92
100 10
100 186
100 4
100 25
100 72
100 233
100 108
100 45
100 237
100 25
100 108
100 64
100 808
100 192
100 46
100 58
100 76
100 98
100 374
100 518
100 148
100 159
100 116
100 260
100 301
100 204
100 15
100 36
100 27
100 141
100 103
100 162
100 79
100 150
100 224
100 83
100 428
100 14
100 325
100 382
100 398
100 136
100 422
100 59
100 91
100 128
100 20
100 89
100 163
100 162
100 62
100 76
100 287
100 174
100 24
100 198
100 203
100 87
100 76
100 20
100 275
100 32
100 59
100 29
100 50
100 17
100 160
100 257
100 0
100 81
100 0
100 107
100 260
100 57
100 60
100 434
100 553
100 3
100 370
100 354
100 98
100 4
100 27
100 41
100 55
100 14
100 71
100 17
100 7
100 2
100 77
100 126
100 56
100 22
100 7
100 42
100 19
100 343
100 40
100 204
100 9
100 389
100 105
100 73
100 79
100 5
100 171
100 240
100 10
100 62
100 60
100 20
100 82
100 80
100 69
100 40
100 123
100 233
100 31
100 88
100 296
100 68
100 70
100 81
100 49
100 251
100 86
100 211
100 201
100 93
100 113
100 235
100 68
100 285
100 153
100 256
100 84
100 78
100 163
100 45
100 30
100 210
100 301
100 124
100 87
100 95
100 613
100 163
100 25
100 174
100 74
100 50
100 16
100 251
100 406
100 21
100 12
100 5
100 72
100 77
100 15
100 273
100 11
100 1040
100 62
100 6
100 58
100 138
100 407
100 709
100 114
100 298
100 38
100 129
100 516
100 24
100 217
100 109
100 96
100 59
100 177
100 116
100 123
100 62
100 53
100 507
100 182
100 19
100 91
100 268
100 169
100 7
100 712
100 19
100 284
100 4
100 237
100 186
100 492
100 80
100 297
100 192
100 147
100 269
100 86
100 246
100 422
100 96
100 13
100 44
100 59
100 162
100 38
100 101
100 26
100 162
100 371
100 2
100 28
100 469
100 65
100 178
100 151
100 376
100 13
100 26
100 570
100 68
100 696
100 206
100 174
100 55
100 217
100 140
100 77
100 16
100 451
100 41
100 350
100 19
100 288
100 258
100 39
100 347
100 68
100 207
100 202
100 95
100 349
100 17
100 211
100 47
100 236
100 335
100 87
100 20
100 152
100 24
100 237
100 88
100 361
100 102
100 91
100 469
100 181
100 246
100 97
100 50
100 5
100 122
100 74
100 124
100 477
100 16
100 35
100 200
100 16
100 8
100 68
100 399
100 72
100 163
100 83
100 361
100 49
100 326
100 362
100 49
100 78
100 704
100 7
100 43
100 140
100 188
100 83
100 337
100 11
100 105
100 23
100 135
100 161
100 172
100 324
100 10
100 124
100 132
100 191
100 67
100 57
100 160
100 79
100 97
100 34
100 257
100 325
100 98
100 482
100 783
100 271
100 71
100 334
100 82
100 29
100 74
100 161
100 67
100 337
100 23
100 42
100 93
100 407
100 25
100 86
100 79
100 116
100 150
100 191
100 108
100 9
100 42
100 193
100 137
100 65
100 50
100 282
100 81
100 119
100 228
100 186
100 5
100 295
100 303
100 34
100 27
100 134
100 219
100 172
100 179
100 12
100 230
100 0
100 165
100 253
100 256
100 15
100 37
100 137
100 38
100 37
100 282
100 69
100 196
100 227
100 175
100 141
100 99
100 198
100 99
100 66
100 226
100 29
100 24
100 118
100 30
100 108
100 176
100 109
100 156
100 196
100 75
100 3
100 159
100 217
100 133
100 81
100 284
100 98
100 325
100 91
100 102
100 99
100 511
100 422
100 182
100 56
100 4
100 554
100 161
100 22
100 56
100 170
100 200
100 356
100 26
100 193
100 398
100 33
100 72
100 21
100 150
100 387
100 50
100 94
100 47
100 290
100 234
100 27
100 18
100 463
100 252
100 65
100 241
100 23
100 341
100 42
100 4
100 34
100 388
100 110
100 77
100 35
100 168
100 91
100 150
100 256
100 123
100 23
100 119
100 17
100 361
100 87
100 130
100 5
100 79
100 41
100 31
100 33
100 10
100 27
100 104
100 26
100 38
100 85
100 35
100 58
100 85
100 123
100 290
100 82
100 225
100 193
100 471
100 99
100 129
100 404
100 91
100 66
100 59
100 14
100 26
100 302
100 193
100 67
100 20
100 369
100 292
100 247
100 140
100 17
100 251
100 402
100 197
100 61
100 15
100 39
100 39
100 61
100 30
100 202
100 284
100 115
100 438
100 126
100 181
100 83
100 150
100 181
100 253
100 72
100 21
100 24
100 60
100 43
100 22
100 46
100 180
100 2
100 0
100 207
100 61
100 7
100 26
100 295
100 254
100 479
100 33
100 230
100 13
100 64
100 8
100 281
100 39
100 464
100 311
100 119
100 85
100 45
100 162
100 107
100 73
100 6
100 435
100 107
100 2
100 161
100 4
100 346
100 245
100 19
100 18
100 25
100 323
100 97
100 76
100 265
100 489
100 106
100 133
100 18
100 71
100 97
100 164
100 67
100 327
100 229
100 176
100 23
100 218
100 140
100 144
100 285
100 159
100 145
100 17
100 175
100 166
100 711
100 142
100 292
100 37
100 0
100 508
100 31
100 163
100 173
100 568
100 34
100 151
100 27
100 27
100 38
100 467
100 427
100 66
100 118
100 128
100 448
100 88
100 26
100 489
100 116
100 217
100 100
100 7
100 15
100 65
100 256
100 600
100 110
100 177
100 13
100 625
100 5
100 6
100 466
100 13
100 45
100 0
100 14
100 716
100 289
100 246
100 323
100 531
100 398
100 447
100 213
100 111
100 286
100 44
100 434
100 126
100 151
100 45
100 132
100 58
100 104
100 277
100 2
100 94
100 702
100 98
100 35
100 457
100 607
100 9
100 111
100 14
100 8
100 354
100 127
100 133
100 8
100 56
100 1081
100 41
100 383
100 60
100 47
100 127
100 645
100 3
100 188
100 168
100 71
100 35
100 59
100 275
100 360
100 265
100 176
100 6
100 87
100 207
100 83
100 56
100 89
100 130
100 383
100 175
100 82
100 8
100 179
100 179
100 143
100 324
100 120
100 292
100 41
100 239
100 33
100 66
100 197
100 403
100 69
100 81
100 86
100 44
100 8
100 469
100 818
100 35
100 337
100 99
100 190
100 9
100 79
100 530
100 127
100 60
100 20
100 120
100 217
100 83
100 262
100 112
100 0
100 192
100 6
100 41
100 118
100 44
100 11
100 165
100 29
100 46
100 36
100 102
100 151
100 384
100 320
100 107
100 121
100 51
100 314
100 211
100 689
100 189
100 35
100 16
100 105
100 67
100 59
100 250
100 168
100 1039
100 157
100 368
100 524
100 407
100 189
100 517
100 519
100 174
100 56
100 81
100 66
100 81
100 168
100 128
100 29
100 139
100 72
100 142
100 6
100 132
100 161
100 105
100 0
100 230
100 132
100 44
100 547
100 236
100 126
100 25
100 28
100 239
100 150
100 51
100 152
100 138
100 136
100 118
100 141
100 58
100 445
100 394
100 86
100 31
100 159
100 27
100 21
100 446
100 320
100 55
100 228
100 200
100 16
100 55
100 10
100 88
100 23
100 114
100 51
100 72
100 59
100 108
100 57
100 332
100 1
100 407
100 129
100 132
100 72
100 203
100 52
100 98
100 753
100 21
100 312
100 89
100 6
100 280
100 24
100 38
100 139
100 102
100 159
100 60
100 242
100 12
100 80
100 57
100 17
100 131
100 40
100 190
100 323
100 130
100 699
100 142
100 215
100 22
100 62
100 341
100 3
100 295
100 55
100 14
100 172
100 381
100 150
100 2
100 214
100 15
100 370
100 224
100 9
100 405
100 229
100 56
100 16
100 45
100 108
100 44
100 354
100 381
100 365
100 815
100 58
100 65
100 103
100 26
100 23
100 148
100 30
100 325
100 95
100 176
100 96
100 69
100 197
100 328
100 312
100 7
100 545
100 370
100 94
100 175
100 60
100 416
100 1
100 148
100 115
100 90
100 4
100 167
100 5
100 162
100 150
100 61
100 111
100 166
100 81
100 70
100 97
100 48
100 99
100 13
100 75
100 286
100 290
100 423
100 51
100 136
100 185
100 52
100 264
100 13
100 175
100 17
100 224
100 102
100 196
100 25
100 57
100 34
100 11
100 75
100 177
100 392
100 661
100 9
100 33
100 200
100 122
100 39
100 230
100 40
100 563
100 35
100 69
100 41
100 256
100 95
100 22
100 101
100 692
100 251
100 19
100 345
100 21
100 3
100 383
100 189
100 42
100 38
100 104
100 71
100 171
100 186
100 5
100 424
100 54
100 8
100 172
100 109
100 346
100 62
100 17
100 49
100 89
100 72
100 4
100 357
100 13
100 56
100 28
100 115
100 212
100 11
100 152
100 90
100 399
100 173
100 7
100 155
100 329
100 244
100 64
100 287
100 135
100 38
100 23
100 128
100 357
100 140
100 228
100 45
100 73
100 77
100 193
100 101
100 129
100 65
100 212
100 20
100 195
100 118
100 48
100 70
100 406
100 149
100 366
100 86
100 150
100 113
100 433
100 112
100 23
100 118
100 63
100 158
100 73
100 100
100 49
100 136
100 43
100 154
100 2
100 484
100 7
100 629
100 76
100 22
100 255
100 110
100 70
100 23
100 395
100 79
100 10
100 30
100 46
100 392
100 85
100 300
100 96
100 70
100 23
100 30
100 223
100 185
100 3
100 359
100 184
100 391
100 424
100 6
100 63
100 272
100 165
100 50
100 76
100 30
100 253
100 45
100 11
100 162
100 103
100 267
100 232
100 49
100 352
100 199
100 195
100 377
100 599
100 102
100 34
100 27
100 73
100 106
100 122
100 20
100 481
100 15
100 257
100 165
100 256
100 60
100 346
100 15
100 65
100 23
100 41
100 309
100 45
100 83
100 37
100 12
100 173
100 20
100 160
100 236
100 141
100 56
100 118
100 425
100 79
100 106
100 36
100 1
100 544
100 274
100 180
100 8
100 123
100 504
100 11
100 564
100 463
100 269
100 35
100 29
100 46
100 86
100 114
100 56
100 470
100 47
100 41
100 8
100 41
100 201
100 17
100 24
100 104
100 129
100 71
100 22
100 30
100 211
100 36
100 61
100 67
100 10
100 193
100 19
100 89
100 79
100 80
100 93
100 233
100 88
100 38
100 207
100 52
100 127
100 58
100 168
100 30
100 18
100 516
100 11
100 197
100 218
100 4
100 410
100 67
100 41
100 73
100 9
100 50
100 123
100 380
100 0
100 65
100 280
100 198
100 18
100 168
100 82
100 189
100 105
100 7
100 89
100 27
100 57
100 107
100 95
100 145
100 54
100 39
100 160
100 39
100 1194
100 48
100 99
100 166
100 151
100 20
100 142
100 13
100 18
100 166
100 39
100 18
100 56
100 136
100 37
100 122
100 54
100 197
100 134
100 362
100 489
100 67
100 686
100 92
100 75
100 132
100 55
100 20
100 180
100 57
100 29
100 187
100 20
100 297
100 79
100 196
100 7
100 203
100 23
100 132
100 311
100 80
100 9
100 16
100 23
100 149
100 1
100 5
100 131
100 35
100 400
100 117
100 112
100 143
100 4
100 4
100 38
100 117
100 48
100 10
100 83
100 144
100 9
100 158
100 87
100 78
100 19
100 6
100 250
100 96
100 133
100 350
100 159
100 122
100 207
100 197
100 75
100 79
100 9
100 80
100 120
100 328
100 59
100 17
100 24
100 326
100 357
100 30
100 11
100 151
100 352
100 98
100 123
100 37
100 43
100 27
100 50
100 278
100 16
100 117
100 147
100 595
100 159
100 158
100 103
100 82
100 31
100 103
100 86
100 3
100 617
100 19
100 438
100 86
100 87
100 600
100 57
100 19
100 131
100 47
100 29
100 120
100 114
100 150
100 106
100 145
100 212
100 331
100 465
100 445
100 358
100 436
100 438
100 392
100 189
100 6
100 5
100 208
100 81
100 183
100 167
100 435
100 167
100 76
100 319
100 109
100 218
100 3
100 726
100 313
100 22
100 171
100 460
100 410
100 251
100 131
100 69
100 92
100 36
100 47
100 327
100 560
100 275
100 435
100 17
100 288
100 201
100 168
100 83
100 380
100 297
100 255
100 213
100 134
100 90
100 1
100 167
100 79
100 214
100 83
100 149
100 79
100 38
100 13
100 189
100 773
100 321
100 178
100 403
100 414
100 11
100 284
100 148
100 79
100 26
100 183
100 38
100 101
100 15
100 98
100 339
100 14
100 117
100 180
100 117
100 20
100 46
100 89
100 19
100 37
100 122
100 70
100 365
100 81
100 4
100 55
100 97
100 336
100 20
100 71
100 160
100 497
100 28
100 101
100 307
100 531
100 370
100 365
100 45
100 69
100 224
100 34
100 14
100 35
100 72
100 18
100 197
100 75
100 307
100 40
100 42
100 91
100 46
100 62
100 174
100 0
100 80
100 568
100 121
100 110
100 317
100 342
100 31
100 108
100 318
100 89
100 360
100 42
100 1
100 197
100 242
100 11
100 17
100 68
100 117
100 109
100 254
100 145
100 37
100 204
100 37
100 75
100 200
100 142
100 17
100 72
100 28
100 882
100 88
100 255
100 65
100 26
100 348
100 447
100 91
100 9
100 4
100 238
100 797
100 146
100 142
100 307
100 206
100 0
100 19
100 444
100 4
100 148
100 7
100 52
100 371
100 182
100 7
100 4
100 78
100 969
100 451
100 200
100 221
100 77
100 60
100 149
100 162
100 55
100 94
100 15
100 8
100 476
100 24
100 243
100 176
100 88
100 50
100 15
100 256
100 97
100 61
100 278
100 76
100 289
100 73
100 237
100 126
100 368
100 119
100 227
100 16
100 185
100 139
100 227
100 187
100 276
100 91
100 150
100 281
100 59
100 72
100 57
100 366
100 34
100 55
100 21
100 197
100 272
100 327
100 27
100 349
100 122
100 85
100 41
100 11
100 400
100 560
100 31
100 48
100 84
100 121
100 248
100 292
100 67
100 118
100 307
100 165
100 40
100 110
100 495
100 28
100 98
100 262
100 6
100 314
100 64
100 112
100 268
100 15
100 111
100 105
100 56
100 44
100 79
100 77
100 103
100 40
100 210
100 120
100 55
100 53
100 143
100 313
100 249
100 487
100 121
100 288
100 646
100 364
100 97
100 151
100 131
100 77
100 173
100 119
100 46
100 93
100 537
100 229
100 343
100 244
100 108
100 156
100 132
100 377
100 33
100 437
100 9
100 160
100 173
100 341
100 166
100 98
100 150
100 47
100 20
100 662
100 53
100 336
100 57
100 85
100 68
100 14
100 159
100 174
100 33
100 135
100 113
100 289
100 161
100 84
100 89
100 469
100 117
100 225
100 1
100 523
100 252
100 135
100 40
100 82
100 282
100 168
100 41
100 140
100 22
100 86
100 6
100 103
100 302
100 19
100 62
100 53
100 708
100 178
100 178
100 20
100 15
100 20
100 185
100 97
100 48
100 309
100 4
100 18
100 0
100 28
100 124
100 101
100 59
100 325
100 184
100 90
100 11
100 29
100 347
100 14
100 43
100 286
100 6
100 77
100 27
100 136
100 161
100 88
100 29
100 5
100 11
100 98
100 70
100 456
100 69
100 196
100 102
100 49
100 91
100 28
100 623
100 39
100 210
100 374
100 43
100 364
100 49
100 148
100 13
100 355
100 2
100 80
100 18
100 60
100 30
100 543
100 249
100 64
100 8
100 412
100 4
100 73
100 100
100 79
100 234
100 292
100 61
100 3
100 252
100 292
100 222
100 12
100 103
100 9
100 177
100 140
100 339
100 71
100 11
100 437
100 8
100 80
100 253
100 410
100 164
100 24
100 198
100 37
100 179
100 334
100 470
100 96
100 251
100 75
100 18
100 78
100 157
100 184
100 178
100 70
100 46
100 25
100 56
100 167
100 190
100 43
100 182
100 223
100 812
100 169
100 89
100 76
100 77
100 161
100 78
100 4
100 22
100 26
100 156
100 342
100 145
100 66
100 231
100 346
100 165
100 83
100 63
100 196
100 60
100 644
100 35
100 56
100 672
100 343
100 0
100 337
100 138
100 0
100 186
100 82
100 5
100 340
100 49
100 87
100 10
100 94
100 9
100 87
100 309
100 116
100 10
100 448
100 80
100 125
100 66
100 91
100 23
100 181
100 79
100 91
100 268
100 518
100 80
100 240
100 83
100 490
100 584
100 91
100 10
100 407
100 651
100 112
100 31
100 259
100 357
100 177
100 118
100 299
100 215
100 69
100 288
100 334
100 79
100 7
100 550
100 120
100 45
100 374
100 276
100 69
100 66
100 20
100 71
100 282
100 31
100 267
100 141
100 527
100 10
100 322
100 190
100 341
100 139
100 188
100 4
100 71
100 188
100 296
100 595
100 135
100 54
100 51
100 125
100 59
100 94
100 38
100 171
100 15
100 295
100 93
100 98
100 302
100 186
100 251
100 131
100 37
100 144
100 7
100 85
100 22
100 303
100 92
100 302
100 44
100 55
100 556
100 48
100 110
100 396
100 93
100 56
100 37
100 458
100 4
100 108
100 18
100 58
100 494
100 194
100 417
100 36
100 86
100 6
100 78
100 267
100 105
100 701
100 155
100 241
100 12
100 36
100 89
100 202
100 349
100 38
100 498
100 107
100 94
100 39
100 132
100 49
100 263
100 101
100 45
100 39
100 92
100 55
100 93
100 91
100 47
100 102
100 19
100 176
100 325
100 217
100 13
100 37
100 40
100 442
100 114
100 148
100 25
100 111
100 53
100 64
100 238
100 507
100 32
100 178
100 486
100 302
100 152
100 408
100 104
100 39
100 135
100 244
100 146
100 62
100 56
100 63
100 11
100 13
100 305
100 214
100 15
100 202
100 62
100 14
100 235
100 2
100 348
100 154
100 254
100 4
100 25
100 130
100 73
100 115
100 430
100 618
100 328
100 80
100 79
100 141
100 35
100 170
100 66
100 314
100 564
100 67
100 282
100 90
100 169
100 161
100 28
100 128
100 165
100 4
100 18
100 1
100 324
100 105
100 111
100 164
100 17
100 382
100 206
100 144
100 100
100 136
100 0
100 251
100 321
100 14
100 103
100 374
100 211
100 28
100 105
100 134
100 211
100 6
100 358
100 94
100 75
100 48
100 244
100 371
100 83
100 203
100 70
100 294
100 55
100 764
100 62
100 262
100 4
100 26
100 101
100 65
100 309
100 41
100 1308
100 491
100 146
100 109
100 36
100 61
100 37
100 906
100 101
100 12
100 144
100 50
100 163
100 160
100 60
100 23
100 298
100 195
100 113
100 119
100 517
100 276
100 317
100 997
100 183
100 138
100 106
100 9
100 280
100 171
100 77
100 73
100 47
100 299
100 88
100 121
100 293
100 84
100 84
100 95
100 106
100 213
100 86
100 111
100 55
100 321
100 115
100 26
100 320
100 173
100 148
100 4
100 388
100 222
100 29
100 37
100 157
100 136
100 92
100 244
100 14
100 127
100 81
100 99
100 183
100 106
100 26
100 337
100 116
100 81
100 57
100 24
100 38
100 186
100 32
100 136
100 168
100 251
100 475
100 21
100 3
100 203
100 134
100 89
100 192
100 70
100 234
100 645
100 67
100 72
100 12
100 42
100 49
100 182
100 32
100 262
100 36
100 184
100 113
100 143
100 32
100 211
100 1125
100 67
100 154
100 227
100 248
100 282
100 26
100 56
100 48
100 36
100 90
100 43
100 8
100 114
100 52
100 88
100 81
100 21
100 177
100 349
100 27
100 6
100 177
100 32
100 49
100 4
100 381
100 36
100 46
100 736
100 387
100 421
100 144
100 159
100 30
100 3
100 1
100 57
100 145
100 14
100 117
100 35
100 134
100 872
100 425
100 316
100 151
100 87
100 142
100 10
100 258
100 45
100 29
100 135
100 14
100 250
100 113
100 148
100 173
100 42
100 17
100 329
100 40
100 157
100 28
100 131
100 227
100 176
100 277
100 42
100 115
100 111
100 1
100 404
100 107
100 24
100 106
100 5
100 366
100 100
100 147
100 120
100 185
100 11
100 82
100 269
100 38
100 132
100 59
100 289
100 152
100 163
100 184
100 356
100 150
100 59
100 417
100 84
100 102
100 182
100 582
100 223
100 152
100 343
100 228
100 122
100 162
100 51
100 40
100 113
100 216
100 46
100 184
100 241
100 219
100 186
100 25
100 72
100 168
100 314
100 87
100 13
100 482
100 70
100 14
100 146
100 103
100 449
100 23
100 274
100 76
100 237
100 197
100 104
100 5
100 73
100 52
100 46
100 524
100 80
100 104
100 95
100 1
100 35
100 402
100 63
100 371
100 237
100 157
100 129
100 376
100 261
100 44
100 68
100 142
100 147
100 69
100 25
100 110
100 146
100 47
100 404
100 704
100 3
100 13
100 134
100 138
100 313
100 41
100 110
100 238
100 219
100 176
100 875
100 461
100 30
100 159
100 347
100 31
100 90
100 60
100 52
100 145
100 473
100 190
100 245
100 62
100 209
100 235
100 556
100 180
100 269
100 34
100 114
100 49
100 412
100 326
100 53
100 218
100 136
100 13
100 296
100 52
100 143
100 33
100 511
100 53
100 110
100 126
100 370
100 45
100 51
100 104
100 97
100 182
100 63
100 102
100 33
100 93
100 64
100 2
100 3
100 117
100 345
100 212
100 76
100 106
100 48
100 112
100 14
100 244
100 85
100 33
100 106
100 176
100 73
100 298
100 438
100 330
100 205
100 34
100 167
100 48
100 415
100 317
100 87
100 106
100 142
100 85
100 125
100 235
100 266
100 122
100 276
100 29
100 206
100 100
100 172
100 252
100 84
100 156
100 7
100 73
100 16
100 59
100 324
100 117
100 230
100 26
100 173
100 38
100 0
100 111
100 367
100 10
100 554
100 628
100 181
100 115
100 120
100 88
100 214
100 27
100 11
100 54
100 442
100 85
100 29
100 65
100 46
100 65
100 50
100 166
100 256
100 10
100 282
100 46
100 129
100 346
100 101
100 74
100 41
100 55
100 49
100 91
100 24
100 27
100 179
100 46
100 79
100 166
100 27
100 392
100 171
100 17
100 98
100 94
100 128
100 27
100 7
100 132
100 63
100 313
100 58
100 161
100 74
100 235
100 11
100 116
100 484
100 5
100 22
100 2
100 119
100 2
100 142
100 18
100 3
100 11
100 1006
100 72
100 225
100 57
100 21
100 373
100 102
100 225
100 256
100 75
100 181
100 8
100 203
100 268
100 531
100 51
100 84
100 28
100 212
100 8
100 449
100 67
100 215
100 72
100 158
100 109
100 14
100 6
100 220
100 13
100 123
100 135
100 5
100 281
100 163
100 222
100 35
100 362
100 683
100 37
100 269
100 253
100 128
100 25
100 47
100 143
100 37
100 159
100 196
100 37
100 190
100 60
100 132
100 195
100 125
100 180
100 41
100 628
100 526
100 164
100 50
100 203
100 233
100 58
100 341
100 128
100 389
100 54
100 145
100 10
100 264
100 354
100 122
100 34
100 328
100 100
100 310
100 302
100 82
100 127
100 26
100 75
100 884
100 51
100 9
100 53
100 311
100 813
100 3
100 96
100 438
100 621
100 35
100 76
100 895
100 22
100 162
100 20
100 93
100 10
100 101
100 304
100 293
100 6
100 118
100 320
100 95
100 10
100 63
100 30
100 172
100 45
100 21
100 49
100 166
100 294
100 694
100 10
100 279
100 211
100 87
100 341
100 35
100 100
100 33
100 71
100 209
100 276
100 176
100 256
100 123
100 214
100 7
100 89
100 112
100 145
100 30
100 356
100 24
100 49
100 109
100 27
100 133
100 83
100 448
100 50
100 120
100 33
100 67
100 7
100 193
100 232
100 92
100 630
100 340
100 339
100 160
100 361
100 102
100 324
100 41
100 386
100 75
100 85
100 54
100 256
100 207
100 74
100 169
100 94
100 207
100 94
100 527
100 7
100 78
100 137
100 361
100 103
100 91
100 205
100 109
100 48
100 47
100 64
100 53
100 71
100 69
100 183
100 249
100 17
100 124
100 296
100 83
100 155
100 540
100 149
100 103
100 173
100 151
100 123
100 3
100 439
100 83
100 55
100 42
100 72
100 13
100 18
100 229
100 24
100 150
100 24
100 91
100 175
100 379
100 178
100 120
100 136
100 392
100 8
100 383
100 108
100 17
100 167
100 8
100 330
100 241
100 79
100 138
100 160
100 320
100 18
100 100
100 29
100 316
100 5
100 34
100 131
100 288
100 237
100 3
100 38
100 93
100 67
100 426
100 14
100 689
100 46
100 100
100 6
100 182
100 77
100 34
100 151
100 23
100 29
100 79
100 38
100 44
100 12
100 29
100 232
100 167
100 77
100 7
100 513
100 48
100 3
100 34
100 141
100 6
100 53
100 9
100 21
100 295
100 10
100 166
100 146
100 104
100 173
100 256
100 109
100 421
100 481
100 178
100 29
100 138
100 25
100 456
100 104
100 325
100 529
100 171
100 619
100 311
100 154
100 175
100 63
100 108
100 151
100 224
100 173
100 1773
100 239
100 34
100 51
100 100
100 248
100 88
100 19
100 132
100 172
100 102
100 104
100 190
100 9
100 80
100 172
100 54
100 56
100 23
100 192
100 206
100 141
100 3
100 3
100 3
100 187
100 177
100 281
100 8
100 393
100 326
100 48
100 96
100 194
100 73
100 89
100 21
100 9
100 39
100 62
100 59
100 35
100 22
100 133
100 47
100 206
100 26
100 0
100 514
100 410
100 96
100 211
100 99
100 104
100 53
100 186
100 134
100 141
100 69
100 175
100 165
100 712
100 61
100 339
100 93
100 329
100 211
100 38
100 365
100 27
100 462
100 379
100 341
100 22
100 92
100 223
100 90
100 33
100 59
100 88
100 224
100 544
100 83
100 61
100 5
100 116
100 610
100 283
100 239
100 75
100 90
100 47
100 12
100 198
100 315
100 177
100 109
100 104
100 234
100 7
100 120
100 139
100 81
100 248
100 248
100 232
100 139
100 164
100 230
100 237
100 59
100 62
100 150
100 84
100 143
100 243
100 315
100 119
100 85
100 56
100 93
100 163
100 5
100 247
100 143
100 181
100 186
100 73
100 15
100 66
100 120
100 120
100 580
100 31
100 31
100 238
100 176
100 53
100 91
100 414
100 62
100 34
100 48
100 449
100 335
100 165
100 185
100 1
100 175
100 50
100 155
100 411
100 38
100 401
100 194
100 55
100 47
100 171
100 0
100 91
100 47
100 19
100 150
100 230
100 55
100 12
100 63
100 277
100 177
100 96
100 248
100 93
100 70
100 2
100 283
100 202
100 34
100 456
100 40
100 52
100 17
100 208
100 146
100 241
100 225
100 275
100 81
100 349
100 98
100 68
100 17
100 561
100 139
100 40
100 75
100 172
100 137
100 72
100 8
100 123
100 25
100 188
100 162
100 101
100 11
100 64
100 191
100 73
100 96
100 18
100 65
100 15
100 39
100 95
100 81
100 43
100 137
100 318
100 31
100 7
100 167
100 239
100 48
100 349
100 301
100 455
100 230
100 45
100 118
100 28
100 132
100 137
100 7
100 678
100 203
100 135
100 236
100 482
100 1
100 197
100 207
100 188
100 298
100 141
100 147
100 339
100 81
100 9
100 37
100 127
100 590
100 317
100 26
100 200
100 75
100 329
100 133
100 222
100 195
100 264
100 62
100 6
100 199
100 9
100 2
100 458
100 257
100 182
100 25
100 32
100 27
100 7
100 92
100 171
100 172
100 211
100 1594
100 90
100 237
100 661
100 149
100 164
100 207
100 69
100 64
100 137
100 72
100 20
100 93
100 58
100 50
100 33
100 114
100 12
100 68
100 759
100 177
100 139
100 267
100 136
100 94
100 76
100 560
100 199
100 222
100 13
100 87
100 220
100 106
100 173
100 213
100 202
100 123
100 130
100 290
100 170
100 188
100 201
100 200
100 30
100 168
100 175
100 32
100 73
100 376
100 252
100 139
100 136
100 92
100 207
100 90
100 25
100 17
100 13
100 139
100 372
100 205
100 150
100 192
100 282
100 136
100 380
100 42
100 553
100 546
100 121
100 17
100 6
100 149
100 5
100 134
100 142
100 9
100 415
100 87
100 104
100 118
100 21
100 229
100 278
100 56
100 108
100 201
100 131
100 119
100 230
100 5
100 11
100 11
100 295
100 101
100 0
100 15
100 115
100 256
100 32
100 123
100 25
100 311
100 1
100 157
100 204
100 74
100 666
100 206
100 73
100 193
100 94
100 300
100 247
100 165
100 84
100 550
100 158
100 34
100 122
100 79
100 531
100 15
100 359
100 12
100 16
100 220
100 631
100 57
100 204
100 523
100 397
100 9
100 58
100 94
100 214
100 32
100 298
100 0
100 139
100 75
100 160
100 93
100 53
100 949
100 386
100 378
100 123
100 37
100 129
100 131
100 125
100 557
100 236
100 46
100 136
100 543
100 342
100 394
100 465
100 118
100 334
100 466
100 11
100 117
100 274
100 520
100 197
100 8
100 14
100 129
100 164
100 141
100 28
100 148
100 144
100 68
100 207
100 47
100 31
100 630
100 24
100 169
100 115
100 67
100 45
100 46
100 246
100 388
100 3
100 194
100 88
100 109
100 8
100 377
100 379
100 10
100 20
100 32
100 392
100 317
100 164
100 180
100 59
100 244
100 23
100 89
100 42
100 139
100 235
100 696
100 394
100 23
100 294
100 157
100 31
100 80
100 33
100 295
100 120
100 134
100 274
100 48
100 471
100 158
100 5
100 139
100 39
100 329
100 46
100 126
100 168
100 72
100 75
100 58
100 48
100 244
100 140
100 20
100 25
100 297
100 179
100 10
100 94
100 143
100 26
100 170
100 151
100 86
100 33
100 125
100 266
100 129
100 224
100 284
100 117
100 9
100 281
100 81
100 57
100 75
100 381
100 6
100 2
100 66
100 10
100 197
100 98
100 349
100 104
100 67
100 21
100 124
100 47
100 52
100 109
100 31
100 188
100 178
100 5
100 64
100 542
100 176
100 45
100 307
100 153
100 684
100 16
100 35
100 22
100 29
100 167
100 61
100 50
100 14
100 117
100 47
100 26
100 149
100 255
100 72
100 231
100 15
100 14
100 309
100 109
100 104
100 162
100 23
100 213
100 79
100 26
100 165
100 378
100 69
100 182
100 73
100 283
100 267
100 161
100 73
100 0
100 106
100 13
100 75
100 41
100 56
100 228
100 338
100 32
100 258
100 174
100 214
100 71
100 30
100 28
100 109
100 64
100 182
100 46
100 81
100 192
100 23
100 1
100 36
100 336
100 12
100 191
100 125
100 22
100 196
100 78
100 495
100 379
100 258
100 72
100 245
100 48
100 233
100 23
100 56
100 139
100 88
100 186
100 88
100 196
100 28
100 12
100 129
100 232
100 21
100 130
100 71
100 293
100 360
100 134
100 206
100 511
100 23
100 18
100 52
100 71
100 249
100 147
100 177
100 289
100 2
100 56
100 235
100 164
100 1
100 219
100 58
100 18
100 91
100 75
100 310
100 156
100 84
100 121
100 35
100 274
100 318
100 268
100 76
100 19
100 153
100 13
100 196
100 500
100 165
100 49
100 291
100 244
100 52
100 277
100 76
100 5
100 324
100 177
100 109
100 7
100 235
100 150
100 10
100 83
100 208
100 212
100 306
100 70
100 120
100 271
100 136
100 94
100 94
100 31
100 275
100 8
100 87
100 406
100 42
100 104
100 4
100 297
100 2
100 360
100 268
100 72
100 383
100 610
100 189
100 70
100 97
100 87
100 413
100 52
100 6
100 293
100 240
100 561
100 14
100 199
100 98
100 184
100 77
100 250
100 572
100 158
100 197
100 132
100 4
100 191
100 393
100 37
100 54
100 26
100 20
100 107
100 101
100 585
100 166
100 329
100 98
100 176
100 306
100 77
100 191
100 171
100 247
100 38
100 26
100 71
100 38
100 125
100 127
100 164
100 297
100 99
100 575
100 140
100 87
100 19
100 39
100 122
100 460
100 155
100 1
100 123
100 54
100 247
100 70
100 314
100 367
100 132
100 37
100 18
100 86
100 35
100 582
100 64
100 112
100 95
100 151
100 394
100 287
100 165
100 59
100 78
100 486
100 170
100 558
100 64
100 421
100 650
100 34
100 108
100 319
100 106
100 366
100 324
100 14
100 7
100 103
100 102
100 80
100 59
100 126
100 113
100 115
100 267
100 34
100 103
100 18
100 215
100 566
100 23
100 43
100 64
100 646
100 35
100 202
100 140
100 10
100 75
100 299
100 155
100 43
100 646
100 177
100 176
100 10
100 178
100 1156
100 543
100 135
100 431
100 24
100 122
100 73
100 49
100 5
100 28
100 5
100 326
100 15
100 90
100 63
100 212
100 102
100 5
100 123
100 106
100 111
100 84
100 101
100 233
100 194
100 402
100 117
100 385
100 1
100 25
100 221
100 75
100 82
100 51
100 224
100 607
100 163
100 16
100 163
100 79
100 315
100 12
100 17
100 76
100 7
100 115
100 102
100 213
100 149
100 198
100 86
100 466
100 84
100 114
100 370
100 34
100 28
100 22
100 72
100 151
100 344
100 36
100 11
100 328
100 207
100 16
100 51
100 147
100 59
100 255
100 297
100 19
100 24
100 120
100 261
100 14
100 363
100 164
100 100
100 179
100 113
100 240
100 143
100 96
100 218
100 39
100 151
100 351
100 108
100 45
100 478
100 64
100 231
100 128
100 331
100 17
100 214
100 124
100 110
100 206
100 44
100 241
100 285
100 8
100 45
100 265
100 115
100 514
100 79
100 40
100 35
100 0
100 162
100 44
100 121
100 281
100 33
100 106
100 256
100 76
100 33
100 31
100 433
100 176
100 211
100 290
100 13
100 88
100 54
100 19
100 29
100 278
100 145
100 307
100 111
100 190
100 44
100 131
100 322
100 378
100 70
100 547
100 298
100 83
100 24
100 332
100 494
100 594
100 333
100 28
100 13
100 109
100 235
100 29
100 70
100 223
100 178
100 32
100 192
100 319
100 560
100 25
100 57
100 6
100 82
100 261
100 96
100 756
100 126
100 201
100 140
100 664
100 45
100 204
100 51
100 240
100 5
100 60
100 213
100 141
100 2
100 40
100 134
100 180
100 339
100 18
100 18
100 297
100 52
100 82
100 9
100 152
100 0
100 46
100 153
100 150
100 22
100 74
100 590
100 78
100 5
100 128
100 7
100 177
100 279
100 368
100 105
100 28
100 32
100 194
100 66
100 78
100 294
100 139
100 120
100 16
100 126
100 107
100 213
100 159
100 23
100 313
100 316
100 139
100 14
100 5
100 27
100 98
100 3
100 46
100 559
100 338
100 54
100 82
100 463
100 176
100 138
100 62
100 166
100 237
100 74
100 161
100 433
100 47
100 87
100 348
100 146
100 21
100 8
100 4
100 86
100 272
100 403
100 308
100 97
100 8
100 202
100 383
100 88
100 26
100 104
100 310
100 70
100 99
100 43
100 3
100 801
100 154
100 82
100 235
100 957
100 10
100 192
100 135
100 44
100 79
100 46
100 71
100 378
100 271
100 113
100 66
100 234
100 10
100 52
100 9
100 313
100 416
100 36
100 70
100 179
100 222
100 169
100 56
100 349
100 222
100 223
100 206
100 139
100 262
100 171
100 107
100 220
100 163
100 44
100 256
100 193
100 56
100 39
100 10
100 84
100 393
100 139
100 74
100 13
100 322
100 134
100 96
100 178
100 185
100 89
100 4
100 125
100 61
100 732
100 14
100 16
100 48
100 54
100 278
100 175
100 152
100 223
100 570
100 298
100 253
100 285
100 236
100 66
100 225
100 397
100 36
100 101
100 231
100 2
100 506
100 52
100 172
100 67
100 36
100 334
100 18
100 345
100 48
100 29
100 27
100 54
100 219
100 412
100 293
100 81
100 140
100 371
100 168
100 200
100 4
100 25
100 186
100 362
100 86
100 73
100 131
100 29
100 521
100 319
100 54
100 171
100 217
100 82
100 110
100 1082
100 29
100 23
100 65
100 309
100 46
100 326
100 249
100 584
100 48
100 64
100 330
100 8
100 371
100 3
100 289
100 56
100 102
100 189
100 245
100 25
100 63
100 101
100 112
100 30
100 104
100 164
100 55
100 233
100 25
100 233
100 64
100 335
100 89
100 464
100 42
100 148
100 25
100 58
100 135
100 478
100 205
100 16
100 346
100 2
100 229
100 209
100 100
100 59
100 657
100 102
100 119
100 357
100 45
100 74
100 80
100 338
100 257
100 121
100 30
100 86
100 248
100 505
100 297
100 360
100 35
100 177
100 75
100 33
100 65
100 6
100 97
100 168
100 22
100 324
100 236
100 31
100 66
100 32
100 100
100 159
100 266
100 55
100 167
100 146
100 146
100 80
100 2
100 50
100 130
100 72
100 32
100 85
100 23
100 140
100 81
100 32
100 75
100 106
100 107
100 303
100 14
100 118
100 101
100 167
100 155
100 2
100 82
100 6
100 37
100 121
100 404
100 215
100 28
100 207
100 8
100 24
100 57
100 10
100 249
100 46
100 63
100 74
100 74
100 1
100 8
100 129
100 22
100 69
100 280
100 166
100 82
100 135
100 381
100 65
100 51
100 47
100 503
100 332
100 13
100 80
100 149
100 117
100 53
100 136
100 32
100 213
100 79
100 208
100 241
100 176
100 40
100 79
100 2
100 376
100 138
100 3
100 10
100 17
100 17
100 223
100 14
100 280
100 327
100 223
100 107
100 150
100 240
100 63
100 6
100 163
100 51
100 92
100 34
100 277
100 59
100 618
100 45
100 91
100 41
100 198
100 57
100 184
100 68
100 76
100 76
100 256
100 40
100 20
100 33
100 217
100 430
100 329
100 162
100 218
100 321
100 211
100 402
100 56
100 96
100 126
100 10
100 195
100 25
100 112
100 37
100 207
100 45
100 235
100 174
100 223
100 93
100 142
100 81
100 70
100 20
100 410
100 87
100 176
100 228
100 50
100 37
100 19
100 26
100 188
100 248
100 179
100 238
100 98
100 19
100 48
100 52
100 93
100 95
100 499
100 51
100 2
100 137
100 428
100 459
100 100
100 79
100 439
100 116
100 59
100 31
100 355
100 165
100 131
100 2
100 224
100 6
100 246
100 346
100 87
100 278
100 169
100 1
100 167
100 179
100 96
100 351
100 294
100 119
100 112
100 170
100 50
100 57
100 139
100 67
100 158
100 150
100 213
100 505
100 16
100 96
100 41
100 56
100 94
100 42
100 79
100 30
100 316
100 60
100 76
100 63
100 289
100 177
100 212
100 15
100 93
100 244
100 77
100 91
100 170
100 201
100 113
100 236
100 83
100 226
100 33
100 31
100 92
100 320
100 43
100 296
100 36
100 4
100 308
100 143
100 236
100 84
100 216
100 13
100 11
100 40
100 522
100 11
100 317
100 93
100 31
100 168
100 63
100 145
100 70
100 438
100 48
100 227
100 15
100 34
100 362
100 418
100 61
100 2
100 34
100 116
100 70
100 213
100 80
100 3
100 134
100 9
100 78
100 300
100 153
100 64
100 94
100 140
100 79
100 174
100 118
100 65
100 300
100 497
100 37
100 256
100 402
100 247
100 217
100 149
100 78
100 92
100 392
100 330
100 59
100 425
100 233
100 76
100 93
100 382
100 41
100 102
100 13
100 381
100 163
100 37
100 117
100 185
100 213
100 103
100 73
100 31
100 51
100 269
100 95
100 3
100 57
100 133
100 397
100 117
100 380
100 526
100 231
100 52
100 265
100 67
100 68
100 240
100 702
100 62
100 4
100 192
100 240
100 111
100 471
100 604
100 316
100 102
100 395
100 126
100 54
100 170
100 519
100 171
100 214
100 171
100 322
100 223
100 259
100 179
100 162
100 6
100 96
100 397
100 253
100 155
100 120
100 136
100 212
100 123
100 195
100 103
100 211
100 261
100 121
100 95
100 173
100 40
100 143
100 114
100 169
100 64
100 35
100 61
100 421
100 433
100 242
100 151
100 10
100 67
100 127
100 122
100 89
100 141
100 147
100 16
100 185
100 119
100 167
100 22
100 4
100 142
100 113
100 14
100 211
100 9
100 179
100 272
100 41
100 95
100 542
100 22
100 110
100 65
100 66
100 12
100 451
100 205
100 1070
100 504
100 204
100 110
100 100
100 101
100 20
100 59
100 94
100 437
100 186
100 114
100 21
100 422
100 186
100 153
100 81
100 284
100 15
100 22
100 234
100 201
100 29
100 100
100 68
100 266
100 94
100 6
100 80
100 258
100 25
100 441
100 20
100 3
100 248
100 259
100 250
100 156
100 67
100 124
100 11
100 339
100 73
100 77
100 323
100 52
100 92
100 55
100 75
100 260
100 37
100 36
100 480
100 143
100 539
100 563
100 23
100 166
100 19
100 267
100 31
100 315
100 24
100 4
100 15
100 42
100 810
100 363
100 12
100 1
100 47
100 562
100 12
100 44
100 222
100 337
100 81
100 626
100 409
100 89
100 0
100 4
100 10
100 214
100 102
100 188
100 130
100 217
100 409
100 52
100 412
100 230
100 206
100 266
100 448
100 20
100 293
100 49
100 97
100 21
100 4
100 365
100 33
100 131
100 10
100 261
100 61
100 447
100 378
100 343
100 58
100 231
100 90
100 182
100 137
100 26
100 509
100 12
100 493
100 134
100 357
100 454
100 64
100 593
100 38
100 1135
100 15
100 57
100 10
100 451
100 134
100 327
100 86
100 304
100 450
100 204
100 306
100 393
100 11
100 177
100 442
100 129
100 531
100 36
100 90
100 52
100 184
100 66
100 31
100 273
100 166
100 76
100 349
100 15
100 241
100 58
100 79
100 49
100 67
100 174
100 5
100 1
100 209
100 48
100 183
100 12
100 3
100 16
100 35
100 136
100 141
100 146
100 41
100 25
100 223
100 68
100 3
100 188
100 263
100 164
100 57
100 103
100 102
100 198
100 454
100 3
100 43
100 149
100 176
100 212
100 151
100 473
100 130
100 121
100 163
100 335
100 63
100 671
100 116
100 251
100 229
100 40
100 46
100 122
100 96
100 8
100 208
100 469
100 385
100 57
100 20
100 121
100 112
100 50
100 13
100 612
100 131
100 24
100 18
100 197
100 116
100 103
100 126
100 167
100 153
100 149
100 47
100 6
100 16
100 66
100 19
100 68
100 7
100 62
100 59
100 135
100 28
100 169
100 127
100 5
100 238
100 34
100 144
100 43
100 154
100 39
100 86
100 269
100 43
100 178
100 156
100 356
100 168
100 62
100 68
100 136
100 573
100 47
100 140
100 104
100 626
100 10
100 59
100 372
100 305
100 663
100 25
100 189
100 89
100 21
100 64
100 199
100 17
100 216
100 269
100 128
100 18
100 363
100 54
100 56
100 22
100 469
100 58
100 76
100 82
100 122
100 53
100 136
100 181
100 31
100 44
100 113
100 707
100 69
100 51
100 349
100 387
100 113
100 30
100 89
100 68
100 445
100 169
100 57
100 195
100 111
100 552
100 118
100 72
100 120
100 347
100 55
100 129
100 14
100 85
100 55
100 481
100 228
100 111
100 125
100 38
100 84
100 61
100 10
100 317
100 457
100 145
100 400
100 43
100 867
100 10
100 290
100 26
100 79
100 383
100 8
100 213
100 199
100 29
100 92
100 214
100 375
100 149
100 25
100 142
100 159
100 29
100 33
100 88
100 43
100 508
100 21
100 30
100 49
100 42
100 111
100 54
100 520
100 10
100 131
100 160
100 36
100 357
100 289
100 741
100 69
100 126
100 42
100 11
100 620
100 248
100 92
100 365
100 55
100 13
100 196
100 379
100 45
100 268
100 101
100 493
100 98
100 13
100 49
100 44
100 12
100 238
100 27
100 249
100 401
100 94
100 42
100 149
100 170
100 750
100 58
100 306
100 264
100 114
100 255
100 779
100 82
100 118
100 91
100 82
100 278
100 63
100 7
100 228
100 85
100 160
100 485
100 91
100 256
100 54
100 205
100 138
100 233
100 259
100 166
100 273
100 206
100 309
100 158
100 292
100 311
100 194
100 33
100 162
100 827
100 111
100 30
100 280
100 215
100 130
100 377
100 653
100 68
100 449
100 28
100 354
100 20
100 87
100 516
100 307
100 127
100 0
100 173
100 107
100 21
100 266
100 62
100 173
100 76
100 66
100 42
100 222
100 33
100 266
100 329
100 104
100 2
100 464
100 9
100 46
100 202
100 162
100 95
100 324
100 263
100 143
100 163
100 579
100 501
100 283
100 140
100 580
100 286
100 73
100 33
100 129
100 389
100 77
100 134
100 128
100 262
100 145
100 49
100 121
100 102
100 111
100 65
100 65
100 106
100 73
100 463
100 149
100 86
100 47
100 118
100 49
100 20
100 101
100 5
100 43
100 159
100 48
100 1103
100 376
100 137
100 305
100 111
100 198
100 134
100 540
100 316
100 2
100 18
100 185
100 58
100 120
100 198
100 33
100 95
100 380
100 183
100 111
100 103
100 74
100 70
100 212
100 2
100 911
100 248
100 245
100 28
100 193
100 181
100 172
100 168
100 67
100 534
100 49
100 28
100 77
100 46
100 120
100 55
100 333
100 5
100 157
100 422
100 0
100 72
100 226
100 57
100 1
100 239
100 148
100 266
100 137
100 18
100 64
100 130
100 216
100 226
100 101
100 339
100 366
100 202
100 29
100 316
100 494
100 8
100 89
100 4
100 422
100 86
100 213
100 349
100 36
100 11
100 205
100 90
100 180
100 440
100 141
100 117
100 115
100 172
100 15
100 122
100 54
100 432
100 293
100 59
100 386
100 30
100 281
100 280
100 228
100 475
100 444
100 40
100 27
100 42
100 286
100 5
100 233
100 29
100 54
100 42
100 172
100 79
100 146
100 229
100 145
100 235
100 30
100 367
100 421
100 47
100 217
100 118
100 259
100 1183
100 0
100 169
100 76
100 7
100 385
100 0
100 204
100 149
100 30
100 144
100 80
100 46
100 4
100 174
100 464
100 139
100 554
100 41
100 1
100 34
100 391
100 193
100 131
100 37
100 41
100 56
100 31
100 2
100 97
100 388
100 75
100 116
100 291
100 62
100 26
100 11
100 521
100 19
100 571
100 10
100 397
100 44
100 115
100 174
100 175
100 1
100 7
100 210
100 385
100 706
100 118
100 99
100 388
100 184
100 431
100 69
100 345
100 298
100 182
100 125
100 350
100 109
100 18
100 3
100 164
100 7
100 53
100 117
100 15
100 61
100 78
100 1022
100 290
100 76
100 194
100 295
100 378
100 45
100 14
100 43
100 169
100 296
100 215
100 374
100 48
100 66
100 299
100 172
100 30
100 116
100 95
100 138
100 110
100 299
100 44
100 46
100 645
100 47
100 353
100 115
100 212
100 360
100 186
100 765
100 159
100 243
100 115
100 587
100 20
100 68
100 13
100 224
100 303
100 65
100 264
100 59
100 602
100 697
100 160
100 78
100 107
100 34
100 42
100 344
100 449
100 82
100 17
100 132
100 212
100 237
100 43
100 327
100 91
100 53
100 156
100 70
100 299
100 45
100 238
100 50
100 570
100 30
100 124
100 177
100 91
100 236
100 15
100 14
100 141
100 120
100 275
100 171
100 964
100 489
100 118
100 527
100 83
100 86
100 61
100 125
100 226
100 31
100 90
100 166
100 179
100 65
100 231
100 96
100 97
100 36
100 15
100 110
100 52
100 112
100 174
100 20
100 175
100 31
100 55
100 230
100 41
100 192
100 5
100 47
100 4
100 281
100 33
100 517
100 409
100 24
100 224
100 82
100 251
100 132
100 205
100 79
100 166
100 474
100 201
100 100
100 125
100 272
100 584
100 117
100 30
100 206
100 335
100 224
100 14
100 85
100 54
100 70
100 552
100 309
100 284
100 31
100 86
100 231
100 12
100 102
100 419
100 61
100 302
100 271
100 371
100 185
100 163
100 21
100 89
100 20
100 274
100 85
100 6
100 40
100 35
100 188
100 247
100 272
100 37
100 246
100 92
100 113
100 20
100 33
100 121
100 228
100 558
100 512
100 45
100 495
100 1
100 31
100 107
100 222
100 121
100 43
100 294
100 96
100 14
100 305
100 198
100 50
100 170
100 13
100 251
100 104
100 648
100 116
100 178
100 174
100 644
100 77
100 35
100 577
100 892
100 11
100 10
100 33
100 347
100 125
100 2
100 10
100 327
100 55
100 60
100 151
100 499
100 271
100 48
100 167
100 108
100 133
100 102
100 110
100 113
100 187
100 7
100 47
100 36
100 194
100 109
100 184
100 59
100 75
100 260
100 83
100 170
100 12
100 346
100 38
100 21
100 64
100 160
100 225
100 60
100 0
100 288
100 77
100 9
100 20
100 296
100 62
100 4
100 9
100 97
100 103
100 94
100 19
100 59
100 217
100 2
100 144
100 23
100 82
100 13
100 166
100 55
100 60
100 378
100 819
100 55
100 124
100 157
100 59
100 320
100 185
100 7
100 70
100 151
100 60
100 68
100 265
100 120
100 150
100 60
100 117
100 38
100 235
100 130
100 293
100 208
100 572
100 409
100 88
100 331
100 142
100 25
100 39
100 65
100 94
100 1
100 20
100 454
100 123
100 107
100 173
100 616
100 32
100 405
100 45
100 43
100 178
100 352
100 188
100 1
100 167
100 32
100 44
100 4
100 479
100 2
100 121
100 62
100 931
100 289
100 371
100 44
100 63
100 304
100 62
100 257
100 126
100 80
100 21
100 111
100 390
100 15
100 584
100 7
100 60
100 20
100 180
100 255
100 418
100 6
100 18
100 131
100 49
100 89
100 43
100 117
100 56
100 48
100 149
100 261
100 510
100 401
100 2
100 66
100 183
100 239
100 103
100 33
100 221
100 321
100 47
100 25
100 443
100 517
100 44
100 96
100 126
100 226
100 357
100 5
100 296
100 70
100 7
100 198
100 79
100 267
100 225
100 107
100 96
100 213
100 147
100 266
100 29
100 143
100 39
100 991
100 154
100 159
100 40
100 101
100 247
100 102
100 34
100 114
100 212
100 342
100 167
100 7
100 124
100 42
100 5
100 92
100 19
100 40
100 206
100 195
100 2
100 327
100 230
100 79
100 127
100 86
100 0
100 132
100 168
100 5
100 281
100 64
100 25
100 17
100 1
100 24
100 452
100 89
100 144
100 0
100 248
100 163
100 135
100 214
100 873
100 57
100 113
100 127
100 40
100 46
100 24
100 116
100 615
100 31
100 12
100 181
100 70
100 272
100 56
100 331
100 125
100 682
100 211
100 51
100 5
100 95
100 310
100 202
100 144
100 196
100 203
100 12
100 178
100 85
100 281
100 24
100 45
100 85
100 46
100 79
100 473
100 211
100 149
100 142
100 56
100 47
100 132
100 198
100 6
100 28
100 82
100 169
100 38
100 182
100 57
100 2
100 184
100 819
100 653
100 376
100 112
100 265
100 31
100 34
100 28
100 234
100 36
100 14
100 55
100 5
100 67
100 37
100 4
100 62
100 243
100 427
100 20
100 510
100 19
100 95
100 360
100 62
100 753
100 232
100 161
100 316
100 79
100 214
100 314
100 66
100 109
100 12
100 15
100 42
100 208
100 306
100 499
100 87
100 26
100 105
100 42
100 24
100 212
100 211
100 110
100 180
100 52
100 30
100 107
100 488
100 119
100 6
100 419
100 68
100 336
100 457
100 18
100 376
100 23
100 61
100 65
100 195
100 99
100 146
100 38
100 21
100 21
100 258
100 127
100 91
100 34
100 228
100 150
100 203
100 449
100 258
100 43
100 729
100 442
100 10
100 402
100 14
100 122
100 40
100 83
100 241
100 77
100 71
100 33
100 70
100 149
100 13
100 140
100 127
100 164
100 14
100 158
100 110
100 83
100 178
100 76
100 115
100 129
100 99
100 95
100 91
100 72
100 316
100 11
100 257
100 85
100 83
100 150
100 75
100 54
100 80
100 19
100 71
100 285
100 154
100 110
100 86
100 176
100 349
100 74
100 267
100 92
100 159
100 98
100 17
100 65
100 66
100 340
100 16
100 79
100 97
100 209
100 156
100 74
100 374
100 259
100 10
100 62
100 226
100 148
100 99
100 50
100 66
100 92
100 107
100 73
100 20
100 31
100 182
100 95
100 118
100 6
100 144
100 3
100 48
100 115
100 41
100 37
100 247
100 295
100 14
100 188
100 16
100 379
100 419
100 47
100 361
100 50
100 3
100 6
100 235
100 469
100 719
100 222
100 38
100 21
100 115
100 21
100 271
100 49
100 109
100 370
100 354
100 313
100 96
100 110
100 80
100 181
100 254
100 4
100 86
100 18
100 162
100 39
100 44
100 38
100 49
100 31
100 113
100 257
100 154
100 76
100 253
100 33
100 341
100 81
100 120
100 150
100 40
100 263
100 2
100 166
100 19
100 3
100 20
100 104
100 30
100 316
100 76
100 56
100 118
100 69
100 269
100 247
100 219
100 190
100 450
100 52
100 124
100 237
100 266
100 12
100 175
100 50
100 21
100 42
100 74
100 177
100 328
100 145
100 40
100 58
100 535
100 68
100 366
100 44
100 250
100 91
100 233
100 61
100 30
100 96
100 52
100 49
100 34
100 8
100 171
100 115
100 140
100 6
100 209
100 550
100 409
100 60
100 39
100 61
100 15
100 118
100 27
100 86
100 139
100 770
100 205
100 53
100 240
100 103
100 376
100 70
100 8
100 339
100 565
100 5
100 0
100 133
100 72
100 118
100 55
100 3
100 8
100 34
100 113
100 152
100 31
100 2
100 34
100 386
100 87
100 113
100 214
100 56
100 15
100 348
100 135
100 238
100 314
100 149
100 7
100 657
100 83
100 492
100 13
100 55
100 241
100 11
100 336
100 187
100 88
100 36
100 38
100 127
100 3
100 61
100 175
100 48
100 183
100 248
100 164
100 705
100 9
100 440
100 32
100 70
100 159
100 107
100 366
100 162
100 267
100 474
100 69
100 59
100 301
100 115
100 37
100 134
100 140
100 75
100 77
100 166
100 237
100 344
100 147
100 255
100 29
100 769
100 109
100 110
100 358
100 96
100 17
100 5
100 74
100 583
100 1
100 89
100 96
100 63
100 80
100 140
100 91
100 95
100 227
100 21
100 162
100 24
100 260
100 167
100 108
100 26
100 173
100 151
100 49
100 5
100 55
100 5
100 67
100 148
100 66
100 597
100 181
100 80
100 109
100 452
100 282
100 16
100 293
100 571
100 70
100 147
100 42
100 67
100 200
100 294
100 10
100 104
100 365
100 46
100 51
100 16
100 370
100 106
100 22
100 72
100 52
100 13
100 239
100 153
100 216
100 309
100 156
100 46
100 32
100 190
100 368
100 134
100 8
100 55
100 87
100 92
100 336
100 19
100 114
100 118
100 49
100 549
100 254
100 191
100 380
100 140
100 56
100 376
100 31
100 126
100 126
100 67
100 425
100 51
100 28
100 370
100 34
100 225
100 467
100 37
100 512
100 46
100 690
100 317
100 69
100 103
100 363
100 317
100 67
100 118
100 33
100 95
100 34
100 389
100 118
100 129
100 150
100 434
100 193
100 383
100 52
100 595
100 117
