100 165
100 1197
100 227
100 672
100 248
100 33
100 174
100 201
100 268
100 408
100 622
100 6
100 310
100 803
100 133
100 728
100 68
100 934
100 637
100 439
100 618
100 129
100 217
100 246
100 50
100 264
100 310
100 181
100 594
100 737
100 572
100 1357
100 425
100 34
100 1315
100 593
100 170
100 79
100 141
100 264
100 376
100 75
100 266
100 210
100 271
100 8
100 39
100 10
100 108
100 276
100 367
100 265
100 439
100 331
100 277
100 330
100 101
100 65
100 101
100 16
100 693
100 249
100 414
100 809
100 77
100 317
100 31
100 402
100 104
100 224
100 2229
100 107
100 1370
100 811
100 1085
100 676
100 2150
100 293
100 287
100 620
100 777
100 1231
100 517
100 156
100 101
100 437
100 71
100 364
100 480
100 321
100 208
100 33
100 513
100 1379
100 34
100 416
100 54
100 208
100 2328
100 297
100 12
100 408
100 196
100 67
100 989
100 382
100 305
100 272
100 468
100 215
100 167
100 5
100 1702
100 34
100 86
100 256
100 72
100 27
100 699
100 83
100 854
100 111
100 436
100 530
100 82
100 66
100 949
100 46
100 948
100 1152
100 43
100 137
100 187
100 217
100 894
100 86
100 331
100 609
100 167
100 280
100 80
100 822
100 1227
100 270
100 83
100 1176
100 345
100 50
100 230
100 163
100 812
100 223
100 33
100 472
100 225
100 383
100 319
100 1903
100 643
100 532
100 48
100 735
100 50
100 1
100 19
100 595
100 536
100 250
100 296
100 154
100 809
100 194
100 191
100 67
100 417
100 95
100 43
100 996
100 116
100 1500
100 138
100 82
100 110
100 370
100 271
100 212
100 89
100 123
100 450
100 217
100 597
100 76
100 183
100 386
100 115
100 88
100 28
100 658
100 18
100 15
100 45
100 577
100 399
100 1054
100 239
100 78
100 95
100 116
100 188
100 1231
100 121
100 752
100 790
100 372
100 133
100 835
100 138
100 42
100 470
100 152
100 336
100 9
100 1063
100 1536
100 905
100 19
100 64
100 109
100 49
100 332
100 123
100 292
100 270
100 752
100 227
100 780
100 55
100 1332
100 663
100 34
100 764
100 49
100 505
100 713
100 122
100 74
100 245
100 43
100 1257
100 651
100 474
100 6
100 109
100 635
100 460
100 611
100 1097
100 15
100 51
100 649
100 900
100 666
100 337
100 180
100 127
100 225
100 781
100 213
100 248
100 31
100 534
100 503
100 830
100 1258
100 509
100 100
100 1581
100 239
100 517
100 261
100 78
100 9
100 841
100 439
100 146
100 48
100 78
100 652
100 779
100 2103
100 548
100 705
100 13
100 640
100 50
100 765
100 27
100 215
100 157
100 93
100 293
100 76
100 50
100 700
100 455
100 192
100 52
100 1288
100 17
100 2788
100 196
100 36
100 1111
100 76
100 680
100 1
100 267
100 892
100 899
100 904
100 747
100 325
100 1117
100 120
100 1196
100 4
100 307
100 66
100 751
100 389
100 306
100 380
100 539
100 613
100 55
100 55
100 267
100 423
100 354
100 96
100 350
100 106
100 28
100 261
100 113
100 711
100 198
100 33
100 792
100 121
100 143
100 571
100 345
100 69
100 478
100 1187
100 262
100 642
100 647
100 124
100 829
100 8
100 380
100 273
100 271
100 258
100 780
100 79
100 406
100 820
100 409
100 86
100 818
100 306
100 226
100 96
100 45
100 307
100 1071
100 656
100 184
100 171
100 1273
100 47
100 268
100 76
100 1015
100 430
100 287
100 84
100 494
100 13
100 230
100 523
100 663
100 279
100 1010
100 343
100 341
100 1238
100 75
100 591
100 351
100 893
100 193
100 1619
100 619
100 252
100 44
100 352
100 531
100 664
100 199
100 430
100 888
100 16
100 143
100 133
100 518
100 511
100 200
100 306
100 1026
100 29
100 198
100 368
100 222
100 134
100 118
100 785
100 711
100 341
100 323
100 503
100 58
100 458
100 56
100 441
100 4
100 762
100 193
100 99
100 58
100 307
100 502
100 1140
100 9
100 847
100 892
100 209
100 508
100 875
100 337
100 523
100 148
100 89
100 320
100 107
100 203
100 61
100 35
100 737
100 190
100 865
100 372
100 56
100 733
100 45
100 988
100 368
100 484
100 245
100 264
100 102
100 403
100 67
100 689
100 126
100 487
100 196
100 450
100 200
100 47
100 213
100 34
100 649
100 181
100 121
100 1134
100 33
100 533
100 1464
100 165
100 58
100 277
100 221
100 102
100 677
100 760
100 135
100 391
100 308
100 364
100 143
100 267
100 637
100 2
100 36
100 345
100 515
100 80
100 608
100 534
100 20
100 177
100 140
100 126
100 599
100 69
100 754
100 41
100 124
100 880
100 354
100 999
100 107
100 458
100 554
100 282
100 28
100 654
100 185
100 511
100 780
100 76
100 9
100 345
100 121
100 840
100 90
100 289
100 62
100 217
100 437
100 219
100 445
100 1138
100 59
100 142
100 474
100 15
100 996
100 163
100 164
100 193
100 89
100 570
100 197
100 850
100 65
100 576
100 30
100 229
100 424
100 439
100 237
100 580
100 944
100 1427
100 94
100 405
100 747
100 245
100 166
100 696
100 215
100 230
100 660
100 512
100 152
100 652
100 736
100 778
100 182
100 72
100 151
100 188
100 304
100 45
100 90
100 74
100 1907
100 726
100 98
100 94
100 48
100 12
100 514
100 36
100 257
100 701
100 441
100 331
100 278
100 457
100 283
100 124
100 1009
100 112
100 368
100 647
100 233
100 16
100 244
100 253
100 77
100 277
100 72
100 49
100 106
100 67
100 93
100 1540
100 516
100 650
100 1091
100 488
100 337
100 60
100 25
100 19
100 22
100 114
100 451
100 238
100 1433
100 61
100 339
100 240
100 30
100 179
100 1240
100 162
100 148
100 1192
100 504
100 212
100 643
100 200
100 28
100 502
100 1092
100 1022
100 223
100 175
100 27
100 827
100 94
100 252
100 342
100 496
100 474
100 20
100 676
100 454
100 378
100 227
100 722
100 367
100 712
100 699
100 289
100 42
100 916
100 267
100 73
100 26
100 25
100 475
100 299
100 62
100 510
100 123
100 17
100 212
100 726
100 58
100 98
100 218
100 136
100 383
100 272
100 121
100 755
100 911
100 89
100 582
100 282
100 193
100 479
100 1335
100 15
100 292
100 565
100 366
100 2434
100 149
100 1002
100 137
100 880
100 257
100 208
100 1394
100 1228
100 215
100 211
100 385
100 632
100 12
100 351
100 107
100 42
100 792
100 152
100 5
100 35
100 302
100 150
100 145
100 1402
100 100
100 925
100 121
100 537
100 660
100 482
100 565
100 183
100 363
100 154
100 456
100 66
100 165
100 241
100 1300
100 463
100 54
100 1302
100 738
100 58
100 658
100 213
100 395
100 206
100 252
100 105
100 539
100 193
100 919
100 13
100 92
100 34
100 1832
100 8
100 893
100 349
100 496
100 156
100 346
100 270
100 658
100 175
100 556
100 154
100 410
100 621
100 537
100 260
100 475
100 39
100 275
100 75
100 45
100 181
100 238
100 699
100 295
100 627
100 118
100 1058
100 18
100 609
100 426
100 596
100 347
100 613
100 133
100 45
100 805
100 251
100 93
100 931
100 659
100 127
100 101
100 136
100 482
100 789
100 24
100 657
100 214
100 86
100 347
100 149
100 502
100 464
100 7
100 481
100 403
100 192
100 225
100 698
100 108
100 536
100 39
100 83
100 295
100 49
100 1681
100 5
100 16
100 329
100 213
100 56
100 40
100 324
100 199
100 256
100 15
100 457
100 307
100 170
100 635
100 324
100 347
100 650
100 38
100 254
100 232
100 372
100 564
100 66
100 616
100 228
100 90
100 223
100 63
100 765
100 344
100 286
100 1174
100 217
100 291
100 474
100 337
100 167
100 1415
100 728
100 408
100 101
100 324
100 108
100 259
100 0
100 266
100 31
100 120
100 8
100 423
100 860
100 772
100 536
100 251
100 76
100 84
100 26
100 262
100 228
100 1008
100 154
100 508
100 674
100 578
100 236
100 77
100 350
100 293
100 618
100 154
100 195
100 501
100 659
100 340
100 1013
100 620
100 313
100 717
100 94
100 132
100 406
100 534
100 62
100 139
100 789
100 293
100 436
100 283
100 412
100 1265
100 392
100 651
100 299
100 429
100 112
100 300
100 22
100 209
100 492
100 344
100 1989
100 58
100 589
100 749
100 184
100 287
100 630
100 78
100 322
100 1478
100 323
100 1393
100 819
100 423
100 62
100 88
100 201
100 472
100 943
100 169
100 77
100 60
100 189
100 678
100 3
100 503
100 431
100 1423
100 84
100 190
100 250
100 92
100 398
100 502
100 873
100 168
100 392
100 197
100 59
100 434
100 450
100 336
100 1596
100 551
100 226
100 524
100 34
100 176
100 151
100 1113
100 179
100 338
100 155
100 206
100 38
100 20
100 63
100 695
100 2374
100 774
100 281
100 644
100 13
100 31
100 1293
100 562
100 92
100 185
100 291
100 960
100 641
100 816
100 944
100 107
100 130
100 268
100 431
100 35
100 39
100 769
100 131
100 220
100 156
100 346
100 330
100 1354
100 67
100 112
100 480
100 222
100 26
100 1
100 126
100 339
100 244
100 56
100 1623
100 1421
100 37
100 56
100 257
100 782
100 654
100 2234
100 452
100 501
100 102
100 583
100 88
100 22
100 669
100 538
100 907
100 30
100 129
100 1775
100 1211
100 612
100 455
100 193
100 74
100 318
100 318
100 386
100 503
100 259
100 257
100 220
100 138
100 96
100 433
100 427
100 125
100 210
100 908
100 334
100 3085
100 92
100 399
100 316
100 594
100 277
100 159
100 998
100 514
100 489
100 609
100 63
100 967
100 557
100 235
100 13
100 462
100 31
100 71
100 1109
100 229
100 19
100 142
100 2
100 291
100 630
100 60
100 212
100 414
100 114
100 48
100 145
100 622
100 98
100 310
100 420
100 58
100 287
100 635
100 39
100 243
100 944
100 80
100 349
100 505
100 9
100 514
100 327
100 38
100 74
100 597
100 254
100 13
100 130
100 107
100 1144
100 468
100 214
100 636
100 225
100 325
100 16
100 335
100 453
100 1370
100 520
100 165
100 330
100 202
100 122
100 690
100 529
100 46
100 661
100 312
100 550
100 240
100 106
100 276
100 832
100 56
100 439
100 5
100 359
100 1118
100 375
100 131
100 162
100 365
100 745
100 841
100 190
100 92
100 79
100 934
100 185
100 399
100 311
100 261
100 1101
100 320
100 72
100 182
100 22
100 48
100 340
100 339
100 736
100 418
100 588
100 725
100 794
100 244
100 82
100 109
100 319
100 440
100 94
100 183
100 56
100 150
100 351
100 1041
100 21
100 160
100 0
100 55
100 901
100 480
100 1335
100 379
100 312
100 602
100 771
100 530
100 194
100 1062
100 191
100 595
100 225
100 196
100 291
100 467
100 294
100 74
100 300
100 539
100 114
100 1180
100 1366
100 146
100 776
100 68
100 780
100 337
100 417
100 103
100 101
100 2
100 62
100 341
100 43
100 85
100 117
100 32
100 564
100 170
100 468
100 641
100 246
100 501
100 96
100 534
100 67
100 347
100 217
100 108
100 69
100 530
100 115
100 194
100 126
100 136
100 588
100 520
100 505
100 279
100 314
100 1949
100 504
100 250
100 51
100 419
100 37
100 508
100 714
100 87
100 93
100 309
100 539
100 1496
100 192
100 74
100 249
100 53
100 216
100 45
100 190
100 521
100 37
100 1201
100 745
100 1478
100 886
100 176
100 135
100 307
100 69
100 123
100 409
100 160
100 24
100 560
100 86
100 315
100 232
100 715
100 665
100 261
100 428
100 27
100 83
100 1035
100 452
100 136
100 538
100 875
100 324
100 31
100 11
100 5
100 503
100 1016
100 507
100 687
100 650
100 441
100 407
100 196
100 827
100 361
100 12
100 573
100 198
100 241
100 241
100 449
100 364
100 107
100 282
100 36
100 941
100 111
100 26
100 122
100 372
100 103
100 237
100 65
100 79
100 154
100 120
100 271
100 27
100 202
100 139
100 942
100 71
100 391
100 198
100 907
100 1111
100 635
100 92
100 487
100 1306
100 194
100 346
100 146
100 914
100 38
100 31
100 72
100 11
100 679
100 142
100 313
100 398
100 514
100 112
100 19
100 635
100 1072
100 205
100 10
100 173
100 449
100 185
100 985
100 702
100 286
100 279
100 72
100 40
100 46
100 649
100 712
100 106
100 439
100 284
100 120
100 173
100 717
100 54
100 304
100 619
100 196
100 22
100 54
100 10
100 253
100 275
100 163
100 78
100 259
100 47
100 129
100 226
100 698
100 125
100 406
100 49
100 570
100 26
100 387
100 23
100 22
100 799
100 232
100 267
100 409
100 417
100 222
100 526
100 393
100 204
100 282
100 529
100 148
100 78
100 665
100 777
100 63
100 78
100 598
100 23
100 662
100 26
100 234
100 431
100 2490
100 117
100 116
100 362
100 288
100 128
100 433
100 6
100 101
100 482
100 235
100 885
100 31
100 0
100 772
100 323
100 680
100 372
100 326
100 181
100 25
100 629
100 321
100 364
100 236
100 432
100 609
100 1806
100 889
100 316
100 386
100 67
100 55
100 430
100 914
100 354
100 120
100 281
100 466
100 52
100 371
100 116
100 162
100 221
100 10
100 767
100 73
100 649
100 938
100 65
100 267
100 684
100 144
100 275
100 23
100 227
100 825
100 215
100 831
100 41
100 747
100 307
100 51
100 624
100 323
100 205
100 1016
100 70
100 59
100 309
100 249
100 862
100 283
100 283
100 341
100 509
100 207
100 134
100 107
100 424
100 476
100 1849
100 13
100 1100
100 360
100 114
100 450
100 631
100 64
100 287
100 229
100 438
100 63
100 447
100 171
100 433
100 158
100 314
100 1811
100 245
100 614
100 480
100 193
100 331
100 210
100 672
100 417
100 523
100 531
100 25
100 896
100 102
100 207
100 1293
100 500
100 117
100 539
100 85
100 95
100 36
100 1132
100 1529
100 270
100 60
100 1055
100 96
100 158
100 520
100 553
100 64
100 450
100 661
100 37
100 436
100 43
100 751
100 1015
100 385
100 1422
100 18
100 413
100 21
100 150
100 40
100 820
100 895
100 611
100 235
100 420
100 413
100 473
100 514
100 739
100 291
100 557
100 692
100 453
100 643
100 527
100 21
100 179
100 83
100 1
100 1066
100 169
100 450
100 1079
100 28
100 206
100 87
100 250
100 57
100 63
100 553
100 261
100 321
100 246
100 378
100 561
100 95
100 540
100 546
100 214
100 65
100 301
100 646
100 213
100 489
100 1336
100 133
100 315
100 1043
100 2
100 166
100 981
100 955
100 107
100 1381
100 306
100 53
100 1105
100 1877
100 358
100 269
100 55
100 338
100 516
100 228
100 618
100 169
100 1156
100 438
100 470
100 5
100 209
100 406
100 58
100 574
100 121
100 110
100 725
100 67
100 214
100 50
100 470
100 17
100 563
100 485
100 445
100 373
100 463
100 53
100 74
100 217
100 374
100 227
100 18
100 7
100 230
100 71
100 346
100 901
100 20
100 55
100 385
100 198
100 198
100 79
100 113
100 883
100 22
100 656
100 6
100 604
100 322
100 239
100 248
100 42
100 300
100 564
100 302
100 367
100 61
100 943
100 210
100 303
100 36
100 332
100 77
100 733
100 450
100 311
100 905
100 471
100 646
100 20
100 399
100 513
100 1919
100 69
100 48
100 427
100 168
100 613
100 200
100 571
100 31
100 342
100 587
100 562
100 91
100 852
100 619
100 70
100 684
100 1282
100 323
100 660
100 1694
100 245
100 450
100 56
100 14
100 425
100 279
100 333
100 1045
100 205
100 264
100 177
100 42
100 361
100 20
100 434
100 492
100 1699
100 35
100 117
100 474
100 148
100 18
100 1409
100 184
100 354
100 41
100 667
100 1114
100 198
100 970
100 355
100 395
100 39
100 312
100 165
100 464
100 46
100 172
100 660
100 1027
100 6
100 780
100 584
100 770
100 1485
100 102
100 86
100 43
100 446
100 10
100 267
100 328
100 1201
100 136
100 779
100 3
100 12
100 272
100 18
100 173
100 24
100 515
100 314
100 421
100 49
100 144
100 382
100 3
100 262
100 31
100 260
100 228
100 40
100 1345
100 40
100 791
100 904
100 146
100 2804
100 97
100 292
100 519
100 307
100 785
100 293
100 36
100 177
100 96
100 174
100 532
100 6
100 64
100 26
100 198
100 412
100 276
100 28
100 500
100 195
100 6
100 49
100 1099
100 1735
100 137
100 1304
100 19
100 103
100 227
100 14
100 337
100 983
100 22
100 1408
100 1077
100 127
100 268
100 376
100 96
100 236
100 867
100 37
100 168
100 630
100 580
100 32
100 818
100 88
100 737
100 414
100 137
100 918
100 106
100 52
100 429
100 1644
100 160
100 1464
100 284
100 893
100 152
100 97
100 239
100 434
100 393
100 184
100 746
100 592
100 321
100 133
100 557
100 321
100 607
100 1697
100 534
100 129
100 113
100 120
100 61
100 1251
100 593
100 448
100 96
100 201
100 154
100 481
100 1309
100 229
100 48
100 297
100 10
100 49
100 762
100 83
100 216
100 332
100 215
100 984
100 404
100 99
100 555
100 177
100 961
100 1139
100 176
100 376
100 769
100 1831
100 215
100 423
100 206
100 407
100 546
100 99
100 195
100 521
100 125
100 394
100 388
100 342
100 556
100 310
100 88
100 434
100 1161
100 215
100 55
100 79
100 369
100 105
100 1475
100 77
100 255
100 316
100 35
100 197
100 16
100 217
100 14
100 1198
100 45
100 95
100 265
100 44
100 285
100 115
100 526
100 246
100 2
100 85
100 55
100 626
100 679
100 558
100 165
100 181
100 524
100 244
100 681
100 302
100 277
100 101
100 81
100 94
100 229
100 471
100 17
100 619
100 1516
100 405
100 280
100 140
100 625
100 473
100 539
100 452
100 33
100 920
100 55
100 1167
100 53
100 783
100 366
100 48
100 14
100 155
100 454
100 130
100 166
100 246
100 1859
100 212
100 52
100 87
100 487
100 1112
100 674
100 335
100 653
100 571
100 149
100 899
100 290
100 535
100 98
100 0
100 861
100 540
100 253
100 459
100 935
100 118
100 190
100 402
100 463
100 188
100 718
100 362
100 197
100 278
100 1135
100 1323
100 35
100 277
100 354
100 857
100 294
100 240
100 74
100 527
100 551
100 197
100 357
100 380
100 253
100 1084
100 314
100 101
100 39
100 738
100 401
100 41
100 29
100 209
100 221
100 21
100 297
100 5
100 108
100 1688
100 396
100 237
100 615
100 275
100 2323
100 228
100 160
100 612
100 31
100 456
100 197
100 250
100 180
100 377
100 73
100 1422
100 276
100 916
100 301
100 508
100 445
100 6
100 662
100 23
100 95
100 353
100 2
100 56
100 1336
100 96
100 144
100 680
100 33
100 166
100 174
100 113
100 211
100 153
100 180
100 33
100 424
100 219
100 137
100 139
100 125
100 21
100 42
100 45
100 41
100 515
100 853
100 797
100 132
100 310
100 476
100 684
100 1016
100 393
100 329
100 53
100 104
100 360
100 554
100 78
100 706
100 277
100 187
100 650
100 2
100 237
100 81
100 34
100 1247
100 232
100 77
100 672
100 420
100 1
100 815
100 645
100 358
100 54
100 338
100 705
100 323
100 2502
100 284
100 615
100 306
100 468
100 168
100 380
100 576
100 337
100 21
100 413
100 205
100 4
100 244
100 445
100 1480
100 380
100 940
100 213
100 1041
100 114
100 294
100 700
100 470
100 230
100 72
100 282
100 961
100 363
100 16
100 142
100 117
100 303
100 102
100 101
100 497
100 100
100 1797
100 68
100 614
100 9
100 711
100 208
100 255
100 229
100 779
100 1795
100 424
100 59
100 36
100 936
100 451
100 33
100 713
100 146
100 214
100 485
100 202
100 183
100 308
100 63
100 67
100 380
100 314
100 72
100 482
100 132
100 1168
100 17
100 104
100 446
100 841
100 492
100 435
100 584
100 202
100 68
100 191
100 282
100 96
100 723
100 794
100 530
100 92
100 1097
100 713
100 137
100 193
100 542
100 51
100 33
100 159
100 1061
100 211
100 727
100 106
100 37
100 52
100 572
100 48
100 170
100 114
100 10
100 221
100 67
100 168
100 97
100 56
100 266
100 35
100 738
100 149
100 856
100 21
100 26
100 104
100 1100
100 990
100 224
100 42
100 77
100 604
100 102
100 111
100 210
100 463
100 307
100 979
100 791
100 520
100 489
100 848
100 35
100 153
100 81
100 224
100 366
100 578
100 377
100 107
100 320
100 87
100 425
100 158
100 333
100 62
100 242
100 123
100 204
100 481
100 25
100 94
100 61
100 4
100 214
100 153
100 520
100 218
100 225
100 253
100 886
100 522
100 11
100 264
100 465
100 1059
100 107
100 843
100 949
100 120
100 616
100 480
100 411
100 88
100 545
100 713
100 412
100 199
100 359
100 497
100 84
100 176
100 156
100 113
100 166
100 89
100 195
100 402
100 46
100 47
100 71
100 412
100 1002
100 17
100 32
100 639
100 176
100 632
100 493
100 459
100 1303
100 565
100 50
100 261
100 793
100 191
100 517
100 141
100 514
100 10
100 294
100 14
100 17
100 1413
100 259
100 2
100 99
100 314
100 2189
100 833
100 975
100 318
100 23
100 301
100 815
100 33
100 538
100 253
100 330
100 372
100 135
100 347
100 430
100 122
100 448
100 124
100 670
100 715
100 438
100 215
100 241
100 424
100 187
100 26
100 359
100 127
100 497
100 42
100 457
100 207
100 339
100 808
100 9
100 219
100 129
100 36
100 124
100 185
100 0
100 653
100 164
100 44
100 656
100 117
100 558
100 318
100 66
100 94
100 220
100 589
100 13
100 164
100 311
100 123
100 406
100 1406
100 412
100 146
100 339
100 296
100 774
100 3
100 62
100 1
100 4
100 63
100 45
100 443
100 717
100 122
100 86
100 490
100 1838
100 423
100 228
100 69
100 832
100 164
100 323
100 695
100 149
100 237
100 371
100 666
100 14
100 441
100 177
100 107
100 1440
100 263
100 49
100 339
100 192
100 615
100 2706
100 26
100 86
100 23
100 280
100 61
100 992
100 383
100 297
100 103
100 290
100 128
100 124
100 162
100 585
100 489
100 29
100 274
100 242
100 489
100 177
100 81
100 196
100 350
100 689
100 551
100 114
100 434
100 118
100 229
100 312
100 65
100 232
100 520
100 720
100 9
100 18
100 642
100 197
100 42
100 114
100 228
100 1223
100 244
100 572
100 141
100 101
100 730
100 256
100 377
100 65
100 214
100 260
100 160
100 43
100 79
100 14
100 72
100 255
100 330
100 273
100 277
100 28
100 113
100 42
100 442
100 114
100 298
100 124
100 497
100 228
100 469
100 467
100 85
100 44
100 334
100 33
100 697
100 572
100 121
100 573
100 102
100 28
100 266
100 232
100 637
100 632
100 243
100 181
100 301
100 551
100 498
100 1106
100 1534
100 1104
100 195
100 382
100 512
100 179
100 526
100 382
100 160
100 55
100 707
100 138
100 117
100 308
100 391
100 89
100 430
100 348
100 341
100 991
100 349
100 970
100 637
100 524
100 414
100 447
100 105
100 34
100 162
100 443
100 245
100 256
100 254
100 161
100 704
100 502
100 107
100 240
100 124
100 116
100 361
100 471
100 1055
100 684
100 310
100 246
100 536
100 66
100 264
100 956
100 423
100 558
100 180
100 626
100 100
100 181
100 649
100 210
100 481
100 639
100 30
100 135
100 811
100 190
100 387
100 392
100 135
100 195
100 902
100 1033
100 118
100 419
100 417
100 961
100 2703
100 0
100 978
100 381
100 770
100 362
100 342
100 520
100 215
100 537
100 182
100 284
100 245
100 462
100 1133
100 216
100 229
100 1334
100 88
100 784
100 224
100 290
100 367
100 615
100 80
100 422
100 712
100 389
100 151
100 203
100 54
100 1407
100 158
100 169
100 1007
100 723
100 919
100 25
100 131
100 125
100 246
100 12
100 41
100 13
100 182
100 80
100 112
100 805
100 327
100 56
100 573
100 391
100 106
100 1041
100 1769
100 73
100 482
100 60
100 84
100 1959
100 366
100 1642
100 149
100 914
100 412
100 246
100 464
100 1271
100 190
100 63
100 763
100 234
100 653
100 1319
100 570
100 312
100 180
100 560
100 960
100 180
100 39
100 916
100 157
100 492
100 310
100 66
100 479
100 292
100 10
100 446
100 455
100 112
100 1285
100 38
100 86
100 326
100 414
100 481
100 545
100 479
100 259
100 58
100 457
100 48
100 306
100 481
100 54
100 41
100 236
100 490
100 134
100 163
100 54
100 139
100 242
100 230
100 1215
100 52
100 144
100 44
100 35
100 8
100 341
100 790
100 646
100 9
100 602
100 828
100 1352
100 133
100 3
100 379
100 91
100 64
100 140
100 813
100 434
100 1057
100 36
100 268
100 40
100 135
100 959
100 517
100 44
100 424
100 271
100 134
100 743
100 926
100 470
100 86
100 548
100 70
100 730
100 785
100 438
100 232
100 155
100 397
100 264
100 709
100 620
100 1269
100 231
100 958
100 345
100 658
100 313
100 324
100 96
100 22
100 463
100 1
100 114
100 132
100 557
100 1107
100 481
100 1148
100 62
100 8
100 340
100 314
100 344
100 469
100 165
100 301
100 599
100 687
100 625
100 68
100 590
100 267
100 142
100 21
100 150
100 1194
100 555
100 1357
100 742
100 145
100 284
100 79
100 471
100 256
100 517
100 839
100 371
100 187
100 34
100 252
100 1520
100 169
100 1365
100 756
100 17
100 113
100 256
100 59
100 835
100 170
100 623
100 752
100 39
100 189
100 206
100 72
100 1028
100 206
100 348
100 522
100 341
100 129
100 181
100 1107
100 96
100 61
100 776
100 29
100 95
100 348
100 4
100 15
100 31
100 1123
100 490
100 245
100 131
100 70
100 240
100 128
100 98
100 452
100 125
100 1542
100 267
100 370
100 4
100 91
100 281
100 87
100 141
100 9
100 515
100 194
100 1707
100 602
100 312
100 94
100 86
100 783
100 39
100 392
100 52
100 872
100 94
100 105
100 908
100 817
100 1025
100 91
100 137
100 16
100 121
100 70
100 120
100 2209
100 277
100 552
100 249
100 11
100 619
100 849
100 271
100 591
100 1080
100 329
100 662
100 24
100 558
100 330
100 255
100 28
100 69
100 258
100 1450
100 220
100 44
100 125
100 136
100 160
100 58
100 221
100 596
100 1406
100 225
100 1562
100 485
100 535
100 547
100 348
100 53
100 301
100 1183
100 113
100 22
100 305
100 1636
100 117
100 410
100 871
100 320
100 1040
100 397
100 533
100 316
100 130
100 533
100 583
100 1818
100 1760
100 808
100 389
100 59
100 778
100 847
100 186
100 505
100 143
100 208
100 117
100 181
100 625
100 359
100 81
100 97
100 470
100 264
100 158
100 295
100 528
100 551
100 589
100 1478
100 439
100 577
100 266
100 784
100 527
100 416
100 761
100 39
100 698
100 71
100 65
100 645
100 579
100 60
100 500
100 139
100 121
100 887
100 61
100 172
100 946
100 39
100 275
100 1705
100 57
100 4
100 80
100 600
100 54
100 280
100 178
100 46
100 58
100 287
100 128
100 64
100 2071
100 256
100 81
100 186
100 737
100 115
100 238
100 199
100 154
100 1328
100 812
100 727
100 481
100 212
100 552
100 1020
100 709
100 29
100 241
100 474
100 199
100 266
100 311
100 216
100 103
100 301
100 91
100 27
100 513
100 183
100 69
100 99
100 183
100 262
100 181
100 16
100 252
100 217
100 10
100 671
100 111
100 626
100 227
100 595
100 1654
100 17
100 195
100 175
100 1060
100 219
100 23
100 273
100 352
100 418
100 739
100 31
100 138
100 432
100 852
100 92
100 611
100 267
100 187
100 706
100 419
100 6
100 337
100 53
100 1088
100 5
100 521
100 464
100 343
100 335
100 0
100 1040
100 218
100 61
100 178
100 164
100 163
100 100
100 857
100 211
100 517
100 549
100 196
100 48
100 451
100 7
100 2019
100 51
100 203
100 492
100 293
100 294
100 544
100 377
100 948
100 3
100 88
100 388
100 997
100 497
100 212
100 325
100 246
100 220
100 194
100 214
100 700
100 690
100 187
100 341
100 725
100 410
100 390
100 60
100 712
100 241
100 241
100 7
100 156
100 147
100 197
100 543
100 286
100 754
100 66
100 698
100 22
100 249
100 607
100 58
100 15
100 1391
100 106
100 257
100 850
100 196
100 1009
100 1606
100 118
100 257
100 102
100 53
100 39
100 167
100 752
100 270
100 112
100 62
100 88
100 237
100 244
100 191
100 327
100 374
100 707
100 21
100 62
100 1570
100 106
100 1209
100 691
100 396
100 318
100 330
100 618
100 205
100 368
100 2304
100 1418
100 90
100 80
100 57
100 852
100 745
100 32
100 255
100 237
100 67
100 264
100 100
100 74
100 669
100 2491
100 209
100 239
100 0
100 346
100 438
100 97
100 381
100 192
100 346
100 173
100 302
100 680
100 709
100 69
100 575
100 374
100 43
100 2221
100 247
100 213
100 65
100 741
100 5
100 111
100 123
100 91
100 101
100 1253
100 279
100 407
100 1224
100 222
100 799
100 1097
100 223
100 1
100 326
100 94
100 23
100 207
100 19
100 199
100 925
100 15
100 178
100 374
100 570
100 432
100 174
100 177
100 757
100 604
100 385
100 190
100 982
100 168
100 295
100 51
100 255
100 632
100 300
100 185
100 1820
100 296
100 374
100 131
100 288
100 277
100 118
100 64
100 863
100 81
100 1017
100 217
100 794
100 160
100 145
100 122
100 1165
100 198
100 200
100 541
100 839
100 2
100 41
100 93
100 612
100 140
100 895
100 122
100 757
100 129
100 273
100 146
100 943
100 70
100 208
100 484
100 396
100 858
100 556
100 271
100 36
100 223
100 505
100 1831
100 494
100 128
100 643
100 352
100 499
100 153
100 21
100 185
100 221
100 689
100 507
100 414
100 65
100 610
100 1336
100 433
100 53
100 302
100 278
100 1113
100 52
100 617
100 24
100 413
100 7
100 620
100 105
100 118
100 21
100 29
100 311
100 1860
100 419
100 345
100 207
100 370
100 67
100 1110
100 495
100 203
100 547
100 1237
100 318
100 132
100 620
100 914
100 199
100 407
100 1121
100 5
100 2552
100 457
100 207
100 37
100 205
100 446
100 137
100 991
100 519
100 162
100 309
100 442
100 1395
100 78
100 769
100 113
100 915
100 1517
100 182
100 663
100 1315
100 20
100 245
100 182
100 104
100 440
100 94
100 385
100 441
100 52
100 510
100 785
100 42
100 125
100 465
100 65
100 357
100 174
100 569
100 56
100 131
100 308
100 252
100 3
100 28
100 171
100 993
100 147
100 48
100 305
100 625
100 981
100 682
100 275
100 367
100 866
100 536
100 141
100 419
100 157
100 809
100 1398
100 85
100 254
100 73
100 1406
100 111
100 406
100 645
100 151
100 247
100 156
100 103
100 297
100 70
100 210
100 749
100 50
100 531
100 154
100 681
100 718
100 151
100 987
100 150
100 909
100 67
100 286
100 291
100 218
100 185
100 404
100 214
100 634
100 709
100 84
100 1164
100 705
100 186
100 1107
100 187
100 110
100 431
100 521
100 786
100 407
100 518
100 142
100 10
100 102
100 542
100 829
100 745
100 21
100 7
100 408
100 241
100 379
100 561
100 155
100 1101
100 324
100 310
100 410
100 674
100 109
100 364
100 3
100 298
100 121
100 80
100 282
100 431
100 525
100 1211
100 816
100 417
100 166
100 614
100 118
100 16
100 336
100 1213
100 516
100 354
100 328
100 1170
100 29
100 26
100 1590
100 108
100 131
100 1062
100 256
100 1131
100 333
100 585
100 335
100 2183
100 149
100 56
100 524
100 106
100 275
100 811
100 313
100 193
100 59
100 129
100 172
100 7
100 209
100 1243
100 1540
100 913
100 861
100 764
100 489
100 228
100 673
100 418
100 67
100 373
100 1361
100 509
100 183
100 48
100 291
100 26
100 297
100 195
100 729
100 181
100 709
100 279
100 327
100 513
100 182
100 14
100 1339
100 387
100 202
100 613
100 188
100 711
100 689
100 304
100 389
100 60
100 628
100 134
100 371
100 1106
100 223
100 62
100 10
100 165
100 289
100 137
100 241
100 511
100 10
100 232
100 413
100 1858
100 295
100 154
100 944
100 214
100 383
100 250
100 746
100 598
100 159
100 60
100 13
100 2
100 242
100 1365
100 535
100 314
100 494
100 283
100 45
100 113
100 166
100 598
100 989
100 1288
100 129
100 0
100 502
100 1006
100 75
100 1124
100 81
100 494
100 845
100 165
100 48
100 29
100 48
100 1279
100 81
100 541
100 597
100 225
100 96
100 1805
100 293
100 961
100 452
100 464
100 284
100 69
100 474
100 619
100 111
100 43
100 120
100 236
100 529
100 664
100 12
100 593
100 0
100 340
100 204
100 124
100 813
100 161
100 810
100 53
100 478
100 387
100 221
100 43
100 247
100 870
100 75
100 239
100 115
100 644
100 181
100 36
100 1012
100 257
100 334
100 118
100 245
100 155
100 46
100 103
100 44
100 17
100 616
100 279
100 926
100 113
100 626
100 9
100 451
100 736
100 483
100 110
100 77
100 490
100 36
100 457
100 154
100 551
100 191
100 1383
100 66
100 180
100 763
100 947
100 275
100 200
100 718
100 342
100 127
100 368
100 100
100 28
100 334
100 289
100 36
100 481
100 124
100 6
100 6
100 527
100 40
100 198
100 1796
100 800
100 29
100 894
100 568
100 148
100 1220
100 244
100 10
100 558
100 234
100 59
100 525
100 536
100 23
100 397
100 30
100 1178
100 490
100 504
100 458
100 485
100 138
100 1024
100 88
100 53
100 318
100 291
100 184
100 1718
100 440
100 72
100 29
100 264
100 806
100 257
100 1074
100 123
100 263
100 119
100 283
100 633
100 91
100 28
100 412
100 300
100 107
100 1011
100 88
100 253
100 730
100 208
100 180
100 97
100 240
100 511
100 227
100 540
100 196
100 205
100 520
100 86
100 1884
100 148
100 180
100 386
100 521
100 44
100 14
100 241
100 255
100 7
100 343
100 415
100 423
100 167
100 531
100 793
100 900
100 1636
100 19
100 258
100 230
100 7
100 526
100 122
100 51
100 129
100 291
100 427
100 832
100 52
100 57
100 164
100 120
100 484
100 87
100 443
100 138
100 416
100 627
100 364
100 51
100 347
100 134
100 594
100 855
100 242
100 168
100 549
100 74
100 294
100 156
100 544
100 23
100 364
100 536
100 585
100 581
100 556
100 569
100 72
100 471
100 618
100 18
100 568
100 144
100 124
100 527
100 31
100 522
100 78
100 194
100 312
100 400
100 512
100 119
100 409
100 377
100 528
100 124
100 1098
100 94
100 1299
100 750
100 477
100 65
100 967
100 1258
100 340
100 277
100 925
100 46
100 104
100 251
100 315
100 290
100 444
100 1133
100 303
100 565
100 484
100 432
100 431
100 962
100 29
100 208
100 18
100 154
100 928
100 192
100 311
100 304
100 497
100 132
100 2059
100 1671
100 533
100 181
100 24
100 120
100 132
100 599
100 211
100 279
100 243
100 415
100 90
100 430
100 139
100 633
100 452
100 384
100 65
100 111
100 158
100 628
100 472
100 439
100 891
100 524
100 409
100 253
100 984
100 296
100 4
100 122
100 49
100 23
100 1329
100 622
100 215
100 38
100 81
100 304
100 186
100 440
100 520
100 672
100 387
100 603
100 379
100 821
100 306
100 532
100 495
100 2
100 42
100 1239
100 2023
100 696
100 172
100 76
100 65
100 580
100 599
100 593
100 494
100 315
100 51
100 42
100 174
100 755
100 292
100 398
100 90
100 855
100 122
100 475
100 395
100 192
100 464
100 46
100 224
100 786
100 235
100 6
100 1307
100 264
100 610
100 143
100 670
100 124
100 1
100 218
100 133
100 213
100 169
100 117
100 18
100 861
100 339
100 361
100 47
100 411
100 2635
100 415
100 209
100 102
100 367
100 435
100 682
100 84
100 721
100 134
100 77
100 617
100 199
100 74
100 370
100 34
100 434
100 805
100 89
100 36
100 38
100 341
100 656
100 1897
100 188
100 768
100 380
100 280
100 106
100 1243
100 1029
100 280
100 188
100 492
100 638
100 250
100 252
100 290
100 511
100 354
100 480
100 229
100 526
100 323
100 610
100 0
100 431
100 853
100 546
100 336
100 172
100 293
100 716
100 363
100 547
100 280
100 587
100 391
100 504
100 349
100 297
100 234
100 135
100 2
100 255
100 212
100 582
100 1533
100 79
100 139
100 379
100 416
100 636
100 1271
100 1000
100 63
100 291
100 489
100 270
100 159
100 665
100 64
100 966
100 18
100 245
100 368
100 684
100 235
100 727
100 11
100 80
100 151
100 194
100 893
100 478
100 1043
100 85
100 386
100 346
100 2006
100 281
100 121
100 691
100 521
100 120
100 733
100 529
100 364
100 127
100 74
100 498
100 1736
100 294
100 35
100 547
100 21
100 421
100 54
100 101
100 65
100 258
100 693
100 125
100 100
100 123
100 350
100 131
100 277
100 195
100 9
100 139
100 601
100 35
100 214
100 88
100 235
100 150
100 19
100 167
100 291
100 220
100 60
100 437
100 93
100 706
100 60
100 635
100 142
100 26
100 838
100 893
100 102
100 492
100 680
100 7
100 166
100 5
100 448
100 328
100 140
100 406
100 64
100 36
100 644
100 5
100 89
100 250
100 144
100 199
100 523
100 696
100 1190
100 233
100 507
100 39
100 249
100 183
100 501
100 58
100 40
100 864
100 118
100 113
100 160
100 28
100 208
100 689
100 351
100 526
100 704
100 1809
100 65
100 30
100 1366
100 138
100 563
100 115
100 177
100 306
100 51
100 344
100 325
100 218
100 32
100 1048
100 13
100 826
100 327
100 868
100 332
100 718
100 108
100 291
100 532
100 317
100 1629
100 1547
100 459
100 970
100 1061
100 50
100 334
100 405
100 669
100 1387
100 58
100 828
100 713
100 947
100 1380
100 29
100 105
100 325
100 1149
100 24
100 341
100 89
100 116
100 575
100 66
100 86
100 326
100 680
100 1418
100 1558
100 36
100 43
100 599
100 542
100 120
100 318
100 49
100 1515
100 106
100 4
100 11
100 352
100 747
100 135
100 418
100 2756
100 292
100 413
100 70
100 64
100 104
100 78
100 1114
100 492
100 49
100 106
100 262
100 72
100 807
100 184
100 123
100 368
100 59
100 188
100 596
100 224
100 749
100 92
100 129
100 6
100 28
100 856
100 498
100 174
100 213
100 127
100 260
100 240
100 370
100 530
100 17
100 58
100 554
100 1208
100 713
100 4
100 1384
100 745
100 182
100 377
100 511
100 199
100 650
100 667
100 176
100 298
100 329
100 291
100 655
100 149
100 1889
100 163
100 241
100 727
100 128
100 334
100 48
100 248
100 102
100 454
100 1355
100 70
100 48
100 574
100 140
100 308
100 126
100 629
100 79
100 464
100 398
100 417
100 425
100 52
100 707
100 1177
100 296
100 75
100 463
100 22
100 599
100 315
100 288
100 449
100 153
100 87
100 138
100 446
100 1758
100 594
100 1144
100 11
100 375
100 314
100 358
100 1186
100 771
100 383
100 610
100 17
100 185
100 53
100 287
100 118
100 61
100 8
100 352
100 616
100 336
100 615
100 285
100 256
100 104
100 115
100 172
100 131
100 963
100 382
100 211
100 177
100 68
100 431
100 52
100 0
100 342
100 22
100 342
100 30
100 312
100 1002
100 62
100 277
100 758
100 112
100 84
100 44
100 80
100 815
100 202
100 24
100 814
100 63
100 331
100 81
100 1292
100 88
100 520
100 16
100 117
100 1025
100 509
100 217
100 486
100 34
100 1280
100 192
100 1384
100 368
100 494
100 186
100 883
100 593
100 218
100 388
100 271
100 303
100 574
100 579
100 23
100 549
100 535
100 199
100 334
100 272
100 294
100 159
100 34
100 1258
100 316
100 491
100 4
100 12
100 81
100 16
100 79
100 312
100 705
100 23
100 1794
100 287
100 367
100 244
100 346
100 609
100 877
100 503
100 599
100 401
100 1562
100 421
100 624
100 320
100 343
100 85
100 1066
100 283
100 312
100 1042
100 401
100 643
100 531
100 75
100 2
100 438
100 1377
100 552
100 269
100 676
100 923
100 146
100 344
100 787
100 1062
100 788
100 697
100 916
100 217
100 30
100 391
100 2019
100 374
100 438
100 316
100 50
100 165
100 364
100 549
100 361
100 151
100 310
100 340
100 776
100 566
100 71
100 417
100 266
100 279
100 111
100 175
100 160
100 335
100 727
100 158
100 206
100 355
100 120
100 689
100 70
100 1651
100 390
100 222
100 5
100 531
100 1048
100 602
100 646
100 549
100 238
100 136
100 108
100 33
100 913
100 173
100 424
100 944
100 858
100 285
100 516
100 130
100 167
100 201
100 147
100 199
100 752
100 582
100 847
100 301
100 2507
100 1075
100 67
100 1358
100 200
100 209
100 502
100 257
100 723
100 257
100 88
100 172
100 54
100 1264
100 337
100 89
100 582
100 76
100 9
100 372
100 471
100 290
100 234
100 566
100 1005
100 112
100 13
100 372
100 133
100 560
100 53
100 265
100 405
100 237
100 268
100 319
100 433
100 799
100 5
100 1030
100 323
100 794
100 97
100 140
100 122
100 287
100 65
100 23
100 883
100 116
100 418
100 1760
100 715
100 90
100 275
100 460
100 79
100 93
100 287
100 183
100 681
100 393
100 127
100 288
100 1721
100 209
100 525
100 309
100 119
100 25
100 62
100 60
100 44
100 401
100 740
100 359
100 296
100 91
100 311
100 626
100 98
100 14
100 1473
100 4
100 127
100 8
100 675
100 693
100 161
100 354
100 362
100 425
100 561
100 1706
100 632
100 869
100 108
100 291
100 498
100 17
100 110
100 775
100 792
100 111
100 513
100 50
100 410
100 199
100 294
100 186
100 97
100 880
100 1380
100 42
100 160
100 187
100 282
100 876
100 46
100 411
100 539
100 164
100 1041
100 374
100 239
100 10
100 445
100 498
100 133
100 492
100 760
100 611
100 212
100 709
100 252
100 116
100 728
100 425
100 12
100 30
100 382
100 612
100 350
100 70
100 634
100 483
100 122
100 365
100 405
100 124
100 38
100 505
100 92
100 790
100 48
100 414
100 271
100 94
100 573
100 375
100 151
100 1373
100 306
100 730
100 582
100 492
100 218
100 116
100 130
100 481
100 658
100 450
100 149
100 64
100 292
100 1
100 37
100 503
100 203
100 345
100 320
100 57
100 866
100 151
100 34
100 163
100 60
100 446
100 535
100 1010
100 148
100 149
100 284
100 65
100 116
100 323
100 4
100 641
100 435
100 165
100 1146
100 119
100 1022
100 1252
100 1858
100 849
100 595
100 458
100 1656
100 25
100 197
100 144
100 214
100 516
100 687
100 305
100 21
100 116
100 45
100 681
100 243
100 743
100 560
100 85
100 233
100 303
100 110
100 126
100 526
100 281
100 14
100 102
100 160
100 938
100 227
100 872
100 1338
100 716
100 24
100 92
100 780
100 758
100 501
100 787
100 96
100 698
100 49
100 23
100 331
100 88
100 1174
100 506
100 461
100 113
100 202
100 648
100 221
100 1594
100 281
100 507
100 322
100 416
100 35
100 494
100 78
100 50
100 583
100 434
100 410
100 502
100 261
100 117
100 196
100 166
100 439
100 82
100 85
100 179
100 57
100 53
100 1653
100 163
100 2
100 590
100 416
100 177
100 237
100 30
100 210
100 184
100 683
100 1107
100 43
100 13
100 576
100 128
100 1144
100 554
100 125
100 506
100 120
100 773
100 416
100 206
100 77
100 1202
100 229
100 858
100 829
100 52
100 175
100 397
100 614
100 138
100 146
100 229
100 224
100 176
100 1216
100 460
100 520
100 321
100 708
100 347
100 21
100 83
100 465
100 436
100 769
100 2
100 462
100 324
100 118
100 419
100 282
100 718
100 267
100 373
100 23
100 989
100 69
100 311
100 81
100 482
100 449
100 750
100 618
100 624
100 520
100 106
100 906
100 14
100 25
100 31
100 470
100 1024
100 170
100 111
100 458
100 864
100 50
100 214
100 27
100 27
100 124
100 506
100 294
100 631
100 448
100 230
100 23
100 9
100 589
100 835
100 518
100 381
100 268
100 58
100 167
100 287
100 147
100 431
100 685
100 251
100 228
100 356
100 195
100 68
100 319
100 129
100 126
100 673
100 283
100 20
100 232
100 644
100 339
100 1769
100 564
100 410
100 138
100 334
100 329
100 283
100 46
100 181
100 81
100 19
100 226
100 282
100 87
100 84
100 395
100 238
100 614
100 126
100 240
100 123
100 393
100 79
100 483
100 195
100 41
100 47
100 74
100 320
100 833
100 366
100 163
100 322
100 659
100 470
100 1188
100 92
100 514
100 570
100 676
100 362
100 105
100 8
100 150
100 254
100 486
100 194
100 167
100 1022
100 340
100 818
100 105
100 75
100 119
100 201
100 28
100 1021
100 42
100 20
100 401
100 880
100 492
100 130
100 124
100 191
100 573
100 4
100 878
100 170
100 139
100 35
100 277
100 342
100 78
100 192
100 73
100 45
100 270
100 690
100 32
100 358
100 277
100 530
100 364
100 39
100 71
100 93
100 534
100 226
100 875
100 643
100 656
100 121
100 39
100 976
100 663
100 270
100 103
100 442
100 547
100 744
100 340
100 436
100 59
100 247
100 559
100 423
100 23
100 537
100 311
100 149
100 4
100 121
100 415
100 176
100 6
100 253
100 61
100 931
100 85
100 1321
100 244
100 178
100 148
100 602
100 386
100 427
100 1366
100 742
100 19
100 20
100 616
100 16
100 708
100 126
100 51
100 332
100 812
100 544
100 752
100 796
100 495
100 287
100 277
100 158
100 129
100 14
100 9
100 7
100 757
100 277
100 635
100 447
100 83
100 72
100 713
100 483
100 373
100 931
100 55
100 1208
100 661
100 83
100 660
100 182
100 633
100 803
100 286
100 1917
100 364
100 146
100 147
100 358
100 88
100 155
100 11
100 45
100 690
100 172
100 275
100 442
100 740
100 124
100 46
100 1392
100 1225
100 1089
100 322
100 369
100 252
100 284
100 53
100 260
100 1442
100 232
100 795
100 70
100 615
100 1545
100 745
100 231
100 480
100 107
100 1461
100 75
100 341
100 103
100 557
100 2712
100 13
100 1728
100 605
100 72
100 1002
100 267
100 108
100 73
100 1
100 50
100 75
100 472
100 357
100 1041
100 29
100 343
100 222
100 1
100 35
100 1322
100 157
100 45
100 272
100 12
100 254
100 436
100 33
100 206
100 198
100 603
100 108
100 131
100 498
100 286
100 199
100 1829
100 427
100 876
100 167
100 830
100 626
100 739
100 781
100 427
100 363
100 497
100 55
100 36
100 720
100 358
100 905
100 327
100 93
100 427
100 411
100 702
100 167
100 259
100 42
100 629
100 799
100 112
100 534
100 195
100 762
100 414
100 311
100 48
100 945
100 1316
100 412
100 307
100 8
100 853
100 302
100 53
100 240
100 445
100 36
100 44
100 138
100 534
100 493
100 311
100 733
100 690
100 6
100 1769
100 446
100 61
100 807
100 988
100 409
100 262
100 82
100 895
100 48
100 238
100 295
100 450
100 1232
100 10
100 153
100 871
100 191
100 278
100 72
100 64
100 190
100 13
100 355
100 573
100 47
100 464
100 142
100 104
100 195
100 514
100 335
100 179
100 3
100 667
100 590
100 637
100 598
100 339
100 169
100 1
100 1365
100 364
100 629
100 1066
100 109
100 441
100 337
100 291
100 125
100 353
100 392
100 104
100 157
100 10
100 806
100 1623
100 539
100 474
100 6
100 564
100 303
100 243
100 30
100 397
100 493
100 116
100 253
100 309
100 358
100 40
100 257
100 804
100 370
100 470
100 149
100 607
100 529
100 22
100 1128
100 209
100 389
100 1408
100 461
100 182
100 220
100 313
100 129
100 644
100 334
100 408
100 109
100 1397
100 110
100 0
100 888
100 14
100 808
100 46
100 351
100 632
100 343
100 338
100 748
100 368
100 25
100 1104
100 264
100 129
100 13
100 56
100 161
100 109
100 173
100 1689
100 108
100 616
100 246
100 199
100 121
100 120
100 373
100 170
100 87
100 798
100 205
100 23
100 313
100 1352
100 190
100 138
100 564
100 259
100 0
100 299
100 1075
100 213
100 80
100 404
100 249
100 1826
100 823
100 612
100 272
100 195
100 1149
100 325
100 799
100 22
100 417
100 205
100 89
100 955
100 193
100 555
100 645
100 89
100 1540
100 337
100 424
100 48
100 642
100 1032
100 193
100 309
100 646
100 228
100 167
100 909
100 499
100 241
100 1020
100 444
100 193
100 295
100 163
100 155
100 6
100 250
100 1534
100 29
100 474
100 471
100 677
100 501
100 256
100 104
100 183
100 326
100 108
100 455
100 310
100 1314
100 17
100 81
100 127
100 453
100 293
100 33
100 7
100 569
100 739
100 539
100 885
100 216
100 314
100 704
100 48
100 300
100 1117
100 152
100 459
100 204
100 2
100 545
100 200
100 234
100 407
100 496
100 783
100 604
100 301
100 1351
100 248
100 550
100 491
100 7
100 493
100 284
100 115
100 34
100 465
100 398
100 590
100 534
100 287
100 143
100 219
100 69
100 22
100 492
100 336
100 74
100 141
100 12
100 34
100 1036
100 203
100 305
100 98
100 290
100 112
100 63
100 126
100 348
100 214
100 203
100 213
100 564
100 674
100 74
100 217
100 1226
100 347
100 973
100 293
100 241
100 1171
100 534
100 337
100 453
100 440
100 298
100 220
100 694
100 456
100 256
100 364
100 614
100 19
100 44
100 358
100 73
100 1491
100 111
100 275
100 60
100 1310
100 306
100 120
100 308
100 657
100 470
100 792
100 36
100 441
100 7
100 324
100 217
100 389
100 161
100 127
100 79
100 587
100 445
100 231
100 109
100 54
100 22
100 333
100 315
100 413
100 939
100 53
100 87
100 271
100 296
100 763
100 390
100 340
100 808
100 51
100 97
100 172
100 158
100 380
100 559
100 26
100 476
100 82
100 22
100 673
100 833
100 295
100 465
100 52
100 399
100 1312
100 43
100 353
100 245
100 260
100 123
100 134
100 77
100 108
100 351
100 1074
100 573
100 11
100 224
100 293
100 472
100 375
100 376
100 53
100 437
100 87
100 130
100 1103
100 729
100 348
100 297
100 718
100 70
100 628
100 687
100 303
100 455
100 233
100 531
100 645
100 25
100 230
100 305
100 99
100 903
100 774
100 207
100 539
100 134
100 261
100 163
100 778
100 377
100 156
100 1205
100 159
100 284
100 531
100 368
100 331
100 518
100 92
100 25
100 91
100 359
100 509
100 639
100 262
100 232
100 1119
100 1037
100 80
100 1718
100 1171
100 612
100 1
100 1349
100 206
100 87
100 312
100 1837
100 215
100 159
100 52
100 700
100 529
100 513
100 181
100 234
100 37
100 500
100 240
100 22
100 44
100 8
100 358
100 309
100 55
100 10
100 84
100 328
100 90
100 646
100 93
100 227
100 465
100 698
100 1654
100 195
100 146
100 129
100 44
100 92
100 30
100 711
100 113
100 74
100 214
100 506
100 1194
100 284
100 112
100 254
100 707
100 612
100 37
100 418
100 148
100 50
100 471
100 251
100 307
100 17
100 420
100 1179
100 786
100 16
100 498
100 1133
100 299
100 71
100 1053
100 341
100 245
100 333
100 219
100 811
100 246
100 225
100 602
100 97
100 233
100 623
100 54
100 31
100 83
100 469
100 283
100 119
100 163
100 629
100 759
100 139
100 178
100 449
100 162
100 288
100 213
100 341
100 353
100 95
100 132
100 557
100 497
100 763
100 486
100 472
100 126
100 77
100 310
100 100
100 243
100 719
100 175
100 183
100 90
100 1114
100 2
100 524
100 103
100 150
100 232
100 28
100 519
100 439
100 84
100 1362
100 312
100 474
100 227
100 861
100 114
100 55
100 1516
100 496
100 974
100 342
100 9
100 1004
100 360
100 570
100 1190
100 147
100 1038
100 614
100 104
100 951
100 202
100 150
100 657
100 29
100 7
100 240
100 28
100 246
100 84
100 700
100 282
100 660
100 459
100 661
100 217
100 88
100 188
100 679
100 802
100 160
100 137
100 22
100 393
100 325
100 1059
100 299
100 752
100 133
100 208
100 729
100 77
100 809
100 1982
100 505
100 106
100 327
100 95
100 599
100 593
100 153
100 85
100 185
100 19
100 951
100 55
100 336
100 1136
100 26
100 441
100 251
100 59
100 581
100 420
100 177
100 29
100 90
100 148
100 175
100 402
100 323
100 485
100 835
100 998
100 379
100 208
100 196
100 211
100 420
100 80
100 570
100 328
100 120
100 87
100 39
100 181
100 551
100 198
100 105
100 194
100 13
100 12
100 110
100 196
100 160
100 22
100 533
100 156
100 695
100 137
100 180
100 538
100 103
100 312
100 226
100 490
100 94
100 13
100 120
100 7
100 873
100 50
100 233
100 398
100 998
100 759
100 1364
100 97
100 130
100 521
100 246
100 26
100 256
100 575
100 16
100 37
100 462
100 1945
100 904
100 450
100 520
100 117
100 302
100 1683
100 29
100 108
100 787
100 388
100 279
100 1306
100 123
100 701
100 282
100 268
100 330
100 64
100 106
100 230
100 693
100 181
100 564
100 181
100 147
100 206
100 97
100 95
100 174
100 342
100 732
100 1527
100 493
100 131
100 849
100 582
100 464
100 30
100 138
100 727
100 517
100 105
100 389
100 334
100 83
100 281
100 442
100 1277
100 242
100 290
100 110
100 125
100 129
100 183
100 381
100 83
100 318
100 758
100 0
100 708
100 374
100 888
100 106
100 195
100 70
100 115
100 112
100 165
100 49
100 1950
100 818
100 819
100 89
100 1817
100 441
100 406
100 473
100 789
100 496
100 2
100 150
100 216
100 60
100 23
100 201
100 78
100 58
100 118
100 267
100 9
100 159
100 1237
100 498
100 1803
100 22
100 584
100 688
100 97
100 20
100 33
100 300
100 30
100 14
100 1137
100 356
100 26
100 213
100 15
100 40
100 28
100 481
100 409
100 334
100 567
100 617
100 583
100 30
100 98
100 266
100 237
100 1478
100 742
100 5
100 20
100 624
100 102
100 356
100 551
100 79
100 1129
100 321
100 1816
100 689
100 18
100 7
100 361
100 545
100 307
100 812
100 274
100 1743
100 85
100 638
100 313
100 446
100 25
100 64
100 563
100 645
100 382
100 25
100 316
100 309
100 435
100 492
100 42
100 292
100 92
100 26
100 109
100 797
100 455
100 281
100 932
100 377
100 267
100 207
100 49
100 774
100 548
100 1286
100 74
100 306
100 16
100 15
100 409
100 434
100 486
100 89
100 218
100 70
100 938
100 337
100 23
100 5
100 409
100 131
100 6
100 772
100 135
100 726
100 168
100 2
100 81
100 408
100 318
100 204
100 606
100 120
100 837
100 398
100 284
100 920
100 359
100 783
100 121
100 81
100 2127
100 54
100 287
100 1021
100 249
100 36
100 814
100 327
100 86
100 213
100 425
100 145
100 412
100 1079
100 39
100 82
100 393
100 318
100 820
100 45
100 243
100 1194
100 136
100 229
100 0
100 250
100 786
100 84
100 58
100 72
100 1580
100 372
100 1009
100 486
100 84
100 545
100 189
100 585
100 43
100 67
100 71
100 55
100 9
100 41
100 945
100 103
100 131
100 31
100 845
100 127
100 122
100 1488
100 148
100 212
100 183
100 380
100 78
100 469
100 292
100 82
100 33
100 191
100 151
100 7
100 759
100 63
100 337
100 136
100 265
100 375
100 1194
100 31
100 373
100 285
100 256
100 596
100 155
100 241
100 483
100 1202
100 1518
100 107
100 1328
100 234
100 188
100 153
100 419
100 91
100 477
100 117
100 341
100 1259
100 166
100 408
100 97
100 113
100 105
100 61
100 172
100 704
100 564
100 520
100 463
100 436
100 272
100 127
100 729
100 125
100 427
100 723
100 745
100 648
100 48
100 286
100 48
100 94
100 114
100 126
100 960
100 304
100 146
100 69
100 180
100 40
100 1708
100 51
100 226
100 263
100 324
100 135
100 628
100 96
100 1336
100 593
100 98
100 11
100 139
100 493
100 712
100 769
100 128
100 353
100 290
100 568
100 480
100 238
100 325
100 334
100 617
100 212
100 334
100 344
100 602
100 317
100 1294
100 754
100 80
100 179
100 677
100 139
100 61
100 867
100 155
100 228
100 736
100 3506
100 41
100 1067
100 480
100 189
100 706
100 353
100 132
100 297
100 730
100 27
100 1062
100 122
100 82
100 109
100 126
100 100
100 408
100 312
100 303
100 112
100 57
100 556
100 269
100 1390
100 778
100 273
100 65
100 111
100 18
100 71
100 193
100 375
100 72
100 312
100 227
100 38
100 131
100 1090
100 24
100 394
100 100
100 215
100 805
100 157
100 320
100 435
100 95
100 615
100 700
100 541
100 204
100 335
100 1196
100 315
100 1305
100 356
100 104
100 368
100 398
100 116
100 102
100 256
100 955
100 84
100 1389
100 419
100 276
100 1503
100 929
100 381
100 723
100 262
100 338
100 86
100 107
100 1459
100 191
100 45
100 1432
100 644
100 595
100 30
100 420
100 452
100 57
100 1057
100 715
100 147
100 149
100 632
100 1462
100 144
100 556
100 14
100 711
100 1010
100 517
100 936
100 121
100 79
100 50
100 216
100 91
100 1025
100 64
100 56
100 279
100 258
100 1157
100 341
100 1291
100 321
100 284
100 154
100 378
100 473
100 1209
100 532
100 197
100 130
100 49
100 92
100 310
100 108
100 318
100 44
100 385
100 1181
100 883
100 47
100 1454
100 1200
100 211
100 529
100 257
100 740
100 228
100 482
100 52
100 195
100 1686
100 698
100 683
100 350
100 640
100 34
100 356
100 533
100 30
100 45
100 46
100 230
100 109
100 1067
100 339
100 34
100 518
100 988
100 790
100 260
100 566
100 639
100 308
100 50
100 222
100 396
100 75
100 367
100 1634
100 23
100 107
100 597
100 761
100 1419
100 153
100 247
100 301
100 644
100 1016
100 634
100 162
100 1773
100 833
100 377
100 154
100 348
100 311
100 733
100 36
100 216
100 41
100 538
100 81
100 22
100 1251
100 255
100 730
100 125
100 77
100 277
100 97
100 145
100 41
100 24
100 133
100 516
100 166
100 1342
100 156
100 81
100 239
100 593
100 144
100 236
100 134
100 333
100 129
100 181
100 276
100 928
100 461
100 486
100 573
100 39
100 317
100 131
100 739
100 222
100 207
100 155
100 330
100 176
100 264
100 47
100 138
100 561
100 697
100 194
100 53
100 1097
100 127
100 471
100 184
100 188
100 62
100 190
100 0
100 296
100 575
100 830
100 712
100 66
100 1126
100 36
100 397
100 518
100 210
100 103
100 898
100 136
100 1350
100 57
100 141
100 109
100 44
100 4
100 548
100 637
100 358
100 240
100 400
100 232
100 220
100 14
100 910
100 217
100 268
100 69
100 22
100 151
100 256
100 20
100 967
100 415
100 176
100 112
100 333
100 182
100 353
100 258
100 424
100 37
100 34
100 10
100 127
100 267
100 185
100 90
100 213
100 171
100 540
100 232
100 749
100 666
100 142
100 1360
100 6
100 690
100 408
100 159
100 68
100 41
100 212
100 30
100 102
100 487
100 55
100 74
100 786
100 21
100 16
100 44
100 169
100 178
100 1972
100 104
100 950
100 694
100 510
100 33
100 89
100 4
100 114
100 281
100 1273
100 110
100 79
100 1
100 537
100 634
100 61
100 907
100 101
100 183
100 931
100 37
100 326
100 93
100 16
100 254
100 220
100 1051
100 101
100 224
100 911
100 161
100 847
100 188
100 230
100 652
100 499
100 626
100 601
100 1676
100 458
100 1327
100 156
100 61
100 318
100 854
100 0
100 1600
100 1645
100 1983
100 983
100 471
100 288
100 4
100 192
100 262
100 362
100 88
100 2021
100 848
100 738
100 310
100 42
100 348
100 656
100 509
100 402
100 914
100 288
100 236
100 190
100 547
100 462
100 201
100 244
100 168
100 373
100 76
100 386
100 776
100 639
100 249
100 39
100 121
100 237
100 230
100 1078
100 373
100 602
100 532
100 900
100 729
100 681
100 805
100 24
100 97
100 201
100 113
100 596
100 12
100 185
100 525
100 309
100 704
100 457
100 406
100 326
100 1314
100 447
100 788
100 744
100 26
100 1064
100 449
100 133
100 341
100 177
100 253
100 364
100 1149
100 356
100 594
100 117
100 500
100 261
100 456
100 70
100 201
100 1030
100 41
100 137
100 22
100 755
100 973
100 887
100 532
100 186
100 165
100 397
100 221
100 194
100 169
100 255
100 150
100 198
100 189
100 542
100 832
100 56
100 1579
100 1227
100 14
100 1123
100 314
100 509
100 130
100 2058
100 412
100 145
100 198
100 352
100 356
100 290
100 79
100 170
100 725
100 115
100 636
100 140
100 64
100 584
100 153
100 826
100 1080
100 35
100 264
100 81
100 455
100 696
100 642
100 3
100 325
100 366
100 1210
100 585
100 1746
100 101
100 261
100 44
100 21
100 254
100 1183
100 560
100 1059
100 4
100 260
100 221
100 475
100 1073
100 264
100 462
100 22
100 175
100 159
100 715
100 229
100 262
100 1001
100 68
100 81
100 84
100 49
100 343
100 284
100 269
100 281
100 171
100 469
100 19
100 43
100 1080
100 240
100 206
100 453
100 255
100 923
100 612
100 324
100 288
100 223
100 337
100 1379
100 2028
100 392
100 464
100 211
100 185
100 168
100 781
100 163
100 94
100 229
100 209
100 388
100 1009
100 950
100 433
100 1529
100 580
100 88
100 713
100 330
100 129
100 291
100 616
100 1
100 365
100 1144
100 30
100 669
100 258
100 24
100 367
100 424
100 133
100 420
100 360
100 37
100 81
100 302
100 287
100 85
100 643
100 386
100 46
100 312
100 992
100 158
100 253
100 831
100 217
100 958
100 168
100 113
100 350
100 692
100 74
100 2361
100 72
100 122
100 381
100 540
100 103
100 879
100 971
100 373
100 1049
100 480
100 1750
100 838
100 147
100 185
100 379
100 360
100 445
100 118
100 820
100 384
100 190
100 271
100 23
100 34
100 44
100 161
100 395
100 138
100 218
100 440
100 21
100 294
100 53
100 152
100 500
100 199
100 790
100 107
100 103
100 1408
100 192
100 22
100 727
100 19
100 1303
100 53
100 66
100 447
100 3
100 428
100 1001
100 26
100 301
100 482
100 285
100 445
100 300
100 20
100 354
100 153
100 1582
100 158
100 1813
100 37
100 351
100 323
100 645
100 1341
100 10
100 2216
100 474
100 45
100 43
100 217
100 262
100 152
100 195
100 278
100 163
100 25
100 965
100 988
100 501
100 449
100 276
100 15
100 703
100 26
100 407
100 581
100 351
100 48
100 420
100 82
100 74
100 388
100 446
100 445
100 1146
100 126
100 37
100 118
100 106
100 64
100 200
100 751
100 92
100 210
100 151
100 769
100 429
100 27
100 236
100 168
100 52
100 986
100 28
100 21
100 308
100 140
100 399
100 84
100 597
100 130
100 164
100 197
100 772
100 416
100 124
100 223
100 216
100 719
100 1938
100 152
100 900
100 44
100 96
100 635
100 542
100 116
100 4
100 353
100 30
100 49
100 181
100 309
100 130
100 1561
100 0
100 583
100 286
100 636
100 167
100 1550
100 174
100 808
100 674
100 609
100 46
100 533
100 569
100 210
100 448
100 118
100 1226
100 466
100 308
100 71
100 66
100 459
100 358
100 19
100 173
100 177
100 200
100 221
100 430
100 350
100 882
100 1028
100 301
100 509
100 56
100 1184
100 682
100 288
100 158
100 300
100 318
100 673
100 176
100 111
100 770
100 531
100 501
100 116
100 98
100 1398
100 706
100 19
100 198
100 911
100 258
100 269
100 288
100 796
100 95
100 1449
100 109
100 194
100 103
100 34
100 147
100 15
100 122
100 413
100 181
100 878
100 168
100 310
100 126
100 577
100 231
100 264
100 285
100 113
100 271
100 232
100 748
100 1185
100 1289
100 172
100 1050
100 467
100 9
100 550
100 151
100 200
100 232
100 741
100 1245
100 910
100 490
100 186
100 43
100 1143
100 477
100 477
100 384
100 550
100 510
100 917
100 157
100 948
100 101
100 676
100 126
100 93
100 178
100 456
100 523
100 40
100 216
100 281
100 417
100 29
100 299
100 25
100 13
100 24
100 547
100 100
100 33
100 366
100 12
100 451
100 1605
100 181
100 263
100 654
100 620
100 105
100 140
100 445
100 277
100 519
100 1130
100 41
100 238
100 19
100 37
100 291
100 44
100 202
100 903
100 727
100 225
100 460
100 310
100 468
100 362
100 147
100 122
100 328
100 300
100 430
100 1138
100 681
100 287
100 267
100 433
100 199
100 86
100 138
100 39
100 148
100 166
100 317
100 91
100 73
100 2
100 270
100 147
100 389
100 1258
100 1639
100 64
100 173
100 229
100 216
100 194
100 90
100 1722
100 492
100 262
100 18
100 90
100 12
100 24
100 922
100 96
100 1390
100 909
100 470
100 244
100 28
100 54
100 458
100 1401
100 476
100 828
100 938
100 212
100 226
100 543
100 84
100 673
100 453
100 491
100 1029
100 761
100 5
100 46
100 119
100 2053
100 481
100 419
100 224
100 626
100 543
100 38
100 2125
100 130
100 955
100 280
100 115
100 16
100 6
100 638
100 750
100 238
100 67
100 19
100 331
100 25
100 964
100 212
100 237
100 1342
100 128
100 247
100 601
100 766
100 484
100 1258
100 592
100 557
100 318
100 214
100 249
100 392
100 260
100 110
100 176
100 246
100 340
100 43
100 834
100 64
100 351
100 691
100 14
100 686
100 265
100 7
100 120
100 89
100 477
100 133
100 168
100 98
100 808
100 702
100 1919
100 402
100 8
100 1095
100 27
100 164
100 784
100 278
100 87
100 153
100 86
100 1326
100 229
100 160
100 191
100 413
100 220
100 103
100 496
100 1211
100 79
100 14
100 845
100 57
100 146
100 1741
100 93
100 104
100 283
100 184
100 514
100 295
100 630
100 472
100 76
100 621
100 249
100 94
100 1875
100 583
100 300
100 242
100 60
100 86
100 694
100 194
100 152
100 206
100 356
100 899
100 105
100 386
100 243
100 30
100 609
100 689
100 615
100 723
100 64
100 789
100 47
100 378
100 763
100 8
100 504
100 697
100 533
100 75
100 182
100 417
100 167
100 213
100 2797
100 415
100 15
100 838
100 552
100 333
100 896
100 20
100 295
100 1846
100 328
100 31
100 249
100 1208
100 199
100 492
100 1805
100 766
100 94
100 227
100 1083
100 13
100 211
100 1133
100 279
100 236
100 230
100 614
100 151
100 383
100 327
100 9
100 55
100 737
100 167
100 318
100 833
100 605
100 308
100 622
100 121
100 485
100 214
100 1
100 82
100 222
100 163
100 339
100 362
100 186
100 450
100 32
100 241
100 970
100 123
100 300
100 105
100 935
100 707
100 364
100 585
100 225
100 1631
100 1122
100 78
100 183
100 145
100 133
100 58
100 788
100 479
100 813
100 72
100 398
100 595
100 519
100 179
100 473
100 142
100 464
100 1044
100 283
100 246
100 266
100 36
100 1050
100 203
100 100
100 292
100 1108
100 42
100 619
100 65
100 626
100 360
100 0
100 368
100 491
100 180
100 219
100 28
100 339
100 210
100 72
100 1671
100 236
100 199
100 221
100 281
100 325
100 193
100 31
100 45
100 712
100 1068
100 51
100 217
100 1070
100 660
100 555
100 183
100 429
100 124
100 1245
100 636
100 109
100 124
100 163
100 25
100 172
100 3
100 171
100 65
100 51
100 285
100 766
100 29
100 26
100 762
100 24
100 141
100 108
100 102
100 14
100 227
100 120
100 178
100 276
100 369
100 161
100 56
100 148
100 11
100 134
100 115
100 187
100 146
100 209
100 117
100 284
100 616
100 773
100 308
100 202
100 447
100 433
100 1229
100 958
100 9
100 715
100 1091
100 229
100 123
100 834
100 359
100 1019
100 76
100 670
100 671
100 134
100 17
100 214
100 236
100 104
100 104
100 55
100 856
100 356
100 101
100 1006
100 483
100 58
100 123
100 215
100 1431
100 96
100 433
100 510
100 172
100 303
100 695
100 141
100 60
100 198
100 280
100 184
100 232
100 368
100 141
100 234
100 547
100 365
100 110
100 638
100 819
100 203
100 180
100 496
100 247
100 10
100 405
100 163
100 267
100 147
100 1238
100 314
100 737
100 242
100 88
100 210
100 113
100 287
100 376
100 1756
100 10
100 1250
100 337
100 252
100 198
100 60
100 157
100 21
100 1011
100 429
100 89
100 774
100 50
100 313
100 998
100 736
100 5
100 523
100 141
100 370
100 52
100 383
100 812
100 212
100 91
100 728
100 148
100 241
100 182
100 226
100 125
100 346
100 153
100 831
100 207
100 795
100 464
100 47
100 200
100 217
100 149
100 179
100 84
100 228
100 902
100 894
100 1205
100 283
100 106
100 1243
100 547
100 155
100 410
100 285
100 1048
100 682
100 152
100 375
100 676
100 404
100 142
100 214
100 1006
100 912
100 81
100 133
100 197
100 810
100 2355
100 352
100 526
100 17
100 2157
100 372
100 76
100 834
100 532
100 1
100 109
100 539
100 389
100 574
100 578
100 517
100 682
100 3
100 97
100 635
100 264
100 723
100 594
100 201
100 278
100 1271
100 2117
100 362
100 194
100 839
100 394
100 39
100 213
100 204
100 546
100 45
100 1179
100 874
100 162
100 599
100 5
100 174
100 91
100 491
100 54
100 189
100 91
100 488
100 439
100 706
100 664
100 1397
100 1314
100 152
100 1254
100 913
100 310
100 902
100 510
100 1828
100 1524
100 811
100 103
100 888
100 845
100 343
100 129
100 594
100 4
100 219
100 62
100 253
100 46
100 30
100 744
100 477
100 458
100 286
100 614
100 110
100 878
100 239
100 215
100 974
100 101
100 335
100 621
100 1131
100 310
100 208
100 763
100 572
100 422
100 1054
100 234
100 454
100 69
100 224
100 11
100 27
100 21
100 590
100 199
100 736
100 1626
100 911
100 48
100 49
100 110
100 299
100 438
100 240
100 94
100 1630
100 751
100 15
100 199
100 902
100 73
100 65
100 697
100 833
100 121
100 226
100 246
100 415
100 506
100 271
100 179
100 561
100 261
100 379
100 32
100 57
100 48
100 81
100 478
100 235
100 136
100 306
100 23
100 1045
100 472
100 20
100 907
100 324
100 476
100 644
100 907
100 163
100 244
100 489
100 795
100 364
100 15
100 25
100 72
100 47
100 555
100 2016
100 797
100 522
100 112
100 300
100 1876
100 312
100 533
100 896
100 752
100 67
100 23
100 187
100 20
100 60
100 217
100 303
100 874
100 424
100 124
100 779
100 1097
100 529
100 112
100 261
100 795
100 473
100 110
100 169
100 26
100 1341
100 217
100 546
100 415
100 44
100 76
100 32
100 841
100 94
100 184
100 3
100 193
100 201
100 243
100 588
100 546
100 57
100 15
100 669
100 95
100 1347
100 137
100 574
100 219
100 408
100 1266
100 759
100 66
100 203
100 619
100 19
100 37
100 1074
100 55
100 1335
100 65
100 374
100 1337
100 196
100 313
100 81
100 223
100 300
100 89
100 347
100 64
100 634
100 280
100 316
100 511
100 27
100 290
100 466
100 709
100 335
100 435
100 89
100 133
100 413
100 183
100 599
100 164
100 165
100 400
100 1061
100 71
100 521
100 486
100 186
100 1276
100 519
100 143
100 123
100 71
100 856
100 186
100 16
100 437
100 419
100 270
100 256
100 10
100 75
100 537
100 307
100 306
100 512
100 1790
100 107
100 646
100 1157
100 479
100 111
100 533
100 716
100 49
100 136
100 123
100 359
100 22
100 46
100 739
100 672
100 0
100 514
100 577
100 58
100 588
100 2
100 422
100 32
100 67
100 106
100 313
100 611
100 134
100 407
100 1187
100 689
100 377
100 305
100 135
100 612
100 797
100 17
100 673
100 352
100 3
100 25
100 634
100 549
100 290
100 982
100 611
100 248
100 37
100 716
100 236
100 225
100 446
100 132
100 426
100 26
100 548
100 4
100 614
100 2445
100 120
100 269
100 54
100 28
100 0
100 19
100 905
100 754
100 353
100 198
100 302
100 324
100 140
100 123
100 210
100 103
100 162
100 1050
100 165
100 737
100 83
100 21
100 1109
100 299
100 63
100 41
100 551
100 385
100 1268
100 326
100 157
100 62
100 62
100 73
100 45
100 131
100 547
100 398
100 712
100 25
100 1514
100 542
100 301
100 198
100 491
100 44
100 28
100 343
100 592
100 282
100 756
100 165
100 631
100 224
100 72
100 139
100 43
100 9
100 429
100 288
100 205
100 292
100 370
100 122
100 23
100 66
100 63
100 242
100 266
100 141
100 231
100 480
100 819
100 61
100 55
100 240
100 325
100 296
100 627
100 412
100 920
100 309
100 557
100 365
100 143
100 614
100 75
100 890
100 387
100 532
100 22
100 362
100 213
100 457
100 1275
100 265
100 193
100 79
100 544
100 237
100 127
100 831
100 251
100 868
100 112
100 167
100 173
100 166
100 488
100 118
100 239
100 116
100 973
100 146
100 128
100 501
100 190
100 121
100 295
100 1250
100 461
100 143
100 141
100 1191
100 207
100 421
100 489
100 654
100 391
100 310
100 19
100 90
100 445
100 2574
100 284
100 844
100 597
100 32
100 163
100 270
100 174
100 464
100 12
100 345
100 610
100 61
100 267
100 445
100 182
100 119
100 5
100 702
100 1059
100 2
100 28
100 91
100 106
100 512
100 432
100 25
100 32
100 3
100 70
100 423
100 501
100 115
100 185
100 258
100 2315
100 85
100 100
100 103
100 167
100 136
100 368
100 83
100 80
100 76
100 507
100 184
100 44
100 178
100 202
100 431
100 1660
100 0
100 13
100 462
100 516
100 781
100 84
100 446
100 771
100 336
100 21
100 272
100 13
100 241
100 19
100 584
100 203
100 9
100 595
100 149
100 265
100 129
100 389
100 202
100 154
100 140
100 530
100 393
100 186
100 1186
100 216
100 167
100 196
100 169
100 1126
100 658
100 67
100 541
100 145
100 1310
100 108
100 948
100 102
100 224
100 210
100 579
100 58
100 65
100 957
100 91
100 487
100 119
100 597
100 1345
100 635
100 194
100 392
100 210
100 21
100 63
100 28
100 711
100 433
100 219
100 425
100 64
100 118
100 1205
100 971
100 243
100 121
100 43
100 149
100 40
100 420
100 146
100 133
100 95
100 834
100 1244
100 180
100 847
100 111
100 122
100 97
100 425
100 638
100 97
100 55
100 178
100 196
100 32
100 465
100 72
100 1672
100 372
100 54
100 620
100 1275
100 668
100 234
100 449
100 51
100 16
100 81
100 251
100 47
100 599
100 948
100 53
100 1088
100 227
100 238
100 645
100 229
100 92
100 85
100 75
100 7
100 490
100 143
100 21
100 958
100 307
100 981
100 145
100 532
100 1240
100 1
100 199
100 180
100 50
100 9
100 286
100 58
100 30
100 497
100 142
100 223
100 1545
100 237
100 898
100 1081
100 724
100 12
100 357
100 629
100 691
100 16
100 1654
100 35
100 385
100 658
100 550
100 856
100 218
100 176
100 177
100 490
100 296
100 26
100 236
100 468
100 42
100 3
100 87
100 278
100 1503
100 496
100 255
100 117
100 318
100 165
100 566
100 564
100 925
100 2152
100 160
100 417
100 134
100 353
100 69
100 155
100 189
100 86
100 179
100 130
100 332
100 48
100 327
100 278
100 534
100 102
100 2006
100 465
100 196
100 647
100 1127
100 1
100 359
100 487
100 846
100 176
100 1120
100 184
100 240
100 311
100 179
100 252
100 364
100 279
100 214
100 169
100 1855
100 311
100 634
100 870
100 508
100 432
100 465
100 156
100 1371
100 251
100 47
100 309
100 850
100 38
100 714
100 410
100 247
100 2907
100 744
100 541
100 457
100 461
100 75
100 15
100 167
100 60
100 76
100 1608
100 36
100 778
100 188
100 702
100 160
100 604
100 84
100 1427
100 79
100 225
100 27
100 49
100 117
100 171
100 612
100 182
100 156
100 451
100 126
100 519
100 83
100 506
100 190
100 1419
100 182
100 337
100 102
100 141
100 160
100 1096
100 354
100 314
100 43
100 39
100 488
100 788
100 337
100 70
100 750
100 1421
100 71
100 1301
100 272
100 167
100 96
100 13
100 55
100 962
100 1648
100 504
100 876
100 678
100 555
100 322
100 67
100 250
100 86
100 246
100 456
100 603
100 356
100 1800
100 240
100 472
100 105
100 242
100 364
100 162
100 1581
100 219
100 88
100 645
100 537
100 18
100 46
100 132
100 266
100 92
100 413
100 512
100 687
100 128
100 917
100 94
100 100
100 261
100 92
100 368
100 391
100 73
100 348
100 387
100 724
100 28
100 85
100 656
100 31
100 9
100 42
100 398
100 220
100 739
100 252
100 197
100 883
100 1170
100 61
100 41
100 284
100 870
100 119
100 366
100 272
100 141
100 155
100 885
100 2
100 647
100 1293
100 237
100 217
100 782
100 872
100 82
100 252
100 34
100 155
100 288
100 295
100 795
100 67
100 140
100 153
100 11
100 275
100 367
100 110
100 421
100 412
100 99
100 165
100 71
100 99
100 566
100 586
100 95
100 1082
100 209
100 129
100 1445
100 108
100 38
100 63
100 250
100 633
100 142
100 46
100 276
100 99
100 748
100 569
100 569
100 415
100 343
100 504
100 290
100 507
100 292
100 271
100 178
100 8
100 511
100 18
100 538
100 206
100 193
100 602
100 403
100 196
100 327
100 167
100 259
100 137
100 549
100 847
100 411
100 1210
100 300
100 271
100 67
100 756
100 242
100 405
100 15
100 95
100 16
100 146
100 394
100 166
100 632
100 194
100 290
100 317
100 1035
100 121
100 439
100 206
100 832
100 303
100 343
100 489
100 162
100 87
100 160
100 707
100 127
100 308
100 137
100 15
100 89
100 585
100 236
100 679
100 325
100 1099
100 120
100 168
100 50
100 3
100 78
100 27
100 382
100 367
100 79
100 1
100 393
100 1634
100 546
100 477
100 690
100 176
100 581
100 29
100 194
100 446
100 177
100 716
100 2195
100 342
100 139
100 586
100 231
100 825
100 344
100 61
100 244
100 0
100 779
100 817
100 284
100 148
100 168
100 177
100 717
100 572
100 73
100 358
100 838
100 767
100 304
100 337
100 103
100 177
100 252
100 127
100 1039
100 83
100 3
100 1418
100 95
100 80
100 818
100 94
100 1254
100 55
100 141
100 331
100 486
100 547
100 1085
100 591
100 892
100 2011
100 448
100 5
100 645
100 131
100 166
100 1036
100 90
100 291
100 425
100 1739
100 114
100 228
100 187
100 215
100 321
100 651
100 446
100 58
100 745
100 243
100 113
100 913
100 272
100 84
100 140
100 238
100 6
100 1
100 161
100 247
100 685
100 36
100 387
100 30
100 42
100 1393
100 132
100 60
100 365
100 105
100 538
100 168
100 24
100 854
100 172
100 37
100 14
100 118
100 24
100 1064
100 807
100 84
100 232
100 67
100 48
100 334
100 379
100 128
100 436
100 71
100 1120
100 122
100 321
100 116
100 83
100 54
100 440
100 736
100 491
100 344
100 406
100 778
100 283
100 749
100 680
100 181
100 100
100 475
100 373
100 143
100 473
100 190
100 1078
100 944
100 204
100 339
100 252
100 1149
100 382
100 387
100 0
100 85
100 20
100 176
100 56
100 30
100 326
100 30
100 867
100 281
100 525
100 60
100 79
100 610
100 161
100 798
100 193
100 1007
100 50
100 58
100 801
100 229
100 107
100 635
100 179
100 417
100 92
100 212
100 27
100 425
100 1203
100 365
100 200
100 1191
100 436
100 158
100 241
100 113
100 5
100 204
100 754
100 470
100 171
100 15
100 321
100 324
100 1
100 422
100 138
100 24
100 87
100 70
100 29
100 281
100 45
100 1726
100 220
100 20
100 67
100 224
100 137
100 302
100 1038
100 121
100 187
100 834
100 154
100 1137
100 2094
100 61
100 25
100 492
100 121
100 677
100 895
100 805
100 1068
100 474
100 205
100 11
100 1587
100 15
100 492
100 942
100 117
100 265
100 1187
100 107
100 37
100 333
100 214
100 189
100 436
100 607
100 40
100 197
100 316
100 66
100 438
100 95
100 226
100 5
100 218
100 465
100 1236
100 193
100 116
100 456
100 0
100 722
100 353
100 147
100 3
100 915
100 524
100 5
100 166
100 373
100 340
100 246
100 14
100 1196
100 1611
100 98
100 842
100 68
100 513
100 68
100 18
100 441
100 445
100 446
100 224
100 43
100 74
100 548
100 47
100 601
100 176
100 72
100 54
100 1030
100 225
100 230
100 49
100 959
100 84
100 425
100 78
100 131
100 1583
100 22
100 339
100 208
100 250
100 185
100 301
100 994
100 342
100 70
100 423
100 126
100 244
100 9
100 199
100 459
100 643
100 161
100 774
100 135
100 371
100 395
100 150
100 159
100 591
100 393
100 26
100 689
100 788
100 255
100 596
100 632
100 189
100 850
100 86
100 75
100 476
100 2032
100 229
100 1190
100 109
100 39
100 1138
100 379
100 195
100 2420
100 1033
100 43
100 182
100 714
100 161
100 92
100 1669
100 1191
100 264
100 135
100 126
100 361
100 69
100 262
100 238
100 155
100 163
100 465
100 105
100 235
100 827
100 177
100 163
100 70
100 391
100 372
100 712
100 405
100 1214
100 80
100 1242
100 433
100 87
100 684
100 617
100 761
100 270
100 247
100 69
100 66
100 234
100 407
100 912
100 115
100 353
100 857
100 229
100 269
100 245
100 538
100 302
100 532
100 68
100 42
100 308
100 1573
100 34
100 35
100 948
100 178
100 1581
100 87
100 28
100 26
100 271
100 129
100 131
100 717
100 1303
100 1158
100 481
100 697
100 638
100 28
100 894
100 163
100 198
100 216
100 9
100 277
100 196
100 1664
100 500
100 86
100 1243
100 266
100 245
100 367
100 35
100 165
100 79
100 34
100 338
100 105
100 241
100 981
100 73
100 286
100 364
100 8
100 959
100 991
100 75
100 346
100 224
100 80
100 737
100 406
100 143
100 245
100 98
100 86
100 534
100 87
100 366
100 504
100 332
100 800
100 163
100 150
100 863
100 177
100 280
100 1032
100 374
100 1198
100 184
100 88
100 892
100 1168
100 390
100 450
100 247
100 549
100 32
100 29
100 1211
100 163
100 113
100 677
100 313
100 48
100 371
100 42
100 40
100 1892
100 90
100 290
100 517
100 66
100 163
100 545
100 149
100 286
100 527
100 268
100 2433
100 1479
100 733
100 74
100 21
100 558
100 723
100 776
100 265
100 159
100 390
100 435
100 130
100 114
100 272
100 437
100 123
100 317
100 89
100 25
100 222
100 512
100 150
100 303
100 451
100 373
100 99
100 605
100 263
100 213
100 481
100 323
100 311
100 696
100 134
100 88
100 347
100 206
100 2
100 100
100 1099
100 785
100 1066
100 81
100 397
100 1430
100 576
100 309
100 65
100 283
100 614
100 79
100 230
100 21
100 79
100 847
100 362
100 707
100 190
100 354
100 181
100 59
100 1
100 1638
100 181
100 530
100 142
100 1319
100 312
100 1656
100 37
100 711
100 2688
100 283
100 221
100 215
100 173
100 20
100 537
100 556
100 330
100 712
100 529
100 137
100 401
100 197
100 346
100 634
100 499
100 200
100 1000
100 1242
100 224
100 70
100 682
100 447
100 104
100 442
100 211
100 31
100 161
100 1298
100 525
100 113
100 49
100 156
100 111
100 13
100 521
100 111
100 6
100 8
100 523
100 521
100 6
100 113
100 314
100 1152
100 77
100 1000
100 604
100 94
100 613
100 787
100 421
100 4
100 239
100 211
100 64
100 77
100 2
100 266
100 28
100 72
100 45
100 36
100 216
100 55
100 62
100 1096
100 96
100 785
100 749
100 519
100 29
100 360
100 1281
100 27
100 75
100 586
100 437
100 164
100 578
100 1085
100 147
100 706
100 148
100 154
100 98
100 152
100 120
100 405
100 307
100 605
100 41
100 51
100 574
100 701
100 33
100 241
100 224
100 129
100 734
100 450
100 229
100 460
100 200
100 200
100 273
100 460
100 402
100 974
100 444
100 20
100 357
100 34
100 369
100 261
100 304
100 787
100 631
100 172
100 497
100 13
100 456
100 305
100 321
100 432
100 21
100 261
100 486
100 373
100 353
100 408
100 332
100 152
100 371
100 169
100 422
100 8
100 944
100 547
100 590
100 455
100 806
100 897
100 692
100 143
100 462
100 522
100 198
100 469
100 17
100 16
100 30
100 191
100 798
100 163
100 140
100 210
100 533
100 262
100 129
100 265
100 188
100 29
100 342
100 51
100 1123
100 116
100 183
100 2
100 590
100 460
100 1155
100 325
100 628
100 13
100 345
100 712
100 434
100 16
100 81
100 456
100 617
100 699
100 894
100 222
100 57
100 276
100 613
100 522
100 365
100 95
100 174
100 56
100 293
100 124
100 90
100 410
100 287
100 51
100 523
100 872
100 75
100 124
100 274
100 295
100 841
100 13
100 436
100 136
100 364
100 272
100 283
100 139
100 14
100 102
100 77
100 370
100 873
100 91
100 566
100 104
100 231
100 461
100 171
100 572
100 275
100 134
100 822
100 158
100 551
100 313
100 457
100 1404
100 14
100 817
100 591
100 667
100 127
100 823
100 248
100 145
100 105
100 646
100 813
100 44
100 94
100 759
100 471
100 31
100 103
100 94
100 720
100 152
100 515
100 340
100 170
100 383
100 137
100 131
100 145
100 255
100 115
100 448
100 76
100 331
100 208
100 497
100 117
100 581
100 310
100 301
100 67
100 397
100 786
100 80
100 927
100 1345
100 520
100 138
100 314
100 521
100 287
100 337
100 190
100 362
100 542
100 956
100 68
100 126
100 985
100 117
100 413
100 225
100 13
100 1117
100 46
100 500
100 318
100 1234
100 274
100 86
100 363
100 79
100 708
100 352
100 404
100 131
100 33
100 554
100 166
100 634
100 136
100 134
100 301
100 0
100 532
100 0
100 6
100 22
100 511
100 300
100 764
100 581
100 413
100 163
100 29
100 611
100 858
100 211
100 350
100 65
100 120
100 78
100 733
100 410
100 1672
100 1510
100 337
100 393
100 1051
100 852
100 363
100 144
100 141
100 522
100 88
100 256
100 610
100 13
100 375
100 17
100 218
100 152
100 290
100 116
100 626
100 714
100 414
100 114
100 150
100 537
100 262
100 0
100 1971
100 96
100 675
100 50
100 520
100 164
100 231
100 478
100 165
100 613
100 20
100 123
100 323
100 52
100 277
100 1862
100 400
100 485
100 61
100 1383
100 127
100 31
100 347
100 577
100 1050
100 388
100 986
100 306
100 830
100 1238
100 109
100 1415
100 335
100 742
100 132
100 519
100 222
100 792
100 613
100 93
100 93
100 342
100 105
100 522
100 392
100 78
100 736
100 49
100 406
100 1036
100 119
100 52
100 48
100 559
100 111
100 204
100 77
100 109
100 180
100 283
100 239
100 277
100 59
100 1228
100 102
100 72
100 524
100 631
100 799
100 120
100 229
100 386
100 681
100 72
100 57
100 130
100 11
100 1210
100 683
100 229
100 205
100 99
100 420
100 446
100 1468
100 638
100 122
100 100
100 1149
100 49
100 122
100 860
100 79
100 613
100 1519
100 200
100 573
100 507
100 38
100 158
100 607
100 673
100 1081
100 616
100 888
100 128
100 676
100 235
100 76
100 39
100 421
100 113
100 310
100 200
100 991
100 186
100 449
100 71
100 521
100 633
100 129
100 367
100 105
100 804
100 77
100 291
100 337
100 150
100 89
100 266
100 144
100 384
100 18
100 1432
100 314
100 75
100 317
100 615
100 545
100 695
100 264
100 1066
100 127
100 7
100 339
100 372
100 686
100 260
100 695
100 519
100 80
100 304
100 116
100 667
100 140
100 39
100 53
100 91
100 1200
100 48
100 594
100 14
100 132
100 80
100 6
100 65
100 301
100 1207
100 20
100 68
100 158
100 48
100 838
100 713
100 23
100 217
100 1389
100 173
100 25
100 1291
100 101
100 133
100 118
100 58
100 29
100 24
100 1353
100 426
100 235
100 1163
100 721
100 148
100 377
100 247
100 16
100 105
100 28
100 227
100 157
100 123
100 172
100 188
100 88
100 333
100 32
100 9
100 202
100 411
100 360
100 128
100 58
100 400
100 37
100 665
100 148
100 343
100 343
100 805
100 297
100 30
100 186
100 386
100 524
100 26
100 122
100 564
100 211
100 45
100 271
100 121
100 89
100 44
100 407
100 95
100 74
100 338
100 171
100 42
100 178
100 190
100 25
100 472
100 302
100 489
100 801
100 58
100 672
100 24
100 566
100 135
100 1206
100 234
100 361
100 20
100 480
100 654
100 623
100 439
100 292
100 43
100 171
100 974
100 2029
100 303
100 767
100 592
100 783
100 733
100 176
100 357
100 92
100 323
100 415
100 98
100 107
100 261
100 477
100 198
100 100
100 469
100 21
100 256
100 267
100 627
100 89
100 53
100 373
100 172
100 581
100 271
100 183
100 2132
100 50
100 51
100 19
100 592
100 858
100 327
100 278
100 999
100 682
100 277
100 33
100 160
100 303
100 463
100 37
100 183
100 111
100 585
100 345
100 37
100 841
100 1225
100 803
100 378
100 3
100 1571
100 395
100 257
100 795
100 64
100 418
100 371
100 283
100 433
100 32
100 429
100 433
100 7
100 133
100 95
100 144
100 274
100 424
100 18
100 36
100 1989
100 2428
100 10
100 398
100 643
100 341
100 175
100 364
100 228
100 59
100 1555
100 211
100 229
100 504
100 1151
100 103
100 3
100 114
100 289
100 160
100 407
100 80
100 261
100 1249
100 204
100 694
100 1318
100 990
100 335
100 456
100 543
100 100
100 329
100 263
100 217
