100 3285
100 5280
100 991
100 600
100 227
100 2235
100 1335
100 5686
100 1543
100 825
100 2582
100 1915
100 1633
100 8859
100 1235
100 440
100 1115
100 660
100 920
100 179
100 398
100 7088
100 224
100 3477
100 1269
100 642
100 3402
100 742
100 880
100 1791
100 2251
100 3802
100 460
100 1236
100 3164
100 8125
100 127
100 4208
100 586
100 1112
100 1965
100 644
100 1505
100 1024
100 3302
100 118
100 278
100 1722
100 2316
100 2324
100 4041
100 749
100 5779
100 9500
100 1989
100 2267
100 337
100 213
100 856
100 677
100 728
100 1140
100 565
100 1280
100 451
100 671
100 2379
100 1213
100 2125
100 1092
100 1184
100 2577
100 1668
100 2437
100 1422
100 4251
100 48
100 883
100 4448
100 1587
100 468
100 3255
100 179
100 920
100 2887
100 6738
100 1328
100 447
100 590
100 581
100 5256
100 2184
100 1794
100 2439
100 629
100 604
100 331
100 3208
100 778
100 145
100 2602
100 1510
100 3098
100 2686
100 168
100 967
100 2700
100 4987
100 740
100 109
100 321
100 2284
100 1260
100 7972
100 93
100 1932
100 3486
100 4594
100 4278
100 1657
100 714
100 363
100 2828
100 847
100 6554
100 5271
100 5204
100 1143
100 1362
100 1253
100 99
100 3990
100 4403
100 7818
100 1238
100 1550
100 2650
100 1894
100 2294
100 11543
100 4691
100 58
100 1963
100 5942
100 1663
100 390
100 1271
100 3250
100 658
100 563
100 8783
100 2507
100 9240
100 26
100 1833
100 634
100 535
100 3527
100 4159
100 3
100 4370
100 148
100 258
100 1220
100 726
100 1840
100 7800
100 7686
100 1666
100 1379
100 2103
100 1825
100 2817
100 732
100 1021
100 854
100 2839
100 835
100 4012
100 161
100 622
100 553
100 2596
100 4435
100 2655
100 1312
100 4811
100 6259
100 1469
100 760
100 1676
100 605
100 1214
100 274
100 1462
100 10
100 4439
100 5722
100 1802
100 1584
100 6028
100 7055
100 2318
100 1353
100 3821
100 3577
100 3624
100 2569
100 1444
100 4607
100 2296
100 711
100 8010
100 2531
100 2192
100 4741
100 7395
100 3307
100 8191
100 4095
100 127
100 5427
100 2067
100 6376
100 593
100 1325
100 2252
100 1084
100 6397
100 2122
100 2573
100 3027
100 1575
100 1675
100 2854
100 2719
100 7014
100 1269
100 175
100 1836
100 2587
100 1822
100 854
100 3547
100 21363
100 887
100 2627
100 3388
100 115
100 5975
100 1519
100 196
100 3856
100 905
100 868
100 3307
100 2224
100 10213
100 764
100 127
100 1964
100 823
100 1585
100 4087
100 824
100 908
100 5738
100 3243
100 711
100 1564
100 3297
100 68
100 857
100 107
100 2485
100 2894
100 1309
100 51
100 845
100 1825
100 9030
100 1165
100 5579
100 7443
100 2197
100 2150
100 293
100 13594
100 2332
100 3786
100 1640
100 279
100 1139
100 2938
100 1898
100 105
100 4821
100 2572
100 5144
100 927
100 1747
100 7473
100 8766
100 5342
100 157
100 1149
100 192
100 6364
100 3687
100 572
100 368
100 2969
100 192
100 582
100 3415
100 1390
100 7341
100 1042
100 1980
100 1827
100 2937
100 514
100 899
100 1375
100 2110
100 521
100 1762
100 309
100 75
100 725
100 1256
100 343
100 2114
100 372
100 2579
100 1621
100 2921
100 658
100 4853
100 2990
100 2165
100 71
100 8870
100 734
100 6216
100 4807
100 1042
100 1086
100 1000
100 75
100 219
100 2134
100 669
100 172
100 1561
100 1829
100 4253
100 381
100 3443
100 4348
100 468
100 8510
100 2186
100 414
100 1682
100 5177
100 3568
100 3339
100 2114
100 439
100 1660
100 33
100 4265
100 2541
100 4772
100 203
100 2443
100 978
100 468
100 1974
100 2686
100 2331
100 4230
100 2576
100 1754
100 1909
100 1866
100 7644
100 1910
100 426
100 2043
100 13965
100 3359
100 7143
100 2051
100 497
100 4873
100 1404
100 1973
100 427
100 8832
100 1163
100 801
100 2355
100 634
100 3214
100 1330
100 4519
100 157
100 474
100 3003
100 3306
100 1359
100 825
100 504
100 3204
100 2782
100 1314
100 1118
100 3066
100 93
100 5171
100 7611
100 1211
100 1944
100 1976
100 951
100 1072
100 5035
100 3079
100 36
100 2792
100 5473
100 2714
100 11207
100 242
100 136
100 5385
100 312
100 15186
100 296
100 973
100 344
100 563
100 2573
100 3119
100 873
100 2106
100 2535
100 1280
100 4868
100 2177
100 2182
100 6128
100 1283
100 3458
100 1519
100 361
100 3456
100 2137
100 822
100 8535
100 322
100 1088
100 4896
100 1169
100 244
100 1007
100 508
100 3135
100 4125
100 288
100 831
100 4577
100 5387
100 4038
100 6489
100 1108
100 585
100 1106
100 3158
100 1336
100 1301
100 186
100 213
100 326
100 2439
100 842
100 5803
100 4839
100 193
100 1080
100 411
100 3029
100 1145
100 107
100 2030
100 1688
100 9969
100 1070
100 1777
100 4900
100 2421
100 1267
100 1954
100 3270
100 6048
100 1771
100 957
100 641
100 1850
100 3543
100 3895
100 3332
100 56
100 937
100 586
100 4550
100 3966
100 2532
100 1727
100 4373
100 5728
100 414
100 4088
100 1406
100 3653
100 3577
100 2247
100 2065
100 1855
100 2191
100 841
100 4189
100 4818
100 702
100 1564
100 1975
100 1988
100 1687
100 2534
100 1073
100 407
100 77
100 2418
100 524
100 901
100 1874
100 1064
100 2535
100 1104
100 1600
100 2343
100 1704
100 4316
100 550
100 5371
100 8096
100 568
100 4799
100 2638
100 9848
100 1433
100 3706
100 2703
100 1655
100 4751
100 996
100 811
100 1857
100 519
100 977
100 4950
100 4283
100 6212
100 1997
100 2116
100 1424
100 2704
100 6210
100 1701
100 271
100 6095
100 8265
100 2839
100 3194
100 1175
100 4643
100 714
100 361
100 794
100 853
100 1758
100 1147
100 5316
100 300
100 91
100 7447
100 895
100 3382
100 1508
100 2882
100 2361
100 1607
100 1678
100 1997
100 3229
100 3213
100 1165
100 11534
100 8783
100 12576
100 1053
100 643
100 4895
100 2170
100 174
100 3958
100 6686
100 338
100 2471
100 166
100 1707
100 800
100 3182
100 5568
100 2372
100 810
100 1443
100 3264
100 6482
100 1088
100 4893
100 5765
100 4615
100 115
100 1623
100 2162
100 762
100 662
100 1682
100 1897
100 2690
100 384
100 1590
100 138
100 2643
100 335
100 1077
100 8079
100 1461
100 2078
100 495
100 7403
100 233
100 2634
100 5607
100 1349
100 4728
100 6095
100 1034
100 3994
100 226
100 656
100 452
100 19
100 2304
100 644
100 3051
100 456
100 2805
100 550
100 6363
100 3102
100 7730
100 2407
100 1155
100 225
100 15485
100 1828
100 4015
100 1525
100 1417
100 8825
100 278
100 1357
100 875
100 4370
100 1305
100 2242
100 3861
100 5070
100 779
100 1240
100 1597
100 0
100 731
100 196
100 484
100 4359
100 10290
100 1085
100 13377
100 8026
100 3957
100 7816
100 1128
100 27
100 3456
100 4514
100 2961
100 441
100 744
100 542
100 2789
100 8424
100 422
100 271
100 2027
100 305
100 3134
100 5648
100 1308
100 710
100 3080
100 5577
100 5439
100 8522
100 429
100 1729
100 689
100 3586
100 5573
100 296
100 7374
100 445
100 3261
100 1071
100 6508
100 3695
100 659
100 1921
100 1585
100 2389
100 1891
100 4260
100 691
100 791
100 1099
100 2953
100 1211
100 15749
100 4661
100 4770
100 3053
100 3914
100 2302
100 319
100 2873
100 496
100 1627
100 4690
100 36
100 232
100 40
100 1482
100 2580
100 4657
100 2654
100 3560
100 818
100 1128
100 2091
100 2828
100 156
100 557
100 529
100 907
100 2690
100 2419
100 4530
100 2859
100 3309
100 1765
100 1003
100 1807
100 1356
100 4121
100 414
100 83
100 428
100 2795
100 1643
100 376
100 475
100 796
100 1491
100 559
100 2787
100 4626
100 2952
100 5195
100 230
100 2297
100 2077
100 2988
100 134
100 3326
100 772
100 1078
100 309
100 1742
100 156
100 2912
100 2187
100 6106
100 667
100 10049
100 4019
100 1870
100 1077
100 4407
100 566
100 388
100 1625
100 4497
100 1865
100 165
100 5201
100 96
100 2862
100 3982
100 398
100 2366
100 3485
100 932
100 2799
100 8787
100 437
100 901
100 656
100 2005
100 42
100 1966
100 6082
100 694
100 5733
100 3864
100 200
100 115
100 1367
100 786
100 3646
100 913
100 2877
100 3266
100 2174
100 1927
100 4130
100 1442
100 1022
100 309
100 188
100 535
100 3088
100 654
100 4147
100 936
100 400
100 1410
100 762
100 1998
100 1989
100 249
100 1575
100 4682
100 1129
100 21
100 145
100 1428
100 1155
100 2389
100 2634
100 1114
100 5320
100 6502
100 5978
100 4128
100 3837
100 6136
100 5402
100 2240
100 224
100 3068
100 5475
100 783
100 2468
100 1938
100 1317
100 4700
100 15478
100 3607
100 42
100 221
100 82
100 543
100 1773
100 1558
100 2013
100 4578
100 87
100 306
100 3529
100 2563
100 6316
100 2139
100 1617
100 103
100 1526
100 4086
100 981
100 821
100 3785
100 1048
100 1166
100 698
100 1927
100 2341
100 5141
100 4258
100 2192
100 1219
100 6493
100 1751
100 1119
100 11425
100 991
100 2087
100 3180
100 4872
100 628
100 6016
100 2907
100 644
100 2720
100 5740
100 1242
100 1293
100 686
100 129
100 4365
100 1143
100 421
100 786
100 7024
100 745
100 4442
100 3409
100 98
100 1960
100 3527
100 950
100 1580
100 958
100 16153
100 1647
100 1582
100 1574
100 5640
100 1683
100 4474
100 1028
100 1761
100 71
100 449
100 3323
100 4
100 388
100 2010
100 1450
100 6941
100 6275
100 4612
100 4725
100 1196
100 1787
100 3001
100 3001
100 471
100 649
100 5344
100 989
100 1194
100 187
100 703
100 2418
100 2123
100 4016
100 2181
100 1508
100 3231
100 2073
100 81
100 6159
100 3490
100 2593
100 292
100 930
100 658
100 95
100 907
100 8615
100 3409
100 101
100 630
100 2385
100 1555
100 6709
100 2578
100 2008
100 3558
100 1969
100 1050
100 1651
100 888
100 593
100 927
100 1759
100 2892
100 2643
100 464
100 235
100 2371
100 4058
100 1003
100 2267
100 4751
100 834
100 4341
100 3066
100 1726
100 3248
100 10554
100 1536
100 3712
100 1480
100 1989
100 2111
100 495
100 371
100 3562
100 360
100 1788
100 2267
100 772
100 1021
100 2180
100 518
100 6338
100 5117
100 1352
100 717
100 9365
100 4732
100 2001
100 2224
100 1238
100 7405
100 469
100 210
100 213
100 1669
100 833
100 3872
100 5647
100 3231
100 1432
100 478
100 856
100 1241
100 2465
100 224
100 1066
100 681
100 2711
100 479
100 1697
100 3169
100 922
100 8775
100 3462
100 414
100 1666
100 651
100 2743
100 4189
100 190
100 3515
100 176
100 3725
100 1374
100 9651
100 526
100 2345
100 3549
100 5054
100 550
100 887
100 14
100 501
100 1492
100 754
100 2750
100 295
100 4206
100 634
100 1185
100 4734
100 4226
100 7143
100 1886
100 1162
100 335
100 90
100 754
100 4803
100 2020
100 488
100 4437
100 658
100 1335
100 662
100 2760
100 8301
100 8292
100 1923
100 3034
100 861
100 1193
100 6994
100 1093
100 2264
100 652
100 1091
100 5879
100 1887
100 1530
100 262
100 459
100 3166
100 559
100 6889
100 171
100 1708
100 2137
100 2383
100 519
100 1584
100 609
100 525
100 1021
100 3539
100 2229
100 126
100 2978
100 2289
100 865
100 1869
100 5611
100 1394
100 950
100 2204
100 1652
100 3366
100 5262
100 143
100 1314
100 204
100 893
100 3410
100 33
100 491
100 535
100 2583
100 1032
100 288
100 1293
100 84
100 1738
100 7742
100 1772
100 373
100 4725
100 3525
100 1011
100 740
100 1075
100 425
100 127
100 9016
100 3423
100 1015
100 225
100 1416
100 3433
100 1063
100 3301
100 273
100 6365
100 2539
100 2168
100 60
100 393
100 5137
100 2171
100 14638
100 947
100 1550
100 4397
100 3574
100 2941
100 1954
100 7343
100 6240
100 763
100 1993
100 345
100 5963
100 1144
100 1168
100 1350
100 4133
100 8541
100 565
100 2458
100 1640
100 4904
100 4561
100 1808
100 5807
100 4720
100 3
100 362
100 3803
100 3300
100 47
100 1875
100 6136
100 7294
100 11720
100 559
100 1078
100 486
100 568
100 267
100 1193
100 423
100 4849
100 9800
100 652
100 1190
100 4495
100 4863
100 1169
100 2465
100 2730
100 3423
100 3391
100 2753
100 1070
100 20213
100 1910
100 1037
100 2518
100 3656
100 3527
100 5110
100 794
100 3763
100 2184
100 488
100 2516
100 1810
100 149
100 1513
100 1251
100 4230
100 639
100 686
100 79
100 1371
100 2078
100 2524
100 2927
100 2785
100 1317
100 677
100 2884
100 1858
100 7164
100 2479
100 148
100 497
100 3959
100 1142
100 2511
100 6926
100 2858
100 2858
100 877
100 2937
100 5176
100 514
100 1021
100 486
100 3747
100 2899
100 691
100 4763
100 199
100 3925
100 1586
100 1887
100 2937
100 1488
100 777
100 1262
100 2764
100 1139
100 572
100 1309
100 3612
100 312
100 444
100 130
100 46
100 1885
100 729
100 4084
100 580
100 1763
100 1646
100 148
100 1741
100 825
100 2054
100 4060
100 992
100 139
100 356
100 816
100 635
100 1067
100 645
100 846
100 2753
100 2871
100 169
100 1668
100 119
100 2162
100 1102
100 238
100 694
100 442
100 978
100 2228
100 2535
100 1501
100 2323
100 957
100 1775
100 1359
100 1834
100 9366
100 1246
100 1420
100 1309
100 2305
100 1901
100 2823
100 303
100 2628
100 5127
100 124
100 1041
100 6796
100 974
100 1761
100 1118
100 773
100 1532
100 45
100 1052
100 348
100 4317
100 245
100 616
100 4091
100 911
100 2116
100 434
100 5096
100 2071
100 3123
100 1245
100 2376
100 227
100 4408
100 4608
100 2774
100 6701
100 320
100 7694
100 1490
100 1715
100 1055
100 3810
100 557
100 560
100 3961
100 1660
100 2097
100 1650
100 3812
100 493
100 203
100 6221
100 2937
100 7645
100 48
100 16
100 3858
100 3031
100 3125
100 1391
100 2081
100 1869
100 4321
100 859
100 2482
100 4929
100 62
100 5463
100 361
100 5789
100 2298
100 5957
100 483
100 364
100 23
100 5829
100 1248
100 2962
100 5064
100 1005
100 888
100 2777
100 5781
100 743
100 43
100 1849
100 2299
100 3768
100 674
100 4659
100 1880
100 6
100 5860
100 11
100 312
100 3582
100 429
100 492
100 1382
100 212
100 1155
100 2344
100 1975
100 696
100 5734
100 624
100 2124
100 641
100 614
100 5529
100 2387
100 8185
100 93
100 8301
100 1006
100 3778
100 608
100 381
100 2392
100 2111
100 179
100 3849
100 560
100 2656
100 2202
100 42
100 6094
100 576
100 3877
100 1543
100 1791
100 3171
100 2839
100 7184
100 7284
100 383
100 722
100 3788
100 1881
100 1441
100 356
100 3391
100 498
100 4120
100 547
100 4208
100 4091
100 2067
100 4852
100 1038
100 2378
100 2338
100 791
100 1703
100 6077
100 2217
100 1556
100 3014
100 5026
100 67
100 3236
100 5010
100 1595
100 680
100 1416
100 772
100 4189
100 653
100 1719
100 3048
100 3668
100 1201
100 9150
100 3446
100 1813
100 7154
100 867
100 4354
100 714
100 2685
100 163
100 2059
100 1291
100 1851
100 314
100 1020
100 1053
100 149
100 3068
100 3651
100 1935
100 3099
100 108
100 12037
100 4738
100 785
100 7926
100 1926
100 4987
100 1483
100 2567
100 627
100 2567
100 624
100 514
100 376
100 1778
100 660
100 1207
100 4006
100 2098
100 1082
100 2005
100 843
100 1227
100 11128
100 492
100 5190
100 1761
100 3477
100 3598
100 111
100 2230
100 3386
100 6715
100 695
100 3800
100 96
100 1651
100 1196
100 939
100 4
100 1223
100 2448
100 963
100 1397
100 2719
100 1190
100 787
100 7346
100 696
100 466
100 1197
100 761
100 4653
100 394
100 5507
100 123
100 4417
100 4267
100 475
100 501
100 7329
100 3135
100 2840
100 928
100 7484
100 8899
100 593
100 1944
100 2760
100 4757
100 1588
100 1354
100 2862
100 836
100 5516
100 704
100 2974
100 1694
100 1655
100 3802
100 5555
100 694
100 511
100 4935
100 104
100 1637
100 7566
100 2684
100 65
100 2931
100 10468
100 250
100 3632
100 1231
100 6926
100 5931
100 4179
100 6413
100 54
100 6357
100 746
100 391
100 1898
100 524
100 203
100 1556
100 3862
100 676
100 4517
100 831
100 1239
100 1994
100 2767
100 3181
100 3445
100 3271
100 114
100 1062
100 20
100 5781
100 4914
100 8472
100 5282
100 1013
100 5046
100 2060
100 2055
100 680
100 952
100 4433
100 1745
100 1601
100 1753
100 3629
100 525
100 1876
100 1996
100 961
100 2971
100 887
100 2560
100 1063
100 774
100 6560
100 758
100 5203
100 3562
100 5715
100 1889
100 374
100 1239
100 364
100 7616
100 1554
100 2088
100 1427
100 358
100 905
100 4273
100 2230
100 6233
100 2074
100 2220
100 602
100 6262
100 2682
100 734
100 8861
100 437
100 2551
100 78
100 225
100 1292
100 1688
100 1442
100 279
100 4495
100 649
100 3038
100 1334
100 876
100 1369
100 1483
100 5069
100 201
100 1742
100 2369
100 1905
100 3507
100 3978
100 408
100 1071
100 173
100 542
100 2294
100 9230
100 712
100 1269
100 1201
100 1034
100 595
100 1600
100 4704
100 296
100 2696
100 569
100 5381
100 3325
100 3285
100 100
100 3791
100 895
100 687
100 455
100 1607
100 329
100 560
100 1207
100 1979
100 546
100 280
100 2594
100 34
100 996
100 704
100 166
100 2120
100 4476
100 163
100 404
100 4142
100 1769
100 4105
100 3243
100 848
100 2693
100 1914
100 32
100 2166
100 897
100 486
100 563
100 1028
100 47
100 2658
100 3820
100 1532
100 4584
100 286
100 716
100 1003
100 245
100 5288
100 1795
100 4745
100 2510
100 2306
100 907
100 1805
100 2702
100 561
100 3358
100 4305
100 1246
100 842
100 4451
100 1929
100 326
100 1166
100 2580
100 1593
100 1501
100 3679
100 454
100 1042
100 6705
100 1232
100 306
100 2775
100 3552
100 6878
100 2845
100 4385
100 95
100 275
100 1444
100 1374
100 2591
100 82
100 393
100 890
100 2382
100 909
100 2370
100 188
100 1196
100 1519
100 977
100 1013
100 906
100 1642
100 472
100 198
100 8082
100 581
100 6130
100 8717
100 4979
100 1000
100 345
100 2287
100 1333
100 129
100 1564
100 2649
100 2708
100 331
100 3278
100 6494
100 2840
100 8632
100 2314
100 6586
100 281
100 567
100 7019
100 5073
100 1194
100 2888
100 2351
100 1511
100 2475
100 1743
100 1267
100 360
100 2506
100 8600
100 2224
100 3420
100 126
100 2406
100 2227
100 2708
100 842
100 3787
100 1990
100 315
100 2356
100 1006
100 2001
100 166
100 1930
100 2689
100 2782
100 92
100 603
100 440
100 2194
100 598
100 3369
100 2968
100 1204
100 88
100 218
100 4058
100 3095
100 763
100 1150
100 1008
100 5
100 4731
100 1333
100 4196
100 1921
100 267
100 4631
100 2189
100 328
100 2881
100 1894
100 461
100 2621
100 6136
100 917
100 2773
100 1266
100 554
100 1331
100 1613
100 1495
100 3266
100 1403
100 8647
100 1856
100 3462
100 1004
100 6178
100 804
100 3718
100 3131
100 2424
100 421
100 2391
100 1509
100 7877
100 1867
100 2185
100 4159
100 454
100 2845
100 584
100 45
100 1756
100 2528
100 1569
100 2100
100 5273
100 1745
100 387
100 6220
100 70
100 3423
100 2784
100 917
100 306
100 331
100 3126
100 4362
100 3171
100 287
100 3755
100 1015
100 4024
100 831
100 3611
100 3185
100 5307
100 1611
100 1562
100 28
100 2346
100 2314
100 1180
100 7038
100 4198
100 4517
100 317
100 4675
100 637
100 1434
100 2844
100 884
100 1076
100 1945
100 811
100 2846
100 483
100 9671
100 440
100 8579
100 697
100 594
100 3970
100 3737
100 690
100 4898
100 304
100 955
100 1218
100 4035
100 917
100 1137
100 1261
100 2635
100 1169
100 979
100 2431
100 860
100 1934
100 2488
100 6711
100 6362
100 15640
100 1550
100 86
100 1667
100 4489
100 175
100 3056
100 124
100 3924
100 583
100 1203
100 1963
100 214
100 4855
100 2239
100 3124
100 5310
100 465
100 117
100 658
100 2609
100 2504
100 6135
100 2782
100 933
100 978
100 994
100 4435
100 4931
100 1031
100 367
100 2538
100 99
100 1841
100 413
100 640
100 956
100 4480
100 4208
100 4994
100 1740
100 3013
100 280
100 2043
100 841
100 2199
100 550
100 4052
100 1526
100 1634
100 2034
100 55
100 362
100 2345
100 3017
100 5305
100 352
100 1659
100 477
100 53
100 9
100 2553
100 2195
100 300
100 9408
100 6064
100 2470
100 4807
100 966
100 401
100 5705
100 146
100 2203
100 2959
100 4479
100 17
100 351
100 4510
100 1487
100 2522
100 2326
100 1508
100 917
100 148
100 520
100 8881
100 3208
100 354
100 942
100 1732
100 2450
100 2254
100 2280
100 2688
100 8928
100 377
100 1553
100 1253
100 7222
100 1332
100 1103
100 2360
100 650
100 1270
100 297
100 2518
100 1208
100 7737
100 1357
100 3516
100 50
100 1166
100 1494
100 5220
100 5369
100 3684
100 349
100 469
100 1147
100 6219
100 500
100 4460
100 3935
100 849
100 1145
100 47
100 15959
100 27
100 3590
100 4245
100 16550
100 1767
100 555
100 592
100 710
100 1444
100 3793
100 1298
100 155
100 575
100 4348
100 3076
100 1218
100 3354
100 5219
100 1919
100 1196
100 1078
100 2254
100 4805
100 4260
100 3120
100 1319
100 2835
100 1741
100 333
100 5853
100 5685
100 913
100 4703
100 678
100 47
100 184
100 4158
100 3152
100 2839
100 647
100 263
100 933
100 182
100 8266
100 436
100 5249
100 1824
100 2766
100 3279
100 1235
100 356
100 219
100 3226
100 3543
100 185
100 1618
100 3426
100 3365
100 1770
100 1487
100 1036
100 1967
100 59
100 441
100 3095
100 333
100 1301
100 117
100 1068
100 6492
100 4778
100 2823
100 65
100 5176
100 1033
100 1054
100 295
100 1353
100 390
100 1704
100 657
100 728
100 2368
100 3843
100 597
100 1699
100 72
100 2271
100 1571
100 5887
100 9
100 1308
100 3157
100 942
100 3125
100 1491
100 425
100 3323
100 1320
100 1579
100 44
100 3590
100 4733
100 3905
100 300
100 4490
100 3253
100 1504
100 1495
100 128
100 4823
100 3522
100 6127
100 3284
100 2420
100 201
100 1961
100 3854
100 2612
100 127
100 1399
100 240
100 1991
100 1845
100 4686
100 3157
100 1064
100 296
100 1713
100 879
100 3369
100 1184
100 492
100 3317
100 691
100 2889
100 2922
100 2053
100 2795
100 526
100 1336
100 1643
100 1340
100 2387
100 7330
100 1509
100 205
100 2684
100 4883
100 1726
100 3167
100 6333
100 8409
100 1640
100 22
100 2383
100 2293
100 6778
100 1489
100 1257
100 5874
100 7963
100 862
100 2424
100 3004
100 1573
100 52
100 269
100 4013
100 3360
100 699
100 1425
100 3822
100 1867
100 2082
100 1677
100 674
100 588
100 2253
100 1312
100 219
100 500
100 27
100 990
100 583
100 11
100 698
100 3901
100 1588
100 2097
100 1648
100 231
100 1101
100 1683
100 379
100 2031
100 1921
100 476
100 818
100 267
100 3484
100 3024
100 3254
100 2431
100 402
100 101
100 2709
100 3771
100 1858
100 338
100 3028
100 1536
100 250
100 4617
100 408
100 4480
100 5173
100 682
100 1524
100 509
100 2641
100 3480
100 3804
100 3131
100 387
100 5897
100 5077
100 1055
100 896
100 2791
100 658
100 2583
100 2410
100 2181
100 2197
100 2441
100 10414
100 1278
100 4894
100 258
100 1954
100 1440
100 193
100 2079
100 1410
100 3530
100 1505
100 301
100 1312
100 968
100 853
100 2279
100 2381
100 2079
100 1139
100 4441
100 405
100 312
100 1615
100 2439
100 1428
100 4263
100 3473
100 7954
100 7196
100 3344
100 2083
100 1535
100 5591
100 1286
100 4856
100 7307
100 3694
100 1004
100 1012
100 6098
100 783
100 4810
100 976
100 4657
100 3183
100 715
100 6025
100 5272
100 1384
100 480
100 2503
100 1633
100 3499
100 1660
100 2299
100 3713
100 1922
100 4526
100 10114
100 2555
100 48
100 5373
100 9959
100 101
100 1281
100 944
100 3031
100 3261
100 2884
100 399
100 1135
100 4
100 367
100 1068
100 933
100 153
100 6732
100 15772
100 439
100 5046
100 3967
100 5257
100 473
100 687
100 718
100 550
100 8863
100 393
100 1102
100 2490
100 1984
100 284
100 4724
100 4905
100 2384
100 6
100 5837
100 1707
100 2308
100 2339
100 1503
100 749
100 1124
100 67
100 2186
100 4436
100 4064
100 6641
100 1063
100 3504
100 6215
100 1188
100 2750
100 218
100 400
100 2707
100 1436
100 174
100 7271
100 842
100 52
100 2057
100 1169
100 4356
100 6161
100 12439
100 4587
100 385
100 2922
100 5826
100 266
100 1746
100 1175
100 4918
100 1332
100 1470
100 661
100 88
100 5427
100 3302
100 3270
100 1718
100 942
100 797
100 1897
100 1824
100 692
100 4
100 1249
100 2428
100 9218
100 521
100 212
100 1620
100 297
100 799
100 5317
100 2021
100 526
100 1404
100 253
100 812
100 1133
100 1465
100 1613
100 1597
100 3507
100 86
100 3412
100 2841
100 562
100 6803
100 1244
100 6736
100 1559
100 154
100 1572
100 396
100 3095
100 2831
100 484
100 391
100 5103
100 8389
100 1431
100 5520
100 6159
100 7378
100 2581
100 4114
100 10019
100 4617
100 718
100 1295
100 4357
100 321
100 501
100 3345
100 5216
100 5412
100 1102
100 910
100 3831
100 240
100 2660
100 4436
100 5586
100 760
100 4217
100 21
100 777
100 17
100 1513
100 1241
100 956
100 11548
100 2889
100 9
100 1366
100 161
100 869
100 2031
100 4260
100 3331
100 7203
100 3500
100 1050
100 1632
100 3471
100 6652
100 1330
100 137
100 3739
100 928
100 663
100 364
100 1540
100 1966
100 7200
100 5213
100 2919
100 527
100 903
100 932
100 141
100 954
100 250
100 7936
100 2271
100 4941
100 7617
100 259
100 2452
100 3270
100 1318
100 123
100 1024
100 182
100 3159
100 1176
100 5267
100 3591
100 417
100 16
100 1539
100 4019
100 1065
100 2080
100 9199
100 5345
100 6051
100 2046
100 348
100 30
100 510
100 3194
100 19
100 433
100 376
100 1346
100 891
100 739
100 1282
100 964
100 4231
100 3179
100 5813
100 164
100 1713
100 405
100 2317
100 17849
100 1816
100 1367
100 1986
100 2191
100 203
100 229
100 83
100 1169
100 58
100 328
100 1944
100 2009
100 684
100 5001
100 1728
100 3011
100 2285
100 1814
100 2241
100 5267
100 1028
100 512
100 1125
100 13016
100 5159
100 172
100 256
100 1279
100 748
100 1809
100 3106
100 2901
100 58
100 1451
100 486
100 2370
100 463
100 0
100 137
100 774
100 176
100 220
100 6701
100 5274
100 432
100 3378
100 5494
100 2791
100 518
100 1114
100 1285
100 424
100 3506
100 1360
100 2359
100 5246
100 835
100 403
100 904
100 223
100 1183
100 682
100 1293
100 3356
100 1586
100 3154
100 5388
100 8206
100 4232
100 1293
100 3441
100 5444
100 591
100 2396
100 541
100 929
100 21
100 90
100 2507
100 2684
100 2437
100 3310
100 828
100 4202
100 720
100 1470
100 1443
100 1327
100 1370
100 1577
100 1714
100 1229
100 1015
100 3643
100 1430
100 692
100 1001
100 1645
100 554
100 3588
100 2607
100 5201
100 821
100 2523
100 2606
100 9529
100 2090
100 422
100 478
100 1662
100 3646
100 6281
100 5913
100 218
100 5337
100 1127
100 2719
100 51
100 2852
100 1713
100 73
100 472
100 5792
100 519
100 8682
100 627
100 1042
100 1595
100 276
100 1350
100 1020
100 2687
100 1014
100 744
100 1826
100 1977
100 2077
100 2359
100 36
100 613
100 2927
100 3937
100 2630
100 5401
100 1123
100 923
100 92
100 652
100 1917
100 962
100 8140
100 6060
100 2114
100 2393
100 5540
100 1702
100 7424
100 1159
100 1306
100 127
100 3360
100 6308
100 125
100 468
100 2824
100 111
100 1239
100 15341
100 730
100 424
100 559
100 1070
100 489
100 2451
100 6200
100 2113
100 954
100 533
100 332
100 9764
100 1620
100 4565
100 4286
100 1515
100 8865
100 3033
100 2850
100 2088
100 7182
100 5043
100 3782
100 5118
100 403
100 3111
100 3431
100 7437
100 2546
100 791
100 1710
100 185
100 8617
100 1361
100 1011
100 2514
100 4782
100 1111
100 859
100 3998
100 1564
100 3285
100 1096
100 2101
100 3687
100 793
100 151
100 8103
100 4474
100 68
100 8452
100 1412
100 1450
100 5826
100 114
100 2311
100 2485
100 1986
100 14017
100 337
100 3949
100 802
100 744
100 1341
100 218
100 4270
100 4841
100 5745
100 2683
100 280
100 3062
100 4374
100 2517
100 620
100 743
100 588
100 1704
100 1575
100 2082
100 1176
100 4507
100 2483
100 3058
100 882
100 604
100 3067
100 911
100 461
100 2551
100 1511
100 1164
100 352
100 163
100 3380
100 2078
100 2408
100 3900
100 3193
100 809
100 5086
100 1826
100 286
100 48
100 2700
100 925
100 3589
100 1511
100 12123
100 3159
100 3416
100 6904
100 86
100 1670
100 2147
100 885
100 1437
100 3719
100 370
100 4593
100 1069
100 2761
100 930
100 1421
100 1766
100 1760
100 331
100 441
100 3432
100 1772
100 2402
100 3975
100 89
100 2923
100 1948
100 546
100 848
100 5440
100 3635
100 1377
100 1092
100 7604
100 1869
100 8224
100 2922
100 9845
100 5058
100 919
100 639
100 11630
100 877
100 1345
100 57
100 807
100 231
100 2111
100 474
100 6103
100 2503
100 5268
100 1339
100 1305
100 2211
100 212
100 4597
100 4546
100 1636
100 1442
100 1451
100 2634
100 1321
100 8130
100 664
100 1130
100 2624
100 1348
100 1194
100 1647
100 7970
100 174
100 997
100 3495
100 1339
100 20
100 2313
100 315
100 865
100 3278
100 4157
100 7780
100 2722
100 1085
100 1172
100 3252
100 121
100 2877
100 764
100 892
100 273
100 3747
100 402
100 4242
100 4102
100 521
100 2334
100 1867
100 637
100 539
100 1403
100 1588
100 519
100 2627
100 5977
100 1807
100 641
100 3721
100 296
100 70
100 1943
100 1642
100 611
100 1117
100 3446
100 1254
100 337
100 3444
100 2580
100 3391
100 1070
100 962
100 2963
100 2310
100 6257
100 530
100 1064
100 4636
100 1174
100 2549
100 307
100 4199
100 5762
100 151
100 2651
100 2776
100 2363
100 9943
100 1187
100 800
100 2596
100 2077
100 874
100 3511
100 2804
100 5426
100 2299
100 1435
100 2695
100 792
100 2623
100 762
100 2926
100 320
100 101
100 1674
100 1651
100 29
100 6367
100 2903
100 7242
100 2384
100 5818
100 1664
100 258
100 4158
100 1455
100 440
100 761
100 83
100 2225
100 2276
100 2493
100 123
100 3538
100 17
100 13982
100 2669
100 1231
100 3885
100 122
100 1463
100 1507
100 2048
100 7315
100 6672
100 4615
100 670
100 1433
100 351
100 415
100 9632
100 3689
100 1522
100 1086
100 7460
100 272
100 4633
100 1618
100 784
100 2485
100 4764
100 4899
100 671
100 66
100 1113
100 1819
100 3376
100 3440
100 375
100 2196
100 1219
100 1881
100 1561
100 146
100 2776
100 6483
100 6560
100 416
100 1918
100 1270
100 347
100 3195
100 1325
100 4166
100 3002
100 28
100 97
100 13
100 870
100 165
100 2932
100 1602
100 3498
100 529
100 254
100 287
100 797
100 1594
100 1521
100 985
100 1359
100 2002
100 13
100 7233
100 1341
100 1757
100 3938
100 1109
100 7284
100 2232
100 2607
100 2280
100 1526
100 1110
100 1853
100 1003
100 4021
100 1065
100 1371
100 1320
100 1901
100 691
100 4218
100 213
100 1035
100 236
100 384
100 284
100 880
100 73
100 2225
100 4584
100 2834
100 2114
100 33
100 6024
100 2312
100 6829
100 3608
100 3984
100 928
100 126
100 3132
100 3662
100 1041
100 1367
100 4671
100 119
100 42
100 224
100 3036
100 362
100 588
100 3695
100 894
100 4368
100 994
100 1442
100 43
100 1315
100 86
100 264
100 691
100 2217
100 3577
100 3450
100 3819
100 1689
100 1282
100 520
100 1407
100 2857
100 4822
100 1036
100 4305
100 1138
100 7655
100 306
100 5166
100 1356
100 2001
100 3446
100 3984
100 945
100 381
100 261
100 9025
100 4003
100 2766
100 1831
100 260
100 4086
100 1639
100 5963
100 1484
100 289
100 1066
100 10834
100 78
100 1936
100 4546
100 1766
100 4787
100 503
100 1888
100 4032
100 623
100 1108
100 1141
100 775
100 1493
100 689
100 4739
100 2925
100 1237
100 1247
100 1683
100 3550
100 1422
100 3758
100 2359
100 347
100 506
100 221
100 1568
100 1981
100 6123
100 1209
100 2166
100 238
100 706
100 1035
100 344
100 2480
100 63
100 1321
100 856
100 4848
100 3403
100 813
100 3631
100 2192
100 798
100 6696
100 1936
100 892
100 172
100 595
100 328
100 2856
100 1003
100 2931
100 4797
100 2370
100 6692
100 77
100 2727
100 8838
100 119
100 1748
100 478
100 8261
100 225
100 1897
100 2099
100 346
100 1782
100 2633
100 451
100 340
100 2737
100 3684
100 3025
100 294
100 423
100 268
100 2500
100 2277
100 105
100 1802
100 882
100 3493
100 1040
100 3467
100 4906
100 81
100 959
100 1629
100 5493
100 214
100 1828
100 653
100 2190
100 156
100 727
100 993
100 2801
100 207
100 1947
100 1050
100 2957
100 1090
100 763
100 226
100 3380
100 25
100 3185
100 547
100 593
100 1538
100 2332
100 2270
100 3675
100 1182
100 1808
100 812
100 15102
100 1809
100 1165
100 2224
100 1406
100 538
100 637
100 7602
100 913
100 3090
100 1857
100 10040
100 281
100 476
100 340
100 1188
100 1096
100 9510
100 1652
100 2250
100 2011
100 1793
100 3472
100 4317
100 1840
100 722
100 1184
100 3134
100 659
100 150
100 3634
100 102
100 5426
100 2912
100 527
100 1781
100 2827
100 1693
100 2398
100 11105
100 5561
100 2280
100 920
100 813
100 1039
100 271
100 1095
100 1949
100 531
100 3906
100 1066
100 2075
100 2858
100 260
100 127
100 6393
100 4259
100 543
100 3178
100 1656
100 1590
100 268
100 1383
100 1396
100 1918
100 2022
100 41
100 515
100 4734
100 1856
100 158
100 2935
100 181
100 5284
100 2624
100 1368
100 701
100 2506
100 2055
100 2448
100 82
100 867
100 5840
100 1115
100 7939
100 2607
100 942
100 886
100 4024
100 8806
100 340
100 12803
100 2417
100 5586
100 1837
100 108
100 6602
100 9408
100 5346
100 353
100 3423
100 6571
100 4285
100 1618
100 5257
100 210
100 1267
100 4088
100 6941
100 1187
100 18
100 2238
100 13231
100 1499
100 2612
100 1188
100 6347
100 2989
100 586
100 737
100 3692
100 554
100 1527
100 6053
100 213
100 3282
100 518
100 737
100 595
100 311
100 5017
100 3114
100 71
100 6913
100 1522
100 5587
100 687
100 967
100 5053
100 2635
100 653
100 52
100 53
100 362
100 4127
100 618
100 734
100 965
100 117
100 1197
100 501
100 5138
100 456
100 1550
100 1099
100 3287
100 4855
100 1100
100 955
100 1505
100 1108
100 1004
100 14121
100 7400
100 418
100 1358
100 1784
100 817
100 2068
100 9479
100 5083
100 827
100 1731
100 967
100 5994
100 2090
100 489
100 7577
100 2271
100 2393
100 2234
100 3554
100 239
100 676
100 2913
100 780
100 523
100 1417
100 9270
100 1944
100 2248
100 7913
100 8294
100 4362
100 231
100 4386
100 1747
100 2659
100 2271
100 2777
100 105
100 400
100 463
100 1039
100 155
100 8044
100 3970
100 4657
100 4178
100 226
100 3116
100 699
100 610
100 1728
100 1291
100 1053
100 3258
100 3169
100 3560
100 652
100 1721
100 3655
100 4077
100 6137
100 3333
100 3085
100 3216
100 755
100 1977
100 2559
100 67
100 4516
100 550
100 614
100 568
100 1141
100 802
100 2067
100 3824
100 3871
100 980
100 3303
100 606
100 1407
100 1672
100 3745
100 1999
100 817
100 84
100 1021
100 110
100 418
100 4591
100 2884
100 305
100 108
100 5504
100 3582
100 749
100 656
100 271
100 578
100 1257
100 1595
100 2036
100 370
100 6564
100 3369
100 2641
100 8807
100 349
100 2920
100 463
100 836
100 196
100 1379
100 27
100 769
100 4248
100 269
100 110
100 5966
100 2593
100 3648
100 2049
100 41
100 2378
100 3345
100 8553
100 2031
100 1287
100 51
100 8540
100 8081
100 4038
100 580
100 882
100 388
100 4636
100 3389
100 2077
100 1991
100 2541
100 1679
100 4
100 112
100 7331
100 308
100 1148
100 1562
100 1422
100 1259
100 118
100 1384
100 1790
100 1381
100 2765
100 134
100 1187
100 4551
100 3883
100 10941
100 612
100 1265
100 406
100 7692
100 5798
100 1640
100 1588
100 2198
100 213
100 373
100 809
100 1498
100 9191
100 1154
100 1869
100 112
100 1704
100 1566
100 7362
100 5051
100 2189
100 1018
100 2100
100 254
100 2561
100 1415
100 1017
100 2220
100 3300
100 7229
100 2109
100 2976
100 223
100 3613
100 1133
100 5754
100 9
100 251
100 345
100 3091
100 7090
100 1685
100 3327
100 344
100 8833
100 2795
100 1145
100 3368
100 3729
100 226
100 966
100 297
100 165
100 5082
100 1610
100 1338
100 1749
100 1880
100 115
100 508
100 505
100 516
100 2350
100 779
100 124
100 7586
100 4116
100 11060
100 256
100 2272
100 976
100 372
100 2957
100 1356
100 870
100 340
100 1492
100 4233
100 2385
100 167
100 1173
100 256
100 2000
100 174
100 1383
100 68
100 1055
100 6383
100 1059
100 6085
100 1870
100 5524
100 996
100 232
100 7711
100 2240
100 504
100 1052
100 3518
100 7555
100 287
100 1347
100 425
100 6896
100 178
100 4922
100 5200
100 1391
100 1441
100 61
100 2967
100 2343
100 1492
100 342
100 104
100 3289
100 1040
100 4919
100 1907
100 649
100 705
100 1148
100 537
100 3677
100 1719
100 3802
100 1567
100 1244
100 16073
100 263
100 2491
100 3348
100 1762
100 347
100 1296
100 405
100 684
100 6028
100 1245
100 1387
100 1343
100 219
100 2600
100 4186
100 4558
100 1020
100 2394
100 1313
100 1198
100 3313
100 683
100 568
100 2551
100 1672
100 2697
100 1923
100 563
100 685
100 15
100 4
100 261
100 300
100 1263
100 903
100 3984
100 1268
100 51
100 2399
100 4595
100 403
100 11
100 99
100 1717
100 884
100 2868
100 1050
100 943
100 5526
100 8446
100 3669
100 3027
100 545
100 3771
100 224
100 362
100 6142
100 1282
100 1192
100 5574
100 368
100 4209
100 218
100 397
100 387
100 1355
100 186
100 9654
100 2291
100 3095
100 613
100 1174
100 2254
100 3657
100 537
100 1594
100 6441
100 729
100 2017
100 4457
100 3991
100 2638
100 367
100 293
100 169
100 3035
100 1976
100 874
100 1955
100 116
100 495
100 2152
100 325
100 595
100 1725
100 459
100 823
100 1290
100 930
100 482
100 1264
100 1235
100 8030
100 2234
100 1061
100 290
100 3302
100 2044
100 2358
100 1238
100 638
100 2377
100 2776
100 4898
100 2306
100 215
100 1406
100 200
100 698
100 1255
100 4731
100 383
100 90
100 1222
100 2517
100 178
100 2210
100 2606
100 673
100 112
100 915
100 360
100 886
100 176
100 45
100 952
100 712
100 783
100 659
100 6818
100 1432
100 812
100 5095
100 2109
100 1497
100 1027
100 1346
100 314
100 439
100 846
100 289
100 2564
100 341
100 5647
100 3990
100 2304
100 4686
100 2009
100 1558
100 3569
100 1104
100 1429
100 236
100 2794
100 8937
100 7239
100 2956
100 1096
100 1739
100 606
100 1420
100 931
100 5095
100 776
100 2223
100 3841
100 1297
100 9648
100 503
100 497
100 5856
100 3329
100 2652
100 6594
100 643
100 2588
100 2657
100 4370
100 1267
100 2622
100 59
100 2547
100 1569
100 295
100 1948
100 753
100 286
100 12540
100 6351
100 4570
100 1289
100 293
100 7255
100 3098
100 1231
100 1819
100 758
100 3298
100 1186
100 2412
100 990
100 818
100 7052
100 1429
100 2020
100 9467
100 276
100 571
100 111
100 8155
100 550
100 2108
100 340
100 5922
100 1
100 2848
100 2293
100 281
100 1283
100 118
100 3491
100 212
100 2482
100 2143
100 3091
100 278
100 5893
100 1680
100 8137
100 356
100 698
100 1794
100 1872
100 1777
100 92
100 1030
100 3852
100 1820
100 578
100 96
100 1592
100 453
100 2576
100 3123
100 4337
100 1055
100 2940
100 2935
100 346
100 6258
100 951
100 430
100 860
100 9226
100 330
100 5276
100 1857
100 1588
100 852
100 270
100 608
100 2658
100 4115
100 913
100 220
100 516
100 2557
100 84
100 5573
100 385
100 999
100 4252
100 4633
100 2266
100 764
100 933
100 705
100 217
100 1912
100 3086
100 199
100 1334
100 2467
100 2290
100 2276
100 678
100 696
100 2431
100 154
100 1181
100 559
100 128
100 1042
100 456
100 184
100 2010
100 1614
100 4856
100 5841
100 2179
100 1899
100 2779
100 2237
100 2693
100 2882
100 37
100 1496
100 261
100 1115
100 3066
100 1321
100 4818
100 2491
100 7168
100 2615
100 4258
100 422
100 1527
100 700
100 386
100 175
100 7635
100 4859
100 574
100 3263
100 1224
100 970
100 142
100 4051
100 223
100 820
100 566
100 1652
100 9
100 206
100 8552
100 677
100 496
100 4009
100 4019
100 4525
100 8143
100 1781
100 2849
100 6468
100 11531
100 1174
100 1138
100 27
100 780
100 1611
100 1491
100 627
100 17149
100 7791
100 1039
100 4663
100 1073
100 3844
100 1817
100 1248
100 6252
100 1596
100 5544
100 735
100 2521
100 718
100 7962
100 2873
100 1178
100 4165
100 98
100 279
100 1025
100 2382
100 1659
100 344
100 4834
100 752
100 12169
100 1279
100 141
100 4443
100 4544
100 968
100 433
100 734
100 4665
100 2125
100 2458
100 3159
100 4898
100 1798
100 294
100 2176
100 7188
100 1837
100 1038
100 75
100 1419
100 1711
100 979
100 764
100 1492
100 2861
100 77
100 2410
100 323
100 9070
100 1295
100 74
100 1354
100 516
100 2961
100 3831
100 705
100 784
100 5296
100 2295
100 222
100 338
100 1564
100 1874
100 9916
100 4202
100 2340
100 6284
100 2047
100 42
100 7383
100 134
100 802
100 688
100 1327
100 497
100 4434
100 672
100 1357
100 1716
100 1460
100 10513
100 2038
100 3562
100 4319
100 8109
100 471
100 3682
100 905
100 1585
100 1608
100 122
100 426
100 1776
100 5096
100 2442
100 4111
100 156
100 5498
100 2927
100 1015
100 551
100 2079
100 1720
100 2402
100 6264
100 3077
100 505
100 541
100 802
100 646
100 72
100 332
100 1529
100 2237
100 3923
100 1191
100 1086
100 4128
100 892
100 6062
100 369
100 1566
100 926
100 277
100 713
100 5353
100 1235
100 2843
100 1140
100 3832
100 7576
100 2457
100 2422
100 931
100 246
100 304
100 2197
100 490
100 1038
100 2723
100 1856
100 239
100 6775
100 1611
100 24
100 601
100 1542
100 419
100 1048
100 1396
100 1777
100 4554
100 1511
100 1880
100 2549
100 65
100 250
100 2350
100 52
100 6272
100 3899
100 1176
100 156
100 1221
100 2609
100 1332
100 774
100 9095
100 10423
100 2277
100 32
100 4586
100 380
100 1009
100 278
100 1069
100 4613
100 3327
100 2669
100 6452
100 1008
100 395
100 18315
100 8650
100 3550
100 4094
100 5406
100 1044
100 1531
100 2602
100 1156
100 31
100 759
100 422
100 331
100 123
100 11272
100 2486
100 6263
100 8756
100 1521
100 4116
100 106
100 642
100 393
100 32
100 1701
100 4224
100 1285
100 1137
100 2812
100 2137
100 644
100 3840
100 38
100 30
100 2957
100 21
100 1869
100 1223
100 3483
100 3404
100 7728
100 7392
100 8676
100 170
100 887
100 1992
100 86
100 2062
100 3984
100 356
100 290
100 1088
100 36
100 1996
100 2277
100 4184
100 520
100 319
100 4055
100 7685
100 4555
100 2651
100 32
100 1650
100 384
100 973
100 356
100 1859
100 4085
100 873
100 2221
100 1035
100 3620
100 160
100 1844
100 4455
100 124
100 1495
100 135
100 4840
100 2074
100 12601
100 6839
100 3902
100 3530
100 1713
100 583
100 460
100 691
100 1129
100 857
100 3925
100 597
100 2258
100 13
100 1912
100 2763
100 4210
100 1040
100 2015
100 3120
100 2856
100 4556
100 3793
100 463
100 1943
100 2003
100 970
100 5506
100 750
100 3149
100 97
100 1917
100 3066
100 2625
100 824
100 5652
100 1181
100 1696
100 2858
100 1422
100 856
100 467
100 2748
100 2429
100 288
100 1579
100 781
100 9132
100 2053
100 1107
100 1850
100 1506
100 667
100 636
100 922
100 14
100 1787
100 2960
100 1153
100 4440
100 4036
100 453
100 1134
100 996
100 545
100 3285
100 598
100 3337
100 3324
100 235
100 5955
100 2708
100 301
100 514
100 1669
100 2177
100 370
100 2480
100 819
100 4895
100 2959
100 89
100 1905
100 248
100 6027
100 6457
100 3329
100 477
100 415
100 6855
100 3730
100 152
100 3255
100 3087
100 1770
100 118
100 5515
100 4130
100 5420
100 760
100 3773
100 723
100 1509
100 2240
100 263
100 3351
100 2607
100 1503
100 375
100 2733
100 1335
100 965
100 2038
100 4268
100 631
100 448
100 3860
100 7099
100 5709
100 1831
100 4543
100 5023
100 40
100 9
100 5995
100 2674
100 91
100 569
100 1026
100 5188
100 1252
100 1806
100 1024
100 1111
100 2682
100 2010
100 4478
100 960
100 9342
100 7009
100 6497
100 1439
100 253
100 3139
100 301
100 294
100 726
100 1335
100 2435
100 1101
100 1163
100 684
100 1018
100 315
100 140
100 311
100 805
100 362
100 5491
100 936
100 2063
100 1284
100 1370
100 128
100 6623
100 4822
100 446
100 5299
100 1494
100 1094
100 1810
100 492
100 166
100 7364
100 1327
100 492
100 1015
100 1752
100 591
100 1075
100 1161
100 105
100 767
100 3620
100 2532
100 126
100 187
100 3883
100 2223
100 251
100 5848
100 4496
100 638
100 1028
100 2039
100 2885
100 815
100 947
100 6179
100 2173
100 4158
100 349
100 98
100 1132
100 30
100 706
100 2449
100 9913
100 3003
100 6226
100 1773
100 1647
100 1675
100 2319
100 4726
100 5867
100 1333
100 2685
100 7347
100 855
100 3674
100 1730
100 648
100 281
100 2174
100 1016
100 5182
100 4793
100 1053
100 899
100 5787
100 521
100 1282
100 2378
100 559
100 8307
100 1093
100 602
100 3009
100 868
100 1477
100 660
100 5107
100 4462
100 863
100 1512
100 2979
100 2677
100 4889
100 105
100 2968
100 2686
100 2887
100 2121
100 7586
100 2905
100 5086
100 2492
100 335
100 1954
100 784
100 251
100 256
100 3574
100 3031
100 709
100 7135
100 574
100 3101
100 2114
100 1430
100 6213
100 2877
100 5060
100 5630
100 57
100 762
100 12461
100 591
100 1329
100 1239
100 4977
100 3044
100 7423
100 1053
100 897
100 551
100 2011
100 5166
100 6705
100 6514
100 2235
100 2091
100 4390
100 2355
100 3607
100 827
100 1885
100 1008
100 1639
100 762
100 2732
100 192
100 1699
100 6849
100 1550
100 876
100 423
100 1204
100 1057
100 2189
100 80
100 2980
100 20
100 1249
100 4468
100 6782
100 925
100 2334
100 1319
100 4356
100 3661
100 266
100 3729
100 8893
100 3021
100 2687
100 3395
100 1753
100 9965
100 6039
100 1363
100 1281
100 2314
100 1030
100 3437
100 2765
100 1149
100 3459
100 590
100 52
100 1432
100 568
100 3354
100 8221
100 4773
100 3266
100 9704
100 2834
100 390
100 1817
100 6182
100 4525
100 3535
100 426
100 11834
100 1969
100 3943
100 524
100 1480
100 5425
100 4781
100 2263
100 61
100 9971
100 1602
100 304
100 1711
100 2709
100 357
100 6749
100 478
100 244
100 1063
100 2122
100 516
100 1662
100 968
100 2570
100 226
100 1146
100 1572
100 2531
100 1654
100 256
100 407
100 2035
100 1127
100 5271
100 553
100 3258
100 2905
100 285
100 1155
100 307
100 5810
100 1071
100 230
100 2152
100 1620
100 4299
100 1754
100 381
100 716
100 1911
100 3678
100 406
100 626
100 2247
100 6186
100 130
100 4565
100 206
100 518
100 11053
100 192
100 741
100 416
100 4871
100 310
100 17
100 8083
100 148
100 1202
100 213
100 1133
100 1652
100 3075
100 1305
100 442
100 904
100 2974
100 2730
100 1548
100 8763
100 2469
100 5139
100 795
100 188
100 2425
100 1100
100 6075
100 12588
100 4457
100 4420
100 2842
100 16460
100 691
100 521
100 2071
100 971
100 1175
100 636
100 3004
100 1863
100 49
100 3795
100 4808
100 810
100 5943
100 1675
100 1619
100 426
100 1839
100 746
100 227
100 688
100 92
100 2683
100 2813
100 1941
100 839
100 2879
100 2022
100 513
100 1131
100 4842
100 24
100 1323
100 737
100 1984
100 2137
100 1650
100 577
100 1779
100 2948
100 2154
100 2149
100 2474
100 241
100 2299
100 5870
100 271
100 214
100 820
100 128
100 4544
100 1147
100 3557
100 285
100 5325
100 525
100 1701
100 271
100 6503
100 3351
100 541
100 1476
100 4282
100 657
100 8283
100 1343
100 63
100 625
100 1821
100 671
100 6904
100 2305
100 217
100 544
100 272
100 272
100 10318
100 609
100 6511
100 2163
100 2437
100 2774
100 1152
100 931
100 129
100 10810
100 3129
100 5439
100 1314
100 684
100 452
100 6
100 3116
100 1469
100 4050
100 49
100 1032
100 1678
100 710
100 3211
100 1079
100 179
100 230
100 2609
100 1978
100 1058
100 4194
100 840
100 1900
100 880
100 3703
100 1484
100 3076
100 2606
100 396
100 331
100 92
100 175
100 2966
100 1153
100 1015
100 1627
100 3929
100 1201
100 4318
100 351
100 1854
100 2231
100 5641
100 2069
100 770
100 1690
100 3204
100 2137
100 2195
100 19
100 1559
100 5878
100 2203
100 1544
100 2259
100 29
100 1274
100 1772
100 2012
100 1038
100 795
100 4481
100 60
100 2373
100 580
100 3387
100 1296
100 644
100 1510
100 4423
100 0
100 96
100 87
100 1651
100 4216
100 248
100 4948
100 581
100 2529
100 955
100 3845
100 1247
100 1237
100 2669
100 548
100 1734
100 3471
100 1402
100 1421
100 3277
100 2186
100 399
100 564
100 1782
100 6425
100 2289
100 1064
100 3441
100 435
100 5846
100 1197
100 867
100 1610
100 2934
100 1049
100 1901
100 841
100 700
100 546
100 619
100 6455
100 649
100 6278
100 2189
100 3348
100 1834
100 6399
100 4150
100 2674
100 798
100 2389
100 3915
100 2093
100 2518
100 6047
100 2297
100 1118
100 5
100 1984
100 3598
100 2665
100 4312
100 772
100 1339
100 783
100 978
100 927
100 126
100 4347
100 684
100 567
100 185
100 919
100 701
100 546
100 2123
100 4868
100 1024
100 1392
100 397
100 769
100 627
100 851
100 1591
100 455
100 6840
100 960
100 281
100 309
100 184
100 8366
100 1359
100 4446
100 1219
100 1220
100 1564
100 114
100 8364
100 1171
100 2099
100 938
100 813
100 257
100 2445
100 780
100 1131
100 163
100 1523
100 183
100 813
100 91
100 4440
100 1524
100 1046
100 2750
100 6295
100 6919
100 1559
100 4442
100 2575
100 511
100 5622
100 2466
100 2688
100 5248
100 89
100 1905
100 45
100 1033
100 4409
100 558
100 728
100 515
100 3389
100 584
100 2365
100 118
100 7779
100 4801
100 30
100 851
100 1671
100 6114
100 2674
100 1813
100 1515
100 2662
100 12018
100 123
100 7036
100 4267
100 1323
100 2399
100 285
100 1387
100 1929
100 116
100 524
100 2390
100 678
100 4086
100 310
100 5168
100 1450
100 603
100 3193
100 796
100 2682
100 434
100 878
100 21
100 1025
100 674
100 862
100 444
100 5240
100 6337
100 1418
100 109
100 1290
100 502
100 2605
100 1351
100 465
100 2842
100 348
100 2939
100 19449
100 388
100 6793
100 2419
100 2454
100 1912
100 1502
100 1355
100 658
100 1770
100 1072
100 1941
100 2263
100 804
100 4196
100 2446
100 2948
100 9271
100 2333
100 776
100 1972
100 1700
100 1924
100 2533
100 3988
100 273
100 2856
100 1489
100 690
100 697
100 129
100 4954
100 426
100 3317
100 2845
100 3600
100 2988
100 865
100 3236
100 4444
100 7196
100 159
100 533
100 661
100 1230
100 8114
100 2962
100 68
100 176
100 1311
100 2230
100 4997
100 2675
100 277
100 4372
100 209
100 12734
100 982
100 862
100 1549
100 2286
100 7478
100 1135
100 221
100 13223
100 9564
100 4793
100 2950
100 1822
100 2001
100 2119
100 975
100 1174
100 136
100 3015
100 7972
100 4743
100 6568
100 42
100 13344
100 1074
100 2535
100 945
100 8586
100 3759
100 11051
100 1500
100 1028
100 2071
100 3744
100 9536
100 2052
100 3167
100 758
100 1511
100 1266
100 1012
100 226
100 1186
100 389
100 6554
100 2528
100 2979
100 2167
100 5052
100 9541
100 7434
100 1855
100 3999
100 640
100 2362
100 218
100 775
100 1442
100 603
100 2922
100 3262
100 3788
100 188
100 3174
100 3366
100 1288
100 844
100 357
100 54
100 3431
100 5458
100 435
100 1020
100 1586
100 1100
100 953
100 799
100 3922
100 7179
100 3872
100 2021
100 123
100 1388
100 3527
100 2762
100 1095
100 3375
100 9331
100 7219
100 2332
100 386
100 3291
100 206
100 1913
100 2029
100 26
100 614
100 1449
100 9750
100 1756
100 7874
100 4623
100 7922
100 293
100 204
100 8423
100 4537
100 253
100 345
100 3142
100 1575
100 2797
100 2030
100 384
100 6367
100 335
100 2029
100 1912
100 2821
100 2441
100 5912
100 1317
100 1139
100 173
100 380
100 970
100 830
100 3568
100 1700
100 941
100 785
100 97
100 913
100 1845
100 696
100 2335
100 142
100 1483
100 454
100 1906
100 423
100 2299
100 895
100 3332
100 572
100 964
100 4401
100 2469
100 769
100 1819
100 1247
100 10793
100 2521
100 1112
100 686
100 1918
100 485
100 568
100 787
100 2577
100 60
100 4111
100 529
100 3049
100 299
100 366
100 2855
100 4268
100 906
100 1771
100 293
100 1440
100 3799
100 1620
100 1215
100 1227
100 773
100 7931
100 1396
100 5349
100 4405
100 2642
100 498
100 736
100 698
100 90
100 531
100 4133
100 3428
100 580
100 3229
100 158
100 3918
100 1529
100 3841
100 1355
100 2006
100 879
100 1492
100 342
100 2264
100 254
100 1479
100 2147
100 1129
100 11032
100 3702
100 3388
100 2031
100 191
100 1345
100 818
100 402
100 1595
100 888
100 287
100 2019
100 355
100 2359
100 1795
100 369
100 1068
100 890
100 649
100 146
100 9941
100 5455
100 1200
100 5753
100 765
100 66
100 1323
100 2924
100 453
100 5037
100 1781
100 4506
100 3616
100 1524
100 3654
100 1819
100 1398
100 944
100 3499
100 2572
100 254
100 2416
100 1661
100 1458
100 1393
100 1764
100 1137
100 2871
100 1074
100 324
100 1180
100 3045
100 7336
100 1180
100 254
100 20
100 1440
100 1985
100 2528
100 2727
100 59
100 75
100 4427
100 861
100 27
100 4626
100 516
100 860
100 2652
100 1380
100 1772
100 6755
100 889
100 438
100 4681
100 911
100 584
100 2876
100 928
100 80
100 4050
100 485
100 3935
100 1137
100 795
100 4021
100 242
100 1164
100 1038
100 5196
100 8331
100 3607
100 375
100 1783
100 1957
100 3692
100 1264
100 2928
100 1241
100 4071
100 1023
100 3699
100 321
100 748
100 2017
100 4836
100 1537
100 1329
100 5153
100 4075
100 1222
100 2923
100 2512
100 2844
100 366
100 4846
100 491
100 2030
100 2219
100 1876
100 7280
100 2441
100 962
100 3893
100 869
100 568
100 490
100 64
100 3678
100 385
100 1347
100 1860
100 1921
100 443
100 2561
100 764
100 3811
100 1584
100 2687
100 2748
100 2059
100 7678
100 2573
100 4431
100 2095
100 533
100 2704
100 10786
100 2127
100 890
100 3178
100 241
100 995
100 5211
100 6192
100 312
100 951
100 1301
100 223
100 94
100 27
100 3840
100 2608
100 5066
100 811
100 3073
100 1368
100 754
100 5096
100 342
100 3109
100 2500
100 904
100 984
100 5033
100 9766
100 2977
100 2407
100 1953
100 578
100 1956
100 580
100 3912
100 943
100 70
100 225
100 1099
100 2396
100 3894
100 2426
100 467
100 1972
100 6122
100 2432
100 2535
100 2953
100 517
100 578
100 1065
100 8142
100 1601
100 644
100 898
100 5379
100 5757
100 7260
100 1163
100 351
100 1907
100 1970
100 120
100 2592
100 153
100 6300
100 1657
100 18
100 3022
100 3340
100 13594
100 3031
100 6653
100 3986
100 1488
100 757
100 92
100 2087
100 469
100 2039
100 1098
100 173
100 2251
100 1057
100 3414
100 616
100 649
100 2815
100 9
100 1885
100 1876
100 482
100 220
100 561
100 4940
100 674
100 359
100 4190
100 4429
100 194
100 2745
100 980
100 855
100 4350
100 3859
100 1332
100 5590
100 1057
100 3859
100 227
100 6779
100 5992
100 624
100 706
100 1572
100 595
100 3744
100 904
100 4919
100 8380
100 1195
100 1778
100 3029
100 1000
100 4580
100 2761
100 197
100 2450
100 2509
100 1063
100 2509
100 2491
100 4432
100 5026
100 1000
100 268
100 1264
100 356
100 3579
100 9539
100 626
100 1495
100 1184
100 1293
100 1680
100 6816
100 6287
100 340
100 2400
100 4570
100 40
100 796
100 2564
100 1380
100 1216
100 561
100 1543
100 6519
100 3392
100 83
100 3417
100 38
100 1185
100 3493
100 3783
100 1291
100 3473
100 3895
100 1566
100 1141
100 4004
100 4812
100 2233
100 2204
100 3716
100 100
100 1846
100 3950
100 411
100 991
100 793
100 4647
100 1580
100 2075
100 618
100 8231
100 22
100 1194
100 1515
100 1168
100 4217
100 1441
100 4381
100 81
100 3274
100 48
100 91
100 5280
100 1293
100 500
100 2351
100 11914
100 3867
100 2380
100 1748
100 852
100 4678
100 1238
100 1668
100 1923
100 1615
100 1462
100 2339
100 2496
100 3959
100 1665
100 2654
100 4525
100 610
100 3048
100 2661
100 4187
100 2078
100 243
100 4673
100 1199
100 379
100 958
100 5887
100 1389
100 10296
100 1613
100 360
100 1562
100 2410
100 579
100 234
100 1097
100 2080
100 1690
100 819
100 982
100 2992
100 4688
100 749
100 252
100 118
100 77
100 1302
100 5
100 6396
100 4247
100 6842
100 7600
100 8603
100 3271
100 724
100 4465
100 1210
100 2590
100 1789
100 4655
100 4434
100 5589
100 1152
100 1377
100 2310
100 5471
100 684
100 1753
100 2410
100 7124
100 1360
100 2380
100 2226
100 2744
100 3585
100 1163
100 436
100 2226
100 4454
100 1032
100 794
100 111
100 3063
100 1222
100 7186
100 2723
100 3496
100 461
100 3553
100 3646
100 1938
100 1398
100 448
100 7086
100 689
100 6261
100 1052
100 1749
100 5102
100 1127
100 1135
100 2921
100 1064
100 3092
100 222
100 3059
100 845
100 206
100 2201
100 4586
100 874
100 1703
100 7710
100 5278
100 162
100 745
100 2405
100 517
100 3504
100 1003
100 868
100 1379
100 5269
100 1529
100 4393
100 6003
100 3570
100 2383
100 4923
100 5527
100 4360
100 4566
100 230
100 2618
100 2180
100 3284
100 73
100 8526
100 7
100 1544
100 1953
100 6309
100 341
100 5093
100 1487
100 3064
100 3488
100 1406
100 2146
100 740
100 801
100 1936
100 7926
100 1359
100 7607
100 1236
100 822
100 3672
100 472
100 3804
100 611
100 1946
100 713
100 2460
100 2095
100 16
100 734
100 130
100 632
100 3385
100 4486
100 4497
100 1939
100 10
100 5530
100 44
100 926
100 1140
100 3586
100 740
100 484
100 218
100 713
100 1043
100 3855
100 111
100 965
100 491
100 2886
100 2797
100 1210
100 4756
100 1972
100 2606
100 8147
100 648
100 767
100 2254
100 2479
100 3905
100 2349
100 239
100 3182
100 2523
100 239
100 4558
100 2242
100 1142
100 1804
100 1263
100 797
100 4175
100 476
100 1962
100 50
100 3805
100 1877
100 756
100 3525
100 7740
100 2945
100 527
100 2973
100 10993
100 3484
100 4277
100 4772
100 5001
100 601
100 355
100 3734
100 4834
100 7078
100 384
100 795
100 3411
100 533
100 6075
100 883
100 5216
100 3148
100 2066
100 3487
100 1080
100 1228
100 1312
100 443
100 7369
100 477
100 186
100 3913
100 1029
100 1126
100 20567
100 1118
100 69
100 898
100 856
100 2107
100 115
100 1276
100 180
100 5371
100 673
100 1219
100 728
100 4365
100 4232
100 3509
100 62
100 2950
100 1730
100 6332
100 1619
100 2965
100 6805
100 1084
100 968
100 3869
100 900
100 3298
100 1163
100 2482
100 11310
100 1273
100 40
100 169
100 470
100 1210
100 192
100 656
100 1623
100 838
100 1083
100 396
100 432
100 173
100 2095
100 90
100 2516
100 253
100 3363
100 1478
100 4027
100 52
100 2944
100 529
100 2163
100 92
100 1028
100 97
100 1745
100 884
100 606
100 610
100 550
100 728
100 345
100 1930
100 2430
100 889
100 566
100 356
100 7251
100 714
100 770
100 525
100 733
100 146
100 2180
100 3664
100 3160
100 394
100 1175
100 7438
100 3918
100 5504
100 6803
100 12655
100 3643
100 5007
100 1226
100 2954
100 145
100 3837
100 489
100 1544
100 15
100 7768
100 1111
100 614
100 1897
100 1506
100 1595
100 809
100 5022
100 2729
100 1779
100 1316
100 2333
100 1314
100 1894
100 1335
100 5847
100 879
100 264
100 1541
100 526
100 5318
100 1893
100 110
100 259
100 6240
100 645
100 3248
100 2958
100 4176
100 4387
100 3903
100 3059
100 992
100 2738
100 676
100 3687
100 2400
100 6322
100 2122
100 112
100 3651
100 799
100 6559
100 2158
100 6590
100 1285
100 4513
100 8814
100 4103
100 1076
100 656
100 3701
100 2306
100 319
100 4147
100 1125
100 1546
100 356
100 10443
100 252
100 2511
100 1549
100 586
100 232
100 496
100 3972
100 1723
100 1139
100 407
100 1343
100 2743
100 439
100 464
100 2437
100 843
100 1666
100 88
100 4338
100 1953
100 714
100 300
100 5577
100 12433
100 2170
100 5307
100 4976
100 1939
100 2121
100 4961
100 425
100 6760
100 666
100 783
100 374
100 1348
100 1066
100 1454
100 876
100 2481
100 380
100 6093
100 1024
100 3255
100 70
100 6328
100 2746
100 2504
100 736
100 3067
100 9101
100 163
100 236
100 6208
100 2322
100 516
100 1005
100 493
100 1457
100 91
100 343
100 1054
100 3319
100 613
100 1498
100 2507
100 327
100 2116
100 995
100 1357
100 2104
100 70
100 1600
100 23
100 352
100 3051
100 1231
100 10694
100 1900
100 4949
100 4091
100 8430
100 3628
100 722
100 946
100 1967
100 626
100 63
100 2701
100 5995
100 3540
100 588
100 1336
100 75
100 255
100 2798
100 1438
100 1111
100 4817
100 930
100 66
100 5357
100 647
100 3343
100 440
100 1233
100 4564
100 2640
100 6454
100 6353
100 511
100 1258
100 417
100 659
100 458
100 3953
100 1094
100 337
100 5337
100 3456
100 190
100 1403
100 1975
100 503
100 9318
100 59
100 1386
100 1951
100 649
100 1665
100 1866
100 5941
100 6690
100 6025
100 5182
100 75
100 1187
100 3872
100 1677
100 868
100 3588
100 1975
100 3613
100 1977
100 10505
100 3329
100 635
100 7335
100 1334
100 1905
100 6300
100 706
100 3027
100 8954
100 78
100 5677
100 1785
100 271
100 927
100 36
100 3072
100 7764
100 5155
100 398
100 286
100 4332
100 6100
100 76
100 335
100 722
100 5650
100 8537
100 1042
100 212
100 200
100 6254
100 1173
100 2312
100 8679
100 407
100 2156
100 1031
100 3059
100 1721
100 8562
100 1439
100 2158
100 2178
100 1572
100 4443
100 3549
100 4618
100 4893
100 1625
100 1673
100 456
100 674
100 2449
100 707
100 7408
100 6663
100 771
100 1258
100 3695
100 1011
100 276
100 1885
100 635
100 3126
100 2102
100 2388
100 1037
100 2212
100 1894
100 7918
100 1013
100 1383
100 1094
100 1513
100 3806
100 4467
100 41
100 974
100 939
100 235
100 1235
100 1189
100 1102
100 804
100 1608
100 8499
100 421
100 5852
100 2664
100 136
100 757
100 797
100 504
100 5266
100 7886
100 2246
100 2687
100 5613
100 478
100 948
100 653
100 385
100 1142
100 207
100 1987
100 1705
100 4577
100 1963
100 2065
100 4029
100 4157
100 2191
100 9350
100 876
100 1186
100 2190
100 2763
100 690
100 1827
100 909
100 6563
100 730
100 3620
100 596
100 939
100 6790
100 3801
100 2389
100 5850
100 3208
100 5158
100 2891
100 9025
100 4001
100 2561
100 4390
100 9454
100 2854
100 236
100 4450
100 1838
100 9078
100 587
100 1248
100 565
100 5158
100 791
100 239
100 4707
100 651
100 839
100 30
100 1178
100 85
100 761
100 34
100 158
100 93
100 5369
100 4927
100 1449
100 3585
100 2520
100 273
100 1826
100 5843
100 260
100 3097
100 607
100 6148
100 2471
100 4473
100 791
100 469
100 2684
100 3258
100 3036
100 2964
100 5261
100 13
100 230
100 5502
100 2701
100 3787
100 2430
100 2522
100 1129
100 1477
100 3876
100 5486
100 5816
100 604
100 797
100 2200
100 1559
100 944
100 660
100 4004
100 509
100 450
100 3310
100 809
100 1008
100 228
100 1251
100 3872
100 1615
100 4324
100 937
100 7554
100 273
100 2227
100 7672
100 1215
100 1589
100 2292
100 107
100 841
100 222
100 319
100 2742
100 2008
100 3895
100 4736
100 856
100 3879
100 2539
100 3406
100 1925
100 714
100 5123
100 537
100 4950
100 122
100 1901
100 1312
100 2911
100 291
100 8836
100 711
100 7711
100 62
100 5968
100 4161
100 61
100 624
100 75
100 352
100 923
100 426
100 339
100 5962
100 485
100 2116
100 799
100 5969
100 2830
100 486
100 1881
100 4232
100 1612
100 6935
100 1720
100 2395
100 1014
100 504
100 2011
100 1631
100 173
100 4974
100 1654
100 2446
100 998
100 2999
100 2083
100 1577
100 310
100 657
100 718
100 2286
100 5026
100 13103
100 1178
100 4483
100 3574
100 602
100 837
100 371
100 929
100 812
100 814
100 4750
100 1672
100 1277
100 2951
100 5583
100 2028
100 1597
100 2600
100 1468
100 606
100 4082
100 4609
100 8402
100 3212
100 1200
100 2067
100 2668
100 996
100 6344
100 3888
100 2557
100 897
100 1858
100 1275
100 2947
100 1445
100 1390
100 2030
100 2485
100 682
100 3167
100 3811
100 2080
100 1374
100 8686
100 5986
100 1336
100 726
100 3841
100 1431
100 4001
100 4935
100 5213
100 95
100 8351
100 27
100 806
100 7359
100 4542
100 833
100 5196
100 4664
100 5537
100 1001
100 2497
100 278
100 2832
100 4017
100 1418
100 4949
100 5843
100 2422
100 4171
100 4683
100 4152
100 286
100 2173
100 241
100 826
100 4786
100 941
100 2123
100 3373
100 7342
100 6177
100 3609
100 299
100 1538
100 1839
100 2452
100 2057
100 3425
100 3511
100 6117
100 2421
100 879
100 144
100 3489
100 8278
100 1489
100 359
100 415
100 1276
100 2416
100 1006
100 1457
100 1810
100 3945
100 2975
100 1400
100 5630
100 3810
100 488
100 849
100 1191
100 2312
100 5875
100 753
100 2862
100 557
100 4071
100 1637
100 1354
100 606
100 2333
100 3831
100 15987
100 642
100 1801
100 738
100 2788
100 1027
100 1088
100 2253
100 44
100 1878
100 1317
100 863
100 2017
100 2045
100 1797
100 1059
100 2629
100 10070
100 721
100 693
100 6126
100 408
100 71
100 3803
100 284
100 491
100 5348
100 12171
100 287
100 7305
100 962
100 5714
100 867
100 1201
100 3823
100 192
100 771
100 4193
100 1207
100 313
100 388
100 114
100 1072
100 290
100 333
100 1098
100 3594
100 10093
100 2782
100 1409
100 1140
100 930
100 4521
100 320
100 435
100 1692
100 4965
100 1410
100 4136
100 473
100 1694
100 3391
100 3526
100 466
100 140
100 534
100 765
100 274
100 995
100 3633
100 1952
100 2525
100 2648
100 1944
100 1618
100 633
100 3146
100 489
100 1353
100 2291
100 599
100 266
100 5519
100 664
100 2928
100 1698
100 1823
100 2441
100 650
100 4446
100 1129
100 977
100 79
100 1768
100 1958
100 106
100 3417
100 1455
100 2914
100 1097
100 2233
100 75
100 1505
100 985
100 1296
100 1839
100 297
100 1691
100 390
100 1991
100 7
100 154
100 3308
100 799
100 2710
100 2319
100 1869
100 5808
100 317
100 7015
100 37
100 2275
100 2190
100 1812
100 1270
100 2576
100 1929
100 1797
100 1649
100 198
100 210
100 1182
100 5041
100 5008
100 1969
100 2164
100 533
100 1081
100 340
100 5614
100 2008
100 1704
100 1951
100 1193
100 5751
100 712
100 1763
100 2346
100 3069
100 4161
100 4527
100 2433
100 10967
100 8596
100 1304
100 121
100 3843
100 3538
100 334
100 96
100 573
100 1249
100 5266
100 1588
100 649
100 837
100 4081
100 4195
100 15
100 1439
100 1639
100 228
100 4978
100 24
100 98
100 591
100 2947
100 736
100 756
100 1043
100 1404
100 437
100 318
100 864
100 157
100 892
100 9356
100 3667
100 3176
100 2236
100 2017
100 4180
100 3455
100 2239
100 11502
100 2478
100 666
100 494
100 2252
100 1212
100 2269
100 536
100 2177
100 169
100 946
100 11431
100 2912
100 2522
100 924
100 4418
100 5547
100 1921
100 2743
100 9387
100 1496
100 2640
100 1128
100 2239
100 1310
100 1548
100 2243
100 2287
100 6911
100 11606
100 77
100 2462
100 17
100 407
100 509
100 262
100 10929
100 118
100 1526
100 507
100 3877
100 436
100 890
100 40
100 13470
100 2362
100 3118
100 1411
100 91
100 4080
100 777
100 29
100 1354
100 1756
100 3116
100 3737
100 3472
100 254
100 5429
100 842
100 4237
100 2107
100 5361
100 1984
100 1318
100 140
100 10688
100 3503
100 139
100 3583
100 379
100 4511
100 10058
100 2050
100 737
100 2311
100 3379
100 571
100 354
100 986
100 4830
100 1335
100 556
100 2456
100 245
100 864
100 215
100 64
100 167
100 550
100 2884
100 4201
100 534
100 577
100 122
100 1002
100 1041
100 3273
100 764
100 680
100 483
100 6041
100 72
100 3931
100 2558
100 635
100 3642
100 1384
100 3023
100 5861
100 499
100 1875
100 3197
100 2346
100 3845
100 13
100 833
100 6433
100 118
100 4921
100 6189
100 4956
100 3985
100 117
100 249
100 1037
100 2101
100 1588
100 724
100 1326
100 3352
100 1622
100 769
100 7151
100 3138
100 5717
100 394
100 1256
100 1070
100 3389
100 1781
100 1643
100 57
100 371
100 395
100 5371
100 2664
100 4127
100 316
100 2772
100 559
100 2263
100 1852
100 1930
100 708
100 12442
100 311
100 1321
100 4999
100 82
100 2584
100 2457
100 1907
100 1792
100 6421
100 735
100 1908
100 1077
100 3676
100 3426
100 2255
100 1908
100 3797
100 28
100 134
100 3063
100 2123
100 588
100 2609
100 804
100 2505
100 3049
100 1485
100 2528
100 75
100 5302
100 802
100 625
100 4671
100 3225
100 1818
100 27
100 9129
100 1395
100 2497
100 562
100 6321
100 276
100 5563
100 1056
100 1963
100 654
100 394
100 163
100 2260
100 2049
100 6481
100 8627
100 5600
100 3593
100 1355
100 1102
100 235
100 2
100 790
100 1383
100 9472
100 2094
100 322
100 2639
100 1691
100 3392
100 1234
100 5794
100 7817
100 1459
100 213
100 2133
100 3114
100 3205
100 13771
100 80
100 276
100 69
100 5573
100 527
100 20
100 3478
100 4442
100 2705
100 3056
100 2067
100 2314
100 2984
100 2759
100 2697
100 144
100 852
100 521
100 95
100 509
100 2092
100 2566
100 771
100 6036
100 490
100 2652
100 3853
100 5657
100 2234
100 1783
100 2497
100 1645
100 118
100 832
100 718
100 1905
100 7261
100 3215
100 2961
100 2853
100 1135
100 3194
100 2205
100 522
100 159
100 16
100 637
100 3548
100 6773
100 4473
100 793
100 588
100 4703
100 7615
100 4333
100 2729
100 6250
100 3663
100 4199
100 2490
100 1564
100 1223
100 742
100 1591
100 2066
100 5243
100 2377
100 2678
100 2377
100 4900
100 310
100 911
100 1208
100 1391
100 9754
100 2786
100 1490
100 1701
100 2732
100 775
100 1051
100 2660
100 11610
100 2734
100 2649
100 212
100 2138
100 2013
100 3013
100 736
100 1349
100 2239
100 3084
100 3407
100 8138
100 2399
100 95
100 448
100 1525
100 2943
100 555
100 2267
100 461
100 218
100 827
100 9658
100 2505
100 4943
100 6509
100 939
100 4889
100 55
100 1074
100 6471
100 216
100 2906
100 2653
100 1791
100 5824
100 3175
100 942
100 151
100 6740
100 3134
100 6845
100 340
100 5141
100 622
100 1180
100 4398
100 4238
100 1894
100 4177
100 914
100 5055
100 762
100 2780
100 1191
100 540
100 3969
100 5823
100 1076
100 3784
100 1613
100 733
100 4010
100 624
100 1062
100 4369
100 835
100 520
100 2830
100 304
100 218
100 1323
100 104
100 1387
100 54
100 1247
100 155
100 2472
100 3497
100 40
100 1161
100 1182
100 2656
100 317
100 1071
100 155
100 1598
100 1308
100 803
100 3997
100 3170
100 750
100 83
100 1516
100 1057
100 1083
100 1445
100 1121
100 2365
100 4064
100 2696
100 907
100 8550
100 4538
100 490
100 3555
100 4247
100 3714
100 1348
100 418
100 300
100 1281
100 4879
100 5121
100 3574
100 1163
100 4215
100 523
100 3513
100 436
100 511
100 238
100 887
100 3882
100 1325
100 759
100 10171
100 2025
100 1216
100 1533
100 1779
100 1993
100 5087
100 1345
100 2755
100 3185
100 1247
100 3791
100 9131
100 3230
100 41
100 496
100 1923
100 219
100 2628
100 526
100 1235
100 122
100 1871
100 1555
100 388
100 1726
100 306
100 4621
100 3383
100 686
100 2841
100 4048
100 11525
100 932
100 925
100 1985
100 999
100 1394
100 1721
100 1162
100 2710
100 3636
100 766
100 61
100 5857
100 233
100 1336
100 3284
100 2225
100 509
100 1042
100 738
100 5044
100 1517
100 790
100 1341
100 2481
100 2526
100 849
100 5435
100 359
100 4566
100 716
100 4680
100 389
100 825
100 4549
100 967
100 399
100 3129
100 2809
100 1527
100 4701
100 335
100 2099
100 1529
100 300
100 2378
100 1766
100 3293
100 5782
100 1662
100 10109
100 1365
100 4630
100 3044
100 1230
100 4168
100 1744
100 1294
100 124
100 3551
100 672
100 3520
100 48
100 2690
100 1394
100 1416
100 4111
100 508
100 2401
100 618
100 1139
100 406
100 905
100 67
100 1266
100 3435
100 3904
100 5721
100 3894
100 5431
100 353
100 8556
100 3306
100 625
100 2111
100 727
100 2892
100 1704
100 978
100 1124
100 788
100 3577
100 337
100 1122
100 404
100 1386
100 10127
100 4451
100 1841
100 866
100 365
100 1836
100 1194
100 280
100 909
100 3798
100 1960
100 493
100 1185
100 3514
100 1655
100 2263
100 4744
100 534
100 1158
100 4444
100 108
100 468
100 1883
100 8000
100 3269
100 146
100 4388
100 1732
100 847
100 314
100 3771
100 255
100 699
100 3501
100 10659
100 1208
100 752
100 2727
100 1286
100 35
100 1666
100 501
100 1462
100 921
100 11717
100 3739
100 1188
100 836
100 6331
100 409
100 979
100 7430
100 652
100 900
100 1137
100 380
100 1498
100 1528
100 1427
100 637
100 732
100 2461
100 1385
100 3082
100 4183
100 717
100 1581
100 3654
100 1660
100 1746
100 1285
100 4673
100 1391
100 808
100 1021
100 3634
100 2098
100 1725
100 898
100 2224
100 1402
100 995
100 1487
100 365
100 1725
100 5198
100 1104
100 2479
100 7799
100 308
100 1893
100 2351
100 7370
100 1497
100 4831
100 3066
100 1036
100 169
100 4080
100 356
100 1124
100 1889
100 1350
100 6489
100 111
100 9680
100 1970
100 1689
100 10544
100 1850
100 839
100 1097
100 2228
100 10797
100 2153
100 4800
100 4046
100 10585
100 154
100 4686
100 574
100 3570
100 3357
100 2992
100 1701
100 2345
100 348
100 339
100 5
100 2607
100 219
100 1250
100 2339
100 2336
100 4242
100 5841
100 4452
100 63
100 1409
100 505
100 88
100 1472
100 5072
100 6270
100 3614
100 105
100 40
100 2755
100 739
100 943
100 1329
100 737
100 749
100 131
100 1336
100 1052
100 12580
100 5643
100 2294
100 1328
100 2490
100 1807
100 178
100 383
100 3180
100 449
100 45
100 3499
100 627
100 1145
100 718
100 5577
100 4385
100 2470
100 1771
100 883
100 2257
100 5623
100 4108
100 244
100 513
100 3024
100 189
100 4763
100 3729
100 5440
100 1391
100 1001
100 1524
100 3608
100 495
100 1748
100 4482
100 613
100 795
100 1296
100 311
100 7119
100 12319
100 1053
100 7765
100 1984
100 87
100 3950
100 1867
100 748
100 1482
100 161
100 6246
100 4775
100 2908
100 1192
100 463
100 86
100 136
100 287
100 38
100 5272
100 907
100 459
100 760
100 1550
100 7418
100 9324
100 5962
100 5161
100 788
100 3149
100 225
100 2576
100 244
100 1698
100 8249
100 8536
100 1021
100 743
100 2631
100 1911
100 2834
100 536
100 7440
100 1959
100 971
100 1364
100 1391
100 191
100 2574
100 4553
100 2849
100 1549
100 1496
100 2140
100 1184
100 4095
100 737
100 969
100 8579
100 1269
100 4789
100 1478
100 5863
100 7243
100 936
100 889
100 4921
100 2135
100 1548
100 156
100 894
100 485
100 5408
100 706
100 148
100 4937
100 2772
100 3033
100 1319
100 1157
100 2813
100 5284
100 190
100 3427
100 564
100 232
100 146
100 3026
100 2964
100 3196
100 1166
100 4283
100 3356
100 1675
100 1260
100 551
100 884
100 1790
100 1474
100 159
100 2269
100 1809
100 7577
100 8254
100 6407
100 327
100 1978
100 82
100 1186
100 2718
100 1828
100 624
100 1445
100 3445
100 133
100 158
100 1602
100 1749
100 1046
100 688
100 2351
100 1021
100 441
100 114
100 642
100 2328
100 5944
100 231
100 1386
100 2090
100 1929
100 763
100 1389
100 1267
100 3101
100 2930
100 427
100 88
100 231
100 609
100 504
100 1854
100 3402
100 387
100 3035
100 3510
100 2940
100 1963
100 2838
100 3499
100 693
100 2147
100 1888
100 1289
100 2210
100 2367
100 2158
100 685
100 244
100 795
100 2995
100 4590
100 2644
100 1010
100 2868
100 4060
100 737
100 1913
100 129
100 1535
100 39
100 5858
100 225
100 1257
100 2273
100 6418
100 7277
100 2061
100 6363
100 577
100 175
100 3172
100 205
100 2723
100 1781
100 1419
100 546
100 1844
100 132
100 3895
100 8219
100 8400
100 3694
100 1934
100 2780
100 5425
100 1744
100 2217
100 4321
100 681
100 1234
100 1200
100 5701
100 281
100 1379
100 315
100 1552
100 7832
100 2207
100 847
100 2118
100 1450
100 67
100 1547
100 994
100 6055
100 1367
100 821
100 86
100 6939
100 1973
100 1070
100 2135
100 5238
100 513
100 2198
100 2412
100 8259
100 32
100 1082
100 27
100 5187
100 1119
100 3
100 671
100 1562
100 2235
100 248
100 1617
100 1452
100 488
100 617
100 732
100 4582
100 1370
100 5332
100 136
100 392
100 599
100 5968
100 5070
100 102
100 2062
100 5097
100 3593
100 941
100 227
100 741
100 1116
100 260
100 500
100 8730
100 69
100 8806
100 1921
100 1855
100 6417
100 2824
100 5740
100 1880
100 3900
100 3600
100 3517
100 1608
100 787
100 180
100 3261
100 2520
100 4302
100 171
100 145
100 500
100 780
100 956
100 586
100 641
100 6796
100 475
100 5708
100 7034
100 869
100 878
100 848
100 1857
100 1807
100 2561
100 676
100 3280
100 209
100 674
100 1843
100 1355
100 1942
100 3837
100 6925
100 4642
100 511
100 1764
100 14
100 543
100 805
100 3187
100 9811
100 1091
100 4928
100 2073
100 1524
100 547
100 6873
100 3347
100 200
100 904
100 5954
100 542
100 1991
100 943
100 1016
100 4550
100 1659
100 6332
100 105
100 2338
100 730
100 6196
100 6288
100 5762
100 5743
100 3301
100 411
100 468
100 462
100 6341
100 1211
100 636
100 2111
100 676
100 392
100 6092
100 1726
100 5700
100 1332
100 4102
100 2381
100 471
100 3440
100 4516
100 352
100 2091
100 4171
100 1084
100 630
100 2237
100 5205
100 539
100 2344
100 1017
100 2572
100 2437
100 14859
100 2056
100 1445
100 2232
100 1870
100 283
100 345
100 930
100 3384
100 3713
100 3184
100 783
100 2364
100 478
100 3860
100 689
100 623
100 158
100 212
100 843
100 2383
100 1343
100 1366
100 1535
100 3882
100 3600
100 506
100 615
100 7
100 908
100 2518
100 4948
100 329
100 2331
100 4889
100 3065
100 4427
100 1561
100 779
100 427
100 2271
100 1322
100 1223
100 703
100 429
100 2243
100 4163
100 4100
100 2911
100 5523
100 270
100 63
100 882
100 7084
100 2190
100 5057
100 8892
100 344
100 1707
100 623
100 6470
100 1918
100 5168
100 27
100 1808
100 2956
100 289
100 1906
100 5643
100 1577
100 4471
100 675
100 3319
100 5705
100 6904
100 374
100 3372
100 1800
100 5696
100 1751
100 1463
100 990
100 639
100 3776
100 1819
100 47
100 2038
100 1620
100 2255
100 1296
100 507
100 1032
100 2607
100 749
100 3965
100 3594
100 3938
100 5979
100 585
100 2299
100 2463
100 1849
100 7455
100 6034
100 10
100 697
100 2078
100 2159
100 1336
100 146
100 3274
100 2016
100 3855
100 262
100 410
100 2037
100 1788
100 2249
100 1114
100 4213
100 2245
100 2251
100 2242
100 1524
100 5424
100 1962
100 1627
100 917
100 3032
100 2324
100 2752
100 745
100 5441
100 1176
100 129
100 10027
100 3579
100 96
100 3748
100 978
100 2213
100 2773
100 2157
100 1189
100 2567
100 4719
100 2001
100 758
100 8241
100 1458
100 638
100 2821
100 3074
100 779
100 3046
100 2771
100 3620
100 4570
100 10298
100 1349
100 4479
100 1819
100 2312
100 3939
100 5003
100 1372
100 881
100 1002
100 1940
100 6447
100 1009
100 6284
100 2898
100 9715
100 3594
100 2818
100 241
100 4455
100 2122
100 1231
100 358
100 1101
100 676
100 13302
100 1391
100 1764
100 3450
100 8207
100 854
100 4173
100 2277
100 98
100 1692
100 1194
100 7285
100 701
100 2117
100 2410
100 4716
100 414
100 899
100 2236
100 3890
100 3596
100 1437
100 322
100 2347
100 1527
100 206
100 689
100 2046
100 418
100 509
100 5208
100 2338
100 311
100 5508
100 744
100 2128
100 2059
100 1458
100 4269
100 446
100 893
100 2812
100 7969
100 2174
100 4673
100 105
100 2870
100 232
100 678
100 2950
100 276
100 2551
100 1028
100 6925
100 1246
100 1264
100 3812
100 1745
100 220
100 44
100 2693
100 9058
100 1645
100 52
100 158
100 1568
100 1543
100 1915
100 153
100 552
100 6254
100 2802
100 925
100 4081
100 999
100 1707
100 6205
100 329
100 487
100 3053
100 2870
100 1602
100 361
100 1028
100 3755
100 1727
100 3211
100 66
100 1186
100 347
100 6080
100 6581
100 527
100 6198
100 4761
100 7125
100 1630
100 785
100 1756
100 2259
100 2453
100 1224
100 2323
100 1337
100 2699
100 158
100 351
100 5105
100 9012
100 1222
100 1015
100 469
100 380
100 2688
100 2578
100 2673
100 1517
100 1834
100 2325
100 2700
100 80
100 2277
100 380
100 617
100 1347
100 12513
100 945
100 1895
100 4695
100 2560
100 5026
100 5062
100 910
100 276
100 4429
100 248
100 339
100 0
100 2405
100 3788
100 1155
100 3431
100 2553
100 507
100 2381
100 307
100 2645
100 147
100 393
100 227
100 8346
100 2304
100 5200
100 574
100 2080
100 1956
100 3853
100 2380
100 4459
100 3677
100 1130
100 1113
100 3735
100 598
100 3115
100 2083
100 1014
100 2173
100 1398
100 1168
100 541
100 2120
100 2841
100 776
100 634
100 1626
100 2807
100 750
100 48
100 2520
100 2501
100 2391
100 8242
100 1035
100 1511
100 2084
100 583
100 1077
100 3288
100 2171
100 2428
100 5712
100 1506
100 5297
100 813
100 2869
100 1220
100 3253
100 6975
100 211
100 1586
100 2158
100 1488
100 2826
100 2377
100 1210
100 4621
100 2486
100 1450
100 1758
100 2951
100 2370
100 4599
100 6520
100 1699
100 496
100 870
100 1703
100 3461
100 10113
100 164
100 1441
100 2466
100 1272
100 4959
100 2886
100 4332
100 579
100 55
100 4327
100 3730
100 2587
100 308
100 498
100 6985
100 4382
100 1305
100 1470
100 1194
100 896
100 220
100 496
100 776
100 810
100 3853
100 797
100 1307
100 75
100 539
100 3254
100 425
100 313
100 4
100 5853
100 1166
100 307
100 2351
100 3517
100 307
100 710
100 1138
100 1461
100 4502
100 525
100 140
100 7529
100 2767
100 8606
100 705
100 649
100 2324
100 1259
100 1556
100 2649
100 1484
100 1150
100 1
100 3580
100 1442
100 510
100 528
100 4000
100 146
100 1322
100 746
100 654
100 2438
100 1138
100 1124
100 4158
100 1075
100 4384
100 3375
100 2481
100 2109
100 2005
100 4781
100 2108
100 478
100 612
100 2053
100 302
100 1865
100 3466
100 1343
100 4647
100 1179
100 2380
100 3073
100 12
100 3322
100 2820
100 913
100 545
100 3387
100 2484
100 341
100 4904
100 1500
100 2229
100 2157
100 3674
100 1573
100 1956
100 499
100 199
100 1169
100 645
100 2281
100 49
100 920
100 1063
100 7563
100 863
100 359
100 2513
100 1227
100 2434
100 4481
100 1305
100 3000
100 52
100 5957
100 448
100 1958
100 2123
100 2732
100 2063
100 622
100 3209
100 2213
100 3293
100 732
100 8
100 119
100 3923
100 7654
100 1716
100 101
100 115
100 2885
100 3032
100 708
100 1961
100 5412
100 3489
100 3889
100 364
100 2038
100 6075
100 2513
100 568
100 219
100 1205
100 638
100 3939
100 80
100 2932
100 396
100 4172
100 91
100 1979
100 3462
100 708
100 678
100 1890
100 12128
100 836
100 2275
100 3795
100 1140
100 262
100 2926
100 3826
100 2089
100 135
100 348
100 4695
100 3050
100 5740
100 4219
100 1933
100 800
100 6401
100 1380
100 705
100 6371
100 552
100 3094
100 2872
100 1482
100 350
100 611
100 1949
100 232
100 1487
100 3640
100 2664
100 1050
100 611
100 215
100 2087
100 3
100 3472
100 4213
100 2554
100 2055
100 7320
100 260
100 1776
100 3370
100 6812
100 3604
100 7239
100 3125
100 6337
100 1133
100 791
100 1707
100 2366
100 515
100 3148
100 2992
100 6561
100 1144
100 5973
100 2643
100 7033
100 1344
100 1141
100 819
100 1657
100 234
100 3152
100 1443
100 501
100 8583
100 249
100 4900
100 79
100 2235
100 2046
100 1609
100 2447
100 2122
100 4974
100 3040
100 9682
100 413
100 2025
100 2746
100 196
100 2020
100 855
100 6273
100 668
100 987
100 1604
100 902
100 109
100 1736
100 5044
100 6663
100 179
100 3270
100 827
100 1142
100 3382
100 484
100 717
100 103
100 377
100 2566
100 671
100 4329
100 5106
100 2105
100 232
100 912
100 4148
100 395
100 99
100 5709
100 13945
100 2559
100 422
100 251
100 1006
100 237
100 1936
100 211
100 3280
100 105
100 349
100 25
100 3028
100 2542
100 5632
100 1631
100 435
100 1870
100 3540
100 5469
100 6028
100 328
100 123
100 2804
100 2474
100 341
100 980
100 1310
100 1742
100 520
100 1935
100 988
100 3140
100 7419
100 1577
100 1006
100 873
100 1794
100 3300
100 677
100 1878
100 35
100 5384
100 3254
100 3650
100 61
100 1666
100 4907
100 1705
100 1742
100 4197
100 185
100 353
100 924
100 1326
100 1044
100 536
100 1646
100 3451
100 196
100 497
100 355
100 464
100 2436
100 316
100 7016
100 1774
100 699
100 7472
100 403
100 1550
100 2560
100 1968
100 1481
100 131
100 1196
100 1678
100 5493
100 1061
100 1103
100 856
100 4344
100 2306
100 931
100 7479
100 2323
100 4886
100 8964
100 3664
100 1940
100 94
100 580
100 1186
100 1326
100 3102
100 9931
100 3652
100 5376
100 2733
100 6313
100 625
100 56
100 4265
100 170
100 3853
100 3401
100 1031
100 2256
100 781
100 1841
100 680
100 6733
100 1469
100 2276
100 154
100 652
100 292
100 2440
100 5832
100 2560
100 490
100 2314
100 1918
100 1070
100 1979
100 564
100 595
100 33
100 2222
100 4364
100 1927
100 8478
100 2670
100 5189
100 1470
100 2349
100 1467
100 23
100 2445
100 1647
100 3378
100 7845
100 786
100 693
100 2201
100 589
100 441
100 3723
100 463
100 506
100 2475
100 2559
100 602
100 975
100 3918
100 4722
100 869
100 13255
100 193
100 1126
100 3646
100 300
100 1440
100 1118
100 3822
100 2091
100 1250
100 909
100 408
100 2066
100 1586
100 746
100 1754
100 7686
100 1507
100 5948
100 1562
100 2920
100 1196
100 190
100 819
100 851
100 344
100 2666
100 656
100 1183
100 54
100 1181
100 2437
100 798
100 9073
100 332
100 6383
100 386
100 2607
100 3371
100 3954
100 1433
100 472
100 480
100 1112
100 1314
100 1781
100 996
100 4831
100 86
100 3362
100 169
100 797
100 980
100 766
100 593
100 8078
100 4659
100 366
100 1197
100 319
100 25
100 5339
100 3633
100 3537
100 4693
100 6290
100 700
100 9752
100 49
100 536
100 3844
100 645
100 117
100 6670
100 465
100 1981
100 1192
100 3333
100 2860
100 1789
100 536
100 1411
100 1118
100 547
100 690
100 1602
100 6246
100 3387
100 11910
100 1766
100 5240
100 1571
100 3611
100 654
100 1370
100 2846
100 1134
100 1789
100 932
100 2279
100 2963
100 3425
100 3479
100 3
100 2516
100 330
100 2631
100 336
100 245
100 2223
100 2213
100 957
100 1508
100 405
100 1147
100 4663
100 2256
100 2601
100 93
100 3683
100 539
100 1350
100 41
100 3716
100 1357
100 2258
100 6706
100 844
100 1005
100 3321
100 1912
100 1412
100 6038
100 3227
100 800
100 1707
100 1789
100 324
100 2016
100 2212
100 573
100 2734
100 121
100 859
100 25
100 1456
100 2097
100 3386
100 2892
100 6124
100 114
100 3783
100 4381
100 247
100 1297
100 3644
100 866
100 254
100 1555
100 3581
100 3526
100 4973
100 1159
100 826
100 1127
100 2519
100 1710
100 436
100 2841
100 1664
100 482
100 2566
100 845
100 1913
100 1184
100 286
100 2330
100 891
100 970
100 1751
100 1366
100 5624
100 2596
100 651
100 3771
100 2587
100 4319
100 381
100 1955
100 1570
100 2034
100 964
100 2116
100 858
100 8843
100 2148
100 3318
100 2212
100 8759
100 4615
100 3300
100 347
100 4657
100 3829
100 5497
100 156
100 66
100 380
100 1025
100 2621
100 7903
100 992
100 983
100 151
100 1150
100 3112
100 4044
100 37
100 1034
100 5692
100 434
100 2187
100 7331
100 1369
100 2994
100 2815
100 3483
100 4398
100 1981
100 310
100 2414
100 963
100 1104
100 1277
100 7201
100 712
100 482
100 6546
100 1654
100 1221
100 1532
100 3168
100 1195
100 1304
100 5738
100 821
100 6667
100 87
100 703
100 5437
100 91
100 1163
100 2765
100 597
100 99
100 4331
100 462
100 4026
100 3489
100 4879
100 7105
100 1212
100 2707
100 1022
100 811
100 692
100 1766
100 3798
100 1345
100 2458
100 448
100 2946
100 2839
100 1186
100 5258
100 1748
100 1421
100 603
100 3158
100 1029
100 3638
100 838
100 8249
100 1679
100 13190
100 271
100 2039
100 104
100 761
100 6120
100 9054
100 2233
100 1377
100 212
100 4051
100 1187
100 2716
100 3220
100 3617
100 3604
100 12
100 5940
100 1718
100 1538
100 1646
100 3780
100 769
100 2024
100 6444
100 7301
100 6477
100 6869
100 61
100 4627
100 5336
100 567
100 3459
100 986
100 546
100 187
100 190
100 5119
100 3473
100 3384
100 2403
100 8662
100 89
100 971
100 2274
100 1171
100 385
100 429
100 4885
100 3846
100 4070
100 5698
100 1193
100 88
100 961
100 742
100 4041
100 5044
100 1398
100 4151
100 4985
100 6003
100 1185
100 5721
100 5679
100 570
100 1749
100 3021
100 1481
100 5924
100 313
100 743
100 328
100 741
100 2459
100 3071
100 60
100 363
100 287
100 330
100 8269
100 4
100 1421
100 35
100 8
100 4259
100 1854
100 1865
100 928
100 6327
100 9
100 4487
100 3729
100 630
100 6184
100 2178
100 2001
100 1143
100 178
100 4053
100 2089
100 555
100 3394
100 2614
100 1483
100 882
100 174
100 525
100 68
100 444
100 13675
100 438
100 939
100 390
100 1015
100 503
100 745
100 15782
100 8990
100 2874
100 3351
100 1201
100 3162
100 3365
100 3100
100 766
100 1690
100 58
100 591
100 340
100 438
100 221
100 2197
100 9498
100 791
100 6000
100 1588
100 1557
100 179
100 177
100 1629
100 6636
100 2287
100 1405
100 172
100 3091
100 312
100 4207
100 5705
100 6487
100 5450
100 5224
100 1389
100 7980
100 2470
100 71
100 3992
100 9606
100 1291
100 4780
100 535
100 3931
100 4641
100 2204
100 52
100 5978
100 734
100 1208
100 85
100 2652
100 1515
100 6788
100 10577
100 727
100 265
100 4864
100 2808
100 1122
100 1910
100 1734
100 1775
100 686
100 7124
100 4648
100 3799
100 156
100 610
100 6613
100 3892
100 1362
100 1995
100 90
100 515
100 958
100 1679
100 1545
100 1137
100 274
100 1882
100 796
100 742
100 203
100 2683
100 1866
100 1410
100 2651
100 917
100 3781
100 1678
100 2729
100 2059
100 2397
100 4211
100 1271
100 2028
100 4713
100 1207
100 9829
100 1269
100 1516
100 1298
100 4742
100 2212
100 1256
100 2175
100 847
100 1283
100 1292
100 756
100 4727
100 3398
100 4827
100 793
100 1709
100 550
100 2636
100 620
100 3347
100 333
100 36
100 683
100 442
100 118
100 162
100 723
100 454
100 3754
100 328
100 3769
100 7171
100 184
100 2800
100 592
100 69
100 4797
100 8493
100 4718
100 1871
100 2306
100 2351
100 1814
100 878
100 3286
100 4146
100 45
100 3012
100 834
100 2912
100 930
100 13335
100 2247
100 3304
100 1671
100 2108
100 2051
100 172
100 3227
100 2256
100 4557
100 322
100 3728
100 2130
100 1216
100 1388
100 5236
100 664
100 370
100 91
100 1333
100 893
100 1561
100 6393
100 539
100 670
100 251
100 881
100 1630
100 1235
100 528
100 6184
100 3330
100 774
100 212
100 528
100 7147
100 1877
100 25328
100 2389
100 15216
100 1623
100 6509
100 5713
100 499
100 264
100 577
100 3455
100 798
100 908
100 5548
100 1743
100 60
100 5926
100 1878
100 2451
100 295
100 854
100 2805
100 925
100 2056
100 422
100 2278
100 9027
100 3060
100 3808
100 3863
100 0
100 6248
100 3479
100 4026
100 3214
100 113
100 331
100 1077
100 1532
100 517
100 244
100 3568
100 1987
100 889
100 1860
100 2040
100 1707
100 2150
100 449
100 8746
100 1790
100 4930
100 4206
100 2157
100 5434
100 3937
100 209
100 2122
100 1206
100 8599
100 1889
100 177
100 1681
100 746
100 711
100 251
100 1404
100 1130
100 9199
100 93
100 218
100 4872
100 159
100 3485
100 3804
100 73
100 1038
100 2784
100 2330
100 190
100 4874
100 6980
100 3605
100 2248
100 3189
100 726
100 4607
100 1810
100 5092
100 3659
100 19
100 2839
100 774
100 4703
100 3466
100 533
100 180
100 5964
100 4752
100 844
100 3480
100 1891
100 5904
100 4176
100 2018
100 1885
100 483
100 378
100 2230
100 4886
100 1252
100 5508
100 10414
100 2509
100 6
100 420
100 2158
100 7404
100 2906
100 484
100 193
100 1240
100 1218
100 995
100 182
100 2018
100 3639
100 104
100 3028
100 630
100 1439
100 790
100 89
100 6290
100 1175
100 2093
100 3483
100 456
100 107
100 2198
100 1754
100 880
100 2330
100 3588
100 2510
100 3574
100 505
100 896
100 2248
100 4302
100 656
100 1678
100 2984
100 1253
100 2255
100 1108
100 266
100 907
100 2668
100 2694
100 5058
100 811
100 23
100 1179
100 4654
100 382
100 2600
100 1935
100 1431
100 420
100 710
100 4331
100 1636
100 1033
100 2028
100 581
100 2115
100 2272
100 2836
100 1073
100 6088
100 8525
100 947
100 849
100 1523
100 182
100 1499
100 4440
100 1166
100 2612
100 929
100 62
100 126
100 195
100 2546
100 3111
100 1009
100 271
100 1656
100 31
100 927
100 1535
100 1619
100 4553
100 659
100 2219
100 810
100 5791
100 6921
100 52
100 638
100 2083
100 163
100 1741
100 40
100 935
100 1449
100 1521
100 886
100 4787
100 1880
100 3275
100 137
100 3389
100 1885
100 177
100 1239
100 2797
100 3747
100 4039
100 2415
100 603
100 2153
100 1891
100 798
100 6198
100 3774
100 2161
100 1817
100 775
100 1312
100 948
100 2356
100 2594
100 3301
100 7700
100 2280
100 6311
100 6711
100 204
100 3747
100 3375
100 711
100 1304
100 1140
100 1192
100 330
100 13629
100 1250
100 409
100 160
100 1108
100 5178
100 341
100 3925
100 758
100 3326
100 1134
100 6631
100 66
100 5032
100 2993
100 2415
100 1017
100 3736
100 4704
100 4680
100 2911
100 212
100 2349
100 431
100 1468
100 3281
100 3536
100 1735
100 3451
100 6160
100 5421
100 472
100 1463
100 336
100 2789
100 83
100 223
100 3737
100 971
100 1300
100 298
100 74
100 578
100 751
100 3043
100 156
100 2127
100 1767
100 2391
100 452
100 198
100 2940
100 2480
100 4191
100 1604
100 329
100 984
100 1400
100 788
100 565
100 3709
100 781
100 4780
100 2257
100 2289
100 7056
100 1445
100 3672
100 663
100 1290
100 458
100 3911
100 2709
100 366
100 212
100 514
100 2673
100 2388
100 1132
100 1084
100 1739
100 255
100 13374
100 524
100 824
100 2181
100 2576
100 769
100 1959
100 784
100 344
100 1193
100 122
100 329
100 255
100 4327
100 6013
100 30
100 4118
100 1956
100 615
100 7814
100 10024
