100 641
100 226
100 48
100 541
100 779
100 1908
100 458
100 192
100 1525
100 543
100 404
100 1003
100 1398
100 1249
100 190
100 162
100 1208
100 1953
100 1574
100 675
100 110
100 1913
100 483
100 9
100 841
100 225
100 35
100 1563
100 500
100 1371
100 1369
100 1971
100 123
100 625
100 1460
100 924
100 623
100 444
100 2227
100 692
100 1363
100 163
100 910
100 992
100 240
100 2258
100 648
100 49
100 585
100 1480
100 31
100 2108
100 654
100 589
100 879
100 4948
100 1087
100 1181
100 805
100 288
100 874
100 122
100 707
100 258
100 393
100 155
100 269
100 1870
100 209
100 922
100 272
100 123
100 1085
100 1483
100 1320
100 467
100 643
100 510
100 469
100 260
100 428
100 185
100 572
100 245
100 407
100 1399
100 269
100 1063
100 186
100 369
100 2451
100 178
100 222
100 737
100 15
100 1736
100 571
100 20
100 99
100 980
100 525
100 2287
100 123
100 418
100 2092
100 1699
100 776
100 223
100 978
100 419
100 320
100 104
100 1453
100 557
100 1018
100 669
100 678
100 1147
100 1149
100 171
100 315
100 178
100 87
100 0
100 1433
100 348
100 160
100 585
100 227
100 735
100 276
100 74
100 989
100 21
100 1088
100 1046
100 821
100 992
100 106
100 4159
100 351
100 1325
100 840
100 1065
100 93
100 426
100 91
100 1152
100 24
100 686
100 62
100 1015
100 1545
100 606
100 965
100 361
100 179
100 164
100 863
100 1763
100 545
100 404
100 530
100 2743
100 1411
100 187
100 651
100 1380
100 1093
100 33
100 865
100 1771
100 943
100 1848
100 1041
100 101
100 136
100 866
100 439
100 852
100 673
100 99
100 126
100 264
100 574
100 208
100 704
100 89
100 362
100 123
100 107
100 744
100 994
100 332
100 231
100 204
100 350
100 791
100 893
100 1
100 713
100 1553
100 1952
100 791
100 216
100 124
100 289
100 452
100 464
100 685
100 661
100 5
100 3412
100 1451
100 297
100 414
100 2422
100 43
100 1923
100 165
100 2255
100 1049
100 2108
100 984
100 328
100 2316
100 68
100 555
100 65
100 625
100 44
100 28
100 14
100 82
100 172
100 104
100 2308
100 196
100 385
100 213
100 903
100 352
100 1105
100 2891
100 82
100 4393
100 861
100 49
100 1336
100 318
100 501
100 893
100 303
100 661
100 1175
100 69
100 791
100 247
100 1129
100 353
100 476
100 435
100 912
100 2219
100 37
100 356
100 1467
100 1953
100 640
100 714
100 705
100 19
100 1195
100 786
100 387
100 428
100 13
100 1610
100 663
100 104
100 32
100 41
100 434
100 341
100 249
100 92
100 1496
100 712
100 2435
100 1506
100 1045
100 1289
100 2221
100 2151
100 378
100 12
100 274
100 161
100 1814
100 798
100 995
100 352
100 458
100 86
100 31
100 75
100 496
100 179
100 39
100 561
100 814
100 6
100 790
100 572
100 514
100 571
100 748
100 5
100 197
100 229
100 798
100 501
100 666
100 828
100 913
100 1337
100 471
100 1418
100 852
100 1709
100 653
100 343
100 1001
100 117
100 116
100 666
100 76
100 382
100 508
100 319
100 1966
100 1002
100 2148
100 1499
100 925
100 200
100 887
100 163
100 762
100 3790
100 481
100 251
100 1289
100 757
100 404
100 1012
100 790
100 680
100 1442
100 159
100 93
100 702
100 138
100 1860
100 59
100 280
100 628
100 2049
100 29
100 227
100 523
100 447
100 119
100 619
100 1667
100 2450
100 932
100 2207
100 482
100 449
100 1327
100 933
100 3407
100 442
100 814
100 1614
100 314
100 1275
100 13
100 356
100 1245
100 545
100 271
100 472
100 1118
100 955
100 387
100 37
100 390
100 847
100 869
100 42
100 1032
100 331
100 1325
100 444
100 2083
100 37
100 1454
100 267
100 614
100 248
100 79
100 1878
100 1733
100 868
100 988
100 1324
100 941
100 610
100 1564
100 154
100 504
100 2840
100 1102
100 529
100 1448
100 1488
100 598
100 679
100 208
100 433
100 598
100 830
100 721
100 936
100 432
100 1846
100 173
100 2161
100 1566
100 830
100 421
100 318
100 1413
100 190
100 455
100 791
100 85
100 586
100 240
100 1434
100 179
100 911
100 166
100 192
100 407
100 487
100 920
100 1891
100 740
100 983
100 440
100 502
100 676
100 82
100 1511
100 600
100 464
100 657
100 1888
100 996
100 569
100 1706
100 358
100 218
100 545
100 1521
100 1950
100 1533
100 494
100 634
100 2980
100 25
100 484
100 134
100 731
100 436
100 3267
100 660
100 1204
100 345
100 1605
100 1340
100 386
100 306
100 1177
100 794
100 966
100 387
100 1599
100 168
100 31
100 87
100 150
100 2069
100 630
100 805
100 1467
100 339
100 843
100 85
100 242
100 657
100 63
100 1021
100 84
100 1067
100 322
100 461
100 1259
100 533
100 730
100 450
100 489
100 234
100 807
100 1012
100 31
100 598
100 1553
100 69
100 1151
100 1112
100 177
100 943
100 866
100 1848
100 453
100 79
100 3059
100 23
100 1868
100 352
100 1373
100 985
100 1009
100 597
100 817
100 734
100 106
100 765
100 1540
100 966
100 932
100 1529
100 12
100 1375
100 1602
100 46
100 1242
100 780
100 19
100 56
100 935
100 2214
100 551
100 2371
100 143
100 1330
100 729
100 118
100 2366
100 475
100 122
100 576
100 2399
100 482
100 13
100 1269
100 242
100 1240
100 643
100 141
100 1386
100 572
100 591
100 836
100 302
100 30
100 1801
100 461
100 40
100 14
100 380
100 482
100 1784
100 78
100 157
100 915
100 816
100 3114
100 717
100 1003
100 1272
100 188
100 1331
100 582
100 19
100 187
100 384
100 1115
100 744
100 119
100 54
100 1951
100 25
100 879
100 521
100 662
100 833
100 280
100 316
100 345
100 16
100 752
100 975
100 342
100 1622
100 713
100 133
100 432
100 3906
100 1413
100 282
100 757
100 866
100 238
100 1420
100 666
100 1618
100 280
100 782
100 794
100 1413
100 1628
100 1190
100 1864
100 288
100 331
100 2008
100 161
100 191
100 2584
100 374
100 1188
100 1815
100 596
100 976
100 1466
100 373
100 588
100 1207
100 907
100 2667
100 2
100 1330
100 1400
100 247
100 14
100 856
100 322
100 437
100 139
100 206
100 655
100 461
100 1925
100 972
100 1591
100 433
100 205
100 214
100 392
100 3717
100 910
100 240
100 362
100 185
100 537
100 592
100 1112
100 262
100 173
100 380
100 14
100 362
100 851
100 459
100 469
100 799
100 1949
100 944
100 1179
100 215
100 412
100 550
100 2139
100 169
100 266
100 8
100 103
100 1318
100 155
100 71
100 306
100 421
100 568
100 437
100 54
100 412
100 894
100 313
100 144
100 474
100 257
100 705
100 952
100 424
100 3039
100 259
100 395
100 427
100 165
100 27
100 91
100 157
100 202
100 658
100 690
100 2570
100 1130
100 2377
100 237
100 327
100 71
100 857
100 427
100 703
100 1268
100 843
100 29
100 340
100 302
100 573
100 93
100 29
100 213
100 190
100 324
100 778
100 1611
100 551
100 95
100 687
100 407
100 95
100 224
100 2067
100 712
100 117
100 54
100 1380
100 419
100 409
100 139
100 632
100 2769
100 506
100 299
100 426
100 1143
100 1208
100 1143
100 762
100 40
100 739
100 2298
100 1905
100 48
100 2834
100 478
100 292
100 638
100 608
100 645
100 202
100 342
100 317
100 1036
100 807
100 510
100 590
100 2466
100 558
100 32
100 1871
100 199
100 978
100 1195
100 136
100 755
100 15
100 1068
100 2
100 141
100 49
100 1938
100 696
100 252
100 1981
100 1213
100 4310
100 121
100 251
100 46
100 2801
100 430
100 608
100 1823
100 599
100 872
100 392
100 141
100 108
100 671
100 1153
100 1294
100 404
100 367
100 120
100 586
100 280
100 74
100 66
100 407
100 322
100 90
100 36
100 1644
100 1027
100 1852
100 252
100 1295
100 49
100 362
100 1154
100 1327
100 2804
100 1315
100 1356
100 258
100 434
100 243
100 233
100 342
100 279
100 855
100 32
100 1316
100 281
100 354
100 166
100 1395
100 1028
100 200
100 1549
100 610
100 554
100 791
100 320
100 72
100 2677
100 143
100 759
100 171
100 202
100 2016
100 369
100 1372
100 2818
100 182
100 2059
100 926
100 65
100 25
100 1109
100 63
100 760
100 873
100 762
100 156
100 30
100 2834
100 164
100 98
100 620
100 337
100 696
100 1845
100 1138
100 1843
100 150
100 424
100 2074
100 1883
100 455
100 2281
100 400
100 529
100 1484
100 385
100 561
100 1182
100 60
100 136
100 317
100 1103
100 346
100 579
100 2394
100 2068
100 801
100 1506
100 106
100 2066
100 348
100 1292
100 2318
100 236
100 430
100 391
100 2
100 1912
100 1358
100 3563
100 2046
100 12
100 202
100 1557
100 513
100 876
100 331
100 927
100 2060
100 100
100 956
100 736
100 181
100 1154
100 170
100 1575
100 1480
100 128
100 1654
100 1546
100 161
100 20
100 619
100 202
100 773
100 907
100 289
100 337
100 1239
100 45
100 1851
100 733
100 482
100 84
100 527
100 503
100 1073
100 900
100 3095
100 1191
100 3001
100 431
100 95
100 4183
100 1056
100 321
100 1288
100 1339
100 336
100 129
100 186
100 991
100 284
100 45
100 2917
100 82
100 686
100 170
100 518
100 738
100 554
100 454
100 345
100 647
100 1018
100 847
100 1303
100 102
100 206
100 135
100 1367
100 287
100 2136
100 2113
100 408
100 99
100 279
100 1768
100 337
100 165
100 987
100 245
100 243
100 656
100 79
100 270
100 298
100 129
100 878
100 25
100 126
100 496
100 2366
100 201
100 128
100 249
100 1325
100 1290
100 303
100 34
100 462
100 249
100 406
100 159
100 36
100 431
100 1783
100 317
100 698
100 21
100 5
100 1299
100 954
100 774
100 404
100 243
100 1289
100 1026
100 163
100 115
100 430
100 584
100 47
100 1607
100 1032
100 1387
100 3542
100 835
100 50
100 948
100 717
100 125
100 1649
100 703
100 583
100 104
100 229
100 138
100 709
100 1179
100 142
100 1587
100 479
100 784
100 1190
100 1118
100 340
100 565
100 433
100 679
100 234
100 13
100 1794
100 1331
100 1807
100 326
100 47
100 250
100 1057
100 27
100 382
100 183
100 575
100 248
100 43
100 2096
100 1235
100 135
100 127
100 541
100 738
100 284
100 320
100 957
100 316
100 1598
100 135
100 888
100 1220
100 1579
100 1348
100 1057
100 232
100 1235
100 1279
100 143
100 69
100 62
100 1238
100 694
100 2378
100 220
100 1218
100 1426
100 3352
100 134
100 2356
100 210
100 588
100 67
100 606
100 1423
100 338
100 746
100 40
100 2393
100 625
100 1046
100 1268
100 1109
100 1789
100 1108
100 41
100 72
100 802
100 131
100 514
100 178
100 3839
100 1616
100 523
100 37
100 694
100 1237
100 2075
100 40
100 556
100 1356
100 628
100 24
100 709
100 902
100 4116
100 466
100 185
100 1752
100 777
100 673
100 2228
100 370
100 1659
100 1161
100 2054
100 12
100 551
100 89
100 1496
100 744
100 354
100 1394
100 229
100 459
100 100
100 16
100 235
100 665
100 1929
100 190
100 72
100 740
100 394
100 151
100 1498
100 923
100 343
100 568
100 563
100 698
100 1966
100 548
100 622
100 1977
100 11
100 600
100 294
100 421
100 624
100 1871
100 472
100 445
100 277
100 1206
100 659
100 452
100 2043
100 80
100 521
100 374
100 949
100 363
100 1038
100 2773
100 241
100 103
100 6
100 3032
100 343
100 1525
100 924
100 209
100 3549
100 783
100 494
100 202
100 1914
100 230
100 157
100 1328
100 759
100 1171
100 1050
100 472
100 797
100 520
100 714
100 3164
100 101
100 2229
100 771
100 72
100 931
100 1070
100 317
100 3041
100 354
100 1455
100 964
100 776
100 2609
100 27
100 4076
100 254
100 15
100 317
100 1081
100 1612
100 548
100 284
100 660
100 555
100 441
100 192
100 1534
100 54
100 785
100 47
100 1535
100 2148
100 461
100 1822
100 1111
100 5
100 482
100 64
100 556
100 247
100 152
100 167
100 1195
100 126
100 107
100 76
100 399
100 226
100 835
100 167
100 1209
100 109
100 495
100 2341
100 175
100 1373
100 1324
100 493
100 559
100 323
100 516
100 360
100 331
100 230
100 122
100 112
100 1082
100 425
100 508
100 911
100 1926
100 792
100 750
100 160
100 942
100 1563
100 202
100 214
100 120
100 136
100 1016
100 474
100 2392
100 1821
100 223
100 341
100 1424
100 283
100 948
100 32
100 559
100 1048
100 1223
100 909
100 2148
100 704
100 1410
100 344
100 776
100 1451
100 314
100 1682
100 971
100 235
100 2581
100 205
100 448
100 359
100 5
100 935
100 176
100 66
100 477
100 2079
100 1763
100 850
100 1932
100 2094
100 2093
100 755
100 259
100 364
100 7
100 593
100 972
100 3293
100 356
100 560
100 1329
100 1378
100 488
100 1381
100 511
100 414
100 757
100 84
100 303
100 85
100 213
100 391
100 340
100 668
100 388
100 2023
100 675
100 1031
100 1172
100 155
100 495
100 671
100 523
100 592
100 1072
100 167
100 2000
100 267
100 2752
100 2419
100 441
100 136
100 156
100 1018
100 1438
100 879
100 1800
100 989
100 1068
100 257
100 898
100 122
100 2193
100 609
100 75
100 790
100 287
100 269
100 154
100 381
100 1711
100 937
100 238
100 884
100 377
100 33
100 1022
100 99
100 178
100 2004
100 99
100 967
100 456
100 214
100 303
100 524
100 583
100 1249
100 289
100 95
100 282
100 1415
100 2063
100 1231
100 181
100 724
100 192
100 683
100 674
100 448
100 147
100 592
100 463
100 2233
100 390
100 123
100 153
100 6
100 1928
100 96
100 734
100 1580
100 423
100 234
100 421
100 817
100 1331
100 286
100 3418
100 1932
100 55
100 247
100 1054
100 12
100 101
100 276
100 1786
100 133
100 33
100 595
100 214
100 1134
100 1485
100 577
100 2317
100 1687
100 3382
100 1228
100 659
100 1807
100 10
100 708
100 403
100 284
100 895
100 537
100 752
100 187
100 132
100 802
100 86
100 283
100 12
100 584
100 311
100 1352
100 52
100 2524
100 775
100 1109
100 1647
100 480
100 1263
100 49
100 1746
100 544
100 1016
100 1436
100 46
100 68
100 199
100 12
100 63
100 805
100 423
100 390
100 295
100 1529
100 2544
100 1426
100 620
100 12
100 33
100 550
100 1362
100 541
100 177
100 1747
100 487
100 20
100 440
100 487
100 1629
100 432
100 4959
100 424
100 48
100 1585
100 730
100 1814
100 281
100 913
100 316
100 2078
100 614
100 331
100 11
100 3167
100 984
100 82
100 65
100 3213
100 613
100 2297
100 121
100 214
100 353
100 327
100 16
100 403
100 157
100 800
100 557
100 586
100 1294
100 135
100 88
100 2351
100 11
100 1293
100 1765
100 574
100 30
100 323
100 2862
100 221
100 461
100 642
100 687
100 1315
100 470
100 598
100 820
100 1520
100 528
100 868
100 422
100 605
100 321
100 164
100 142
100 457
100 298
100 304
100 57
100 1526
100 544
100 369
100 169
100 1548
100 537
100 295
100 1027
100 479
100 836
100 176
100 1953
100 1719
100 518
100 2950
100 650
100 962
100 74
100 1166
100 425
100 293
100 770
100 796
100 87
100 54
100 79
100 592
100 187
100 1050
100 468
100 362
100 593
100 609
100 134
100 825
100 834
100 1027
100 549
100 162
100 476
100 404
100 913
100 735
100 119
100 1120
100 1940
100 279
100 1133
100 1143
100 696
100 278
100 1090
100 96
100 1466
100 749
100 1
100 600
100 8
100 694
100 221
100 313
100 884
100 564
100 181
100 2494
100 88
100 662
100 580
100 3629
100 593
100 123
100 635
100 291
100 549
100 817
100 2460
100 198
100 218
100 955
100 1175
100 635
100 240
100 240
100 1777
100 2798
100 350
100 246
100 1096
100 175
100 592
100 39
100 0
100 1432
100 2031
100 368
100 224
100 314
100 29
100 884
100 176
100 339
100 224
100 395
100 128
100 232
100 494
100 1050
100 241
100 2345
100 490
100 1373
100 1041
100 695
100 778
100 786
100 1843
100 848
100 804
100 1136
100 186
100 1068
100 1721
100 192
100 137
100 39
100 99
100 636
100 541
100 34
100 441
100 354
100 200
100 640
100 16
100 87
100 851
100 129
100 282
100 308
100 1558
100 952
100 222
100 1464
100 264
100 851
100 1095
100 1847
100 962
100 434
100 2384
100 414
100 346
100 181
100 1852
100 465
100 2373
100 2055
100 2570
100 1759
100 1247
100 730
100 678
100 1006
100 815
100 1187
100 527
100 58
100 167
100 168
100 1069
100 19
100 2561
100 2286
100 807
100 263
100 2586
100 1668
100 266
100 1654
100 274
100 83
100 422
100 702
100 4524
100 181
100 180
100 1244
100 593
100 363
100 9
100 3047
100 654
100 1354
100 1351
100 39
100 185
100 406
100 600
100 209
100 458
100 110
100 76
100 302
100 204
100 1215
100 580
100 736
100 296
100 1393
100 527
100 600
100 350
100 791
100 995
100 1069
100 898
100 9
100 774
100 489
100 1357
100 257
100 507
100 844
100 628
100 984
100 666
100 395
100 89
100 150
100 816
100 869
100 14
100 118
100 1844
100 940
100 643
100 1001
100 75
100 273
100 163
100 1592
100 569
100 569
100 36
100 68
100 456
100 1040
100 851
100 787
100 1168
100 2581
100 4337
100 81
100 674
100 1092
100 1635
100 214
100 2587
100 1342
100 527
100 832
100 823
100 596
100 613
100 2926
100 825
100 234
100 11
100 1245
100 1629
100 601
100 286
100 38
100 367
100 465
100 419
100 1055
100 2373
100 138
100 806
100 667
100 337
100 400
100 1650
100 13
100 646
100 31
100 218
100 96
100 268
100 1275
100 165
100 298
100 1118
100 536
100 2781
100 411
100 88
100 168
100 170
100 3441
100 603
100 190
100 1552
100 1501
100 1983
100 1309
100 1442
100 1306
100 831
100 2549
100 182
100 2213
100 345
100 684
100 1232
100 1613
100 283
100 101
100 212
100 213
100 232
100 1985
100 1142
100 2738
100 1849
100 2011
100 585
100 317
100 3
100 538
100 295
100 215
100 554
100 774
100 1320
100 708
100 2567
100 847
100 218
100 447
100 194
100 2761
100 1850
100 774
100 681
100 563
100 1082
100 580
100 1245
100 78
100 255
100 1183
100 245
100 300
100 987
100 634
100 175
100 55
100 293
100 182
100 1741
100 187
100 697
100 10
100 644
100 353
100 2184
100 168
100 1958
100 277
100 20
100 1892
100 3984
100 1584
100 58
100 811
100 939
100 342
100 675
100 1197
100 801
100 299
100 1340
100 1944
100 1017
100 4858
100 797
100 144
100 741
100 2612
100 127
100 1311
100 48
100 84
100 645
100 176
100 59
100 1573
100 7765
100 573
100 940
100 490
100 206
100 502
100 1947
100 811
100 595
100 634
100 449
100 1173
100 19
100 640
100 226
100 190
100 254
100 23
100 1105
100 527
100 469
100 400
100 1807
100 303
100 19
100 1839
100 338
100 3090
100 123
100 129
100 411
100 1206
100 2082
100 1821
100 1435
100 342
100 424
100 600
100 288
100 1115
100 917
100 2474
100 352
100 826
100 470
100 2361
100 1079
100 1890
100 205
100 187
100 1516
100 296
100 672
100 127
100 732
100 553
100 580
100 216
100 1287
100 33
100 46
100 1667
100 1439
100 2007
100 1269
100 1185
100 4832
100 1668
100 78
100 225
100 317
100 548
100 10
100 3843
100 318
100 730
100 49
100 943
100 1789
100 1950
100 654
100 1911
100 175
100 1007
100 1452
100 3182
100 1933
100 647
100 1251
100 579
100 1817
100 557
100 449
100 22
100 902
100 227
100 363
100 588
100 345
100 569
100 1426
100 435
100 1015
100 760
100 379
100 659
100 355
100 2300
100 166
100 521
100 2087
100 1026
100 186
100 100
100 1204
100 547
100 3059
100 149
100 692
100 94
100 141
100 212
100 409
100 74
100 196
100 125
100 334
100 186
100 103
100 267
100 1036
100 5143
100 721
100 511
100 132
100 1245
100 1110
100 241
100 560
100 568
100 52
100 1442
100 1774
100 322
100 301
100 105
100 1025
100 100
100 235
100 330
100 246
100 155
100 57
100 811
100 644
100 862
100 4364
100 597
100 1313
100 290
100 1377
100 517
100 345
100 373
100 539
100 178
100 1058
100 227
100 922
100 257
100 2586
100 742
100 662
100 790
100 103
100 391
100 506
100 676
100 329
100 44
100 41
100 5725
100 656
100 995
100 199
100 406
100 1664
100 2050
100 1296
100 2190
100 120
100 1058
100 485
100 615
100 885
100 348
100 1409
100 408
100 75
100 150
100 3241
100 1942
100 386
100 291
100 1478
100 48
100 1786
100 485
100 49
100 768
100 190
100 727
100 547
100 910
100 608
100 858
100 161
100 1093
100 762
100 274
100 129
100 731
100 2045
100 233
100 293
100 450
100 102
100 372
100 1821
100 129
100 648
100 241
100 229
100 2608
100 493
100 153
100 82
100 307
100 383
100 409
100 923
100 794
100 23
100 700
100 520
100 1573
100 797
100 64
100 801
100 2274
100 239
100 3877
100 817
100 146
100 459
100 639
100 486
100 2803
100 238
100 658
100 185
100 664
100 636
100 2196
100 129
100 1414
100 797
100 771
100 878
100 704
100 976
100 295
100 435
100 285
100 1731
100 460
100 266
100 3
100 2235
100 930
100 570
100 1615
100 1393
100 276
100 680
100 683
100 197
100 1352
100 386
100 611
100 578
100 1585
100 292
100 1151
100 1025
100 139
100 459
100 986
100 80
100 881
100 1325
100 338
100 206
100 1041
100 287
100 616
100 1442
100 1622
100 113
100 85
100 2068
100 767
100 716
100 247
100 1196
100 146
100 409
100 1065
100 565
100 3585
100 364
100 4279
100 222
100 831
100 885
100 1413
100 3
100 2016
100 445
100 662
100 309
100 33
100 365
100 499
100 119
100 264
100 287
100 532
100 319
100 303
100 1495
100 457
100 658
100 413
100 88
100 1354
100 1382
100 674
100 194
100 1793
100 282
100 2739
100 236
100 282
100 1115
100 308
100 10
100 1110
100 698
100 80
100 934
100 756
100 883
100 848
100 910
100 1146
100 500
100 88
100 1307
100 62
100 419
100 25
100 299
100 201
100 124
100 640
100 3231
100 3980
100 756
100 11
100 635
100 416
100 673
100 3380
100 69
100 507
100 57
100 521
100 2197
100 117
100 393
100 115
100 400
100 959
100 120
100 2241
100 513
100 322
100 1088
100 380
100 107
100 458
100 32
100 1577
100 121
100 1285
100 419
100 1364
100 650
100 461
100 856
100 197
100 856
100 825
100 1833
100 330
100 114
100 1123
100 325
100 3
100 238
100 1000
100 1162
100 406
100 2441
100 1240
100 828
100 1406
100 1630
100 453
100 594
100 537
100 888
100 1657
100 569
100 1002
100 1248
100 523
100 262
100 135
100 1732
100 935
100 291
100 321
100 210
100 785
100 371
100 1746
100 2687
100 141
100 1074
100 76
100 551
100 320
100 2636
100 550
100 231
100 541
100 213
100 592
100 2191
100 879
100 2247
100 52
100 572
100 488
100 1053
100 325
100 4026
100 62
100 296
100 368
100 96
100 92
100 748
100 938
100 2188
100 422
100 297
100 129
100 217
100 303
100 559
100 925
100 233
100 1147
100 1095
100 39
100 981
100 34
100 34
100 184
100 835
100 2653
100 592
100 1118
100 845
100 924
100 893
100 249
100 99
100 642
100 2112
100 293
100 452
100 587
100 607
100 2620
100 1184
100 1904
100 845
100 120
100 984
100 62
100 166
100 591
100 327
100 1287
100 317
100 445
100 1915
100 2528
100 395
100 298
100 1072
100 677
100 64
100 1534
100 942
100 733
100 1208
100 130
100 294
100 164
100 1031
100 65
100 1359
100 622
100 555
100 527
100 425
100 449
100 599
100 768
100 3124
100 656
100 437
100 435
100 2128
100 226
100 190
100 708
100 330
100 650
100 300
100 1641
100 1
100 832
100 503
100 1033
100 844
100 1285
100 377
100 394
100 480
100 603
100 286
100 277
100 1728
100 582
100 311
100 2132
100 730
100 618
100 48
100 291
100 488
100 1273
100 1302
100 1148
100 646
100 2735
100 370
100 413
100 2768
100 446
100 655
100 1441
100 599
100 633
100 561
100 1012
100 28
100 142
100 1352
100 279
100 505
100 1171
100 1261
100 367
100 378
100 587
100 2224
100 168
100 64
100 957
100 334
100 306
100 904
100 195
100 603
100 1105
100 501
100 1465
100 8
100 35
100 315
100 202
100 225
100 1880
100 2817
100 59
100 2011
100 810
100 249
100 577
100 753
100 708
100 178
100 1686
100 299
100 934
100 334
100 207
100 231
100 24
100 171
100 429
100 753
100 416
100 671
100 1407
100 1223
100 155
100 1437
100 39
100 1520
100 1728
100 2752
100 567
100 221
100 676
100 721
100 321
100 57
100 48
100 330
100 1880
100 875
100 1325
100 849
100 957
100 601
100 1581
100 91
100 10
100 26
100 1652
100 1052
100 131
100 652
100 1151
100 859
100 277
100 290
100 108
100 100
100 797
100 954
100 149
100 334
100 121
100 320
100 66
100 487
100 475
100 1882
100 1681
100 1496
100 43
100 13
100 331
100 271
100 611
100 2371
100 2198
100 213
100 329
100 691
100 302
100 691
100 407
100 265
100 1315
100 124
100 836
100 5181
100 1307
100 371
100 45
100 631
100 311
100 513
100 1152
100 1614
100 3411
100 118
100 2091
100 224
100 1191
100 2054
100 1582
100 818
100 893
100 203
100 1035
100 377
100 1972
100 152
100 1450
100 871
100 2497
100 25
100 33
100 161
100 861
100 700
100 106
100 1022
100 365
100 1399
100 673
100 1707
100 222
100 1343
100 366
100 1190
100 133
100 228
100 262
100 400
100 434
100 57
100 1103
100 135
100 592
100 176
100 754
100 282
100 1874
100 511
100 635
100 3285
100 1604
100 503
100 153
100 777
100 653
100 1325
100 188
100 2903
100 573
100 210
100 632
100 55
100 12
100 144
100 371
100 73
100 3131
100 183
100 920
100 171
100 620
100 211
100 789
100 336
100 842
100 67
100 729
100 4526
100 12
100 559
100 487
100 294
100 467
100 1767
100 276
100 2017
100 2807
100 41
100 2524
100 1890
100 80
100 75
100 191
100 264
100 272
100 1088
100 1207
100 985
100 872
100 3250
100 634
100 1538
100 960
100 16
100 1833
100 570
100 817
100 344
100 1282
100 617
100 248
100 380
100 863
100 1014
100 1088
100 134
100 3734
100 1698
100 666
100 1866
100 1361
100 964
100 54
100 330
100 409
100 640
100 126
100 615
100 644
100 1324
100 1949
100 508
100 457
100 1240
100 1909
100 442
100 152
100 879
100 1848
100 267
100 119
100 1844
100 175
100 290
100 87
100 1317
100 4
100 166
100 300
100 1407
100 2857
100 116
100 1187
100 795
100 969
100 187
100 806
100 215
100 586
100 117
100 252
100 1337
100 762
100 3007
100 1457
100 689
100 559
100 47
100 2887
100 185
100 543
100 1109
100 504
100 135
100 1261
100 606
100 1366
100 1060
100 3040
100 614
100 283
100 144
100 295
100 3
100 104
100 28
100 39
100 1158
100 2301
100 562
100 771
100 725
100 370
100 193
100 42
100 126
100 151
100 745
100 2201
100 102
100 140
100 237
100 1143
100 182
100 56
100 279
100 666
100 331
100 416
100 263
100 1004
100 550
100 2632
100 537
100 623
100 1372
100 795
100 1991
100 838
100 486
100 2808
100 718
100 770
100 396
100 36
100 749
100 1067
100 183
100 1082
100 609
100 1761
100 267
100 224
100 245
100 302
100 249
100 1524
100 96
100 2257
100 156
100 2778
100 1491
100 229
100 1101
100 769
100 250
100 385
100 163
100 20
100 1543
100 122
100 1215
100 509
100 428
100 2049
100 2256
100 274
100 1426
100 1440
100 392
100 606
100 102
100 1165
100 455
100 14
100 919
100 1405
100 1249
100 237
100 88
100 364
100 399
100 1197
100 295
100 1237
100 326
100 239
100 46
100 1176
100 35
100 324
100 15
100 190
100 1126
100 81
100 494
100 1433
100 243
100 14
100 372
100 1145
100 682
100 612
100 2104
100 135
100 655
100 504
100 665
100 1224
100 1627
100 791
100 250
100 130
100 1044
100 663
100 424
100 77
100 203
100 832
100 305
100 330
100 367
100 2411
100 233
100 1819
100 1478
100 228
100 2433
100 1162
100 619
100 622
100 852
100 1238
100 1165
100 174
100 856
100 454
100 258
100 474
100 714
100 451
100 5
100 72
100 1571
100 1874
100 2672
100 1769
100 79
100 123
100 147
100 1100
100 3025
100 714
100 301
100 2303
100 983
100 453
100 2715
100 19
100 12
100 63
100 213
100 1135
100 393
100 172
100 1140
100 123
100 425
100 158
100 356
100 166
100 2101
100 520
100 1101
100 755
100 96
100 118
100 1791
100 1580
100 356
100 780
100 596
100 1781
100 762
100 191
100 2059
100 1898
100 358
100 416
100 910
100 468
100 1371
100 1298
100 238
100 35
100 114
100 801
100 97
100 219
100 2115
100 238
100 834
100 1301
100 994
100 114
100 1097
100 600
100 170
100 924
100 536
100 808
100 225
100 248
100 370
100 591
100 2376
100 2951
100 1313
100 1343
100 98
100 375
100 1193
100 466
100 575
100 247
100 219
100 12
100 1041
100 1528
100 1867
100 826
100 49
100 210
100 1229
100 383
100 183
100 417
100 1729
100 1047
100 1314
100 644
100 2285
100 649
100 717
100 2237
100 3372
100 1437
100 306
100 306
100 347
100 13
100 1560
100 531
100 2808
100 355
100 2061
100 1800
100 425
100 220
100 183
100 1228
100 110
100 127
100 903
100 75
100 75
100 279
100 130
100 156
100 222
100 456
100 57
100 578
100 1273
100 664
100 215
100 1205
100 1449
100 655
100 1176
100 1529
100 8
100 1200
100 15
100 197
100 39
100 699
100 59
100 2127
100 76
100 140
100 145
100 724
100 1768
100 26
100 1151
100 1593
100 3669
100 42
100 496
100 543
100 2034
100 1131
100 1348
100 28
100 1117
100 227
100 12
100 325
100 517
100 543
100 591
100 432
100 589
100 1526
100 72
100 774
100 1859
100 244
100 1049
100 655
100 2512
100 42
100 80
100 1351
100 710
100 4727
100 683
100 292
100 492
100 472
100 2785
100 2373
100 178
100 876
100 426
100 27
100 45
100 632
100 604
100 327
100 320
100 80
100 769
100 111
100 347
100 917
100 7
100 333
100 863
100 171
100 9
100 1317
100 300
100 118
100 1098
100 2973
100 194
100 223
100 63
100 1112
100 42
100 77
100 4253
100 140
100 104
100 2367
100 102
100 936
100 561
100 609
100 255
100 111
100 373
100 959
100 1828
100 643
100 1728
100 502
100 633
100 497
100 2764
100 2374
100 2020
100 986
100 519
100 181
100 158
100 1315
100 458
100 1026
100 419
100 954
100 369
100 123
100 746
100 136
100 385
100 577
100 479
100 40
100 424
100 1211
100 1532
100 547
100 653
100 144
100 1523
100 934
100 42
100 323
100 1540
100 72
100 208
100 475
100 370
100 839
100 273
100 776
100 86
100 2250
100 302
100 3581
100 24
100 1056
100 600
100 1572
100 307
100 2873
100 245
100 2058
100 90
100 54
100 635
100 685
100 464
100 848
100 388
100 1416
100 1448
100 98
100 743
100 471
100 2738
100 1717
100 42
100 1507
100 938
100 173
100 1218
100 243
100 1540
100 2447
100 596
100 1295
100 100
100 4225
100 296
100 9
100 3542
100 277
100 690
100 650
100 2035
100 476
100 1756
100 546
100 458
100 2858
100 2208
100 1360
100 599
100 1796
100 519
100 44
100 1443
100 1301
100 5590
100 763
100 401
100 1641
100 142
100 93
100 128
100 518
100 5122
100 613
100 1397
100 1016
100 1139
100 2139
100 1090
100 63
100 606
100 134
100 548
100 408
100 406
100 233
100 703
100 1758
100 329
100 106
100 829
100 1772
100 1470
100 141
100 410
100 639
100 296
100 3995
100 1095
100 540
100 1360
100 379
100 1962
100 173
100 389
100 522
100 777
100 113
100 1333
100 235
100 541
100 337
100 535
100 1406
100 153
100 873
100 137
100 783
100 2863
100 644
100 3471
100 827
100 266
100 294
100 930
100 215
100 2285
100 132
100 1556
100 705
100 2541
100 312
100 539
100 2664
100 1790
100 144
100 367
100 1241
100 3099
100 489
100 422
100 609
100 1280
100 357
100 1864
100 1486
100 546
100 576
100 56
100 45
100 114
100 3298
100 1213
100 415
100 191
100 351
100 544
100 1768
100 1101
100 156
100 826
100 399
100 2281
100 160
100 1188
100 1262
100 241
100 175
100 1988
100 814
100 342
100 390
100 416
100 38
100 968
100 65
100 1035
100 456
100 491
100 1035
100 108
100 1004
100 381
100 1380
100 858
100 65
100 1283
100 436
100 645
100 330
100 529
100 1276
100 905
100 269
100 3154
100 1723
100 1398
100 98
100 142
100 1147
100 629
100 208
100 1485
100 1586
100 2684
100 3622
100 122
100 964
100 235
100 264
100 71
100 605
100 1831
100 649
100 332
100 274
100 207
100 366
100 111
100 260
100 879
100 318
100 735
100 1648
100 1439
100 293
100 1024
100 218
100 1338
100 303
100 1729
100 455
100 1983
100 715
100 982
100 494
100 204
100 752
100 637
100 145
100 258
100 694
100 1395
100 555
100 22
100 494
100 597
100 217
100 1443
100 586
100 43
100 1629
100 12
100 521
100 1764
100 831
100 365
100 862
100 2199
100 262
100 341
100 380
100 351
100 1282
100 1821
100 805
100 731
100 8
100 334
100 950
100 131
100 358
100 18
100 84
100 522
100 1640
100 2224
100 1734
100 803
100 3
100 156
100 171
100 332
100 211
100 887
100 2563
100 786
100 957
100 531
100 238
100 2242
100 377
100 135
100 2597
100 147
100 608
100 235
100 616
100 207
100 473
100 458
100 1085
100 406
100 454
100 439
100 563
100 630
100 1851
100 296
100 837
100 1318
100 5
100 2007
100 23
100 387
100 2087
100 433
100 1914
100 540
100 542
100 956
100 180
100 594
100 2361
100 385
100 1462
100 1150
100 653
100 606
100 121
100 314
100 93
100 805
100 93
100 272
100 70
100 595
100 44
100 29
100 146
100 244
100 359
100 859
100 403
100 3040
100 325
100 238
100 2199
100 335
100 1748
100 762
100 32
100 162
100 741
100 2111
100 20
100 184
100 1704
100 197
100 3535
100 612
100 2840
100 86
100 114
100 1270
100 399
100 835
100 540
100 664
100 728
100 12
100 59
100 714
100 7
100 38
100 1464
100 1196
100 1754
100 67
100 44
100 1149
100 944
100 285
100 175
100 490
100 2
100 249
100 495
100 820
100 100
100 1280
100 361
100 534
100 1969
100 165
100 905
100 1464
100 2317
100 81
100 347
100 1002
100 1311
100 1191
100 200
100 901
100 520
100 1579
100 148
100 818
100 355
100 279
100 898
100 714
100 220
100 300
100 1197
100 427
100 373
100 279
100 493
100 1589
100 2594
100 1830
100 160
100 432
100 217
100 1096
100 960
100 2626
100 502
100 365
100 2579
100 1038
100 1163
100 167
100 772
100 287
100 135
100 787
100 2497
100 81
100 185
100 536
100 479
100 549
100 881
100 104
100 850
100 456
100 158
100 1468
100 1268
100 1210
100 596
100 374
100 2362
100 145
100 9
100 3645
100 31
100 1362
100 1163
100 1451
100 1297
100 468
100 1057
100 136
100 1953
100 1319
100 132
100 221
100 1347
100 75
100 184
100 1651
100 1296
100 1143
100 1843
100 41
100 558
100 829
100 340
100 848
100 69
100 539
100 615
100 1967
100 1693
100 4072
100 312
100 490
100 271
100 499
100 989
100 1754
100 895
100 79
100 34
100 3642
100 308
100 408
100 521
100 81
100 2979
100 73
100 109
100 495
100 16
100 1160
100 301
100 882
100 1047
100 204
100 247
100 1443
100 180
100 622
100 241
100 689
100 908
100 3681
100 2098
100 166
100 749
100 1006
100 1138
100 391
100 24
100 1433
100 842
100 995
100 482
100 331
100 205
100 687
100 447
100 1342
100 436
100 1715
100 104
100 1425
100 142
100 13
100 693
100 589
100 774
100 431
100 1760
100 1614
100 1011
100 1690
100 464
100 192
100 425
100 741
100 335
100 165
100 742
100 879
100 308
100 26
100 536
100 248
100 1062
100 390
100 952
100 91
100 51
100 465
100 1110
100 112
100 130
100 1158
100 100
100 1338
100 197
100 884
100 15
100 59
100 1015
100 1139
100 1069
100 1256
100 1099
100 326
100 371
100 22
100 462
100 338
100 503
100 76
100 163
100 510
100 485
100 1646
100 2959
100 361
100 1221
100 725
100 528
100 132
100 2911
100 819
100 161
100 3963
100 521
100 59
100 1639
100 62
100 1604
100 200
100 430
100 1528
100 783
100 248
100 77
100 1255
100 3271
100 32
100 168
100 723
100 218
100 25
100 633
100 2564
100 2746
100 175
100 1308
100 1773
100 1602
100 15
100 2625
100 525
100 399
100 721
100 1934
100 214
100 350
100 1635
100 701
100 1072
100 337
100 114
100 397
100 726
100 399
100 328
100 53
100 1974
100 988
100 1462
100 488
100 761
100 953
100 66
100 3618
100 411
100 557
100 2352
100 2534
100 526
100 371
100 363
100 313
100 1740
100 534
100 40
100 1551
100 561
100 297
100 2186
100 838
100 825
100 1628
100 356
100 448
100 794
100 471
100 374
100 232
100 326
100 371
100 915
100 408
100 550
100 136
100 841
100 412
100 414
100 268
100 244
100 947
100 2351
100 491
100 2400
100 252
100 2304
100 176
100 280
100 1295
100 453
100 313
100 547
100 234
100 2321
100 293
100 992
100 57
100 1001
100 6031
100 241
100 184
100 216
100 122
100 1377
100 658
100 701
100 1599
100 2611
100 849
100 979
100 299
100 458
100 569
100 303
100 1465
100 688
100 370
100 76
100 7
100 380
100 254
100 245
100 317
100 179
100 567
100 202
100 2504
100 847
100 328
100 22
100 543
100 977
100 95
100 566
100 2278
100 133
100 1063
100 90
100 1220
100 1148
100 423
100 941
100 885
100 169
100 1081
100 586
100 852
100 1467
100 1252
100 105
100 816
100 1024
100 963
100 1071
100 803
100 1197
100 589
100 964
100 103
100 478
100 324
100 228
100 1737
100 40
100 279
100 3628
100 2593
100 564
100 44
100 150
100 798
100 52
100 392
100 422
100 202
100 163
100 555
100 1061
100 1451
100 2759
100 63
100 1706
100 4
100 777
100 181
100 1277
100 736
100 1842
100 1177
100 275
100 613
100 1377
100 489
100 294
100 911
100 468
100 2259
100 1296
100 1275
100 612
100 1520
100 303
100 1226
100 431
100 1539
100 868
100 680
100 349
100 804
100 72
100 3140
100 247
100 1239
100 1618
100 136
100 322
100 515
100 122
100 446
100 181
100 493
100 1226
100 158
100 3533
100 87
100 183
100 164
100 297
100 667
100 653
100 217
100 1970
100 629
100 380
100 257
100 469
100 1703
100 100
100 94
100 1103
100 74
100 543
100 17
100 2691
100 1046
100 1483
100 161
100 292
100 567
100 400
100 672
100 466
100 3280
100 171
100 439
100 983
100 266
100 8
100 598
100 1143
100 1239
100 289
100 590
100 1127
100 1343
100 1121
100 25
100 977
100 693
100 2197
100 915
100 419
100 624
100 146
100 2157
100 1299
100 833
100 223
100 1113
100 1471
100 218
100 388
100 1005
100 192
100 421
100 885
100 1033
100 96
100 234
100 508
100 14
100 1041
100 1111
100 7
100 1816
100 318
100 952
100 821
100 934
100 1258
100 1905
100 282
100 1792
100 380
100 207
100 74
100 361
100 54
100 899
100 463
100 2398
100 1282
100 1604
100 61
100 864
100 773
100 231
100 738
100 446
100 316
100 958
100 315
100 950
100 59
100 2405
100 1572
100 1394
100 140
100 584
100 489
100 33
100 3843
100 34
100 85
100 201
100 330
100 967
100 475
100 890
100 40
100 1074
100 175
100 71
100 328
100 272
100 44
100 695
100 1012
100 2204
100 181
100 338
100 522
100 353
100 307
100 89
100 147
100 315
100 369
100 553
100 383
100 283
100 2229
100 632
100 2
100 495
100 4
100 137
100 1754
100 489
100 35
100 105
100 2631
100 175
100 853
100 295
100 34
100 108
100 266
100 2646
100 2074
100 1055
100 1056
100 166
100 600
100 155
100 4146
100 377
100 107
100 1310
100 744
100 413
100 294
100 194
100 318
100 496
100 360
100 151
100 895
100 1258
100 87
100 1318
100 605
100 753
100 3104
100 2433
100 939
100 492
100 1823
100 820
100 408
100 601
100 172
100 508
100 1917
100 2425
100 71
100 98
100 1440
100 917
100 53
100 4549
100 95
100 658
100 1001
100 768
100 117
100 47
100 312
100 505
100 175
100 769
100 2545
100 156
100 134
100 1428
100 1630
100 108
100 2378
100 2046
100 682
100 731
100 1202
100 272
100 903
100 74
100 168
100 1457
100 3854
100 0
100 308
100 608
100 548
100 1426
100 914
100 1029
100 314
100 86
100 42
100 95
100 600
100 336
100 1022
100 891
100 399
100 1084
100 844
100 441
100 84
100 939
100 1656
100 1637
100 170
100 22
100 1403
100 1829
100 1864
100 39
100 660
100 355
100 1834
100 2204
100 1256
100 337
100 1094
100 531
100 2212
100 163
100 1436
100 399
100 1024
100 1368
100 584
100 937
100 640
100 751
100 1214
100 305
100 2306
100 232
100 316
100 371
100 314
100 217
100 516
100 172
100 228
100 1446
100 643
100 1193
100 482
100 57
100 1332
100 189
100 705
100 63
100 107
100 629
100 427
100 1086
100 90
100 466
100 1093
100 29
100 1768
100 707
100 1060
100 264
100 49
100 988
100 928
100 576
100 84
100 868
100 403
100 233
100 586
100 448
100 128
100 916
100 695
100 1607
100 696
100 647
100 408
100 1007
100 164
100 192
100 89
100 1088
100 514
100 1110
100 190
100 3238
100 298
100 1475
100 129
100 2443
100 44
100 216
100 465
100 753
100 25
100 142
100 1714
100 524
100 616
100 327
100 2653
100 133
100 200
100 1782
100 674
100 708
100 1009
100 695
100 680
100 120
100 2435
100 6
100 31
100 892
100 26
100 336
100 249
100 361
100 935
100 1021
100 828
100 317
100 56
100 28
100 295
100 913
100 291
100 346
100 970
100 1035
100 487
100 124
100 809
100 1018
100 712
100 1851
100 107
100 214
100 1002
100 874
100 82
100 719
100 726
100 288
100 1070
100 187
100 341
100 592
100 3483
100 945
100 684
100 670
100 433
100 48
100 987
100 173
100 770
100 829
100 41
100 497
100 507
100 341
100 143
100 251
100 1136
100 59
100 993
100 1171
100 959
100 40
100 39
100 221
100 306
100 394
100 920
100 3510
100 375
100 24
100 1627
100 20
100 1358
100 432
100 859
100 579
100 208
100 2
100 484
100 10
100 857
100 596
100 370
100 1622
100 326
100 217
100 77
100 311
100 258
100 1978
100 482
100 528
100 274
100 594
100 32
100 121
100 2145
100 708
100 650
100 883
100 111
100 569
100 653
100 4269
100 185
100 1236
100 955
100 332
100 602
100 45
100 845
100 410
100 751
100 248
100 1370
100 827
100 3058
100 2246
100 2925
100 3372
100 467
100 526
100 214
100 724
100 637
100 915
100 173
100 527
100 573
100 568
100 608
100 981
100 86
100 47
100 328
100 15
100 98
100 1406
100 601
100 85
100 2821
100 592
100 1072
100 417
100 153
100 399
100 953
100 754
100 819
100 1562
100 1542
100 1537
100 798
100 1159
100 158
100 48
100 1368
100 350
100 108
100 2705
100 14
100 66
100 1613
100 809
100 298
100 375
100 485
100 2041
100 2485
100 610
100 229
100 82
100 504
100 248
100 42
100 656
100 567
100 801
100 2464
100 1344
100 49
100 522
100 517
100 794
100 337
100 2325
100 67
100 619
100 467
100 455
100 1373
100 55
100 296
100 985
100 189
100 3327
100 73
100 87
100 1361
100 77
100 2021
100 2713
100 65
100 88
100 1489
100 446
100 846
100 12
100 3592
100 1673
100 112
100 309
100 353
100 165
100 95
100 128
100 510
100 3
100 2219
100 2551
100 1941
100 635
100 2460
100 1242
100 446
100 1247
100 106
100 518
100 885
100 1528
100 1186
100 902
100 168
100 1859
100 1050
100 97
100 1342
100 477
100 477
100 600
100 208
100 156
100 977
100 198
100 786
100 417
100 985
100 531
100 1727
100 1051
100 674
100 109
100 100
100 1425
100 3584
100 70
100 2358
100 111
100 674
100 565
100 98
100 9
100 3106
100 22
100 296
100 823
100 1018
100 658
100 63
100 254
100 1296
100 33
100 474
100 2265
100 791
100 2012
100 160
100 742
100 125
100 368
100 84
100 858
100 174
100 923
100 53
100 339
100 2144
100 81
100 992
100 131
100 2210
100 613
100 294
100 243
100 94
100 386
100 805
100 348
100 104
100 190
100 643
100 375
100 24
100 661
100 8
100 1963
100 1086
100 1198
100 186
100 941
100 171
100 253
100 915
100 1934
100 708
100 226
100 728
100 1457
100 261
100 142
100 373
100 86
100 1528
100 347
100 1119
100 238
100 618
100 1086
100 199
100 12
100 2188
100 1283
100 1974
100 146
100 623
100 1
100 1819
100 499
100 586
100 192
100 1504
100 334
100 1550
100 290
100 94
100 2386
100 1163
100 947
100 323
100 516
100 1031
100 448
100 230
100 25
100 1850
100 341
100 152
100 157
100 82
100 3358
100 259
100 610
100 1166
100 96
100 882
100 465
100 1026
100 2349
100 148
100 21
100 1631
100 1428
100 404
100 1119
100 671
100 1208
100 1575
100 1315
100 3354
100 3061
100 112
100 25
100 1365
100 1291
100 2362
100 273
100 244
100 452
100 347
100 1059
100 1776
100 1068
100 1239
100 207
100 1827
100 121
100 29
100 1376
100 589
100 608
100 1454
100 359
100 2366
100 219
100 78
100 212
100 319
100 1643
100 11
100 837
100 249
100 301
100 635
100 179
100 704
100 279
100 634
100 1342
100 810
100 101
100 28
100 1038
100 37
100 579
100 820
100 372
100 295
100 367
100 1643
100 1494
100 1317
100 232
100 583
100 2651
100 296
100 440
100 305
100 121
100 217
100 238
100 18
100 1953
100 635
100 531
100 1501
100 1349
100 511
100 955
100 537
100 1774
100 1203
100 0
100 182
100 67
100 340
100 1606
100 564
100 770
100 463
100 739
100 150
100 407
100 191
100 827
100 1067
100 2156
100 31
100 2648
100 2249
100 3077
100 1011
100 376
100 146
100 150
100 1277
100 836
100 254
100 357
100 792
100 1380
100 1660
100 845
100 943
100 2811
100 629
100 662
100 1271
100 1247
100 364
100 3068
100 36
100 483
100 1753
100 861
100 69
100 385
100 186
100 254
100 93
100 58
100 150
100 110
100 1559
100 131
100 160
100 930
100 87
100 144
100 900
100 319
100 357
100 84
100 508
100 1100
100 960
100 1001
100 500
100 919
100 1728
100 1395
100 790
100 1182
100 82
100 1767
100 2622
100 75
100 924
100 923
100 1409
100 455
100 9
100 356
100 170
100 435
100 901
100 3033
100 3110
100 187
100 512
100 42
100 1874
100 66
100 1074
100 463
100 423
100 978
100 648
100 2626
100 286
100 1141
100 1451
100 846
100 1914
100 908
100 1010
100 621
100 637
100 2361
100 55
100 790
100 148
100 31
100 743
100 4
100 1033
100 1630
100 215
100 833
100 3390
100 2019
100 312
100 373
100 191
100 1687
100 818
100 131
100 2009
100 353
100 1401
100 1225
100 176
100 931
100 248
100 157
100 440
100 200
100 398
100 330
100 468
100 2631
100 256
100 880
100 24
100 57
100 1998
100 3433
100 1561
100 1114
100 425
100 716
100 92
100 674
100 200
100 139
100 859
100 227
100 277
100 712
100 208
100 356
100 670
100 117
100 617
100 726
100 142
100 254
100 312
100 52
100 426
100 35
100 403
100 1173
100 1116
100 96
100 633
100 801
100 192
100 226
100 1964
100 1203
100 121
100 45
100 1751
100 1556
100 512
100 346
100 78
100 709
100 189
100 2442
100 1113
100 99
100 618
100 970
100 249
100 844
100 2531
100 679
100 620
100 2959
100 1926
100 1127
100 419
100 1138
100 956
100 1475
100 958
100 1978
100 718
100 2038
100 707
100 425
100 950
100 597
100 39
100 4887
100 3088
100 2333
100 824
100 96
100 638
100 281
100 18
100 1112
100 1957
100 1556
100 146
100 636
100 970
100 230
100 509
100 1686
100 315
100 1240
100 571
100 324
100 143
100 1083
100 339
100 705
100 168
100 571
100 443
100 1237
100 427
100 191
100 1899
100 1017
100 1980
100 189
100 1662
100 242
100 93
100 617
100 538
100 124
100 536
100 2064
100 115
100 489
100 593
100 975
100 72
100 1060
100 163
100 3165
100 5525
100 97
100 669
100 408
100 1518
100 808
100 3810
100 1322
100 14
100 1321
100 427
100 579
100 188
100 612
100 2000
100 1979
100 365
100 531
100 43
100 1343
100 544
100 1179
100 145
100 79
100 1284
100 1007
100 160
100 327
100 54
100 740
100 456
100 897
100 739
100 2588
100 928
100 72
100 1818
100 572
100 417
100 690
100 3042
100 1074
100 98
100 466
100 931
100 121
100 141
100 31
100 194
100 1310
100 937
100 200
100 1866
100 1427
100 274
100 998
100 934
100 403
100 1251
100 2573
100 62
100 1307
100 167
100 290
100 166
100 351
100 136
100 120
100 1923
100 1041
100 646
100 184
100 954
100 244
100 588
100 831
100 1670
100 1064
100 305
100 471
100 580
100 1884
100 407
100 3536
100 1994
100 1986
100 1518
100 2004
100 201
100 197
100 469
100 209
100 32
100 1964
100 69
100 2168
100 1059
100 802
100 1813
100 380
100 1107
100 50
100 2360
100 173
100 584
100 797
100 4218
100 680
100 1311
100 64
100 813
100 363
100 1616
100 456
100 2357
100 120
100 1990
100 973
100 308
100 504
100 33
100 1281
100 1374
100 60
100 98
100 507
100 2532
100 124
100 91
100 1103
100 370
100 61
100 838
100 745
100 505
100 2347
100 49
100 1314
100 118
100 390
100 496
100 122
100 115
100 125
100 353
100 343
100 207
100 237
100 870
100 1242
100 1967
100 174
100 405
100 486
100 1258
100 225
100 1200
100 1456
100 3268
100 142
100 371
100 375
100 414
100 1043
100 68
100 278
100 999
100 99
100 651
100 86
100 1146
100 1324
100 396
100 92
100 329
100 702
100 1747
100 495
100 210
100 131
100 328
100 260
100 649
100 795
100 2670
100 458
100 90
100 119
100 635
100 844
100 1683
100 940
100 914
100 99
100 599
100 1329
100 566
100 1026
100 2219
100 47
100 4
100 597
100 128
100 1
100 1412
100 32
100 1485
100 858
100 383
100 1192
100 2238
100 428
100 80
100 4021
100 206
100 501
100 209
100 343
100 1562
100 832
100 677
100 108
100 243
100 1374
100 383
100 1929
100 977
100 1116
100 657
100 735
100 847
100 1695
100 681
100 191
100 678
100 1623
100 433
100 3301
100 487
100 3886
100 252
100 90
100 508
100 16
100 293
100 2013
100 257
100 12
100 147
100 886
100 353
100 824
100 59
100 573
100 497
100 581
100 708
100 241
100 59
100 102
100 175
100 349
100 36
100 762
100 1499
100 355
100 1093
100 71
100 1168
100 26
100 1967
100 24
100 2470
100 1885
100 313
100 342
100 179
100 2080
100 436
100 38
100 515
100 313
100 437
100 1202
100 665
100 1515
100 434
100 529
100 142
100 1784
100 484
100 36
100 1413
100 58
100 879
100 187
100 594
100 2129
100 1524
100 340
100 277
100 1833
100 62
100 128
100 907
100 1013
100 339
100 123
100 100
100 897
100 10
100 1206
100 1852
100 670
100 439
100 2188
100 354
100 6
100 1037
100 760
100 1116
100 116
100 239
100 58
100 162
100 568
100 1168
100 284
100 95
100 46
100 19
100 147
100 252
100 254
100 232
100 1671
100 946
100 661
100 1153
100 38
100 313
100 513
100 1325
100 619
100 1227
100 238
100 532
100 2394
100 289
100 1059
100 703
100 796
100 19
100 1442
100 1538
100 2890
100 118
100 84
100 1125
100 265
100 1515
100 152
100 56
100 176
100 1994
100 1711
100 1971
100 1878
100 1895
100 481
100 1617
100 364
100 383
100 1714
100 2429
100 162
100 2291
100 885
100 185
100 234
100 282
100 1553
100 347
100 1675
100 196
100 400
100 194
100 1021
100 139
100 213
100 842
100 262
100 382
100 2213
100 2555
100 1180
100 8
100 597
100 125
100 929
100 167
100 179
100 403
100 180
100 678
100 540
100 558
100 60
100 1317
100 278
100 1269
100 436
100 83
100 1880
100 152
100 1525
100 191
100 384
100 700
100 1140
100 1575
100 380
100 684
100 1144
100 398
100 2383
100 790
100 38
100 1719
100 196
100 263
100 198
100 445
100 742
100 218
100 431
100 1130
100 1466
100 125
100 510
100 394
100 1261
100 912
100 1412
100 14
100 694
100 290
100 265
100 194
100 715
100 462
100 514
100 240
100 85
100 463
100 610
100 50
100 526
100 86
100 174
100 388
100 54
100 685
100 113
100 521
100 394
100 1064
100 29
100 2336
100 344
100 695
100 401
100 186
100 1894
100 95
100 643
100 73
100 509
100 2888
100 196
100 568
100 739
100 27
100 747
100 336
100 434
100 239
100 411
100 1482
100 1450
100 276
100 597
100 1382
100 458
100 35
100 43
100 204
100 838
100 181
100 666
100 742
100 2234
100 911
100 97
100 1641
100 345
100 243
100 2726
100 835
100 3919
100 183
100 1007
100 1716
100 74
100 1049
100 1214
100 182
100 128
100 136
100 576
100 1156
100 19
100 265
100 522
100 1465
100 749
100 521
100 372
100 1576
100 614
100 1052
100 2060
100 2782
100 73
100 3
100 1527
100 81
100 20
100 1575
100 794
100 2954
100 420
100 478
100 331
100 587
100 3214
100 222
100 1382
100 2429
100 361
100 236
100 14
100 124
100 319
100 1753
100 232
100 178
100 607
100 1188
100 834
100 953
100 158
100 1195
100 578
100 2206
100 723
100 159
100 24
100 297
100 831
100 30
100 880
100 405
100 324
100 1404
100 189
100 570
100 745
100 1331
100 887
100 432
100 895
100 555
100 841
100 3144
100 1020
100 158
100 83
100 782
100 454
100 339
100 202
100 297
100 190
100 835
100 489
100 2635
100 1058
100 719
100 1539
100 2221
100 853
100 1063
100 1665
100 53
100 1412
100 1242
100 1675
100 1821
100 1365
100 2173
100 986
100 878
100 43
100 1583
100 143
100 1091
100 1299
100 1471
100 1043
100 90
100 939
100 96
100 1009
100 32
100 945
100 1548
100 1210
100 338
100 1165
100 354
100 313
100 2662
100 1957
100 2482
100 1932
100 854
100 70
100 179
100 197
100 1013
100 387
100 18
100 737
100 192
100 605
100 103
100 650
100 2074
100 1516
100 1007
100 965
100 24
100 911
100 816
100 483
100 613
100 1474
100 517
100 30
100 187
100 321
100 379
100 171
100 1567
100 149
100 1513
100 2444
100 687
100 179
100 2143
100 834
100 459
100 558
100 382
100 689
100 2982
100 205
100 364
100 442
100 45
100 2510
100 447
100 435
100 518
100 762
100 263
100 1832
100 563
100 1104
100 3619
100 112
100 518
100 341
100 1576
100 113
100 652
100 213
100 1395
100 201
100 381
100 419
100 334
100 1576
100 1796
100 1075
100 1370
100 952
100 3
100 254
100 260
100 436
100 543
100 62
100 149
100 179
100 64
100 527
100 936
100 797
100 2483
100 571
100 551
100 2742
100 538
100 1810
100 123
100 489
100 462
100 575
100 199
100 27
100 185
100 51
100 4
100 47
100 1815
100 57
100 267
100 347
100 1534
100 1517
100 861
100 2427
100 973
100 926
100 321
100 1287
100 1787
100 574
100 1900
100 413
100 200
100 777
100 1396
100 3135
100 18
100 1477
100 53
100 3492
100 787
100 402
100 1337
100 566
100 255
100 579
100 120
100 1041
100 111
100 2413
100 109
100 348
100 488
100 942
100 154
100 2455
100 379
100 782
100 518
100 305
100 1174
100 648
100 467
100 438
100 499
100 194
100 23
100 109
100 422
100 1102
100 1267
100 1566
100 596
100 53
100 278
100 323
100 322
100 2723
100 177
100 521
100 656
100 267
100 38
100 2415
100 1353
100 86
100 6140
100 517
100 184
100 722
100 790
100 125
100 1675
100 541
100 155
100 665
100 2278
100 145
100 2083
100 93
100 810
100 1277
100 3224
100 2250
100 1315
100 717
100 481
100 84
100 354
100 429
100 677
100 822
100 842
100 852
100 969
100 882
100 114
100 37
100 2046
100 830
100 633
100 41
100 423
100 387
100 607
100 2401
100 718
100 404
100 1120
100 1417
100 757
100 1865
100 987
100 39
100 791
100 1143
100 288
100 1780
100 1458
100 461
100 4321
100 2353
100 64
100 682
100 1895
100 1015
100 211
100 570
100 4278
100 1471
100 4833
100 534
100 691
100 324
100 1405
100 1956
100 1805
100 294
100 204
100 753
100 1032
100 438
100 1397
100 280
100 35
100 1650
100 530
100 429
100 243
100 14
100 337
100 434
100 160
100 653
100 366
100 658
100 221
100 343
100 1278
100 728
100 408
100 71
100 55
100 396
100 337
100 1368
100 211
100 1419
100 670
100 94
100 4
100 1000
100 18
100 588
100 276
100 335
100 1467
100 115
100 446
100 283
100 786
100 66
100 883
100 57
100 1521
100 133
100 2623
100 1091
100 1065
100 125
100 268
100 2307
100 231
100 646
100 1173
100 217
100 803
100 1254
100 22
100 942
100 540
100 257
100 329
100 2649
100 109
100 1676
100 1422
100 1041
100 220
100 335
100 1051
100 698
100 1821
100 141
100 84
100 1071
100 1327
100 6193
100 1145
100 752
100 498
100 1336
100 888
100 1309
100 341
100 6
100 923
100 1485
100 31
100 245
100 217
100 550
100 2138
100 462
100 898
100 418
100 250
100 1201
100 511
100 700
100 4754
100 1352
100 249
100 631
100 639
100 2410
100 790
100 300
100 159
100 1926
100 1991
100 1833
100 146
100 600
100 1010
100 1131
100 516
100 121
100 727
100 1524
100 694
100 1180
100 101
100 860
100 2210
100 356
100 5
100 132
100 524
100 29
100 694
100 48
100 98
100 284
100 0
100 514
100 250
100 4575
100 2777
100 1494
100 33
100 2001
100 1020
100 48
100 936
100 1026
100 1942
100 355
100 7
100 1545
100 207
100 146
100 797
100 4013
100 2657
100 274
100 765
100 63
100 485
100 815
100 1344
100 979
100 1687
100 1036
100 106
100 1132
100 2
100 1353
100 131
100 562
100 171
100 301
100 808
100 1524
100 1192
100 147
100 1049
100 3342
100 239
100 327
100 1159
100 7
100 423
100 638
100 273
100 1945
100 66
100 572
100 41
100 650
100 1519
100 331
100 752
100 1548
100 1843
100 204
100 1033
100 235
100 1972
100 137
100 2311
100 230
100 427
100 124
100 858
100 590
100 958
100 358
100 1076
100 119
100 119
100 843
100 2026
100 660
100 109
100 53
100 67
100 293
100 29
100 1964
100 1000
100 1041
100 225
100 716
100 778
100 800
100 3222
100 265
100 370
100 299
100 601
100 1050
100 595
100 2201
100 1857
100 109
100 311
100 3694
100 222
100 15
100 226
100 95
100 150
100 1434
100 693
100 1284
100 532
100 356
100 304
100 28
100 2236
100 739
100 2252
100 394
100 1045
100 3180
100 159
100 469
100 726
100 162
100 7
100 330
100 388
100 495
100 326
100 171
100 407
100 686
100 123
100 2416
100 1970
100 388
100 128
100 197
100 1736
100 1186
100 2625
100 643
100 381
100 829
100 2
100 327
100 95
100 712
100 379
100 1145
100 50
100 226
100 314
100 136
100 238
100 43
100 166
100 27
100 628
100 57
100 4
100 656
100 1640
100 1807
100 247
100 657
100 690
100 250
100 321
100 3
100 57
100 180
100 640
100 167
100 180
100 1113
100 1985
100 1197
100 1102
100 2209
100 685
100 2064
100 452
100 810
100 143
100 227
100 759
100 1058
100 2342
100 229
100 689
100 119
100 511
100 179
100 829
100 1694
100 139
100 263
100 1360
100 1712
100 3022
100 79
100 49
100 226
100 98
100 140
100 1500
100 91
100 531
100 478
100 1032
100 2236
100 218
100 835
100 253
100 1324
100 1732
100 4734
100 424
100 980
100 508
100 144
100 31
100 692
100 91
100 812
100 187
100 2844
100 447
100 277
100 494
100 1018
100 3525
100 297
100 2012
100 644
100 1088
100 1174
100 2757
100 225
100 87
100 1238
100 622
100 140
100 556
100 3073
100 1866
100 102
100 670
100 347
100 18
100 351
100 234
100 624
100 228
100 849
100 727
100 595
100 594
100 211
100 734
100 1207
100 1218
100 437
100 2141
100 1535
100 173
100 125
100 779
100 734
100 598
100 756
100 744
100 3707
100 1631
100 558
100 299
100 2156
100 355
100 1127
100 85
100 255
100 1508
100 1416
100 497
100 1407
100 202
100 567
100 49
100 487
100 225
100 1348
100 567
100 2108
100 227
100 913
100 14
100 124
100 484
100 1685
100 608
100 185
100 231
100 242
100 268
100 1698
100 527
100 185
100 792
100 2369
100 1267
100 456
100 33
100 968
100 2978
100 1578
100 1351
100 1259
100 1005
100 458
100 1286
100 1454
100 2
100 159
100 2036
100 38
100 881
100 258
100 277
100 138
100 414
100 1198
100 1859
100 458
100 239
100 1150
100 524
100 2229
100 337
100 782
100 772
100 2277
100 2151
100 1003
100 312
100 1014
100 882
100 3331
100 1006
100 53
100 372
100 1591
100 216
100 1016
100 1934
100 113
100 1586
100 1359
100 1094
100 187
100 548
100 1057
100 53
100 986
100 445
100 2843
100 1181
100 2164
100 612
100 1892
100 375
100 1447
100 1843
100 556
100 1047
100 1493
100 977
100 2251
100 768
100 755
100 1378
100 594
100 406
100 707
100 1453
100 25
100 212
100 1069
100 668
100 468
100 29
100 567
100 80
100 1550
100 797
100 1101
100 188
100 625
100 85
100 163
100 2331
100 101
100 845
100 699
100 249
100 2286
100 11
100 53
100 118
100 91
100 564
100 1282
100 1401
100 131
100 101
100 1169
100 745
100 225
100 165
100 223
100 75
100 1557
100 69
100 1077
100 2488
100 88
100 478
100 959
100 270
100 435
100 793
100 21
100 1057
100 802
100 266
100 453
100 1645
100 88
100 2233
100 847
100 644
100 1145
100 603
100 205
100 1541
100 1112
100 1051
100 415
100 504
100 1232
100 174
100 1071
100 1344
100 147
100 51
100 105
100 613
100 833
100 2293
100 435
100 1205
100 1537
100 600
100 1651
100 164
100 3330
100 337
100 177
100 570
100 393
100 464
100 649
100 1088
100 437
100 776
100 1152
100 924
100 460
100 411
100 728
100 299
100 262
100 129
100 148
100 874
100 205
100 3982
100 4297
100 179
100 47
100 629
100 2635
100 564
100 1362
100 449
100 1976
100 623
100 598
100 67
100 101
100 650
100 61
100 1032
100 551
100 85
100 241
100 598
100 149
100 790
100 139
100 425
100 208
100 430
100 915
100 77
100 2667
100 1113
100 1011
100 1102
100 923
100 215
100 529
100 2701
100 377
100 3648
100 13
100 1375
100 396
100 55
100 1
100 47
100 1723
100 517
100 304
100 1635
100 255
100 396
100 245
100 479
100 119
100 107
100 510
100 932
100 312
100 27
100 217
100 912
100 745
100 253
100 228
100 221
100 676
100 1236
100 668
100 505
100 322
100 3676
100 317
100 1571
100 249
100 90
100 436
100 647
100 37
100 32
100 66
100 28
100 83
100 3410
100 178
100 1810
100 175
100 1072
100 734
100 727
100 1467
100 230
100 444
100 2
100 589
100 883
100 216
100 1449
100 3431
100 840
100 28
100 1342
100 1416
100 4375
100 1064
100 847
100 920
100 1756
100 1982
100 193
100 320
100 1851
100 470
100 224
100 216
100 91
100 572
100 2533
100 513
100 246
100 491
100 1263
100 316
100 128
100 26
100 1123
100 204
100 2201
100 1364
100 500
100 1083
100 2091
100 715
100 236
100 1009
100 1722
100 33
100 1497
100 571
100 290
100 1147
100 444
100 692
100 357
100 1074
100 96
100 2570
100 1393
100 216
100 3221
100 1819
100 546
100 1535
100 272
100 525
100 1106
100 38
100 1597
100 553
100 158
100 870
100 384
100 365
100 532
100 88
100 882
100 3
100 959
100 978
100 23
100 1
100 940
100 557
100 1596
100 1204
100 319
100 352
100 281
100 1255
100 3302
100 762
100 103
100 341
100 1484
100 273
100 175
100 2067
100 61
100 1467
100 1806
100 170
100 1799
100 283
100 4116
100 364
100 1090
100 31
100 2415
100 651
100 3099
100 845
100 977
100 570
100 2741
100 1709
100 699
100 58
100 460
100 350
100 81
100 716
100 46
100 725
100 402
100 162
100 592
100 252
100 872
100 157
100 445
100 373
100 341
100 3018
100 1995
100 1241
100 1604
100 293
100 1256
100 180
100 653
100 26
100 841
100 284
100 267
100 1894
100 1437
100 106
100 1400
100 573
100 957
100 1460
100 1275
100 1606
100 1002
100 614
100 221
100 847
100 508
100 1119
100 726
100 88
100 528
100 22
100 122
100 1211
100 636
100 426
100 415
100 84
100 822
100 35
100 1462
100 280
100 11
100 563
100 5
100 2177
100 1144
100 267
100 852
100 2642
100 2042
100 420
100 863
100 1236
100 678
100 718
100 1122
100 96
100 281
100 382
100 1520
100 366
100 1151
100 430
100 712
100 68
100 995
100 1394
100 2186
100 294
100 6
100 1393
100 432
100 863
100 810
100 24
100 1086
100 699
100 760
100 1525
100 487
100 494
100 130
100 1058
100 656
100 721
100 88
100 382
100 267
100 866
100 194
100 1516
100 272
100 631
100 395
100 1151
100 837
100 1154
100 205
100 644
100 128
100 388
100 539
100 511
100 198
100 399
100 3795
100 878
100 1089
100 697
100 966
100 98
100 538
100 74
100 634
100 1666
100 733
100 399
100 101
100 732
100 81
100 442
100 2512
100 693
100 79
100 643
100 595
100 133
100 86
100 1478
100 437
100 217
100 156
100 1032
100 273
100 288
100 850
100 373
100 1323
100 1974
100 265
100 598
100 1477
100 2492
100 37
100 667
100 384
100 705
100 2155
100 490
100 20
100 625
100 358
100 62
100 630
100 16
100 107
100 689
100 718
100 141
100 1198
100 637
100 631
100 142
100 486
100 1416
100 1633
100 248
100 747
100 184
100 597
100 1761
100 106
100 257
100 797
100 1102
100 311
100 826
100 315
100 110
100 96
100 67
100 1318
100 831
100 165
100 172
100 902
100 666
100 792
100 602
100 582
100 3686
100 429
100 85
100 836
100 783
100 95
100 937
100 1433
100 107
100 655
100 1945
100 653
100 14
100 178
100 379
100 165
100 62
100 421
100 1213
100 571
100 3668
100 1021
100 1015
100 1186
100 941
100 965
100 1196
100 193
100 81
100 72
100 1195
100 456
100 964
100 1491
100 1263
100 531
100 353
100 227
100 1881
100 927
100 1961
100 965
100 1378
100 452
100 349
100 226
100 229
100 815
100 1530
100 897
100 1206
100 4103
100 429
100 379
100 137
100 172
100 50
100 960
100 524
100 116
100 390
100 1602
100 346
100 1438
100 144
100 1002
100 419
100 95
100 291
100 1384
100 20
100 4879
100 1201
100 194
100 992
100 144
100 1149
100 1921
100 313
100 374
100 542
100 936
100 34
100 1338
100 153
100 1487
100 647
100 180
100 518
100 804
100 1128
100 690
100 407
100 670
100 252
100 1794
100 234
100 434
100 372
100 358
100 2452
100 97
100 16
100 476
100 199
100 185
100 1043
100 1056
100 263
100 1415
100 480
100 105
100 99
100 1234
100 2727
100 201
100 738
100 2808
100 1339
100 1816
100 366
100 84
100 972
100 1920
100 158
100 1700
100 965
100 1312
100 197
100 1098
100 649
100 1
100 403
100 110
100 1513
100 1258
100 296
100 2298
100 1524
100 1152
100 553
100 316
100 3942
100 855
100 1766
100 793
100 3770
100 799
100 792
100 606
100 40
100 2538
100 375
100 1609
100 805
100 628
100 212
100 624
100 421
100 617
100 73
100 255
100 1054
100 61
100 118
100 1212
100 159
100 145
100 669
100 1541
100 482
100 1405
100 1496
100 1798
100 516
100 1035
100 329
100 999
100 530
100 755
100 710
100 898
100 506
100 426
100 777
100 209
100 153
100 468
100 497
100 528
100 170
100 184
100 985
100 84
100 599
100 89
100 197
100 1238
100 693
100 362
100 191
100 48
100 84
100 1785
100 2482
100 531
100 327
100 112
100 2179
100 445
100 2202
100 1486
100 311
100 10
100 524
100 1768
100 233
100 522
100 84
100 610
100 406
100 3159
100 824
100 2699
100 22
100 20
100 1010
100 836
100 403
100 439
100 1106
100 601
100 508
100 1792
100 1114
100 1339
100 585
100 53
100 254
100 450
100 989
100 3
100 786
100 29
100 9
100 1242
100 106
100 169
100 1536
100 4454
100 256
100 1014
100 82
100 2692
100 1278
100 72
100 438
100 1692
100 1861
100 579
100 817
100 466
100 2474
100 1493
100 353
100 422
100 412
100 184
100 41
100 5205
100 45
100 1817
100 227
100 81
100 287
100 13
100 1610
100 242
100 740
100 1215
100 725
100 492
100 805
100 1235
100 1887
100 1602
100 1330
100 407
100 2190
100 1722
100 1359
100 490
100 125
100 720
100 24
100 835
100 522
100 1024
100 1094
100 506
100 2108
100 1096
100 738
100 1684
100 100
100 474
100 888
100 47
100 1300
100 244
100 1079
100 627
100 3615
100 388
100 790
100 120
100 820
100 1748
100 436
100 91
100 2218
100 55
100 738
100 677
100 755
100 305
100 180
100 125
100 747
100 58
100 1562
100 57
100 957
100 711
100 2223
100 1106
100 91
100 377
100 1052
100 196
100 500
100 1089
100 377
100 706
100 168
100 498
100 5643
100 1648
100 131
100 1542
100 1309
100 415
100 387
100 547
100 813
100 304
100 615
100 102
100 648
100 2647
100 468
100 337
100 884
100 101
100 11
100 535
100 1129
100 235
100 494
100 641
100 2204
100 228
100 1372
100 140
100 758
100 362
100 212
100 2072
100 87
100 644
100 634
100 790
100 409
100 5429
100 136
100 1060
100 8
100 1248
100 1309
100 74
100 306
100 310
100 204
100 1233
100 3651
100 241
100 501
100 877
100 430
100 586
100 266
100 206
100 231
100 424
100 105
100 818
100 1909
100 352
100 964
100 500
100 1332
100 1250
100 735
100 2080
100 261
100 69
100 1148
100 729
100 999
100 1524
100 222
100 1673
100 342
100 995
100 256
100 1360
100 374
100 882
100 42
100 192
100 2324
100 237
100 248
100 115
100 1612
100 1063
100 1652
100 472
100 225
100 1245
100 85
100 169
100 2388
100 407
100 1629
100 557
100 320
100 648
100 388
100 801
100 1145
100 1202
100 375
100 243
100 577
100 411
100 1293
100 1836
100 5289
100 945
100 235
100 969
100 983
100 1153
100 433
100 1460
100 579
100 1318
100 1266
100 35
100 17
100 911
100 15
100 101
100 1242
100 909
100 3219
100 746
100 453
100 5
100 355
100 66
100 907
100 670
100 1757
100 1026
100 1289
100 1254
100 70
100 76
100 244
100 1036
100 2045
100 1167
100 45
100 141
100 1021
100 192
100 1163
100 652
100 1273
100 720
100 342
100 412
100 402
100 603
100 292
100 1083
100 308
100 179
100 232
100 1663
100 196
100 293
100 346
100 1806
100 30
100 392
100 546
100 1757
100 3240
100 3
100 300
100 1147
100 465
100 492
100 583
100 283
100 1379
100 202
100 3772
100 59
100 116
100 2354
100 886
100 333
100 3025
100 702
100 113
100 73
100 580
100 362
100 1614
100 3765
100 1723
100 125
100 453
100 652
100 1114
100 1855
100 2445
100 940
100 942
100 43
100 538
100 3055
100 5167
100 1170
100 293
100 205
100 842
100 378
100 154
100 666
100 385
100 321
100 432
100 1976
100 1104
100 4239
100 217
100 814
100 304
100 384
100 449
100 561
100 884
100 1818
100 794
100 299
100 975
100 2227
100 60
100 219
100 992
100 708
100 886
100 547
100 23
100 1837
100 881
100 1347
100 739
100 965
100 410
100 1425
100 2929
100 2204
100 1215
100 1019
100 1953
100 309
100 653
100 1627
100 188
100 466
100 350
100 154
100 495
100 122
100 1918
100 847
100 264
100 516
100 286
100 357
100 1565
100 875
100 383
100 543
100 610
100 31
100 216
100 1211
100 1104
100 264
100 1113
100 63
100 482
100 1027
100 290
100 348
100 994
100 506
100 96
100 8
100 417
100 638
100 660
100 112
100 144
100 189
100 644
100 305
100 703
100 627
100 607
100 24
100 625
100 486
100 612
100 742
100 945
100 625
100 2039
100 562
100 1659
100 457
100 94
100 988
100 113
100 517
100 484
100 935
100 931
100 352
100 743
100 580
100 225
100 1598
100 125
100 508
100 3124
100 689
100 108
100 691
100 155
100 169
100 292
100 141
100 1782
100 509
100 19
100 1710
100 467
100 126
100 447
100 217
100 1177
100 1125
100 107
100 304
100 25
100 576
100 1646
100 657
100 346
100 316
100 10
100 2042
100 156
100 190
100 1168
100 373
100 2292
100 507
100 172
100 914
100 874
100 11
100 1377
100 443
100 178
100 1870
100 216
100 1601
100 2312
100 9
100 650
100 826
100 265
100 216
100 355
100 759
100 1477
100 189
100 190
100 1800
100 733
100 1306
100 457
100 457
100 511
100 661
100 766
100 1277
100 137
100 91
100 1047
100 212
100 49
100 1794
100 637
100 1497
100 172
100 2518
100 286
100 1885
100 1989
100 1172
100 108
100 128
100 690
100 322
100 856
100 1088
100 457
100 50
100 2667
100 1110
100 1456
100 76
100 1541
100 230
100 303
100 221
100 339
100 717
100 380
100 238
100 236
100 593
100 1239
100 508
100 1617
100 279
100 1354
100 105
100 264
100 1698
100 637
100 470
100 1371
100 661
100 125
100 180
100 1894
100 1284
100 32
100 1537
100 28
100 479
100 397
100 1056
100 806
100 60
100 1870
100 1937
100 64
100 782
100 1217
100 167
100 1517
100 388
100 632
100 2062
100 2116
100 217
100 220
100 248
100 169
100 761
100 109
100 1544
100 2140
100 1848
100 1743
100 880
100 236
100 380
100 478
100 957
100 2103
100 1070
100 2584
100 23
100 781
100 726
100 1735
100 1524
100 475
100 2139
100 1061
100 42
100 1691
100 1044
100 201
100 916
100 351
100 1881
100 2215
100 821
100 468
100 433
100 432
100 154
100 832
100 162
100 1858
100 408
100 714
100 883
100 410
100 180
100 1476
100 1867
100 1352
100 919
100 470
100 2513
100 1131
100 955
100 1684
100 111
100 793
100 308
100 34
100 1128
100 209
100 5020
100 11
100 2319
100 722
100 1402
100 71
100 3045
100 1402
100 501
100 215
100 1506
100 584
100 486
100 538
100 124
100 367
100 379
100 546
100 147
100 210
100 801
100 60
100 200
100 353
100 982
100 1211
100 3907
100 157
100 246
100 124
100 490
100 416
100 1293
100 767
100 1364
100 1827
100 193
100 1160
100 942
100 1027
100 406
100 22
100 1323
100 1057
100 391
100 1079
100 366
100 3014
100 499
100 108
100 83
100 301
100 113
100 375
100 600
100 245
100 2448
100 1421
100 41
100 1219
100 1067
100 1350
100 476
100 1469
100 131
100 359
100 1114
100 132
100 276
100 1150
100 612
100 678
100 368
100 294
100 884
100 2368
100 1353
100 1240
100 743
100 55
100 961
100 977
100 1177
100 1173
100 1300
100 272
100 87
100 391
100 1968
100 1078
100 518
100 63
100 670
100 1464
100 1508
100 198
100 168
100 1180
100 699
100 13
100 549
100 587
100 647
100 34
100 27
100 805
100 1920
100 1954
100 642
100 101
100 1229
100 302
100 110
100 702
100 1086
100 650
100 627
100 598
100 684
100 139
100 661
100 589
100 916
100 207
100 918
100 1230
100 33
100 882
100 520
100 888
100 47
100 1160
100 2567
100 1143
100 145
100 763
100 480
100 62
100 420
100 222
100 1837
100 1081
100 1395
100 387
100 1497
100 312
100 35
100 224
100 51
100 459
100 746
100 243
100 998
100 925
100 273
100 675
100 771
100 1447
100 1709
100 1378
100 251
100 164
100 48
100 1669
100 337
100 333
100 931
100 95
100 1524
100 193
100 1235
100 363
100 198
100 815
100 495
100 128
100 67
100 235
100 579
100 1145
100 338
100 55
100 1629
100 1511
100 3
100 874
100 2046
100 478
100 697
100 144
100 472
100 984
100 270
100 559
100 1767
100 934
100 2811
100 955
100 965
100 31
100 800
100 2031
100 648
100 1571
100 1039
100 137
100 1184
100 609
100 17
100 227
100 436
100 448
100 802
100 369
100 1173
100 1154
100 346
100 560
100 1149
100 76
100 23
100 1347
100 1487
100 506
100 546
100 494
100 31
100 115
100 488
100 967
100 254
100 477
100 118
100 2077
100 137
100 1800
100 505
100 399
100 54
100 1808
100 1980
100 1005
100 1800
100 281
100 3437
100 253
100 1643
100 206
100 1489
100 850
100 995
100 1066
100 73
100 778
100 726
100 659
100 95
100 199
100 697
100 144
100 2202
100 516
100 662
100 82
100 1332
100 323
100 154
100 3333
100 568
100 397
100 849
100 108
100 468
100 837
100 51
100 592
100 3829
100 1313
100 238
100 565
100 371
100 236
100 45
100 248
100 868
100 524
100 196
100 223
100 1091
100 120
100 607
100 1460
100 549
100 14
100 290
100 3352
100 393
100 146
100 895
100 557
100 1044
100 164
100 1227
100 262
100 667
100 2476
100 724
100 560
100 326
100 1146
100 2168
100 1822
100 891
100 349
100 1163
100 147
100 77
100 2272
100 22
100 1534
100 151
100 459
100 1245
100 1779
100 252
100 1304
100 78
100 478
100 392
100 549
100 948
100 1404
100 235
100 259
100 329
100 61
100 1460
100 760
100 123
100 262
100 1349
100 14
100 281
100 740
100 565
100 1069
100 463
100 627
100 254
100 708
100 540
100 435
100 390
100 115
100 440
100 8
100 251
100 3619
100 1764
100 150
100 427
100 388
100 993
100 613
100 694
100 1073
100 2208
100 334
100 499
100 900
100 489
100 343
100 1076
100 165
100 671
100 179
100 1172
100 208
100 290
100 855
100 432
100 1242
100 1207
100 826
100 600
100 5
100 1619
100 110
100 15
100 64
100 1834
100 1375
100 527
100 199
100 1693
100 1658
100 668
100 2743
100 3950
100 686
100 1080
100 1784
100 241
100 2029
100 242
100 1243
100 62
100 144
100 2452
100 43
100 277
100 3468
100 2173
100 511
100 560
100 233
100 887
100 562
100 1322
100 712
100 335
100 215
100 1315
100 1289
100 139
100 1034
100 240
100 892
100 3642
100 1212
100 461
100 1256
100 417
100 68
100 853
100 921
100 2245
100 302
100 563
100 452
100 719
100 1167
100 3873
100 1229
100 2250
100 1308
100 566
100 132
100 698
100 454
100 493
100 397
100 358
100 122
100 421
100 51
100 644
100 214
100 127
100 248
100 320
100 364
100 1107
100 168
100 379
100 3228
100 330
100 250
100 2623
100 62
100 600
100 420
100 631
100 858
100 334
100 1024
100 278
100 112
100 157
100 1411
100 562
100 230
100 557
100 602
100 235
100 3673
100 678
100 1825
100 131
100 307
100 1843
100 390
100 745
100 729
100 437
100 1563
100 940
100 169
100 301
100 304
100 534
100 184
100 691
100 1798
100 18
100 175
100 909
100 3837
100 276
100 592
100 361
100 203
100 170
100 1168
100 82
100 306
100 1327
100 507
100 1082
100 319
100 231
100 73
100 1409
100 410
100 103
100 987
100 1604
100 559
100 38
100 144
100 60
100 419
100 273
100 650
100 1677
100 168
100 73
100 791
100 1453
100 105
100 983
100 1657
100 1471
100 995
100 2051
100 125
100 42
100 69
100 859
100 509
100 79
100 778
100 5
100 305
100 133
100 343
100 897
100 837
100 1901
100 224
100 1080
100 2
100 891
100 585
100 219
100 445
100 1185
100 1589
100 1959
100 148
100 746
100 2373
100 244
100 945
100 183
100 494
100 794
100 309
100 345
100 1005
100 415
100 3506
100 1044
100 376
100 739
100 432
100 347
100 481
100 628
100 2371
100 261
100 473
100 165
100 1854
100 1057
100 31
100 283
100 1033
100 275
100 565
100 975
100 2055
100 4262
100 372
100 1936
100 323
100 496
100 371
100 1061
100 218
100 137
100 10
100 1023
100 1787
100 137
100 1410
100 293
100 330
100 889
100 850
100 2423
100 621
100 797
100 20
100 325
100 902
100 1946
100 1210
100 512
100 667
100 806
100 432
100 222
100 1234
100 436
100 353
100 1132
100 50
100 1956
100 469
100 1110
100 1493
100 1198
100 878
100 427
100 630
100 357
100 145
100 907
100 547
100 1525
100 3006
100 361
100 2725
100 35
100 839
100 840
100 251
100 367
100 2240
100 2
100 684
100 45
100 2355
100 458
100 512
100 3000
100 27
100 127
100 1494
100 69
100 62
100 117
100 2910
100 737
100 2279
100 1487
100 603
100 575
100 438
100 2316
100 240
100 709
100 2436
100 1566
100 559
100 96
100 165
100 1338
100 1193
100 320
100 61
100 56
100 303
100 629
100 109
100 332
100 1639
100 403
100 192
100 201
100 41
100 1204
100 572
100 210
100 722
100 4
100 1350
100 19
100 3059
100 460
100 1438
100 1316
100 94
100 210
100 5
100 2357
100 725
100 654
100 752
100 116
100 726
100 21
100 1640
100 150
100 557
100 550
100 127
100 136
100 1254
100 267
100 785
100 227
100 1444
100 841
100 2168
100 306
100 135
100 984
100 1006
100 105
100 834
100 74
100 213
100 2945
100 1115
100 1169
100 117
100 3006
100 278
100 77
100 945
100 1263
100 254
100 18
100 583
100 1860
100 2309
100 2166
100 2043
100 328
100 156
100 908
100 1651
100 107
100 619
100 1103
100 1744
100 293
100 869
100 76
100 1238
100 508
100 921
100 749
100 249
100 2960
100 841
100 38
100 614
100 313
100 1817
100 2391
100 1561
100 953
100 2004
100 200
100 117
100 188
100 2315
100 246
100 611
100 110
100 159
100 1008
100 1054
100 417
100 1438
100 398
100 1021
100 170
100 133
100 111
100 2042
100 661
100 778
100 3310
100 850
100 1
100 1048
100 214
100 201
100 715
100 61
100 387
100 1027
100 17
100 32
100 236
100 154
100 59
100 668
100 36
100 3327
100 970
100 206
100 220
100 1567
100 4132
100 551
100 1204
100 516
100 359
100 803
100 1314
100 307
100 1064
100 620
100 217
100 1041
100 642
100 327
100 1547
100 100
100 2223
100 902
100 1818
100 2344
100 737
100 1167
100 704
100 392
100 1115
100 1199
100 1098
100 0
100 302
100 69
100 1219
100 137
100 95
100 1014
100 3518
100 370
100 81
100 41
100 696
100 260
100 116
100 2094
100 1074
100 168
100 2178
100 1837
100 1200
100 787
100 119
100 2014
100 839
100 196
100 183
100 383
100 1289
100 718
100 1612
100 841
100 163
100 1848
100 1380
100 602
100 1439
100 58
100 1514
100 1017
100 296
100 415
100 894
100 45
100 62
100 1764
100 382
100 491
100 1690
100 664
100 265
100 769
100 201
100 1864
100 30
100 450
100 163
100 261
100 444
100 224
100 109
100 579
100 87
100 549
100 63
100 630
100 1693
100 1353
100 229
100 427
100 124
100 2062
100 342
100 726
100 1924
100 341
100 2823
100 132
100 561
100 52
100 134
100 1457
100 474
100 344
100 592
100 220
100 16
100 1309
100 79
100 388
100 485
100 576
100 1667
100 518
100 878
100 309
100 2666
100 986
100 542
100 548
100 2537
100 799
100 2768
100 438
100 147
100 873
100 100
100 579
100 104
100 114
100 1851
100 544
100 2560
100 2993
100 226
100 967
100 526
100 879
100 521
100 958
100 2717
100 64
100 2190
100 745
100 19
100 2362
100 109
100 433
100 648
100 1363
100 760
100 1798
100 650
100 734
100 1685
100 168
100 72
100 525
100 92
100 1962
100 2
100 1751
100 281
100 188
100 471
100 3
100 1290
100 1671
100 108
100 573
100 2916
100 3
100 811
100 240
100 97
100 52
100 24
100 24
100 1450
100 24
100 1542
100 76
100 490
100 1274
100 737
100 2358
100 1777
100 290
100 165
100 7
100 968
100 487
100 404
100 115
100 321
100 817
100 648
100 43
100 657
100 962
100 406
100 774
100 770
100 1452
100 958
100 142
100 1246
100 512
100 720
100 587
100 55
100 30
100 575
100 500
100 3007
100 485
100 1156
100 1964
100 806
100 184
100 799
100 3004
100 1493
100 735
100 458
100 328
100 1980
100 1297
100 2921
100 164
100 1801
100 11
100 705
100 1280
100 175
100 772
100 1346
100 434
100 238
100 1630
100 147
100 459
100 836
100 4208
100 545
100 234
100 864
100 2388
100 442
100 989
100 1887
100 1347
100 361
100 351
100 968
100 1669
100 1174
100 339
100 341
100 908
100 707
100 2809
100 358
100 1636
100 201
100 2519
100 1039
100 663
100 433
100 1917
100 947
100 864
100 1192
100 1199
100 368
100 463
100 288
100 108
100 3758
100 2259
100 1140
100 83
100 1469
100 382
100 279
100 1845
100 647
100 1281
100 2275
100 521
100 560
100 181
100 338
100 618
100 151
100 1160
100 1625
100 365
100 801
100 1688
100 1468
100 615
100 359
100 2534
100 1598
100 1031
100 598
100 901
100 207
100 831
100 192
100 503
100 717
100 361
100 472
100 532
100 498
100 279
100 168
100 104
100 1567
100 488
100 271
100 218
100 519
100 16
100 724
100 25
100 788
100 688
100 379
100 402
100 331
100 43
100 931
100 663
100 414
100 1817
100 525
100 670
100 1166
100 291
100 739
100 214
100 726
100 17
100 2282
100 159
100 546
100 579
100 521
100 1929
100 290
100 520
100 2069
100 3487
100 297
100 426
100 413
100 1182
100 444
100 597
100 1334
100 816
100 68
100 189
100 8
100 1163
100 2138
100 2018
100 1099
100 1624
100 921
100 151
100 311
100 181
100 3150
100 1207
100 32
100 1493
100 112
100 37
100 788
100 2817
100 6
100 1232
100 1533
100 78
100 682
100 2048
100 446
100 263
100 865
100 685
100 248
100 1621
100 44
100 407
100 292
100 352
100 179
100 632
100 1077
100 459
100 38
100 249
100 471
100 1104
100 1253
100 218
100 548
100 316
100 517
100 366
100 57
100 80
100 379
100 2210
100 667
100 2432
100 1520
100 464
100 595
100 1406
100 160
100 825
100 1638
100 406
100 236
100 2292
100 1526
100 678
100 318
100 493
100 400
100 1031
100 1150
100 97
100 121
100 364
100 117
100 358
100 1243
100 116
100 1047
100 111
100 557
100 424
100 20
100 18
100 2759
100 6
100 98
100 262
100 874
100 689
100 37
100 437
100 411
100 90
100 1459
100 1102
100 2390
100 1193
100 442
100 567
100 448
100 263
100 91
100 158
100 1715
100 1791
100 776
100 71
100 331
100 187
100 1097
100 93
100 1196
100 606
100 437
100 251
100 138
100 470
100 117
100 69
100 1061
100 329
100 180
100 1032
100 1440
100 723
100 1243
100 326
100 1501
100 890
100 1111
100 617
100 477
100 221
100 835
100 3468
100 163
100 317
100 955
100 248
100 210
100 203
100 538
100 463
100 204
100 796
100 196
100 1751
100 365
100 437
100 521
100 1492
100 180
100 667
100 105
100 1155
100 765
100 24
100 240
100 726
100 1006
100 243
100 403
100 616
100 314
100 136
100 83
100 207
100 460
100 657
100 1737
100 812
100 48
100 1845
100 347
100 580
100 55
100 710
100 1645
100 56
100 2607
100 15
100 951
100 2568
100 332
100 2169
100 518
100 2025
100 386
100 368
100 410
100 491
100 713
100 3448
100 547
100 368
100 148
100 650
100 114
100 1038
100 230
100 1973
100 239
100 1648
100 1290
100 194
100 470
100 24
100 1136
100 359
100 2521
100 571
100 618
100 545
100 837
100 1891
100 559
100 96
100 2635
100 4700
100 80
100 1358
100 129
100 244
100 92
100 1036
100 2117
100 1336
100 976
100 971
100 129
100 1817
100 256
100 996
100 964
100 1845
100 759
100 4017
100 883
100 285
100 1032
100 2569
100 1227
100 908
100 2088
100 3561
100 1258
100 548
100 1836
100 2952
100 548
100 204
100 1464
100 241
100 53
100 101
100 814
100 28
100 2374
100 145
100 678
100 32
100 184
100 149
100 132
100 1252
100 128
100 515
100 194
100 892
100 1201
100 2238
100 1084
100 491
100 1158
100 1158
100 494
100 380
100 291
100 1867
100 624
100 686
100 504
100 1971
100 767
100 2820
100 362
100 99
100 4
100 71
100 323
100 1173
100 375
100 358
100 792
100 604
100 478
100 255
100 988
100 22
100 577
100 397
100 2125
100 1607
100 282
100 680
100 2280
100 3387
100 172
100 10
100 969
100 533
100 1616
100 105
100 1452
100 458
100 409
100 297
100 2727
100 307
100 942
100 600
100 479
100 290
100 223
100 940
100 266
100 249
100 414
100 1
100 1116
100 200
100 595
100 1710
100 625
100 419
100 684
100 1016
100 99
100 323
100 168
100 98
100 1716
100 514
100 67
100 165
100 1218
100 331
100 188
100 1762
100 208
100 27
100 223
100 2119
100 17
100 687
100 346
100 421
100 2037
100 894
100 1023
100 191
100 1206
100 1070
100 195
100 24
100 735
100 1411
100 1542
100 1428
100 714
100 1145
100 878
100 637
100 139
100 164
100 87
100 455
100 1290
100 189
100 588
100 772
100 1715
100 2503
100 587
100 255
100 821
100 406
100 1500
100 1893
100 459
100 486
100 847
100 381
100 240
100 61
100 100
100 583
100 2586
100 970
100 1420
100 572
100 1716
100 290
100 71
100 2791
100 1292
100 7648
100 1366
100 1971
100 645
100 4169
100 555
100 958
100 29
100 1780
100 5108
100 513
100 600
100 372
100 735
100 267
100 879
100 532
100 463
100 718
100 84
100 252
100 185
100 704
100 106
100 2444
100 193
100 1485
100 1074
100 230
100 1616
100 324
100 1896
100 1707
100 934
100 267
100 707
100 74
100 849
100 30
100 711
100 889
100 84
100 255
100 179
100 233
100 428
100 160
100 729
100 40
100 787
100 152
100 925
100 1459
100 3812
100 323
100 2199
100 90
100 582
100 332
100 933
100 1438
100 1567
100 182
100 873
100 1220
100 715
100 305
100 181
100 89
100 158
100 76
100 1091
100 802
100 1376
100 100
100 252
100 338
100 204
100 1714
100 746
100 508
100 1445
100 1060
100 141
100 1631
100 480
100 1397
100 1299
100 221
100 185
100 976
100 551
100 1884
100 284
100 669
100 278
100 367
100 564
100 117
100 943
100 192
100 384
100 46
100 433
100 234
100 212
100 157
100 1029
100 2936
100 239
100 371
100 610
100 1597
100 61
100 685
100 820
100 2103
100 108
100 2732
100 1059
100 124
100 1330
100 785
100 764
100 1533
100 571
100 904
100 33
100 576
100 302
100 845
100 1083
100 3257
100 2521
100 358
100 564
100 1742
100 68
100 708
100 2992
100 675
100 1113
100 169
100 119
100 1945
100 120
100 192
100 1029
100 101
100 98
100 2533
100 2720
100 1873
100 711
100 1221
100 389
100 878
100 3293
100 366
100 469
100 163
100 79
100 360
100 649
100 3392
100 453
100 548
100 1817
100 236
100 2709
100 2927
100 427
100 1164
100 269
100 824
100 330
100 4516
100 84
100 1598
100 1077
100 558
100 1015
100 6
100 2438
100 450
100 92
100 919
100 108
100 385
100 1490
100 122
100 296
100 1288
100 1720
100 209
100 2
100 211
100 274
100 720
100 230
100 247
100 1854
100 420
100 17
100 751
100 2120
100 1055
100 99
100 541
100 1419
100 994
100 257
100 537
100 354
100 696
100 184
100 2207
100 1345
100 351
100 520
100 565
100 358
100 384
100 448
100 722
100 88
100 607
100 667
100 304
100 391
100 18
100 315
100 242
100 148
100 1689
100 2242
100 1769
100 419
100 112
100 121
100 1002
100 612
100 2951
100 650
100 23
100 1493
100 465
100 35
100 1723
100 578
100 873
100 1583
100 327
100 27
100 242
100 2437
100 926
100 754
100 763
100 623
100 359
100 93
100 534
100 213
100 3712
100 219
100 106
100 189
100 2147
100 349
100 995
100 149
100 277
100 1117
100 16
100 946
100 717
100 1408
100 1503
100 576
100 605
100 750
100 3238
100 259
100 5
100 313
100 463
100 179
100 513
100 187
100 458
100 120
100 796
100 79
100 98
100 284
100 1213
100 462
100 343
100 799
100 1033
100 103
100 60
100 1306
100 1684
100 254
100 1210
100 405
100 943
100 1182
100 546
100 99
100 810
100 214
100 110
100 733
100 1504
100 1209
100 283
100 1371
100 394
100 1881
100 1104
100 3106
100 3786
100 510
100 2445
100 495
100 168
100 270
100 445
100 791
100 188
100 83
100 676
100 1309
100 2405
100 1838
100 777
100 608
100 559
100 1170
100 2027
100 1499
100 993
100 974
100 764
100 19
100 986
100 1625
100 1962
100 478
100 451
100 165
100 1092
100 1519
100 1874
100 1541
100 43
100 381
100 550
100 392
100 392
100 238
100 1308
100 1095
100 106
100 1223
100 1496
