100 122
100 119
100 0
100 142
100 456
100 189
100 36
100 163
100 937
100 50
100 63
100 17
100 166
100 125
100 647
100 45
100 72
100 495
100 493
100 930
100 31
100 58
100 452
100 41
100 182
100 12
100 217
100 45
100 635
100 1831
100 997
100 390
100 438
100 82
100 33
100 98
100 225
100 905
100 267
100 539
100 197
100 88
100 110
100 209
100 642
100 331
100 241
100 178
100 119
100 222
100 188
100 957
100 849
100 90
100 239
100 83
100 221
100 422
100 204
100 253
100 226
100 234
100 1111
100 433
100 1325
100 121
100 660
100 888
100 24
100 204
100 396
100 478
100 18
100 296
100 196
100 25
100 853
100 31
100 115
100 387
100 24
100 880
100 80
100 11
100 775
100 117
100 98
100 203
100 128
100 197
100 169
100 68
100 17
100 80
100 756
100 245
100 78
100 871
100 1045
100 61
100 267
100 369
100 199
100 91
100 138
100 122
100 93
100 296
100 192
100 463
100 122
100 230
100 891
100 167
100 475
100 482
100 173
100 146
100 545
100 80
100 364
100 18
100 309
100 667
100 11
100 171
100 224
100 132
100 52
100 387
100 210
100 72
100 906
100 1386
100 181
100 545
100 253
100 374
100 90
100 80
100 670
100 328
100 43
100 33
100 49
100 45
100 344
100 358
100 133
100 87
100 2
100 341
100 71
100 120
100 147
100 500
100 267
100 606
100 13
100 56
100 13
100 1379
100 246
100 180
100 498
100 147
100 1
100 154
100 60
100 72
100 103
100 506
100 1008
100 889
100 102
100 482
100 97
100 705
100 70
100 265
100 194
100 394
100 600
100 41
100 687
100 518
100 421
100 0
100 211
100 296
100 550
100 183
100 513
100 445
100 724
100 1
100 205
100 165
100 180
100 30
100 115
100 219
100 690
100 10
100 24
100 1926
100 194
100 15
100 61
100 240
100 12
100 161
100 179
100 337
100 204
100 78
100 292
100 389
100 2039
100 90
100 221
100 100
100 311
100 504
100 315
100 69
100 232
100 1283
100 79
100 454
100 219
100 77
100 305
100 80
100 651
100 66
100 242
100 257
100 240
100 643
100 83
100 371
100 66
100 46
100 397
100 351
100 879
100 453
100 194
100 179
100 13
100 124
100 832
100 156
100 494
100 210
100 79
100 863
100 37
100 171
100 359
100 11
100 1356
100 103
100 475
100 617
100 1213
100 168
100 808
100 169
100 205
100 408
100 411
100 168
100 102
100 186
100 138
100 139
100 292
100 1034
100 536
100 807
100 605
100 370
100 775
100 95
100 440
100 120
100 323
100 795
100 0
100 450
100 718
100 541
100 224
100 182
100 210
100 687
100 0
100 425
100 66
100 1183
100 50
100 470
100 535
100 484
100 621
100 1176
100 119
100 268
100 339
100 316
100 111
100 10
100 185
100 66
100 1026
100 651
100 275
100 141
100 157
100 492
100 324
100 1471
100 131
100 188
100 379
100 283
100 111
100 15
100 618
100 110
100 92
100 23
100 333
100 814
100 593
100 499
100 1378
100 581
100 146
100 195
100 36
100 152
100 260
100 45
100 345
100 85
100 1432
100 330
100 195
100 67
100 735
100 130
100 164
100 5
100 424
100 214
100 1367
100 206
100 47
100 9
100 163
100 919
100 149
100 45
100 212
100 524
100 438
100 95
100 19
100 55
100 124
100 47
100 209
100 214
100 322
100 6
100 253
100 116
100 27
100 663
100 899
100 310
100 83
100 307
100 420
100 102
100 747
100 169
100 134
100 331
100 75
100 227
100 54
100 372
100 1261
100 205
100 1021
100 54
100 484
100 818
100 461
100 339
100 91
100 125
100 124
100 98
100 306
100 123
100 211
100 411
100 1173
100 20
100 108
100 18
100 184
100 120
100 198
100 625
100 882
100 736
100 249
100 320
100 1214
100 751
100 477
100 292
100 329
100 3
100 106
100 198
100 245
100 219
100 159
100 463
100 335
100 258
100 88
100 121
100 752
100 866
100 174
100 342
100 145
100 560
100 199
100 264
100 311
100 271
100 113
100 812
100 289
100 360
100 982
100 92
100 16
100 258
100 238
100 230
100 7
100 1000
100 133
100 248
100 70
100 354
100 1056
100 169
100 17
100 57
100 162
100 633
100 462
100 268
100 201
100 458
100 541
100 15
100 33
100 372
100 373
100 193
100 113
100 465
100 79
100 141
100 140
100 718
100 258
100 426
100 2021
100 99
100 405
100 8
100 416
100 98
100 566
100 520
100 296
100 19
100 30
100 211
100 496
100 777
100 158
100 361
100 307
100 630
100 248
100 76
100 127
100 830
100 91
100 270
100 1591
100 241
100 303
100 215
100 366
100 134
100 136
100 221
100 105
100 281
100 209
100 87
100 191
100 465
100 348
100 241
100 153
100 79
100 406
100 155
100 6
100 156
100 269
100 589
100 457
100 86
100 411
100 50
100 318
100 898
100 17
100 205
100 229
100 256
100 534
100 3
100 470
100 392
100 37
100 54
100 432
100 36
100 472
100 229
100 191
100 336
100 577
100 344
100 231
100 622
100 205
100 53
100 218
100 928
100 27
100 786
100 176
100 149
100 256
100 309
100 40
100 30
100 256
100 411
100 680
100 616
100 6
100 184
100 809
100 1611
100 212
100 130
100 152
100 205
100 38
100 150
100 339
100 366
100 658
100 83
100 7
100 98
100 94
100 130
100 551
100 67
100 46
100 259
100 257
100 646
100 233
100 48
100 400
100 712
100 300
100 382
100 352
100 273
100 360
100 0
100 121
100 302
100 254
100 276
100 79
100 124
100 265
100 273
100 414
100 67
100 0
100 272
100 1187
100 91
100 226
100 138
100 332
100 198
100 95
100 948
100 153
100 1042
100 1250
100 426
100 63
100 187
100 578
100 304
100 31
100 456
100 35
100 439
100 111
100 689
100 1489
100 1683
100 556
100 95
100 336
100 307
100 14
100 265
100 154
100 62
100 167
100 1568
100 527
100 527
100 584
100 156
100 947
100 34
100 155
100 318
100 52
100 61
100 526
100 235
100 287
100 104
100 60
100 197
100 800
100 33
100 1937
100 702
100 374
100 297
100 66
100 1322
100 554
100 256
100 131
100 363
100 248
100 1098
100 248
100 643
100 359
100 2
100 124
100 419
100 462
100 133
100 230
100 1015
100 554
100 56
100 2
100 5
100 37
100 99
100 628
100 39
100 386
100 305
100 47
100 212
100 569
100 324
100 315
100 287
100 95
100 42
100 25
100 246
100 390
100 60
100 451
100 571
100 893
100 89
100 183
100 592
100 429
100 257
100 107
100 369
100 193
100 39
100 21
100 75
100 215
100 33
100 391
100 202
100 18
100 249
100 80
100 239
100 170
100 107
100 90
100 4
100 272
100 400
100 473
100 97
100 174
100 112
100 1950
100 175
100 270
100 1634
100 160
100 427
100 142
100 69
100 64
100 171
100 434
100 49
100 58
100 370
100 219
100 383
100 129
100 501
100 9
100 39
100 240
100 1094
100 231
100 348
100 85
100 98
100 490
100 329
100 98
100 196
100 283
100 12
100 406
100 9
100 766
100 211
100 69
100 167
100 434
100 807
100 297
100 584
100 1904
100 818
100 1144
100 758
100 296
100 94
100 466
100 284
100 944
100 536
100 473
100 561
100 162
100 753
100 45
100 685
100 77
100 367
100 42
100 123
100 32
100 218
100 1025
100 313
100 439
100 275
100 184
100 81
100 3
100 731
100 1628
100 487
100 1588
100 295
100 81
100 61
100 510
100 245
100 579
100 126
100 47
100 256
100 2
100 375
100 129
100 26
100 254
100 85
100 107
100 26
100 153
100 149
100 426
100 119
100 234
100 556
100 389
100 345
100 1102
100 242
100 40
100 50
100 346
100 502
100 295
100 358
100 229
100 31
100 74
100 611
100 110
100 295
100 319
100 3
100 378
100 189
100 271
100 454
100 616
100 124
100 33
100 83
100 649
100 718
100 303
100 277
100 617
100 80
100 300
100 14
100 293
100 13
100 1013
100 136
100 223
100 768
100 2151
100 286
100 108
100 113
100 458
100 847
100 69
100 35
100 6
100 69
100 96
100 107
100 310
100 45
100 190
100 77
100 171
100 368
100 17
100 231
100 124
100 8
100 725
100 97
100 796
100 315
100 461
100 529
100 945
100 310
100 336
100 239
100 469
100 41
100 111
100 208
100 146
100 1014
100 166
100 163
100 41
100 402
100 6
100 24
100 634
100 737
100 1350
100 174
100 420
100 963
100 233
100 68
100 270
100 421
100 58
100 106
100 33
100 486
100 691
100 161
100 264
100 110
100 640
100 127
100 1
100 179
100 479
100 505
100 71
100 263
100 311
100 139
100 440
100 294
100 352
100 86
100 733
100 53
100 10
100 430
100 10
100 190
100 213
100 932
100 48
100 194
100 939
100 492
100 101
100 760
100 172
100 871
100 136
100 1191
100 1127
100 194
100 43
100 370
100 133
100 46
100 91
100 144
100 31
100 131
100 212
100 792
100 463
100 38
100 73
100 22
100 416
100 48
100 209
100 343
100 423
100 299
100 130
100 35
100 125
100 100
100 425
100 1889
100 434
100 11
100 227
100 175
100 55
100 17
100 652
100 127
100 117
100 473
100 220
100 163
100 1512
100 978
100 201
100 618
100 128
100 298
100 504
100 264
100 804
100 59
100 192
100 13
100 14
100 163
100 388
100 56
100 229
100 35
100 920
100 104
100 197
100 436
100 53
100 6
100 173
100 56
100 428
100 191
100 161
100 1080
100 159
100 223
100 9
100 91
100 127
100 746
100 977
100 5
100 116
100 240
100 150
100 306
100 158
100 126
100 510
100 115
100 104
100 521
100 391
100 582
100 565
100 308
100 295
100 320
100 213
100 113
100 79
100 221
100 575
100 207
100 287
100 256
100 1230
100 20
100 1648
100 158
100 295
100 610
100 181
100 534
100 384
100 306
100 37
100 461
100 115
100 658
100 632
100 91
100 22
100 361
100 122
100 108
100 123
100 452
100 1332
100 27
100 117
100 276
100 410
100 379
100 139
100 379
100 133
100 340
100 207
100 44
100 978
100 270
100 40
100 163
100 350
100 1105
100 0
100 79
100 60
100 63
100 694
100 195
100 687
100 378
100 516
100 44
100 141
100 391
100 46
100 50
100 565
100 270
100 107
100 178
100 47
100 54
100 102
100 292
100 102
100 484
100 69
100 904
100 209
100 221
100 11
100 857
100 569
100 251
100 191
100 99
100 534
100 97
100 715
100 284
100 263
100 734
100 218
100 39
100 372
100 101
100 513
100 439
100 83
100 229
100 67
100 1149
100 296
100 98
100 42
100 13
100 151
100 227
100 199
100 241
100 535
100 123
100 152
100 396
100 378
100 38
100 439
100 563
100 433
100 348
100 250
100 1356
100 299
100 713
100 471
100 459
100 173
100 239
100 881
100 90
100 144
100 237
100 1750
100 200
100 37
100 212
100 365
100 426
100 742
100 45
100 67
100 54
100 181
100 302
100 103
100 409
100 14
100 303
100 615
100 495
100 453
100 222
100 162
100 78
100 102
100 809
100 120
100 106
100 829
100 131
100 388
100 274
100 176
100 384
100 1098
100 717
100 9
100 48
100 637
100 997
100 219
100 542
100 1182
100 49
100 105
100 291
100 55
100 74
100 640
100 1151
100 228
100 61
100 36
100 410
100 628
100 603
100 821
100 83
100 469
100 125
100 473
100 18
100 173
100 174
100 180
100 293
100 488
100 57
100 263
100 220
100 626
100 300
100 442
100 76
100 122
100 31
100 23
100 473
100 402
100 222
100 295
100 331
100 367
100 216
100 8
100 112
100 360
100 721
100 95
100 16
100 136
100 34
100 209
100 41
100 386
100 245
100 186
100 74
100 40
100 115
100 1127
100 207
100 389
100 1245
100 93
100 14
100 42
100 184
100 688
100 48
100 499
100 220
100 20
100 13
100 791
100 435
100 433
100 28
100 444
100 430
100 41
100 341
100 100
100 443
100 18
100 1220
100 4
100 69
100 80
100 113
100 38
100 71
100 70
100 213
100 323
100 884
100 653
100 458
100 188
100 56
100 284
100 198
100 182
100 290
100 46
100 15
100 65
100 371
100 151
100 1198
100 216
100 144
100 200
100 571
100 469
100 67
100 793
100 224
100 83
100 395
100 181
100 82
100 712
100 491
100 57
100 894
100 655
100 139
100 969
100 108
100 136
100 429
100 160
100 535
100 437
100 298
100 257
100 435
100 538
100 272
100 22
100 65
100 366
100 70
100 85
100 653
100 212
100 757
100 661
100 1
100 143
100 268
100 394
100 301
100 169
100 79
100 190
100 100
100 17
100 64
100 169
100 155
100 713
100 406
100 163
100 148
100 275
100 58
100 653
100 55
100 230
100 671
100 35
100 83
100 191
100 57
100 746
100 808
100 142
100 345
100 12
100 81
100 251
100 42
100 93
100 561
100 134
100 287
100 142
100 27
100 489
100 77
100 465
100 898
100 153
100 4
100 1151
100 273
100 657
100 14
100 374
100 98
100 89
100 316
100 103
100 118
100 377
100 650
100 882
100 300
100 303
100 169
100 24
100 92
100 149
100 207
100 140
100 176
100 1356
100 395
100 337
100 167
100 401
100 81
100 78
100 48
100 600
100 529
100 50
100 83
100 932
100 9
100 990
100 269
100 424
100 421
100 61
100 9
100 935
100 415
100 47
100 321
100 173
100 103
100 549
100 1
100 233
100 315
100 467
100 34
100 330
100 110
100 300
100 129
100 522
100 84
100 71
100 745
100 100
100 1012
100 174
100 435
100 293
100 158
100 248
100 7
100 323
100 862
100 1116
100 907
100 113
100 30
100 776
100 39
100 208
100 465
100 155
100 206
100 133
100 125
100 211
100 680
100 771
100 1168
100 203
100 555
100 635
100 657
100 482
100 422
100 9
100 902
100 347
100 986
100 398
100 116
100 511
100 206
100 247
100 153
100 221
100 282
100 592
100 803
100 224
100 46
100 35
100 574
100 96
100 3
100 1012
100 36
100 316
100 96
100 7
100 89
100 1059
100 146
100 57
100 226
100 240
100 711
100 617
100 60
100 882
100 247
100 1015
100 583
100 154
100 83
100 616
100 296
100 169
100 159
100 44
100 565
100 298
100 120
100 491
100 146
100 15
100 300
100 245
100 177
100 28
100 312
100 402
100 382
100 164
100 242
100 311
100 655
100 738
100 234
100 7
100 393
100 111
100 1558
100 188
100 239
100 930
100 74
100 1
100 431
100 62
100 346
100 67
100 364
100 734
100 93
100 359
100 230
100 21
100 1486
100 234
100 1537
100 844
100 10
100 262
100 573
100 81
100 107
100 42
100 71
100 286
100 68
100 390
100 130
100 132
100 207
100 173
100 170
100 119
100 465
100 1832
100 196
100 103
100 47
100 281
100 1013
100 239
100 149
100 319
100 500
100 587
100 6
100 922
100 80
100 110
100 372
100 1083
100 255
100 190
100 436
100 541
100 445
100 55
100 438
100 51
100 980
100 313
100 555
100 251
100 123
100 320
100 119
100 999
100 358
100 140
100 59
100 481
100 463
100 399
100 191
100 1386
100 89
100 43
100 4
100 60
100 251
100 114
100 633
100 154
100 333
100 121
100 802
100 31
100 265
100 490
100 269
100 64
100 1093
100 1284
100 365
100 35
100 972
100 741
100 217
100 58
100 251
100 231
100 71
100 1421
100 172
100 105
100 17
100 15
100 1040
100 144
100 219
100 577
100 78
100 16
100 273
100 74
100 75
100 547
100 16
100 158
100 232
100 164
100 34
100 88
100 448
100 541
100 392
100 258
100 135
100 259
100 188
100 56
100 472
100 296
100 621
100 550
100 187
100 257
100 101
100 8
100 300
100 209
100 472
100 268
100 337
100 371
100 626
100 76
100 716
100 146
100 714
100 313
100 169
100 145
100 161
100 746
100 129
100 587
100 1413
100 127
100 75
100 151
100 386
100 58
100 28
100 41
100 44
100 576
100 27
100 155
100 31
100 19
100 61
100 203
100 92
100 141
100 39
100 272
100 31
100 56
100 248
100 41
100 200
100 168
100 518
100 869
100 38
100 379
100 52
100 18
100 403
100 61
100 228
100 659
100 734
100 48
100 2102
100 17
100 702
100 343
100 54
100 410
100 16
100 195
100 481
100 1
100 480
100 331
100 33
100 142
100 37
100 174
100 247
100 309
100 48
100 10
100 503
100 141
100 265
100 423
100 313
100 165
100 13
100 46
100 130
100 186
100 64
100 237
100 593
100 219
100 37
100 1107
100 576
100 264
100 145
100 429
100 934
100 935
100 44
100 85
100 299
100 31
100 229
100 340
100 1651
100 210
100 442
100 645
100 520
100 481
100 543
100 90
100 167
100 83
100 183
100 303
100 10
100 314
100 715
100 595
100 40
100 751
100 37
100 59
100 95
100 189
100 486
100 105
100 150
100 89
100 210
100 223
100 484
100 556
100 290
100 8
100 84
100 12
100 695
100 708
100 31
100 46
100 37
100 319
100 15
100 937
100 181
100 536
100 666
100 42
100 477
100 103
100 160
100 228
100 183
100 59
100 34
100 129
100 254
100 248
100 145
100 678
100 328
100 302
100 618
100 1308
100 518
100 232
100 395
100 288
100 24
100 43
100 704
100 641
100 173
100 269
100 108
100 1224
100 46
100 297
100 91
100 207
100 1
100 1073
100 91
100 182
100 87
100 105
100 331
100 256
100 130
100 137
100 830
100 189
100 56
100 358
100 516
100 201
100 98
100 37
100 346
100 570
100 534
100 71
100 407
100 180
100 121
100 601
100 386
100 23
100 389
100 276
100 339
100 335
100 808
100 664
100 202
100 120
100 132
100 443
100 511
100 65
100 273
100 639
100 92
100 3
100 170
100 496
100 322
100 205
100 130
100 417
100 120
100 201
100 278
100 63
100 368
100 430
100 284
100 228
100 34
100 719
100 750
100 515
100 48
100 58
100 14
100 122
100 577
100 163
100 70
100 11
100 179
100 345
100 194
100 374
100 438
100 629
100 136
100 515
100 2
100 307
100 30
100 725
100 370
100 212
100 333
100 90
100 520
100 115
100 270
100 291
100 513
100 103
100 16
100 101
100 57
100 81
100 502
100 287
100 232
100 192
100 658
100 34
100 635
100 81
100 110
100 9
100 439
100 61
100 282
100 886
100 212
100 209
100 101
100 214
100 277
100 704
100 497
100 7
100 163
100 24
100 245
100 1658
100 524
100 373
100 104
100 381
100 290
100 119
100 21
100 312
100 11
100 354
100 11
100 204
100 681
100 103
100 90
100 276
100 254
100 283
100 39
100 93
100 104
100 639
100 6
100 419
100 544
100 38
100 151
100 363
100 298
100 794
100 1020
100 185
100 0
100 2
100 958
100 129
100 565
100 434
100 549
100 207
100 527
100 115
100 65
100 657
100 332
100 249
100 651
100 593
100 517
100 19
100 511
100 518
100 614
100 556
100 2
100 308
100 15
100 401
100 334
100 542
100 43
100 104
100 312
100 506
100 228
100 371
100 278
100 112
100 301
100 145
100 86
100 193
100 397
100 10
100 465
100 1396
100 92
100 58
100 266
100 0
100 430
100 108
100 292
100 564
100 27
100 500
100 455
100 61
100 77
100 105
100 106
100 369
100 33
100 99
100 213
100 1226
100 14
100 15
100 90
100 250
100 87
100 434
100 30
100 241
100 119
100 651
100 99
100 591
100 90
100 472
100 191
100 112
100 359
100 340
100 140
100 89
100 251
100 56
100 64
100 410
100 335
100 102
100 102
100 307
100 368
100 351
100 388
100 122
100 94
100 199
100 276
100 1035
100 364
100 203
100 423
100 458
100 88
100 207
100 90
100 599
100 467
100 419
100 108
100 103
100 286
100 717
100 354
100 388
100 214
100 164
100 929
100 165
100 179
100 75
100 147
100 84
100 172
100 1341
100 20
100 183
100 195
100 194
100 153
100 260
100 307
100 625
100 294
100 138
100 228
100 257
100 15
100 22
100 954
100 92
100 244
100 413
100 294
100 46
100 11
100 231
100 83
100 66
100 1626
100 917
100 11
100 178
100 408
100 627
100 94
100 1194
100 736
100 71
100 221
100 687
100 249
100 147
100 103
100 552
100 829
100 633
100 190
100 381
100 255
100 377
100 841
100 744
100 51
100 626
100 501
100 44
100 64
100 85
100 328
100 226
100 370
100 49
100 338
100 31
100 140
100 165
100 190
100 55
100 1097
100 723
100 128
100 712
100 127
100 0
100 343
100 4
100 650
100 414
100 15
100 88
100 190
100 90
100 506
100 483
100 11
100 456
100 28
100 1500
100 63
100 342
100 253
100 89
100 253
100 776
100 171
100 1240
100 183
100 302
100 243
100 307
100 109
100 167
100 185
100 97
100 793
100 104
100 606
100 269
100 99
100 188
100 56
100 352
100 89
100 393
100 99
100 345
100 354
100 396
100 408
100 214
100 471
100 736
100 408
100 285
100 632
100 56
100 105
100 409
100 154
100 196
100 583
100 368
100 9
100 476
100 185
100 12
100 608
100 645
100 248
100 126
100 47
100 425
100 141
100 131
100 263
100 330
100 16
100 430
100 6
100 604
100 80
100 310
100 435
100 170
100 39
100 488
100 499
100 221
100 122
100 142
100 48
100 191
100 275
100 753
100 133
100 304
100 400
100 407
100 35
100 641
100 377
100 283
100 206
100 352
100 127
100 178
100 311
100 317
100 244
100 7
100 59
100 207
100 805
100 1019
100 1304
100 49
100 100
100 788
100 35
100 904
100 24
100 197
100 1015
100 470
100 34
100 37
100 228
100 1171
100 438
100 111
100 245
100 54
100 1834
100 1614
100 35
100 679
100 67
100 251
100 155
100 422
100 386
100 1015
100 281
100 85
100 19
100 70
100 348
100 19
100 501
100 269
100 36
100 81
100 394
100 1859
100 380
100 442
100 35
100 454
100 551
100 252
100 6
100 269
100 78
100 388
100 385
100 921
100 807
100 783
100 297
100 843
100 1270
100 465
100 184
100 9
100 615
100 771
100 395
100 325
100 318
100 818
100 47
100 21
100 857
100 486
100 260
100 508
100 417
100 1143
100 96
100 70
100 102
100 196
100 151
100 3171
100 88
100 2505
100 124
100 695
100 196
100 30
100 404
100 218
100 382
100 619
100 155
100 97
100 553
100 83
100 127
100 161
100 383
100 420
100 366
100 285
100 383
100 2
100 379
100 67
100 590
100 691
100 39
100 7
100 20
100 517
100 187
100 607
100 48
100 61
100 88
100 1232
100 405
100 178
100 387
100 1147
100 256
100 971
100 659
100 171
100 128
100 78
100 107
100 98
100 59
100 318
100 292
100 291
100 350
100 159
100 16
100 146
100 741
100 188
100 112
100 211
100 702
100 31
100 676
100 449
100 25
100 823
100 216
100 755
100 875
100 86
100 80
100 338
100 102
100 1900
100 116
100 830
100 1094
100 579
100 633
100 1041
100 609
100 783
100 95
100 605
100 86
100 151
100 642
100 366
100 254
100 179
100 303
100 855
100 99
100 172
100 149
100 120
100 71
100 10
100 166
100 563
100 465
100 110
100 235
100 162
100 263
100 426
100 545
100 141
100 2210
100 75
100 1268
100 60
100 450
100 853
100 46
100 639
100 362
100 83
100 319
100 417
100 361
100 409
100 167
100 126
100 1324
100 221
100 21
100 1744
100 289
100 504
100 1564
100 27
100 172
100 43
100 16
100 424
100 276
100 95
100 127
100 302
100 899
100 54
100 339
100 543
100 173
100 79
100 940
100 818
100 144
100 1044
100 66
100 49
100 16
100 691
100 334
100 352
100 90
100 68
100 73
100 47
100 717
100 70
100 382
100 345
100 136
100 85
100 177
100 134
100 686
100 208
100 11
100 106
100 758
100 118
100 535
100 908
100 96
100 244
100 210
100 83
100 136
100 755
100 650
100 740
100 292
100 390
100 313
100 129
100 325
100 270
100 788
100 232
100 5
100 261
100 74
100 914
100 261
100 109
100 691
100 256
100 134
100 200
100 598
100 288
100 204
100 1062
100 136
100 32
100 43
100 330
100 84
100 433
100 1357
100 406
100 408
100 130
100 197
100 318
100 488
100 143
100 154
100 179
100 1949
100 188
100 456
100 173
100 403
100 448
100 148
100 56
100 298
100 105
100 508
100 73
100 97
100 244
100 61
100 111
100 105
100 197
100 986
100 293
100 156
100 365
100 47
100 160
100 210
100 141
100 175
100 215
100 163
100 80
100 502
100 107
100 758
100 124
100 73
100 2
100 640
100 1132
100 460
100 9
100 400
100 14
100 673
100 318
100 582
100 445
100 172
100 56
100 244
100 744
100 50
100 818
100 149
100 16
100 323
100 302
100 315
100 72
100 743
100 125
100 179
100 103
100 466
100 214
100 95
100 10
100 527
100 437
100 6
100 273
100 12
100 111
100 76
100 1474
100 331
100 123
100 15
100 419
100 210
100 35
100 214
100 600
100 980
100 16
100 238
100 41
100 1196
100 702
100 37
100 68
100 89
100 143
100 36
100 88
100 351
100 125
100 170
100 71
100 286
100 88
100 1917
100 225
100 304
100 8
100 119
100 323
100 709
100 329
100 359
100 32
100 823
100 432
100 46
100 444
100 629
100 261
100 433
100 385
100 265
100 425
100 1488
100 1117
100 210
100 646
100 344
100 94
100 246
100 81
100 433
100 522
100 1549
100 209
100 559
100 998
100 143
100 46
100 30
100 1222
100 473
100 613
100 295
100 1089
100 28
100 57
100 445
100 661
100 69
100 0
100 383
100 1327
100 19
100 108
100 165
100 775
100 266
100 1084
100 88
100 199
100 28
100 172
100 151
100 124
100 262
100 104
100 638
100 137
100 657
100 22
100 211
100 885
100 1268
100 170
100 22
100 195
100 220
100 12
100 32
100 27
100 233
100 85
100 473
100 39
100 21
100 34
100 548
100 16
100 651
100 178
100 340
100 1030
100 402
100 23
100 814
100 71
100 440
100 363
100 697
100 368
100 326
100 1862
100 126
100 187
100 618
100 11
100 554
100 193
100 110
100 231
100 533
100 632
100 159
100 183
100 556
100 920
100 561
100 55
100 326
100 129
100 48
100 275
100 107
100 95
100 65
100 599
100 492
100 169
100 212
100 615
100 4
100 125
100 185
100 371
100 274
100 1487
100 179
100 102
100 79
100 139
100 54
100 526
100 162
100 218
100 13
100 668
100 1055
100 787
100 853
100 59
100 66
100 65
100 84
100 34
100 1108
100 631
100 153
100 765
100 141
100 360
100 233
100 258
100 57
100 1249
100 1130
100 72
100 1170
100 342
100 77
100 1036
100 214
100 193
100 285
100 534
100 139
100 276
100 199
100 793
100 165
100 126
100 32
100 39
100 80
100 738
100 11
100 625
100 182
100 507
100 794
100 133
100 420
100 123
100 29
100 13
100 222
100 490
100 275
100 415
100 447
100 17
100 81
100 485
100 235
100 297
100 69
100 211
100 127
100 370
100 748
100 847
100 538
100 88
100 453
100 535
100 111
100 29
100 249
100 23
100 181
100 1
100 666
100 3
100 644
100 910
100 333
100 10
100 796
100 1031
100 166
100 85
100 470
100 572
100 504
100 0
100 25
100 648
100 309
100 194
100 405
100 1161
100 186
100 218
100 106
100 22
100 747
100 185
100 4
100 149
100 553
100 575
100 570
100 81
100 1580
100 514
100 353
100 847
100 411
100 1153
100 963
100 201
100 414
100 245
100 154
100 504
100 104
100 162
100 234
100 163
100 39
100 197
100 546
100 46
100 112
100 351
100 377
100 182
100 93
100 303
100 84
100 246
100 300
100 50
100 195
100 360
100 857
100 35
100 143
100 505
100 66
100 816
100 627
100 96
100 1237
100 68
100 18
100 446
100 874
100 39
100 733
100 38
100 307
100 37
100 448
100 7
100 74
100 85
100 117
100 114
100 66
100 88
100 50
100 507
100 128
100 544
100 260
100 227
100 367
100 1035
100 185
100 412
100 2
100 885
100 207
100 890
100 199
100 2
100 81
100 422
100 3
100 34
100 543
100 6
100 14
100 29
100 2
100 177
100 39
100 10
100 742
100 529
100 133
100 175
100 213
100 256
100 198
100 610
100 410
100 198
100 69
100 644
100 357
100 528
100 73
100 799
100 86
100 61
100 357
100 2
100 208
100 334
100 28
100 69
100 1632
100 68
100 608
100 128
100 139
100 91
100 11
100 57
100 3
100 162
100 16
100 73
100 558
100 261
100 250
100 46
100 70
100 27
100 593
100 107
100 26
100 206
100 428
100 583
100 245
100 178
100 240
100 537
100 9
100 360
100 154
100 371
100 150
100 1227
100 171
100 183
100 728
100 327
100 240
100 27
100 81
100 492
100 32
100 586
100 271
100 13
100 72
100 43
100 691
100 216
100 8
100 53
100 974
100 48
100 281
100 37
100 44
100 3
100 933
100 142
100 162
100 760
100 167
100 320
100 475
100 22
100 9
100 16
100 178
100 47
100 96
100 1062
100 53
100 889
100 137
100 43
100 474
100 262
100 141
100 593
100 42
100 247
100 74
100 155
100 102
100 245
100 17
100 502
100 160
100 191
100 1
100 677
100 201
100 618
100 389
100 3
100 149
100 318
100 623
100 347
100 360
100 510
100 633
100 173
100 61
100 297
100 116
100 377
100 427
100 302
100 1036
100 322
100 313
100 1246
100 127
100 617
100 339
100 58
100 67
100 159
100 565
100 135
100 442
100 118
100 341
100 700
100 171
100 357
100 269
100 27
100 65
100 123
100 258
100 202
100 727
100 11
100 341
100 109
100 237
100 208
100 316
100 360
100 32
100 25
100 330
100 119
100 133
100 398
100 398
100 279
100 208
100 597
100 133
100 83
100 56
100 330
100 619
100 112
100 70
100 538
100 84
100 130
100 453
100 52
100 1111
100 31
100 196
100 75
100 233
100 78
100 462
100 88
100 22
100 813
100 625
100 223
100 397
100 102
100 273
100 72
100 14
100 309
100 33
100 81
100 231
100 515
100 289
100 67
100 8
100 74
100 496
100 18
100 347
100 314
100 33
100 8
100 14
100 623
100 72
100 35
100 546
100 559
100 892
100 1509
100 538
100 66
100 121
100 149
100 830
100 142
100 54
100 228
100 687
100 362
100 171
100 196
100 253
100 67
100 37
100 611
100 658
100 26
100 217
100 301
100 182
100 96
100 267
100 183
100 144
100 25
100 711
100 22
100 204
100 514
100 121
100 262
100 636
100 47
100 346
100 3
100 916
100 995
100 548
100 580
100 730
100 1740
100 18
100 107
100 179
100 798
100 3
100 30
100 421
100 655
100 678
100 432
100 913
100 607
100 756
100 200
100 139
100 122
100 155
100 1029
100 766
100 443
100 788
100 160
100 50
100 1260
100 108
100 940
100 165
100 275
100 875
100 590
100 48
100 2
100 209
100 61
100 383
100 203
100 338
100 18
100 178
100 8
100 104
100 505
100 280
100 143
100 973
100 656
100 50
100 434
100 195
100 137
100 61
100 361
100 80
100 473
100 393
100 193
100 312
100 718
100 187
100 88
100 108
100 51
100 62
100 205
100 280
100 734
100 1355
100 277
100 523
100 25
100 163
100 18
100 923
100 1243
100 27
100 1670
100 746
100 429
100 179
100 422
100 709
100 50
100 227
100 362
100 371
100 693
100 330
100 177
100 748
100 1174
100 714
100 62
100 522
100 606
100 160
100 260
100 130
100 171
100 50
100 358
100 167
100 523
100 332
100 526
100 38
100 1237
100 608
100 1240
100 556
100 427
100 146
100 225
100 104
100 292
100 118
100 456
100 266
100 172
100 662
100 478
100 174
100 102
100 598
100 154
100 277
100 54
100 141
100 189
100 461
100 822
100 1505
100 58
100 36
100 92
100 231
100 261
100 114
100 95
100 470
100 113
100 128
100 91
100 246
100 149
100 387
100 134
100 526
100 245
100 193
100 190
100 159
100 69
100 130
100 797
100 172
100 18
100 137
100 400
100 85
100 57
100 339
100 182
100 784
100 67
100 893
100 25
100 278
100 402
100 250
100 700
100 51
100 114
100 109
100 281
100 9
100 1342
100 222
100 366
100 380
100 349
100 1
100 718
100 1460
100 315
100 241
100 105
100 9
100 105
100 1193
100 189
100 240
100 32
100 426
100 369
100 328
100 23
100 184
100 459
100 191
100 426
100 17
100 33
100 50
100 78
100 706
100 12
100 136
100 58
100 606
100 1070
100 87
100 95
100 19
100 72
100 1508
100 475
100 531
100 671
100 325
100 96
100 13
100 437
100 215
100 44
100 25
100 236
100 222
100 225
100 320
100 96
100 248
100 7
100 517
100 648
100 54
100 496
100 24
100 511
100 56
100 952
100 1096
100 468
100 350
100 399
100 62
100 1103
100 221
100 61
100 132
100 571
100 416
100 163
100 70
100 39
100 27
100 119
100 14
100 759
100 500
100 861
100 313
100 96
100 1014
100 154
100 474
100 28
100 85
100 173
100 681
100 226
100 168
100 112
100 92
100 91
100 188
100 258
100 1078
100 327
100 478
100 681
100 26
100 1564
100 308
100 48
100 86
100 404
100 1137
100 117
100 414
100 133
100 312
100 551
100 45
100 218
100 143
100 929
100 449
100 921
100 95
100 585
100 176
100 397
100 140
100 116
100 701
100 34
100 57
100 449
100 661
100 425
100 329
100 228
100 804
100 21
100 567
100 1255
100 121
100 26
100 332
100 104
100 78
100 1322
100 996
100 695
100 218
100 211
100 572
100 1233
100 31
100 84
100 215
100 221
100 132
100 317
100 24
100 97
100 515
100 357
100 106
100 317
100 203
100 101
100 460
100 407
100 218
100 390
100 64
100 416
100 328
100 767
100 386
100 55
100 1124
100 61
100 315
100 1345
100 144
100 80
100 304
100 472
100 381
100 835
100 331
100 186
100 34
100 262
100 20
100 310
100 102
100 86
100 43
100 144
100 50
100 1195
100 8
100 151
100 483
100 14
100 618
100 345
100 1107
100 273
100 36
100 514
100 561
100 315
100 170
100 362
100 701
100 131
100 1170
100 435
100 727
100 253
100 94
100 124
100 260
100 854
100 393
100 1089
100 251
100 41
100 1012
100 452
100 92
100 16
100 186
100 183
100 207
100 15
100 91
100 101
100 501
100 118
100 180
100 291
100 503
100 861
100 27
100 60
100 1506
100 240
100 139
100 376
100 116
100 897
100 720
100 49
100 704
100 86
100 34
100 861
100 812
100 451
100 374
100 116
100 92
100 224
100 1662
100 669
100 654
100 303
100 288
100 1258
100 98
100 272
100 461
100 284
100 143
100 29
100 1339
100 35
100 461
100 430
100 261
100 78
100 261
100 266
100 292
100 575
100 320
100 295
100 262
100 2143
100 531
100 144
100 56
100 911
100 4
100 1195
100 203
100 1334
100 315
100 355
100 66
100 290
100 363
100 1575
100 1036
100 312
100 272
100 172
100 75
100 257
100 88
100 639
100 136
100 436
100 729
100 333
100 331
100 80
100 419
100 74
100 650
100 101
100 766
100 185
100 514
100 179
100 286
100 460
100 131
100 185
100 407
100 1133
100 331
100 167
100 142
100 168
100 524
100 82
100 487
100 12
100 478
100 144
100 233
100 158
100 15
100 993
100 7
100 98
100 45
100 292
100 345
100 469
100 81
100 183
100 218
100 338
100 50
100 526
100 417
100 304
100 297
100 883
100 141
100 205
100 12
100 36
100 104
100 66
100 132
100 10
100 776
100 350
100 693
100 316
100 74
100 28
100 396
100 162
100 80
100 369
100 28
100 114
100 340
100 32
100 282
100 540
100 350
100 304
100 211
100 262
100 251
100 569
100 384
100 774
100 367
100 113
100 126
100 123
100 337
100 1929
100 308
100 39
100 725
100 127
100 1034
100 367
100 4
100 280
100 1566
100 1362
100 125
100 318
100 63
100 88
100 584
100 261
100 103
100 215
100 107
100 353
100 557
100 528
100 79
100 438
100 103
100 470
100 70
100 76
100 559
100 217
100 821
100 647
100 1239
100 22
100 24
100 278
100 1222
100 121
100 397
100 38
100 716
100 347
100 150
100 542
100 1001
100 140
100 560
100 306
100 97
100 222
100 69
100 75
100 78
100 8
100 230
100 105
100 245
100 177
100 607
100 480
100 141
100 258
100 546
100 381
100 93
100 114
100 189
100 80
100 175
100 46
100 464
100 186
100 500
100 143
100 36
100 21
100 56
100 114
100 182
100 135
100 215
100 79
100 435
100 328
100 89
100 485
100 158
100 1160
100 135
100 180
100 493
100 96
100 29
100 664
100 289
100 352
100 241
100 848
100 299
100 275
100 23
100 551
100 377
100 48
100 200
100 231
100 127
100 38
100 242
100 203
100 68
100 162
100 133
100 812
100 1117
100 241
100 168
100 784
100 97
100 117
100 511
100 222
100 472
100 1277
100 115
100 458
100 40
100 165
100 568
100 172
100 48
100 257
100 484
100 72
100 650
100 121
100 757
100 284
100 567
100 15
100 904
100 110
100 240
100 299
100 114
100 99
100 1365
100 359
100 3
100 235
100 16
100 534
100 28
100 28
100 125
100 100
100 258
100 4
100 33
100 282
100 125
100 52
100 278
100 109
100 434
100 135
100 14
100 415
100 184
100 196
100 109
100 836
100 816
100 439
100 618
100 461
100 322
100 119
100 353
100 326
100 337
100 435
100 23
100 703
100 361
100 703
100 96
100 138
100 1001
100 338
100 280
100 197
100 176
100 38
100 699
100 177
100 382
100 369
100 375
100 562
100 529
100 609
100 1362
100 297
100 219
100 255
100 45
100 429
100 366
100 7
100 540
100 155
100 252
100 338
100 1146
100 783
100 95
100 212
100 693
100 0
100 555
100 137
100 854
100 177
100 22
100 84
100 142
100 149
100 989
100 516
100 238
100 290
100 284
100 1535
100 3
100 593
100 1944
100 66
100 534
100 68
100 37
100 429
100 78
100 155
100 173
100 24
100 925
100 450
100 297
100 65
100 413
100 136
100 866
100 54
100 63
100 698
100 80
100 944
100 445
100 54
100 124
100 385
100 87
100 33
100 166
100 141
100 224
100 28
100 443
100 519
100 105
100 82
100 52
100 111
100 272
100 248
100 321
100 565
100 32
100 382
100 151
100 34
100 90
100 2252
100 778
100 37
100 401
100 12
100 335
100 47
100 317
100 276
100 131
100 118
100 138
100 344
100 24
100 65
100 83
100 24
100 78
100 154
100 180
100 59
100 168
100 384
100 179
100 449
100 102
100 391
100 203
100 189
100 600
100 12
100 197
100 174
100 407
100 14
100 406
100 34
100 389
100 241
100 233
100 220
100 163
100 164
100 331
100 899
100 495
100 245
100 95
100 21
100 1224
100 240
100 1243
100 100
100 73
100 34
100 266
100 821
100 198
100 626
100 141
100 315
100 133
100 86
100 290
100 423
100 20
100 323
100 218
100 160
100 100
100 134
100 174
100 36
100 117
100 458
100 92
100 279
100 245
100 141
100 38
100 511
100 954
100 535
100 56
100 649
100 674
100 215
100 2
100 93
100 744
100 520
100 125
100 46
100 3
100 418
100 816
100 52
100 271
100 190
100 274
100 376
100 2
100 99
100 16
100 970
100 169
100 75
100 112
100 473
100 603
100 2
100 645
100 181
100 62
100 380
100 390
100 83
100 58
100 95
100 808
100 51
100 154
100 120
100 355
100 36
100 745
100 49
100 520
100 166
100 250
100 162
100 48
100 21
100 330
100 0
100 133
100 143
100 1723
100 195
100 216
100 130
100 509
100 162
100 150
100 92
100 308
100 468
100 162
100 720
100 696
100 158
100 36
100 648
100 68
100 403
100 496
100 1086
100 207
100 280
100 440
100 1706
100 397
100 263
100 181
100 235
100 1
100 281
100 195
100 137
100 343
100 108
100 69
100 71
100 208
100 112
100 358
100 247
100 467
100 769
100 370
100 260
100 345
100 2
100 173
100 37
100 430
100 33
100 389
100 256
100 177
100 500
100 318
100 82
100 281
100 434
100 792
100 87
100 679
100 110
100 94
100 66
100 88
100 672
100 174
100 24
100 387
100 130
100 127
100 16
100 300
100 507
100 3
100 193
100 191
100 504
100 74
100 279
100 218
100 296
100 450
100 154
100 24
100 490
100 328
100 454
100 498
100 65
100 347
100 1347
100 432
100 518
100 56
100 1
100 102
100 1152
100 43
100 66
100 223
100 109
100 359
100 267
100 169
100 681
100 940
100 295
100 1
100 448
100 22
100 530
100 42
100 768
100 417
100 968
100 127
100 1019
100 187
100 98
100 1059
100 194
100 684
100 144
100 177
100 1058
100 429
100 25
100 488
100 288
100 770
100 358
100 567
100 53
100 897
100 132
100 318
100 1255
100 1287
100 361
100 150
100 1758
100 284
100 624
100 399
100 342
100 81
100 24
100 118
100 52
100 232
100 20
100 67
100 22
100 41
100 173
100 572
100 500
100 40
100 613
100 278
100 327
100 675
100 376
100 285
100 191
100 600
100 51
100 544
100 253
100 92
100 400
100 461
100 566
100 503
100 184
100 186
100 77
100 511
100 370
100 127
100 608
100 47
100 71
100 150
100 99
100 256
100 176
100 360
100 20
100 1070
100 101
100 232
100 106
100 11
100 248
100 100
100 591
100 745
100 416
100 737
100 239
100 83
100 34
100 33
100 11
100 782
100 326
100 196
100 1
100 723
100 676
100 330
100 170
100 361
100 1290
100 432
100 1239
100 126
100 1607
100 166
100 27
100 164
100 483
100 591
100 100
100 83
100 658
100 186
100 427
100 154
100 231
100 190
100 350
100 762
100 215
100 294
100 57
100 6
100 1012
100 245
100 309
100 470
100 1490
100 127
100 508
100 413
100 71
100 438
100 381
100 339
100 573
100 150
100 578
100 217
100 1214
100 207
100 1251
100 187
100 892
100 743
100 81
100 163
100 580
100 121
100 163
100 87
100 276
100 477
100 37
100 440
100 565
100 171
100 389
100 149
100 22
100 235
100 316
100 362
100 925
100 75
100 325
100 26
100 490
100 210
100 459
100 135
100 140
100 26
100 208
100 585
100 10
100 109
100 35
100 278
100 96
100 627
100 43
100 592
100 835
100 229
100 147
100 27
100 715
100 770
100 464
100 530
100 127
100 223
100 689
100 232
100 192
100 559
100 434
100 392
100 41
100 515
100 421
100 204
100 287
100 651
100 154
100 9
100 52
100 207
100 370
100 14
100 79
100 829
100 157
100 151
100 30
100 550
100 307
100 75
100 103
100 212
100 55
100 32
100 294
100 102
100 298
100 20
100 360
100 592
100 17
100 471
100 55
100 375
100 54
100 103
100 7
100 434
100 80
100 253
100 68
100 350
100 229
100 74
100 74
100 276
100 357
100 1379
100 600
100 245
100 176
100 151
100 294
100 525
100 934
100 104
100 150
100 60
100 332
100 287
100 3
100 122
100 186
100 1208
100 391
100 250
100 116
100 65
100 194
100 339
100 850
100 3
100 252
100 129
100 21
100 386
100 185
100 146
100 93
100 124
100 428
100 78
100 259
100 408
100 414
100 502
100 25
100 916
100 192
100 655
100 455
100 66
100 222
100 130
100 158
100 201
100 249
100 319
100 158
100 569
100 160
100 56
100 261
100 2
100 352
100 799
100 127
100 8
100 310
100 16
100 1527
100 13
100 669
100 30
100 30
100 1283
100 353
100 124
100 248
100 355
100 9
100 430
100 721
100 473
100 357
100 304
100 752
100 321
100 111
100 308
100 20
100 266
100 102
100 162
100 164
100 275
100 646
100 236
100 162
100 13
100 443
100 246
100 62
100 377
100 115
100 105
100 165
100 490
100 140
100 2802
100 85
100 443
100 289
100 936
100 384
100 54
100 55
100 741
100 139
100 400
100 767
100 253
100 40
100 42
100 1702
100 144
100 38
100 82
100 37
100 559
100 126
100 1275
100 212
100 31
100 184
100 241
100 738
100 376
100 189
100 3
100 8
100 113
100 57
100 1405
100 14
100 76
100 271
100 45
100 2
100 597
100 312
100 289
100 65
100 825
100 684
100 132
100 656
100 100
100 435
100 117
100 299
100 191
100 133
100 167
100 374
100 930
100 485
100 1203
100 165
100 338
100 123
100 206
100 155
100 18
100 188
100 316
100 85
100 752
100 179
100 27
100 631
100 222
100 1310
100 1069
100 557
100 87
100 248
100 1064
100 104
100 226
100 310
100 119
100 7
100 798
100 396
100 151
100 13
100 159
100 316
100 697
100 346
100 271
100 54
100 318
100 11
100 803
100 1333
100 321
100 221
100 15
100 224
100 424
100 106
100 309
100 283
100 32
100 57
100 1
100 719
100 5
100 238
100 116
100 1322
100 441
100 332
100 616
100 112
100 595
100 354
100 247
100 345
100 1016
100 118
100 541
100 94
100 113
100 163
100 126
100 55
100 147
100 313
100 389
100 335
100 206
100 98
100 20
100 195
100 249
100 486
100 209
100 568
100 300
100 371
100 223
100 585
100 1311
100 1107
100 513
100 0
100 589
100 82
100 442
100 87
100 180
100 61
100 283
100 357
100 748
100 295
100 1643
100 117
100 45
100 248
100 217
100 646
100 33
100 210
100 320
100 67
100 56
100 1106
100 291
100 113
100 121
100 107
100 1806
100 219
100 296
100 820
100 1823
100 32
100 60
100 28
100 2
100 183
100 422
100 100
100 348
100 108
100 89
100 97
100 584
100 290
100 136
100 322
100 933
100 891
100 122
100 160
100 181
100 120
100 645
100 277
100 335
100 35
100 250
100 984
100 854
100 593
100 127
100 85
100 205
100 1267
100 209
100 219
100 644
100 82
100 299
100 102
100 19
100 184
100 114
100 594
100 38
100 276
100 1
100 37
100 760
100 21
100 278
100 137
100 339
100 2
100 54
100 395
100 303
100 100
100 152
100 1882
100 165
100 19
100 339
100 1499
100 41
100 248
100 9
100 378
100 272
100 175
100 106
100 93
100 327
100 116
100 63
100 39
100 42
100 161
100 302
100 101
100 487
100 51
100 59
100 444
100 27
100 215
100 29
100 30
100 1359
100 71
100 149
100 86
100 682
100 310
100 122
100 839
100 45
100 114
100 613
100 252
100 504
100 167
100 229
100 396
100 86
100 216
100 17
100 611
100 653
100 99
100 141
100 456
100 160
100 1995
100 146
100 1074
100 246
100 435
100 146
100 271
100 70
100 9
100 73
100 504
100 143
100 146
100 2
100 548
100 22
100 197
100 403
100 38
100 342
100 226
100 104
100 238
100 192
100 418
100 41
100 407
100 737
100 78
100 1052
100 118
100 19
100 884
100 318
100 30
100 223
100 11
100 146
100 309
100 447
100 41
100 1103
100 86
100 917
100 693
100 691
100 100
100 45
100 149
100 219
100 89
100 117
100 680
100 1416
100 713
100 24
100 599
100 0
100 594
100 283
100 248
100 113
100 195
100 210
100 132
100 418
100 466
100 602
100 234
100 760
100 81
100 32
100 126
100 110
100 768
100 85
100 607
100 131
100 1130
100 50
100 230
100 206
100 597
100 115
100 513
100 70
100 242
100 110
100 814
100 838
100 162
100 151
100 67
100 374
100 294
100 195
100 1441
100 307
100 76
100 10
100 324
100 78
100 50
100 287
100 120
100 1306
100 159
100 805
100 241
100 172
100 137
100 300
100 152
100 13
100 673
100 230
100 506
100 200
100 216
100 1461
100 154
100 964
100 1206
100 395
100 185
100 218
100 691
100 610
100 1176
100 103
100 40
100 32
100 150
100 602
100 122
100 579
100 69
100 369
100 344
100 17
100 70
100 996
100 0
100 73
100 407
100 916
100 313
100 449
100 1193
100 141
100 553
100 124
100 223
100 194
100 71
100 504
100 583
100 145
100 558
100 171
100 102
100 47
100 55
100 839
100 25
100 1385
100 11
100 242
100 189
100 595
100 223
100 481
100 232
100 95
100 316
100 77
100 1490
100 147
100 12
100 127
100 274
100 556
100 379
100 58
100 120
100 333
100 459
100 75
100 213
100 52
100 299
100 224
100 1024
100 103
100 141
100 305
100 232
100 40
100 28
100 491
100 159
100 537
100 267
100 252
100 11
100 3078
100 383
100 773
100 56
100 185
100 9
100 534
100 422
100 65
100 235
100 29
100 555
100 571
100 96
100 62
100 38
100 41
100 617
100 448
100 174
100 21
100 722
100 264
100 1134
100 273
100 63
100 12
100 354
100 421
100 310
100 238
100 83
100 720
100 245
100 5
100 234
100 79
100 703
100 240
100 610
100 79
100 97
100 282
100 237
100 536
100 27
100 162
100 221
100 173
100 108
100 430
100 372
100 286
100 41
100 256
100 25
100 46
100 431
100 22
100 470
100 626
100 350
100 113
100 231
100 18
100 355
100 357
100 101
100 297
100 247
100 5
100 1009
100 299
100 13
100 100
100 40
100 1429
100 93
100 115
100 124
100 160
100 1003
100 66
100 232
100 1268
100 1060
100 437
100 158
100 267
100 537
100 13
100 32
100 556
100 241
100 588
100 140
100 863
100 520
100 540
100 474
100 112
100 76
100 162
100 574
100 70
100 488
100 581
100 181
100 1521
100 31
100 599
100 323
100 14
100 272
100 322
100 234
100 485
100 433
100 31
100 21
100 412
100 480
100 636
100 435
100 452
100 620
100 547
100 690
100 964
100 806
100 395
100 29
100 398
100 181
100 4
100 252
100 70
100 325
100 633
100 8
100 431
100 94
100 530
100 139
100 339
100 8
100 1516
100 65
100 141
100 8
100 665
100 103
100 12
100 731
100 38
100 873
100 0
100 236
100 89
100 943
100 81
100 157
100 485
100 474
100 31
100 411
100 68
100 1697
100 294
100 251
100 419
100 438
100 761
100 422
100 48
100 312
100 302
100 8
100 198
100 45
100 280
100 298
100 757
100 119
100 69
100 229
100 687
100 43
100 669
100 44
100 342
100 500
100 40
100 1373
100 82
100 205
100 362
100 152
100 140
100 411
100 1
100 53
100 27
100 38
100 41
100 616
100 74
100 4
100 359
100 295
100 207
100 13
100 480
100 488
100 523
100 403
100 648
100 335
100 255
100 120
100 10
100 395
100 499
100 10
100 81
100 317
100 496
100 558
100 78
100 327
100 863
100 312
100 705
100 580
100 340
100 85
100 443
100 209
100 244
100 32
100 1009
100 644
100 580
100 172
100 128
100 61
100 222
100 409
100 0
100 406
100 454
100 614
100 317
100 153
100 63
100 760
100 922
100 388
100 155
100 687
100 168
100 1063
100 441
100 62
100 78
100 1050
100 36
100 227
100 247
100 1
100 111
100 1143
100 159
100 127
100 181
100 545
100 337
100 13
100 381
100 312
100 9
100 219
100 616
100 446
100 56
100 693
100 246
100 256
100 34
100 738
100 524
100 177
100 1009
100 1869
100 259
100 665
100 824
100 111
100 630
100 571
100 73
100 685
100 470
100 1918
100 23
100 76
100 474
100 148
100 511
100 123
100 463
100 431
100 110
100 168
100 312
100 64
100 243
100 199
100 102
100 371
100 439
100 265
100 910
100 593
100 406
100 55
100 401
100 64
100 448
100 140
100 244
100 985
100 21
100 165
100 558
100 198
100 18
100 71
100 984
100 663
100 1198
100 638
100 171
100 149
100 1368
100 254
100 159
100 213
100 140
100 173
100 236
100 382
100 99
100 203
100 275
100 216
100 22
100 81
100 805
100 0
100 141
100 121
100 28
100 424
100 221
100 733
100 332
100 231
100 281
100 630
100 98
100 1345
100 460
100 242
100 152
100 29
100 41
100 427
100 27
100 22
100 493
100 436
100 180
100 23
100 317
100 62
100 445
100 100
100 14
100 216
100 135
100 103
100 151
100 49
100 1814
100 96
100 1168
100 84
100 156
100 38
100 358
100 150
100 670
100 90
100 541
100 489
100 385
100 998
100 644
100 988
100 319
100 22
100 195
100 318
100 678
100 1063
100 236
100 202
100 31
100 246
100 15
100 683
100 1524
100 384
100 49
100 613
100 705
100 238
100 1053
100 139
100 9
100 457
100 13
100 489
100 141
100 52
100 220
100 166
100 341
100 81
100 594
100 128
100 61
100 32
100 170
100 33
100 485
100 14
100 543
100 260
100 158
100 10
100 312
100 507
100 55
100 77
100 5
100 385
100 16
100 296
100 513
100 405
100 499
100 563
100 261
100 747
100 118
100 5
100 302
100 136
100 29
100 225
100 362
100 411
100 140
100 412
100 85
100 407
100 62
100 371
100 3
100 266
100 483
100 523
100 392
100 1168
100 278
100 120
100 605
100 0
100 45
100 166
100 229
100 367
100 190
100 52
100 635
100 118
100 151
100 115
100 56
100 159
100 74
100 519
100 643
100 107
100 676
100 72
100 870
100 20
100 334
100 1233
100 169
100 683
100 234
100 54
100 505
100 297
100 18
100 517
100 241
100 225
100 633
100 430
100 203
100 419
100 184
100 28
100 267
100 25
100 642
100 578
100 2
100 900
100 77
100 96
100 33
100 1067
100 693
100 388
100 272
100 218
100 685
100 154
100 147
100 55
100 101
100 37
100 560
100 1063
100 488
100 178
100 178
100 169
100 599
100 390
100 339
100 873
100 140
100 401
100 1230
100 5
100 1389
100 822
100 775
100 154
100 503
100 127
100 739
100 302
100 200
100 43
100 163
100 397
100 381
100 103
100 59
100 138
100 207
100 383
100 574
100 838
100 2
100 244
100 5
100 86
100 777
100 126
100 550
100 1217
100 1418
100 92
100 221
100 485
100 162
100 344
100 58
100 77
100 26
100 274
100 194
100 244
100 293
100 21
100 362
100 250
100 164
100 277
100 414
100 111
100 103
100 88
100 1295
100 140
100 35
100 323
100 44
100 555
100 194
100 603
100 1119
100 3
100 1175
100 855
100 461
100 1
100 11
100 134
100 471
100 411
100 1513
100 209
100 94
100 349
100 255
100 561
100 128
100 145
100 70
100 767
100 707
100 345
100 72
100 712
100 498
100 205
100 158
100 1140
100 753
100 67
100 260
100 324
100 205
100 540
100 846
100 78
100 542
100 281
100 17
100 152
100 741
100 646
100 31
100 151
100 2
100 131
100 20
100 147
100 37
100 1011
100 1014
100 433
100 153
100 308
100 620
100 539
100 599
100 17
100 90
100 285
100 475
100 1063
100 3
100 386
100 951
100 115
100 1324
100 167
100 214
100 124
100 69
100 318
100 259
100 11
100 127
100 103
100 9
100 147
100 1524
100 4
100 134
100 1065
100 79
100 197
100 489
100 138
100 446
100 707
100 136
100 454
100 71
100 606
100 278
100 183
100 203
100 65
100 579
100 220
100 393
100 453
100 373
100 731
100 177
100 405
100 671
100 288
100 147
100 403
100 342
100 40
100 169
100 391
100 46
100 632
100 242
100 338
100 37
100 50
100 321
100 319
100 64
100 1015
100 357
100 1172
100 283
100 261
100 584
100 84
100 1297
100 69
100 536
100 175
100 300
100 389
100 3
100 1217
100 67
100 355
100 88
100 118
100 360
100 25
100 275
100 675
100 798
100 191
100 177
100 184
100 809
100 29
100 372
100 1204
100 251
100 132
100 141
100 57
100 474
100 68
100 19
100 574
100 1408
100 764
100 133
100 71
100 245
100 215
100 1308
100 104
100 146
100 268
100 695
100 306
100 994
100 299
100 21
100 292
100 1277
100 368
100 241
100 73
100 17
100 51
100 416
100 145
100 453
100 122
100 1006
100 29
100 1007
100 218
100 593
100 255
100 44
100 153
100 43
100 143
100 101
100 311
100 227
100 63
100 192
100 557
100 6
100 60
100 35
100 231
100 50
100 356
100 277
100 321
100 527
100 23
100 48
100 96
100 246
100 374
100 53
100 42
100 252
100 116
100 887
100 54
100 591
100 228
100 530
100 349
100 181
100 606
100 239
100 852
100 292
100 414
100 498
100 339
100 278
100 182
100 36
100 133
100 197
100 243
100 458
100 116
100 80
100 40
100 249
100 392
100 147
100 2685
100 94
100 93
100 30
100 448
100 7
100 17
100 23
100 86
100 218
100 234
100 2
100 666
100 814
100 281
100 227
100 291
100 278
100 508
100 13
100 36
100 1575
100 28
100 348
100 91
100 208
100 163
100 121
100 31
100 66
100 429
100 575
100 165
100 9
100 631
100 60
100 202
100 140
100 395
100 2
100 211
100 98
100 606
100 5
100 1035
100 398
100 21
100 188
100 476
100 173
100 140
100 497
100 481
100 756
100 53
100 172
100 1177
100 425
100 371
100 17
100 597
100 1395
100 861
100 68
100 34
100 358
100 485
100 1
100 42
100 177
100 607
100 185
100 301
100 45
100 244
100 362
100 831
100 105
100 23
100 217
100 514
100 494
100 204
100 315
100 251
100 31
100 383
100 40
100 31
100 117
100 45
100 316
100 10
100 264
100 163
100 252
100 336
100 498
100 434
100 407
100 37
100 697
100 467
100 297
100 137
100 449
100 123
100 167
100 181
100 528
100 107
100 136
100 876
100 74
100 233
100 273
100 60
100 175
100 613
100 25
100 1529
100 322
100 76
100 196
100 124
100 270
100 204
100 95
100 741
100 283
100 406
100 50
100 537
100 30
100 1488
100 44
100 420
100 447
100 1016
100 363
100 350
100 976
100 292
100 240
100 91
100 80
100 138
100 49
100 440
100 347
100 487
100 0
100 327
100 219
100 235
100 538
100 1007
100 427
100 166
100 136
100 31
100 126
100 33
100 32
100 68
100 13
100 100
100 8
100 191
100 598
100 57
100 79
100 96
100 105
100 175
100 727
100 31
100 830
100 1276
100 356
100 197
100 466
100 244
100 38
100 484
100 408
100 567
100 196
100 297
100 2
100 163
100 159
100 143
100 518
100 257
100 30
100 248
100 494
100 598
100 124
100 56
100 275
100 123
100 264
100 431
100 69
100 34
100 205
100 309
100 198
100 142
100 544
100 813
100 789
100 186
100 58
100 115
100 418
100 233
100 106
100 70
100 178
100 171
100 219
100 150
100 617
100 28
100 315
100 129
100 83
100 98
100 169
100 132
100 153
100 1
100 123
100 327
100 123
100 152
100 128
100 86
100 514
100 131
100 437
100 502
100 271
100 618
100 21
100 119
100 812
100 637
100 506
100 22
100 495
100 926
100 278
100 261
100 58
100 14
100 1105
100 1161
100 506
100 624
100 230
100 666
100 4
100 68
100 5
100 37
100 35
100 323
100 737
100 531
100 39
100 373
100 738
100 169
100 302
100 80
100 1358
100 331
100 178
100 1275
100 1303
100 149
100 524
100 66
100 66
100 44
100 390
100 785
100 85
100 152
100 3
100 107
100 195
100 139
100 54
100 526
100 491
100 97
100 213
100 27
100 246
100 167
100 120
100 733
100 116
100 201
100 703
100 2
100 101
100 66
100 1148
100 88
100 150
100 389
100 252
100 37
100 321
100 296
100 94
100 298
100 211
100 124
100 154
100 647
100 59
100 188
100 360
100 77
100 430
100 571
100 211
100 1064
100 299
100 480
100 298
100 134
100 1582
100 188
100 182
100 305
100 57
100 214
100 517
100 103
100 327
100 71
100 188
100 34
100 1108
100 11
100 314
100 12
100 448
100 614
100 456
100 78
100 200
100 46
100 727
100 47
100 267
100 341
100 16
100 850
100 69
100 385
100 199
100 332
100 653
100 384
100 63
100 141
100 166
100 559
100 302
100 344
100 380
100 347
100 161
100 23
100 290
100 861
100 96
100 114
100 702
100 22
100 278
100 294
100 6
100 159
100 270
100 307
100 185
100 48
100 169
100 828
100 54
100 137
100 845
100 188
100 564
100 490
100 258
100 135
100 68
100 393
100 637
100 861
100 101
100 1102
100 92
100 192
100 1378
100 374
100 351
100 104
100 158
100 785
100 6
100 23
100 145
100 1010
100 202
100 239
100 8
100 75
100 304
100 52
100 1047
100 677
100 409
100 236
100 202
100 158
100 608
100 487
100 101
100 333
100 61
100 240
100 782
100 548
100 465
100 230
100 29
100 12
100 758
100 514
100 291
100 329
100 699
100 44
100 85
100 378
100 831
100 391
100 118
100 216
100 39
100 1368
100 80
100 12
100 20
100 53
100 104
100 223
100 64
100 1142
100 696
100 68
100 630
100 726
100 189
100 236
100 46
100 402
100 276
100 147
100 14
100 455
100 435
100 89
100 539
100 213
100 67
100 923
100 245
100 180
100 292
100 329
100 753
100 261
100 651
100 29
100 226
100 78
100 379
100 161
100 104
100 185
100 764
100 266
100 1020
100 323
100 115
100 117
100 739
100 127
100 226
100 59
100 662
100 631
100 262
100 688
100 318
100 228
100 24
100 1279
100 224
100 739
100 340
100 658
100 98
100 73
100 703
100 180
100 56
100 241
100 33
100 610
100 38
100 577
100 927
100 180
100 89
100 11
100 133
100 55
100 510
100 321
100 890
100 477
100 98
100 452
100 351
100 630
100 26
100 293
100 19
100 215
100 450
100 544
100 1121
100 179
100 186
100 376
100 510
100 95
100 496
100 404
100 413
100 110
100 112
100 285
100 109
100 728
100 112
100 77
100 47
100 658
100 656
100 208
100 348
100 549
100 877
100 33
100 42
100 47
100 287
100 38
100 97
100 276
100 106
100 633
100 161
100 396
100 780
100 59
100 13
100 450
100 537
100 482
100 88
100 586
100 130
100 398
100 285
100 121
100 1059
100 1411
100 1134
100 17
100 260
100 1015
100 95
100 1588
100 444
100 389
100 27
100 878
100 144
100 1391
100 163
100 202
100 4
100 204
100 94
100 179
100 33
100 202
100 2010
100 156
100 36
100 166
100 276
100 33
100 211
100 14
100 116
100 337
100 308
100 125
100 264
100 153
100 703
100 37
100 713
100 74
100 363
100 164
100 128
100 454
100 174
100 463
100 736
100 201
100 389
100 1552
100 422
100 181
100 93
100 440
100 81
100 692
100 1389
100 240
100 723
100 48
100 457
100 614
100 206
100 105
100 653
100 88
100 76
100 547
100 197
100 587
100 507
100 133
100 204
100 86
100 257
100 359
100 132
100 455
100 828
100 416
100 154
100 19
100 334
100 44
100 170
100 380
100 173
100 1180
100 86
100 275
100 755
100 484
100 80
100 63
100 618
100 167
100 987
100 723
100 7
100 285
100 241
100 99
100 1026
100 92
100 148
100 931
100 611
100 1206
100 1447
100 189
100 10
100 266
100 30
100 262
100 527
100 366
100 25
100 115
100 297
100 19
100 59
100 288
100 13
100 22
100 690
100 809
100 246
100 548
100 502
100 1049
100 598
100 238
100 81
100 170
100 293
100 229
100 733
100 15
100 869
100 414
100 284
100 167
100 298
100 1
100 501
100 28
100 68
100 1451
100 716
100 192
100 394
100 986
100 177
100 312
100 53
100 512
100 233
100 508
100 189
100 239
100 397
100 49
100 720
100 236
100 105
100 1321
100 823
100 43
100 1135
100 287
100 595
100 76
100 38
100 952
100 92
100 136
100 255
100 17
100 129
100 138
100 1208
100 446
100 341
100 87
100 132
100 428
100 306
100 53
100 278
100 372
100 138
100 294
100 155
100 178
100 213
100 860
100 169
100 516
100 49
100 325
100 41
100 852
100 88
100 180
100 656
100 1158
100 166
100 230
100 257
100 102
100 471
100 839
100 133
100 26
100 95
100 13
100 26
100 559
100 195
100 366
100 194
100 82
100 20
100 669
100 1397
100 307
100 479
100 238
100 340
100 17
100 244
100 167
100 175
100 136
100 61
100 37
100 715
100 550
100 47
100 28
100 64
100 513
100 40
100 790
100 75
100 177
100 246
100 40
100 148
100 257
100 396
100 54
100 562
100 23
100 350
100 258
100 645
100 64
100 240
100 169
100 1332
100 19
100 390
100 246
100 67
100 19
100 58
100 732
100 175
100 335
100 471
100 18
100 242
100 307
100 92
100 1050
100 183
100 110
100 40
100 754
100 394
100 10
100 391
100 268
100 253
100 119
100 102
100 135
100 672
100 293
100 1025
100 255
100 120
100 368
100 567
100 251
100 200
100 790
100 54
100 92
100 105
100 564
100 577
100 756
100 211
100 221
100 107
100 312
100 313
100 94
100 228
100 141
100 68
100 547
100 127
100 421
100 106
100 1105
100 142
100 124
100 191
100 99
100 81
100 756
100 126
100 588
100 465
100 564
100 621
100 345
100 72
100 497
100 260
100 191
100 136
100 365
100 896
100 133
100 392
100 293
100 275
100 47
100 730
100 977
100 92
100 21
100 101
100 584
100 355
100 499
100 367
100 619
100 61
100 173
100 118
100 224
100 207
100 51
100 1153
100 1198
100 771
100 345
100 41
100 51
100 98
100 241
100 501
100 469
100 332
100 302
100 661
100 555
100 196
100 52
100 741
100 515
100 357
100 809
100 40
100 308
100 247
100 313
100 312
100 9
100 384
100 390
100 158
100 98
100 116
100 63
100 70
100 472
100 147
100 350
100 37
100 20
100 148
100 7
100 75
100 179
100 189
100 341
100 2088
100 88
100 160
100 1051
100 424
100 328
100 64
100 311
100 114
100 412
100 414
100 190
100 769
100 513
100 676
100 2086
100 49
100 46
100 631
100 89
100 220
100 14
100 68
100 595
100 518
100 533
100 549
100 100
100 263
100 346
100 90
100 67
100 120
100 382
100 185
100 574
100 15
100 843
100 1
100 482
100 219
100 62
100 1111
100 62
100 268
100 35
100 53
100 1726
100 82
100 2175
100 381
100 789
100 309
100 52
100 503
100 113
100 45
100 753
100 439
100 376
100 944
100 25
100 71
100 618
100 187
100 140
100 260
100 114
100 25
100 230
100 589
100 140
100 331
100 343
100 32
100 718
100 531
100 135
100 155
100 9
100 142
100 771
100 557
100 40
100 813
100 75
100 143
100 71
100 95
100 336
100 641
100 963
100 1063
100 867
100 289
100 425
100 166
100 35
100 689
100 479
100 24
100 279
100 0
100 367
100 288
100 352
100 219
100 244
100 21
100 418
100 284
100 67
100 841
100 300
100 11
100 997
100 405
100 278
100 951
100 1079
100 24
100 1108
100 76
100 687
100 125
100 12
100 176
100 54
100 309
100 55
100 298
100 367
100 1613
100 465
100 501
100 196
100 104
100 396
100 55
100 72
100 550
100 716
100 2
100 472
100 403
100 407
100 142
100 134
100 445
100 67
100 572
100 10
100 46
100 13
100 34
100 100
100 216
100 312
100 1025
100 895
100 1163
100 291
100 295
100 21
100 149
100 150
100 527
100 80
100 241
100 276
100 7
100 433
100 379
100 347
100 625
100 158
100 464
100 32
100 1946
100 138
100 325
100 16
100 320
100 250
100 373
100 196
100 840
100 702
100 1080
100 241
100 375
100 31
100 1347
100 332
100 983
100 255
100 140
100 7
100 466
100 136
100 1173
100 29
100 54
100 453
100 160
100 57
100 74
100 14
100 90
100 50
100 365
100 36
100 69
100 249
100 563
100 481
100 189
100 6
100 8
100 294
100 623
100 1837
100 180
100 40
100 281
100 209
100 73
100 532
100 408
100 26
100 247
100 247
100 373
100 207
100 254
100 53
100 664
100 416
100 1448
100 829
100 1318
100 82
100 97
100 549
100 627
100 710
100 165
100 48
100 330
100 205
100 80
100 328
100 159
100 635
100 15
100 123
100 1174
100 170
100 972
100 344
100 415
100 235
100 106
100 449
100 342
100 22
100 495
100 785
100 287
100 90
100 593
100 253
100 57
100 410
100 604
100 72
100 318
100 765
100 19
100 189
100 268
100 147
100 196
100 62
100 180
100 682
100 761
100 374
100 200
100 113
100 226
100 589
100 552
100 877
100 181
100 1010
100 38
100 895
100 198
100 196
100 265
100 48
100 62
100 103
100 512
100 288
100 550
100 302
100 120
100 284
100 420
100 18
100 298
100 1413
100 146
100 360
100 731
100 12
100 399
100 1088
100 71
100 50
100 187
100 15
100 7
100 4
100 23
100 1643
100 59
100 95
100 8
100 210
100 63
100 171
100 330
100 318
100 302
100 118
100 157
100 189
100 60
100 24
100 208
100 121
100 354
100 37
100 62
100 208
100 112
100 88
100 1053
100 434
100 208
100 559
100 18
100 300
100 318
100 88
100 442
100 900
100 100
100 641
100 101
100 322
100 421
100 94
100 184
100 175
100 1270
100 223
100 227
100 726
100 8
100 103
100 21
100 387
100 387
100 11
100 196
100 641
100 289
100 85
100 15
100 252
100 42
100 95
100 27
100 151
100 95
100 16
100 120
100 310
100 176
100 127
100 247
100 606
100 639
100 52
100 315
100 21
100 394
100 85
100 35
100 74
100 396
100 906
100 234
100 181
100 323
100 232
100 849
100 756
100 49
100 26
100 32
100 482
100 3
100 5
100 274
100 8
100 327
100 303
100 244
100 142
100 334
100 537
100 1500
100 401
100 1292
100 43
100 527
100 365
100 17
100 22
100 299
100 210
100 237
100 940
100 74
100 380
100 674
100 221
100 128
100 1277
100 165
100 733
100 768
100 458
100 69
100 504
100 66
100 494
100 29
100 396
100 113
100 87
100 97
100 157
100 234
100 33
100 983
100 256
100 1568
100 220
100 374
100 167
100 41
100 59
100 108
100 625
100 379
100 7
100 784
100 222
100 1777
100 545
100 143
100 93
100 161
100 317
100 232
100 234
100 280
100 685
100 221
100 433
100 551
100 337
100 253
100 116
100 386
100 466
100 381
100 45
100 431
100 28
100 53
100 80
100 337
100 123
100 628
100 1415
100 573
100 204
100 504
100 103
100 1030
100 560
100 141
100 384
100 29
100 718
100 22
100 123
100 4
100 82
100 65
100 269
100 20
100 5
100 121
100 124
100 549
100 167
100 31
100 47
100 47
100 35
100 3
100 65
100 296
100 421
100 126
100 572
100 60
100 680
100 427
100 242
100 103
100 160
100 669
100 321
100 25
100 303
100 403
100 134
100 517
100 104
100 957
100 96
100 157
100 105
100 137
100 101
100 443
100 72
100 289
100 120
100 14
100 846
100 2860
100 772
100 69
100 1134
100 71
100 112
100 302
100 121
100 206
100 68
100 449
100 196
100 555
100 1182
100 950
100 102
100 11
100 272
100 179
100 117
100 43
100 76
100 155
100 31
100 295
100 656
100 188
100 1026
100 414
100 419
100 1556
100 783
100 43
100 447
100 46
100 97
100 412
100 131
100 861
100 1471
100 13
100 218
100 1596
100 402
100 154
100 103
100 56
100 1360
100 283
100 689
100 603
100 29
100 290
100 1
100 100
100 302
100 266
100 46
100 338
100 506
100 488
100 595
100 62
100 183
100 181
100 380
100 125
100 263
100 457
100 435
100 30
100 306
100 301
100 113
100 822
100 1391
100 210
100 1646
100 175
100 4
100 285
100 107
100 94
100 552
100 619
100 475
100 62
100 63
100 191
100 41
100 423
100 407
100 728
100 329
100 266
100 299
100 754
100 47
100 311
100 269
100 315
100 55
100 58
100 140
100 9
100 1474
100 2
100 85
100 1
100 243
100 160
100 436
100 184
100 392
100 69
100 1602
100 81
100 401
100 135
100 16
100 314
100 267
100 282
100 915
100 82
100 772
100 5
100 51
100 80
100 600
100 700
100 381
100 236
100 686
100 363
100 120
100 374
100 95
100 87
100 602
100 217
100 739
100 47
100 2
100 63
100 218
100 31
100 17
100 39
100 155
100 221
100 777
100 574
100 185
100 356
100 41
100 769
100 556
100 129
100 923
100 197
100 447
100 2
100 39
100 788
100 318
100 118
100 496
100 47
100 381
100 381
100 982
100 682
100 595
100 249
100 1349
100 391
100 474
100 45
100 456
100 462
100 190
100 123
100 300
100 358
100 89
100 1491
100 357
100 682
100 135
100 486
100 99
100 527
100 277
100 68
100 27
100 340
100 463
100 962
100 74
100 25
100 74
100 185
100 441
100 172
100 80
100 178
100 489
100 902
100 381
100 639
100 227
100 481
100 356
100 119
100 2
100 37
100 138
100 96
100 300
100 107
100 135
100 137
100 14
100 382
100 491
100 79
100 5
100 122
100 368
100 1814
100 120
100 77
100 615
100 174
100 744
100 94
100 118
100 341
100 12
100 293
100 633
100 1719
100 394
100 89
100 200
100 457
100 208
100 148
100 420
100 279
100 323
100 247
100 195
100 58
100 173
100 369
100 160
100 1
100 244
100 91
100 174
100 277
100 1360
100 30
100 737
100 97
100 565
100 8
100 1554
100 546
100 371
100 358
100 125
100 355
100 465
100 182
100 604
100 212
100 803
100 674
100 603
100 435
100 81
100 899
100 103
100 563
100 814
100 78
100 314
100 259
100 475
100 70
100 6
100 14
100 328
100 1142
100 32
100 176
100 578
100 204
100 71
100 61
100 466
100 50
100 226
100 274
100 592
100 72
100 156
100 283
100 329
100 190
100 384
100 1102
100 305
100 84
100 925
100 296
100 729
100 631
100 120
100 132
100 421
100 42
100 606
100 260
100 291
100 59
100 49
100 5
100 169
100 4
100 2634
100 184
100 495
100 556
100 180
100 54
100 444
100 615
100 150
100 73
100 140
100 688
100 272
100 50
100 51
100 128
100 40
100 3
100 189
100 280
100 549
100 119
100 1290
100 140
100 131
100 72
100 39
100 117
100 36
100 389
100 60
100 151
100 284
100 346
100 191
100 995
100 175
100 272
100 114
100 648
100 327
100 125
100 282
100 201
100 116
100 236
100 5
100 422
100 49
100 672
100 380
100 596
100 676
100 219
100 137
100 286
100 139
100 493
100 186
100 741
100 72
100 1132
100 366
100 491
100 1073
100 269
100 988
100 40
100 660
100 1081
100 565
100 159
100 213
100 404
100 19
100 87
100 522
100 359
100 101
100 9
100 12
100 74
100 138
100 147
100 324
100 273
100 212
100 66
100 263
100 928
100 128
100 619
100 234
100 181
100 103
100 56
100 103
100 293
100 378
100 670
100 281
100 343
100 554
100 62
100 43
100 43
100 739
100 901
100 873
100 407
100 176
100 272
100 56
100 139
100 235
100 1479
100 151
100 436
100 68
100 1161
100 708
100 408
100 785
100 306
100 846
100 46
100 465
100 268
100 208
100 1006
100 1013
100 34
100 115
100 71
100 1458
100 1059
100 190
100 173
100 208
100 444
100 73
100 1073
100 347
100 606
100 20
100 118
100 258
100 379
100 47
100 10
100 22
100 1216
100 308
100 787
100 1
100 283
100 157
100 344
100 212
100 272
100 727
100 161
100 105
100 72
100 337
100 216
100 951
100 162
100 289
100 111
100 561
100 330
100 320
100 30
100 146
100 251
100 340
100 543
100 1325
100 554
100 45
100 154
100 36
100 476
100 226
100 102
100 256
100 66
100 26
100 421
100 62
100 191
100 37
100 223
100 62
100 903
100 698
100 102
100 496
100 619
100 1394
100 41
100 53
100 264
100 417
100 763
100 285
100 313
100 133
100 218
100 427
100 1353
100 292
100 101
100 1612
100 319
100 111
100 32
100 199
100 319
100 225
100 1373
100 284
100 290
100 788
100 617
100 63
100 396
100 267
100 385
100 16
100 516
100 106
100 44
100 450
100 1
100 85
100 225
100 1916
100 890
100 358
100 52
100 558
100 225
100 284
100 62
100 78
100 41
100 50
100 448
100 474
100 545
100 785
100 265
100 106
100 270
100 115
100 1036
100 555
100 600
100 208
100 1
100 612
100 344
100 457
100 92
100 489
100 966
100 35
100 330
100 280
100 577
100 599
100 133
100 130
100 197
100 311
100 773
100 197
100 196
100 50
100 254
100 277
100 192
100 509
100 27
100 2287
100 145
100 28
100 372
100 40
100 92
100 74
100 339
100 206
100 150
100 946
100 646
100 30
100 98
100 88
100 58
100 52
100 71
100 0
100 459
100 111
100 314
100 195
100 64
100 343
100 333
100 16
100 146
100 116
100 339
100 698
100 610
100 98
100 493
100 451
100 990
100 96
100 698
100 91
100 1634
100 173
100 54
100 195
100 519
100 466
100 718
100 87
100 139
100 921
100 453
100 339
100 596
100 152
100 256
100 296
100 199
100 191
100 424
100 100
100 1847
100 187
100 1
100 61
100 522
100 909
100 10
100 180
100 162
100 11
100 37
100 491
100 291
100 90
100 180
100 603
100 332
100 118
100 27
100 52
100 59
100 89
100 105
100 99
100 73
100 833
100 10
100 92
100 104
100 433
100 48
100 352
100 419
100 1067
100 231
100 224
100 145
100 191
100 150
100 87
100 636
100 281
100 622
100 706
100 191
100 88
100 527
100 193
100 135
100 44
100 185
100 410
100 5
100 292
100 145
100 91
100 211
100 526
100 752
100 667
100 783
100 882
100 525
100 688
100 200
100 836
100 209
100 26
100 24
100 985
100 582
100 388
100 153
100 330
100 158
100 416
100 75
100 163
100 315
100 151
100 555
100 1121
100 325
100 57
100 490
100 250
100 74
100 397
100 220
100 213
100 30
100 208
100 169
100 537
100 514
100 213
100 11
100 150
100 24
100 229
100 101
100 257
100 421
100 19
100 104
100 638
100 548
100 84
100 40
100 125
100 403
100 1007
100 204
100 181
100 189
100 147
100 812
100 148
100 147
100 38
100 278
100 80
100 365
100 691
100 940
100 187
100 30
100 697
100 199
100 219
100 28
100 115
100 414
100 611
100 29
100 825
100 426
100 324
100 596
100 819
100 36
100 173
100 79
100 292
100 472
100 26
100 505
100 521
100 834
100 289
100 23
100 1002
100 473
100 257
100 23
100 169
100 431
100 127
100 377
100 424
100 681
100 439
100 859
100 1350
100 164
100 132
100 528
100 182
100 991
100 485
100 1082
100 309
100 311
100 605
100 27
100 244
100 109
100 274
100 181
100 562
100 393
100 0
100 141
100 49
100 1076
100 250
100 182
100 228
100 917
100 271
100 348
100 337
100 510
100 782
100 465
100 588
100 228
100 439
100 389
100 593
100 432
100 8
100 828
100 409
100 71
100 51
100 275
100 252
100 9
100 105
100 518
100 901
100 1027
100 443
100 518
100 62
100 762
100 22
100 300
100 138
100 937
100 71
100 156
100 295
100 71
100 888
100 657
100 72
100 78
100 301
100 43
100 494
100 684
100 209
100 751
100 276
100 101
100 56
100 59
100 418
100 78
100 471
100 166
100 77
100 230
100 174
100 636
100 220
100 598
100 1367
100 87
100 22
100 453
100 190
100 769
100 692
100 595
100 258
100 727
100 68
100 231
100 563
100 146
100 820
100 384
100 102
100 141
100 11
100 33
100 152
100 18
100 24
100 105
100 821
100 84
100 106
100 381
100 326
100 41
100 941
100 835
100 333
100 389
100 1
100 444
100 238
100 596
100 30
100 95
100 367
100 407
100 379
100 3
100 77
100 79
100 444
100 169
100 2306
100 113
100 413
100 205
100 591
100 201
100 135
100 253
100 240
100 667
100 5
100 461
100 452
100 160
100 2102
100 363
100 293
100 99
100 7
100 346
100 140
100 675
100 159
100 54
100 165
100 288
100 255
100 49
100 0
100 960
100 505
100 273
100 326
100 564
100 14
100 395
100 31
100 64
100 565
100 27
100 431
100 327
100 32
100 113
100 75
100 107
100 668
100 489
100 65
100 194
100 286
100 561
100 498
100 180
100 679
100 182
100 394
100 726
100 31
100 61
100 263
100 213
100 394
100 332
100 161
100 99
100 88
100 227
100 18
100 208
100 18
100 14
100 49
100 43
100 455
100 92
100 474
100 83
100 360
100 451
100 11
100 13
100 10
100 400
100 371
100 75
100 71
100 226
100 70
100 245
100 1464
100 396
100 313
100 715
100 123
100 1091
100 29
100 134
100 1728
100 468
100 38
100 69
100 74
100 239
100 190
100 52
100 553
100 88
100 264
100 4
100 712
100 35
100 40
100 139
100 400
100 432
100 129
100 339
100 8
100 352
100 187
100 376
100 263
100 335
100 158
100 184
100 152
100 181
100 171
100 91
100 305
100 190
100 129
100 371
100 1022
100 228
100 1
100 155
100 59
100 730
100 387
100 78
100 560
100 184
100 430
100 233
100 345
100 158
100 387
100 485
100 345
100 217
100 622
100 114
100 157
100 455
100 277
100 741
100 397
100 773
100 486
100 339
100 84
100 1
100 314
100 454
100 324
100 166
100 86
100 445
100 70
100 52
100 371
100 270
100 667
100 18
100 254
100 458
100 94
100 301
100 26
100 290
100 600
100 36
100 287
100 766
100 406
100 97
100 896
100 216
100 390
100 673
100 1423
100 1
100 1288
100 121
100 627
100 299
100 88
100 605
100 849
100 856
100 388
100 216
100 890
100 311
100 355
100 467
100 200
100 377
100 993
100 65
100 24
100 578
100 457
100 207
100 67
100 134
100 284
100 123
100 1
100 487
100 15
100 402
100 502
100 378
100 155
100 714
100 7
100 979
100 1028
100 1096
100 158
100 144
100 499
100 13
100 1568
100 136
100 24
100 49
100 213
100 20
100 12
100 174
100 162
100 359
100 189
100 10
100 153
100 716
100 523
100 941
100 304
100 441
100 694
100 245
100 350
100 637
100 48
100 185
100 551
100 59
100 149
100 463
100 230
100 633
100 622
100 94
100 88
100 197
100 463
100 66
100 24
100 416
100 472
100 778
100 739
100 531
100 193
100 977
100 137
100 86
100 1284
100 174
100 290
100 598
100 137
100 15
100 138
100 421
100 74
100 49
100 11
100 321
100 105
100 342
100 690
100 275
100 356
100 42
100 106
100 386
100 342
100 79
100 30
100 23
100 171
100 780
100 12
100 313
100 679
100 781
100 137
100 395
100 140
100 88
100 321
100 753
100 226
100 386
100 364
100 184
100 56
100 196
100 3
100 226
100 246
100 95
100 294
100 105
100 202
100 150
100 168
100 35
100 100
100 559
100 454
100 736
100 311
100 605
100 207
100 222
100 231
100 481
100 422
100 149
100 162
100 113
100 542
100 248
100 119
100 271
100 136
100 360
100 21
100 544
100 817
100 189
100 235
100 213
100 84
100 47
100 118
100 139
100 953
100 281
100 1469
100 74
100 427
100 130
100 346
100 349
100 970
100 177
100 32
100 389
100 56
100 234
100 13
100 362
100 656
100 951
100 420
100 319
100 1604
100 388
100 269
100 254
100 501
100 532
100 679
100 336
100 392
100 760
100 51
100 85
100 51
100 435
100 226
100 92
100 241
100 1169
100 317
100 134
100 30
100 120
100 202
100 410
100 427
100 727
100 404
100 493
100 616
100 1435
100 99
100 423
100 122
100 308
100 14
100 196
100 113
100 513
100 146
100 744
100 469
100 64
100 155
100 192
100 486
100 0
100 8
100 636
100 683
100 22
100 361
100 127
100 160
100 32
100 533
100 822
100 152
100 1009
100 335
100 560
100 230
100 45
100 570
100 338
100 13
100 14
100 33
100 19
100 40
100 853
100 209
100 381
100 111
100 159
100 174
100 75
100 351
100 346
100 380
100 30
100 261
100 262
100 264
100 255
100 1
100 260
100 150
100 23
100 98
100 4
100 197
100 27
100 158
100 264
100 245
100 58
100 98
100 398
100 693
100 118
100 800
100 434
100 171
100 250
100 213
100 144
100 183
100 438
100 272
100 248
100 382
100 336
100 241
100 418
100 220
100 543
100 423
100 115
100 80
100 167
100 264
100 413
100 265
100 25
100 408
100 397
100 171
100 414
100 215
100 1934
100 351
100 677
100 75
100 55
100 104
100 146
100 76
100 129
100 771
100 150
100 283
100 3
100 46
100 255
100 614
100 876
100 545
100 271
100 153
100 659
100 91
100 160
100 357
100 534
100 511
100 198
100 106
100 153
100 245
100 180
100 243
100 190
100 52
100 999
100 997
100 96
100 319
100 303
100 173
100 89
100 63
100 79
100 382
100 890
100 454
100 33
100 256
100 32
100 24
100 638
100 97
100 245
100 146
100 703
100 142
100 745
100 166
100 446
100 36
100 216
100 79
100 599
100 62
100 288
100 101
100 189
100 468
100 403
100 507
100 77
100 45
100 333
100 185
100 130
100 485
100 275
100 95
100 305
100 526
100 130
100 444
100 69
100 20
100 54
100 192
100 548
100 803
100 1006
100 90
100 911
100 157
100 229
100 7
100 122
100 21
100 318
100 27
100 62
100 100
100 48
100 9
100 297
100 241
100 567
100 212
100 461
100 797
100 382
100 415
100 258
100 252
100 887
100 234
100 506
100 319
100 684
100 76
100 310
100 38
100 69
100 12
100 772
100 275
100 78
100 23
100 16
100 426
100 234
100 109
100 653
100 8
100 64
100 218
100 93
100 128
100 173
100 447
100 128
100 62
100 216
100 141
100 499
100 345
100 592
100 963
100 405
100 9
100 570
100 231
100 267
100 111
100 2
100 862
100 121
100 120
100 176
100 315
100 85
100 88
100 735
100 18
100 146
100 724
100 345
100 433
100 235
100 120
100 229
100 82
100 71
100 28
100 643
100 21
100 37
100 6
100 283
100 333
100 1905
100 82
100 2
100 572
100 398
100 378
100 461
100 94
100 532
100 211
100 123
100 27
100 41
100 18
100 146
100 151
100 531
100 522
100 347
100 603
100 211
100 175
100 106
100 223
100 1222
100 757
100 287
100 702
100 1487
100 739
100 50
100 247
100 35
100 563
100 221
100 444
100 755
100 181
100 199
100 196
100 860
100 396
100 475
100 792
100 481
100 478
100 454
100 225
100 541
100 434
100 1244
100 19
100 190
100 93
100 82
100 169
100 366
100 1259
100 340
100 8
100 417
100 29
100 246
100 306
100 652
100 185
100 490
100 145
100 239
100 22
100 188
100 82
100 0
100 918
100 725
100 426
100 490
100 390
100 80
100 352
100 356
100 325
100 266
100 258
100 60
100 605
100 284
100 127
100 87
100 703
100 277
100 286
100 179
100 1347
100 82
100 290
100 68
100 1188
100 278
100 28
100 119
100 273
100 24
100 303
100 1073
100 740
100 55
100 313
100 350
100 316
100 302
100 2307
100 34
100 1022
100 110
100 483
100 121
100 373
100 375
100 136
100 445
100 67
100 204
100 77
100 14
100 29
100 155
100 561
100 324
100 136
100 543
100 31
100 7
100 302
100 322
100 228
100 200
100 799
100 113
100 341
100 140
100 599
100 302
100 358
100 23
100 2578
100 327
100 61
100 105
100 904
100 453
100 378
100 18
100 44
100 67
100 266
100 130
100 234
100 149
100 38
100 44
100 75
100 162
100 125
100 10
100 621
100 52
100 709
100 68
100 630
100 143
100 387
100 61
100 689
100 52
100 160
100 195
100 133
100 737
100 415
100 507
100 188
100 39
100 627
100 1175
100 493
100 88
100 549
100 251
100 107
100 52
100 101
100 1349
100 20
100 929
100 146
100 30
100 828
100 543
100 331
100 322
100 836
100 264
100 388
100 138
100 266
100 778
100 73
100 31
100 157
100 196
100 128
100 101
100 424
100 465
100 1713
100 231
100 41
100 324
100 22
100 12
100 1486
100 228
100 147
100 90
100 324
100 93
100 223
100 243
100 934
100 97
100 1599
100 113
100 293
100 168
100 662
100 18
100 126
100 328
100 164
100 3
100 91
100 403
100 323
100 344
100 20
100 186
100 56
100 168
100 40
100 232
100 71
100 292
100 229
100 97
100 72
100 356
100 213
100 392
100 6
100 400
100 573
100 68
100 55
100 9
100 650
100 365
100 71
100 925
100 227
100 44
100 57
100 188
100 401
100 55
100 437
100 210
100 385
100 347
100 86
100 675
100 1339
100 598
100 311
100 753
100 862
100 406
100 607
100 50
100 376
100 104
100 38
100 210
100 425
100 226
100 201
100 302
100 845
100 781
100 210
100 211
100 696
100 349
100 68
100 81
100 392
100 481
100 178
100 18
100 384
100 418
100 127
100 327
100 517
100 31
100 142
100 776
100 96
100 204
100 1277
100 37
100 9
100 399
100 582
100 44
100 208
100 208
100 258
100 605
100 245
100 242
100 1044
100 119
100 229
100 3
100 179
100 64
100 548
100 125
100 332
100 528
100 63
100 106
100 424
100 606
100 196
100 199
100 300
100 25
100 112
100 16
100 173
100 77
100 96
100 90
100 71
100 489
100 98
100 114
100 41
100 260
100 321
100 211
100 460
100 523
100 112
100 152
100 1003
100 457
100 302
100 388
100 262
100 188
100 122
100 1081
100 143
100 245
100 241
100 721
100 853
100 12
100 32
100 232
100 718
100 6
100 429
100 556
100 164
100 1049
100 127
100 11
100 203
100 128
100 648
100 31
100 578
100 275
100 370
100 70
100 41
100 11
100 268
100 266
100 733
100 10
100 234
100 550
100 51
100 644
100 224
100 99
100 295
100 422
100 926
100 546
100 435
100 28
100 730
100 236
100 602
100 319
100 203
100 256
100 552
100 48
100 0
100 27
100 220
100 47
100 346
100 307
100 169
100 137
100 186
100 317
100 447
100 165
100 522
100 189
100 334
100 935
100 574
100 72
100 180
100 185
100 376
100 392
100 179
100 131
100 192
100 295
100 40
100 242
100 501
100 168
100 57
100 491
100 40
100 53
100 805
100 8
100 122
100 714
100 159
100 392
100 136
100 206
100 79
100 14
100 260
100 258
100 1
100 577
100 419
100 306
100 63
100 27
100 408
100 363
100 303
100 13
100 214
100 138
100 86
100 273
100 99
100 290
100 243
100 189
100 126
100 255
100 1058
100 6
100 308
100 595
100 30
100 645
100 302
100 432
100 87
100 10
100 171
100 180
100 161
100 105
100 416
100 1214
100 1024
100 488
100 988
100 179
100 152
100 578
100 136
100 270
100 314
100 67
100 272
100 4
100 1145
100 120
100 108
100 363
100 623
100 14
100 603
100 387
100 72
100 750
100 877
100 36
100 46
100 256
100 227
100 32
100 927
100 135
100 98
100 261
100 818
100 56
100 298
100 24
100 618
100 422
100 9
100 176
100 98
100 107
100 369
100 152
100 73
100 257
