100 47
100 35
100 72
100 89
100 46
100 50
100 380
100 255
100 166
100 225
100 227
100 4
100 1
100 64
100 7
100 258
100 151
100 228
100 35
100 232
100 55
100 154
100 233
100 236
100 300
100 85
100 247
100 44
100 222
100 208
100 196
100 474
100 108
100 119
100 102
100 219
100 126
100 177
100 32
100 78
100 8
100 219
100 65
100 840
100 15
100 72
100 236
100 94
100 102
100 17
100 12
100 223
100 82
100 547
100 205
100 68
100 118
100 24
100 45
100 552
100 0
100 360
100 27
100 58
100 567
100 119
100 37
100 27
100 6
100 30
100 70
100 31
100 164
100 9
100 0
100 354
100 320
100 27
100 335
100 14
100 62
100 125
100 283
100 332
100 1
100 24
100 74
100 65
100 166
100 32
100 93
100 102
100 133
100 65
100 15
100 313
100 125
100 370
100 138
100 21
100 29
100 1096
100 208
100 27
100 86
100 108
100 337
100 89
100 260
100 198
100 8
100 157
100 21
100 92
100 434
100 153
100 352
100 69
100 104
100 38
100 85
100 142
100 101
100 95
100 12
100 15
100 499
100 137
100 93
100 27
100 54
100 13
100 104
100 88
100 421
100 210
100 27
100 36
100 168
100 8
100 96
100 177
100 263
100 125
100 328
100 115
100 450
100 253
100 36
100 837
100 466
100 221
100 635
100 39
100 39
100 39
100 238
100 26
100 234
100 44
100 29
100 69
100 188
100 82
100 385
100 135
100 135
100 55
100 2
100 154
100 121
100 2
100 236
100 19
100 259
100 128
100 65
100 43
100 152
100 295
100 47
100 1
100 41
100 37
100 133
100 23
100 405
100 231
100 146
100 79
100 10
100 429
100 104
100 180
100 114
100 61
100 241
100 49
100 131
100 112
100 64
100 28
100 155
100 84
100 171
100 183
100 265
100 171
100 30
100 146
100 165
100 151
100 3
100 9
100 191
100 33
100 66
100 212
100 62
100 351
100 371
100 1
100 10
100 24
100 123
100 332
100 136
100 173
100 293
100 147
100 187
100 291
100 312
100 649
100 117
100 648
100 80
100 85
100 34
100 390
100 235
100 38
100 44
100 257
100 43
100 99
100 127
100 128
100 263
100 174
100 48
100 56
100 268
100 8
100 53
100 69
100 370
100 106
100 156
100 109
100 558
100 595
100 31
100 66
100 35
100 7
100 140
100 398
100 63
100 68
100 383
100 267
100 242
100 74
100 125
100 237
100 43
100 626
100 98
100 358
100 18
100 241
100 0
100 653
100 40
100 67
100 87
100 366
100 67
100 126
100 112
100 81
100 3
100 4
100 97
100 78
100 349
100 301
100 418
100 29
100 22
100 138
100 299
100 120
100 260
100 160
100 496
100 168
100 190
100 212
100 121
100 10
100 79
100 389
100 7
100 51
100 13
100 49
100 53
100 64
100 100
100 762
100 54
100 111
100 97
100 57
100 51
100 23
100 29
100 191
100 477
100 208
100 187
100 26
100 190
100 111
100 113
100 762
100 22
100 156
100 46
100 255
100 44
100 137
100 264
100 334
100 88
100 8
100 59
100 299
100 147
100 43
100 69
100 113
100 310
100 68
100 149
100 9
100 58
100 174
100 29
100 255
100 35
100 23
100 1
100 927
100 264
100 150
100 59
100 205
100 76
100 80
100 324
100 525
100 90
100 159
100 165
100 381
100 18
100 79
100 27
100 77
100 470
100 600
100 44
100 102
100 363
100 22
100 122
100 147
100 332
100 257
100 626
100 229
100 86
100 379
100 157
100 19
100 20
100 188
100 133
100 24
100 11
100 102
100 3
100 32
100 391
100 119
100 138
100 56
100 204
100 81
100 212
100 98
100 625
100 279
100 23
100 86
100 4
100 459
100 16
100 9
100 96
100 279
100 20
100 8
100 62
100 68
100 323
100 56
100 385
100 167
100 45
100 241
100 214
100 732
100 376
100 396
100 450
100 232
100 150
100 13
100 134
100 361
100 224
100 131
100 15
100 81
100 14
100 386
100 9
100 41
100 805
100 5
100 39
100 85
100 21
100 233
100 204
100 16
100 3
100 187
100 130
100 212
100 142
100 59
100 117
100 87
100 28
100 108
100 282
100 504
100 178
100 44
100 21
100 130
100 32
100 260
100 5
100 280
100 270
100 187
100 314
100 216
100 110
100 101
100 1268
100 9
100 281
100 117
100 492
100 314
100 131
100 73
100 2
100 317
100 221
100 30
100 65
100 854
100 222
100 640
100 153
100 508
100 130
100 230
100 56
100 321
100 115
100 7
100 76
100 267
100 28
100 175
100 65
100 179
100 312
100 121
100 24
100 0
100 114
100 52
100 11
100 223
100 210
100 0
100 821
100 88
100 95
100 25
100 564
100 157
100 58
100 311
100 8
100 121
100 71
100 66
100 226
100 46
100 59
100 100
100 95
100 1
100 233
100 93
100 239
100 1020
100 41
100 344
100 189
100 113
100 413
100 385
100 130
100 137
100 324
100 7
100 299
100 111
100 113
100 42
100 168
100 108
100 111
100 239
100 355
100 180
100 380
100 113
100 166
100 875
100 121
100 23
100 192
100 76
100 206
100 159
100 6
100 114
100 24
100 21
100 272
100 44
100 82
100 136
100 114
100 284
100 378
100 197
100 607
100 3
100 30
100 35
100 215
100 57
100 106
100 165
100 77
100 13
100 30
100 191
100 2
100 452
100 386
100 6
100 124
100 2
100 51
100 199
100 148
100 98
100 69
100 22
100 146
100 119
100 688
100 120
100 22
100 204
100 29
100 5
100 1
100 257
100 131
100 11
100 83
100 197
100 154
100 138
100 334
100 233
100 1
100 55
100 75
100 95
100 78
100 53
100 427
100 293
100 16
100 433
100 50
100 480
100 285
100 181
100 215
100 154
100 5
100 8
100 43
100 80
100 250
100 156
100 30
100 25
100 90
100 0
100 429
100 150
100 253
100 146
100 356
100 369
100 421
100 108
100 83
100 127
100 203
100 108
100 9
100 47
100 168
100 239
100 52
100 9
100 650
100 113
100 423
100 117
100 183
100 368
100 60
100 145
100 170
100 146
100 226
100 31
100 613
100 300
100 275
100 15
100 43
100 47
100 71
100 46
100 101
100 86
100 10
100 82
100 15
100 169
100 283
100 54
100 688
100 64
100 206
100 187
100 57
100 59
100 287
100 9
100 91
100 44
100 371
100 79
100 450
100 322
100 8
100 214
100 236
100 7
100 84
100 15
100 96
100 167
100 3
100 5
100 288
100 385
100 242
100 50
100 74
100 182
100 290
100 68
100 73
100 309
100 103
100 112
100 129
100 478
100 375
100 222
100 23
100 86
100 294
100 33
100 285
100 276
100 451
100 173
100 44
100 65
100 323
100 24
100 139
100 143
100 60
100 61
100 52
100 91
100 45
100 44
100 61
100 253
100 37
100 204
100 58
100 262
100 7
100 309
100 8
100 49
100 335
100 373
100 226
100 260
100 67
100 82
100 144
100 63
100 58
100 192
100 151
100 8
100 162
100 90
100 79
100 236
100 286
100 43
100 37
100 93
100 139
100 58
100 109
100 233
100 488
100 229
100 96
100 65
100 72
100 146
100 11
100 344
100 63
100 33
100 465
100 136
100 393
100 192
100 142
100 9
100 326
100 29
100 158
100 273
100 371
100 99
100 1
100 304
100 350
100 254
100 220
100 31
100 282
100 18
100 58
100 16
100 18
100 185
100 36
100 107
100 275
100 378
100 275
100 124
100 543
100 16
100 91
100 105
100 149
100 318
100 179
100 13
100 4
100 9
100 111
100 157
100 53
100 139
100 417
100 293
100 43
100 393
100 10
100 11
100 55
100 37
100 153
100 226
100 321
100 19
100 387
100 141
100 20
100 18
100 39
100 49
100 536
100 18
100 36
100 91
100 189
100 398
100 565
100 365
100 34
100 172
100 209
100 435
100 38
100 142
100 66
100 32
100 9
100 74
100 59
100 41
100 173
100 56
100 133
100 14
100 147
100 93
100 122
100 17
100 10
100 290
100 96
100 65
100 222
100 54
100 297
100 77
100 15
100 16
100 113
100 62
100 8
100 4
100 72
100 49
100 100
100 372
100 378
100 52
100 273
100 50
100 88
100 38
100 143
100 277
100 456
100 319
100 108
100 36
100 506
100 363
100 24
100 196
100 129
100 28
100 122
100 167
100 93
100 170
100 205
100 120
100 14
100 738
100 207
100 18
100 91
100 16
100 12
100 2
100 63
100 489
100 462
100 220
100 93
100 34
100 203
100 14
100 46
100 99
100 246
100 255
100 167
100 323
100 361
100 74
100 15
100 455
100 133
100 25
100 210
100 2
100 102
100 89
100 487
100 117
100 124
100 58
100 27
100 140
100 344
100 64
100 431
100 5
100 179
100 237
100 233
100 8
100 106
100 160
100 16
100 69
100 540
100 112
100 9
100 333
100 98
100 157
100 270
100 347
100 192
100 249
100 331
100 310
100 37
100 388
100 124
100 12
100 131
100 190
100 4
100 113
100 54
100 715
100 14
100 146
100 255
100 245
100 79
100 179
100 260
100 293
100 54
100 615
100 309
100 32
100 21
100 364
100 42
100 271
100 24
100 136
100 256
100 129
100 130
100 21
100 311
100 294
100 1069
100 69
100 196
100 36
100 112
100 170
100 395
100 133
100 16
100 191
100 165
100 130
100 50
100 1
100 49
100 249
100 2
100 208
100 79
100 146
100 182
100 315
100 51
100 202
100 164
100 156
100 204
100 264
100 47
100 11
100 43
100 8
100 180
100 7
100 153
100 29
100 154
100 303
100 410
100 19
100 214
100 82
100 68
100 65
100 448
100 22
100 39
100 94
100 311
100 327
100 228
100 209
100 371
100 506
100 161
100 236
100 433
100 63
100 181
100 211
100 39
100 35
100 123
100 292
100 166
100 296
100 152
100 219
100 204
100 47
100 40
100 100
100 220
100 161
100 494
100 41
100 23
100 73
100 155
100 3
100 117
100 68
100 43
100 54
100 52
100 243
100 237
100 99
100 80
100 103
100 38
100 152
100 275
100 173
100 503
100 37
100 99
100 350
100 219
100 321
100 58
100 185
100 86
100 129
100 46
100 161
100 85
100 204
100 8
100 4
100 195
100 195
100 198
100 207
100 165
100 18
100 38
100 73
100 65
100 176
100 49
100 1078
100 56
100 202
100 51
100 337
100 103
100 22
100 90
100 178
100 89
100 288
100 53
100 182
100 89
100 50
100 129
100 161
100 85
100 329
100 415
100 137
100 241
100 259
100 220
100 323
100 47
100 237
100 185
100 318
100 265
100 75
100 202
100 93
100 369
100 303
100 286
100 138
100 43
100 82
100 203
100 307
100 11
100 148
100 114
100 24
100 270
100 63
100 371
100 299
100 711
100 17
100 283
100 18
100 201
100 103
100 231
100 317
100 35
100 794
100 30
100 558
100 137
100 986
100 63
100 12
100 295
100 71
100 84
100 140
100 138
100 4
100 117
100 6
100 37
100 84
100 88
100 65
100 0
100 46
100 34
100 343
100 221
100 168
100 131
100 137
100 101
100 211
100 62
100 111
100 38
100 147
100 55
100 237
100 823
100 1
100 94
100 30
100 7
100 12
100 43
100 23
100 458
100 223
100 186
100 300
100 340
100 338
100 149
100 353
100 691
100 118
100 140
100 110
100 91
100 139
100 252
100 200
100 319
100 170
100 79
100 191
100 100
100 291
100 128
100 57
100 223
100 22
100 278
100 27
100 148
100 292
100 16
100 609
100 293
100 53
100 588
100 278
100 507
100 523
100 407
100 75
100 115
100 166
100 37
100 107
100 51
100 731
100 438
100 95
100 389
100 34
100 143
100 59
100 300
100 87
100 25
100 157
100 78
100 170
100 220
100 25
100 59
100 109
100 292
100 63
100 136
100 169
100 5
100 193
100 241
100 2
100 57
100 155
100 748
100 261
100 200
100 195
100 4
100 500
100 323
100 245
100 75
100 6
100 73
100 121
100 48
100 366
100 15
100 42
100 572
100 146
100 144
100 30
100 56
100 118
100 20
100 431
100 216
100 341
100 242
100 587
100 120
100 15
100 826
100 300
100 10
100 557
100 17
100 298
100 88
100 66
100 41
100 319
100 46
100 97
100 0
100 39
100 586
100 112
100 2
100 22
100 203
100 223
100 137
100 234
100 25
100 458
100 32
100 243
100 871
100 8
100 51
100 28
100 105
100 11
100 86
100 10
100 19
100 4
100 204
100 176
100 34
100 127
100 215
100 245
100 198
100 315
100 37
100 188
100 30
100 88
100 8
100 312
100 325
100 344
100 93
100 325
100 209
100 357
100 18
100 56
100 111
100 407
100 422
100 207
100 357
100 146
100 39
100 58
100 68
100 314
100 595
100 127
100 9
100 167
100 92
100 670
100 76
100 46
100 270
100 20
100 98
100 312
100 568
100 203
100 132
100 128
100 82
100 91
100 27
100 88
100 83
100 143
100 7
100 96
100 208
100 123
100 349
100 256
100 28
100 245
100 161
100 122
100 268
100 4
100 106
100 12
100 103
100 182
100 204
100 132
100 69
100 26
100 92
100 170
100 395
100 318
100 305
100 285
100 290
100 8
100 287
100 1394
100 167
100 17
100 31
100 8
100 103
100 268
100 342
100 357
100 51
100 159
100 171
100 196
100 201
100 199
100 49
100 35
100 514
100 293
100 765
100 206
100 95
100 192
100 230
100 372
100 263
100 279
100 32
100 82
100 5
100 54
100 462
100 20
100 153
100 64
100 76
100 239
100 165
100 23
100 7
100 97
100 278
100 56
100 147
100 28
100 287
100 92
100 92
100 332
100 62
100 132
100 32
100 30
100 121
100 35
100 58
100 7
100 457
100 240
100 128
100 25
100 34
100 76
100 84
100 38
100 537
100 12
100 36
100 854
100 452
100 234
100 218
100 280
100 138
100 30
100 171
100 2
100 299
100 120
100 0
100 456
100 227
100 231
100 38
100 232
100 214
100 18
100 10
100 202
100 71
100 77
100 9
100 71
100 36
100 41
100 43
100 93
100 187
100 41
100 492
100 63
100 112
100 21
100 307
100 276
100 77
100 82
100 54
100 306
100 119
100 289
100 928
100 348
100 81
100 7
100 309
100 4
100 56
100 359
100 3
100 409
100 302
100 56
100 235
100 53
100 75
100 357
100 661
100 125
100 95
100 80
100 23
100 71
100 176
100 640
100 101
100 16
100 21
100 114
100 359
100 66
100 40
100 170
100 181
100 48
100 207
100 322
100 300
100 248
100 19
100 255
100 70
100 142
100 411
100 73
100 21
100 109
100 90
100 22
100 42
100 551
100 24
100 434
100 97
100 230
100 124
100 24
100 108
100 24
100 254
100 118
100 45
100 69
100 36
100 17
100 58
100 111
100 27
100 102
100 354
100 34
100 23
100 107
100 278
100 2
100 42
100 346
100 47
100 19
100 33
100 118
100 108
100 120
100 284
100 23
100 36
100 139
100 274
100 89
100 1049
100 174
100 223
100 105
100 37
100 16
100 17
100 30
100 291
100 370
100 112
100 416
100 89
100 105
100 98
100 105
100 34
100 89
100 56
100 388
100 100
100 79
100 5
100 243
100 350
100 304
100 114
100 86
100 85
100 130
100 146
100 130
100 55
100 57
100 182
100 440
100 57
100 253
100 192
100 36
100 363
100 127
100 10
100 145
100 121
100 13
100 31
100 81
100 70
100 21
100 36
100 150
100 71
100 23
100 401
100 233
100 5
100 47
100 17
100 19
100 180
100 31
100 40
100 203
100 38
100 32
100 402
100 291
100 203
100 138
100 22
100 79
100 317
100 41
100 190
100 305
100 22
100 161
100 23
100 396
100 11
100 170
100 14
100 178
100 15
100 148
100 1104
100 257
100 433
100 697
100 161
100 242
100 28
100 65
100 56
100 34
100 143
100 175
100 5
100 36
100 135
100 121
100 23
100 40
100 181
100 2
100 630
100 52
100 583
100 39
100 154
100 321
100 278
100 46
100 24
100 166
100 123
100 153
100 417
100 192
100 273
100 261
100 36
100 108
100 266
100 122
100 49
100 199
100 17
100 20
100 99
100 128
100 148
100 434
100 112
100 0
100 390
100 3
100 320
100 93
100 34
100 157
100 71
100 67
100 24
100 73
100 40
100 462
100 82
100 181
100 334
100 199
100 318
100 230
100 73
100 148
100 216
100 43
100 51
100 410
100 67
100 22
100 68
100 230
100 51
100 88
100 7
100 80
100 219
100 351
100 679
100 8
100 298
100 629
100 173
100 477
100 384
100 161
100 152
100 68
100 22
100 111
100 455
100 378
100 219
100 30
100 989
100 70
100 254
100 213
100 69
100 202
100 317
100 99
100 25
100 41
100 109
100 175
100 9
100 99
100 197
100 174
100 11
100 96
100 77
100 233
100 85
100 56
100 46
100 131
100 88
100 6
100 281
100 491
100 151
100 69
100 166
100 0
100 480
100 8
100 95
100 295
100 146
100 167
100 77
100 35
100 34
100 97
100 55
100 199
100 138
100 93
100 49
100 1
100 37
100 245
100 498
100 50
100 242
100 153
100 59
100 575
100 120
100 10
100 319
100 104
100 55
100 118
100 330
100 45
100 105
100 64
100 108
100 255
100 29
100 363
100 329
100 21
100 46
100 306
100 440
100 196
100 80
100 171
100 43
100 211
100 121
100 43
100 100
100 16
100 147
100 565
100 194
100 41
100 59
100 106
100 2
100 106
100 29
100 274
100 204
100 524
100 137
100 186
100 107
100 170
100 351
100 126
100 119
100 103
100 143
100 55
100 5
100 213
100 213
100 52
100 605
100 23
100 334
100 119
100 121
100 385
100 36
100 57
100 79
100 8
100 124
100 70
100 114
100 201
100 201
100 359
100 226
100 134
100 29
100 199
100 23
100 2
100 2
100 178
100 91
100 12
100 536
100 40
100 19
100 288
100 148
100 58
100 775
100 24
100 81
100 27
100 263
100 79
100 365
100 118
100 83
100 8
100 28
100 114
100 224
100 24
100 128
100 335
100 54
100 384
100 85
100 6
100 283
100 126
100 387
100 662
100 154
100 247
100 116
100 63
100 363
100 17
100 131
100 48
100 159
100 57
100 37
100 200
100 59
100 149
100 112
100 115
100 158
100 68
100 236
100 155
100 47
100 16
100 10
100 18
100 619
100 151
100 207
100 24
100 34
100 136
100 306
100 5
100 87
100 40
100 203
100 66
100 97
100 178
100 454
100 147
100 44
100 460
100 126
100 221
100 250
100 19
100 46
100 50
100 375
100 1
100 559
100 68
100 98
100 236
100 18
100 46
100 28
100 606
100 149
100 388
100 474
100 6
100 17
100 347
100 297
100 55
100 282
100 522
100 64
100 157
100 115
100 400
100 51
100 23
100 77
100 137
100 227
100 163
100 371
100 46
100 111
100 14
100 190
100 159
100 171
100 177
100 64
100 128
100 251
100 424
100 162
100 92
100 87
100 147
100 42
100 227
100 524
100 38
100 233
100 67
100 269
100 25
100 127
100 95
100 32
100 351
100 248
100 17
100 23
100 496
100 288
100 146
100 512
100 48
100 139
100 43
100 86
100 48
100 126
100 295
100 64
100 270
100 279
100 137
100 41
100 48
100 107
100 140
100 237
100 213
100 5
100 80
100 234
100 101
100 6
100 319
100 89
100 68
100 28
100 88
100 195
100 105
100 64
100 72
100 6
100 87
100 24
100 412
100 54
100 28
100 346
100 209
100 607
100 152
100 328
100 302
100 46
100 210
100 98
100 65
100 71
100 114
100 27
100 121
100 133
100 145
100 159
100 253
100 27
100 94
100 255
100 152
100 130
100 72
100 8
100 376
100 0
100 29
100 227
100 133
100 205
100 62
100 442
100 192
100 118
100 37
100 87
100 333
100 302
100 55
100 44
100 90
100 202
100 70
100 128
100 16
100 71
100 310
100 26
100 1145
100 35
100 286
100 60
100 682
100 290
100 12
100 46
100 103
100 44
100 42
100 211
100 167
100 259
100 403
100 336
100 353
100 18
100 175
100 70
100 279
100 270
100 286
100 187
100 119
100 264
100 56
100 259
100 5
100 115
100 40
100 2
100 136
100 737
100 44
100 208
100 231
100 108
100 27
100 68
100 130
100 223
100 418
100 106
100 693
100 20
100 200
100 850
100 16
100 51
100 137
100 4
100 151
100 27
100 103
100 128
100 454
100 161
100 54
100 119
100 1
100 151
100 17
100 894
100 253
100 60
100 287
100 178
100 168
100 23
100 166
100 832
100 846
100 633
100 86
100 144
100 9
100 33
100 325
100 21
100 177
100 9
100 133
100 216
100 622
100 189
100 169
100 96
100 80
100 125
100 217
100 33
100 35
100 80
100 160
100 128
100 163
100 89
100 19
100 516
100 344
100 433
100 6
100 121
100 152
100 36
100 420
100 4
100 137
100 176
100 92
100 87
100 61
100 11
100 795
100 67
100 156
100 128
100 6
100 566
100 143
100 12
100 76
100 339
100 539
100 21
100 712
100 28
100 209
100 59
100 10
100 183
100 35
100 167
100 65
100 494
100 396
100 86
100 174
100 116
100 132
100 510
100 70
100 275
100 210
100 139
100 215
100 236
100 139
100 593
100 80
100 62
100 307
100 48
100 193
100 57
100 165
100 77
100 138
100 421
100 118
100 89
100 306
100 63
100 91
100 660
100 186
100 71
100 3
100 261
100 32
100 71
100 151
100 358
100 55
100 22
100 187
100 614
100 86
100 500
100 120
100 257
100 128
100 15
100 394
100 250
100 255
100 181
100 117
100 14
100 85
100 368
100 59
100 0
100 93
100 44
100 120
100 29
100 84
100 25
100 371
100 13
100 356
100 7
100 348
100 151
100 44
100 106
100 618
100 82
100 49
100 261
100 93
100 156
100 27
100 348
100 57
100 297
100 82
100 263
100 277
100 148
100 30
100 163
100 53
100 155
100 6
100 648
100 41
100 223
100 555
100 245
100 46
100 513
100 113
100 87
100 0
100 35
100 466
100 47
100 39
100 108
100 207
100 16
100 34
100 115
100 120
100 264
100 40
100 221
100 497
100 129
100 446
100 221
100 46
100 30
100 29
100 48
100 54
100 29
100 158
100 112
100 115
100 408
100 608
100 228
100 220
100 9
100 121
100 83
100 128
100 322
100 266
100 160
100 145
100 13
100 206
100 62
100 130
100 79
100 53
100 128
100 90
100 115
100 205
100 76
100 22
100 56
100 59
100 149
100 105
100 177
100 178
100 436
100 59
100 8
100 31
100 24
100 365
100 246
100 19
100 5
100 148
100 41
100 21
100 6
100 275
100 17
100 279
100 89
100 332
100 270
100 79
100 58
100 158
100 113
100 347
100 3
100 110
100 20
100 103
100 40
100 149
100 145
100 24
100 68
100 36
100 49
100 28
100 298
100 77
100 87
100 614
100 300
100 15
100 29
100 454
100 86
100 109
100 682
100 374
100 42
100 310
100 412
100 69
100 91
100 153
100 54
100 138
100 208
100 100
100 54
100 3
100 34
100 193
100 187
100 323
100 49
100 540
100 59
100 129
100 58
100 264
100 59
100 206
100 216
100 104
100 14
100 75
100 348
100 46
100 65
100 797
100 79
100 227
100 63
100 381
100 69
100 63
100 209
100 48
100 46
100 13
100 22
100 43
100 170
100 27
100 26
100 312
100 93
100 184
100 329
100 54
100 26
100 8
100 134
100 92
100 422
100 144
100 308
100 270
100 79
100 59
100 55
100 293
100 271
100 15
100 82
100 384
100 217
100 329
100 20
100 114
100 55
100 137
100 359
100 517
100 5
100 0
100 614
100 154
100 56
100 72
100 232
100 34
100 47
100 61
100 82
100 236
100 200
100 326
100 318
100 59
100 174
100 56
100 85
100 428
100 242
100 35
100 21
100 24
100 45
100 134
100 73
100 293
100 374
100 51
100 45
100 37
100 452
100 99
100 39
100 46
100 253
100 379
100 102
100 6
100 165
100 325
100 307
100 642
100 152
100 29
100 87
100 427
100 121
100 43
100 325
100 335
100 11
100 310
100 277
100 5
100 350
100 11
100 246
100 44
100 315
100 171
100 570
100 39
100 44
100 14
100 143
100 733
100 80
100 24
100 181
100 15
100 81
100 52
100 20
100 101
100 185
100 95
100 32
100 112
100 68
100 18
100 39
100 71
100 23
100 58
100 44
100 51
100 120
100 84
100 17
100 2
100 78
100 654
100 433
100 51
100 30
100 117
100 192
100 202
100 182
100 264
100 291
100 252
100 143
100 330
100 3
100 34
100 64
100 278
100 47
100 23
100 130
100 111
100 300
100 234
100 245
100 1
100 78
100 47
100 71
100 291
100 327
100 114
100 3
100 46
100 135
100 316
100 140
100 36
100 64
100 112
100 305
100 33
100 34
100 150
100 289
100 345
100 214
100 48
100 401
100 473
100 336
100 176
100 171
100 289
100 25
100 16
100 255
100 202
100 122
100 33
100 472
100 269
100 239
100 52
100 199
100 113
100 463
100 190
100 139
100 97
100 207
100 77
100 45
100 490
100 24
100 94
100 190
100 172
100 3
100 420
100 241
100 227
100 112
100 213
100 37
100 16
100 561
100 288
100 45
100 63
100 25
100 147
100 104
100 112
100 98
100 61
100 56
100 164
100 121
100 109
100 444
100 13
100 351
100 14
100 111
100 35
100 48
100 79
100 69
100 182
100 268
100 154
100 278
100 1
100 18
100 48
100 285
100 85
100 194
100 266
100 456
100 179
100 127
100 71
100 114
100 47
100 60
100 108
100 162
100 440
100 27
100 126
100 9
100 5
100 262
100 59
100 77
100 74
100 23
100 93
100 23
100 196
100 85
100 250
100 150
100 28
100 308
100 124
100 281
100 100
100 89
100 344
100 49
100 671
100 94
100 630
100 20
100 27
100 296
100 9
100 225
100 482
100 92
100 11
100 53
100 1
100 16
100 34
100 238
100 17
100 60
100 153
100 73
100 766
100 102
100 88
100 187
100 28
100 922
100 69
100 37
100 2
100 149
100 21
100 159
100 15
100 212
100 441
100 17
100 479
100 2
100 167
100 72
100 138
100 49
100 392
100 31
100 8
100 95
100 148
100 199
100 650
100 154
100 102
100 36
100 10
100 310
100 107
100 19
100 93
100 197
100 39
100 24
100 1
100 417
100 472
100 447
100 69
100 69
100 35
100 191
100 20
100 7
100 577
100 103
100 187
100 91
100 19
100 103
100 81
100 107
100 11
100 220
100 12
100 286
100 40
100 148
100 225
100 43
100 223
100 139
100 27
100 13
100 40
100 68
100 69
100 72
100 74
100 241
100 206
100 26
100 44
100 81
100 162
100 37
100 145
100 18
100 162
100 81
100 161
100 61
100 188
100 170
100 336
100 36
100 73
100 57
100 98
100 73
100 109
100 45
100 26
100 75
100 143
100 469
100 170
100 755
100 35
100 16
100 37
100 21
100 129
100 64
100 186
100 207
100 9
100 119
100 2
100 315
100 244
100 408
100 501
100 45
100 553
100 49
100 138
100 1
100 271
100 328
100 511
100 127
100 261
100 626
100 5
100 163
100 134
100 557
100 64
100 108
100 241
100 26
100 94
100 334
100 41
100 31
100 39
100 155
100 50
100 655
100 19
100 34
100 33
100 17
100 385
100 253
100 443
100 132
100 148
100 16
100 519
100 381
100 43
100 499
100 37
100 163
100 466
100 162
100 56
100 217
100 2
100 77
100 10
100 124
100 82
100 317
100 107
100 491
100 37
100 136
100 967
100 64
100 77
100 65
100 298
100 117
100 151
100 292
100 51
100 176
100 276
100 582
100 5
100 604
100 5
100 32
100 16
100 93
100 56
100 50
100 3
100 62
100 147
100 93
100 254
100 1353
100 34
100 57
100 41
100 109
100 400
100 417
100 515
100 421
100 51
100 128
100 191
100 253
100 151
100 65
100 194
100 174
100 110
100 60
100 66
100 113
100 264
100 260
100 117
100 446
100 37
100 53
100 158
100 31
100 91
100 97
100 85
100 7
100 80
100 81
100 290
100 190
100 10
100 1737
100 23
100 150
100 116
100 101
100 383
100 203
100 40
100 329
100 22
100 175
100 112
100 35
100 39
100 300
100 41
100 20
100 104
100 538
100 69
100 666
100 55
100 287
100 432
100 30
100 61
100 120
100 269
100 299
100 443
100 170
100 15
100 106
100 167
100 21
100 101
100 48
100 23
100 195
100 12
100 20
100 315
100 117
100 56
100 250
100 627
100 145
100 91
100 106
100 84
100 37
100 186
100 198
100 75
100 394
100 354
100 448
100 261
100 37
100 998
100 9
100 83
100 106
100 970
100 96
100 4
100 123
100 120
100 117
100 25
100 138
100 134
100 142
100 9
100 303
100 247
100 262
100 113
100 8
100 74
100 233
100 12
100 490
100 390
100 13
100 606
100 58
100 444
100 123
100 184
100 160
100 342
100 429
100 195
100 278
100 64
100 4
100 15
100 110
100 34
100 328
100 176
100 3
100 33
100 72
100 274
100 391
100 505
100 10
100 4
100 40
100 51
100 435
100 17
100 38
100 279
100 120
100 70
100 21
100 78
100 90
100 51
100 101
100 45
100 335
100 263
100 298
100 72
100 303
100 24
100 215
100 69
100 74
100 311
100 129
100 13
100 36
100 363
100 148
100 166
100 75
100 535
100 273
100 462
100 405
100 436
100 287
100 131
100 189
100 144
100 161
100 340
100 28
100 91
100 52
100 72
100 202
100 7
100 26
100 60
100 96
100 117
100 33
100 274
100 84
100 12
100 181
100 156
100 93
100 369
100 81
100 56
100 159
100 64
100 17
100 311
100 37
100 43
100 216
100 55
100 345
100 38
100 207
100 335
100 111
100 177
100 145
100 792
100 73
100 201
100 117
100 47
100 229
100 4
100 53
100 284
100 41
100 12
100 186
100 215
100 186
100 54
100 51
100 32
100 305
100 15
100 24
100 281
100 280
100 7
100 411
100 54
100 381
100 55
100 247
100 8
100 35
100 125
100 7
100 6
100 272
100 5
100 246
100 145
100 28
100 321
100 134
100 174
100 57
100 19
100 78
100 491
100 46
100 102
100 84
100 109
100 151
100 146
100 171
100 6
100 227
100 223
100 316
100 114
100 237
100 151
100 102
100 357
100 215
100 18
100 791
100 169
100 41
100 84
100 13
100 637
100 43
100 96
100 30
100 186
100 1180
100 188
100 192
100 278
100 51
100 61
100 27
100 370
100 708
100 30
100 232
100 149
100 51
100 145
100 149
100 46
100 161
100 97
100 264
100 433
100 336
100 195
100 129
100 241
100 59
100 134
100 132
100 74
100 72
100 159
100 80
100 73
100 798
100 484
100 3
100 403
100 78
100 334
100 66
100 82
100 343
100 2
100 317
100 6
100 335
100 170
100 498
100 116
100 370
100 307
100 175
100 252
100 130
100 22
100 93
100 797
100 196
100 196
100 194
100 219
100 178
100 7
100 109
100 48
100 15
100 174
100 340
100 89
100 385
100 82
100 149
100 109
100 74
100 135
100 422
100 57
100 170
100 38
100 292
100 95
100 28
100 87
100 723
100 317
100 512
100 13
100 10
100 35
100 349
100 264
100 152
100 13
100 231
100 308
100 53
100 273
100 24
100 124
100 67
100 489
100 20
100 398
100 394
100 54
100 299
100 20
100 282
100 149
100 113
100 42
100 92
100 17
100 182
100 55
100 315
100 545
100 7
100 9
100 293
100 77
100 78
100 77
100 78
100 408
100 32
100 420
100 183
100 72
100 203
100 159
100 27
100 107
100 36
100 29
100 150
100 11
100 617
100 10
100 259
100 1
100 66
100 145
100 12
100 11
100 91
100 54
100 116
100 272
100 116
100 202
100 73
100 589
100 72
100 304
100 248
100 148
100 156
100 124
100 117
100 184
100 18
100 31
100 16
100 235
100 150
100 195
100 358
100 1
100 487
100 54
100 84
100 32
100 76
100 512
100 40
100 94
100 227
100 73
100 3
100 383
100 61
100 22
100 176
100 71
100 19
100 63
100 280
100 620
100 234
100 180
100 100
100 16
100 14
100 163
100 154
100 151
100 45
100 153
100 169
100 3
100 18
100 41
100 72
100 16
100 69
100 217
100 11
100 54
100 66
100 3
100 23
100 22
100 235
100 430
100 210
100 30
100 59
100 37
100 15
100 23
100 93
100 245
100 530
100 233
100 64
100 54
100 250
100 33
100 221
100 525
100 321
100 229
100 57
100 29
100 115
100 79
100 170
100 32
100 133
100 79
100 7
100 845
100 317
100 296
100 33
100 105
100 86
100 15
100 469
100 161
100 97
100 101
100 277
100 89
100 193
100 220
100 134
100 107
100 0
100 795
100 102
100 449
100 271
100 323
100 0
100 46
100 169
100 94
100 69
100 55
100 25
100 2
100 107
100 29
100 162
100 110
100 18
100 294
100 175
100 63
100 702
100 248
100 238
100 130
100 133
100 357
100 306
100 92
100 10
100 239
100 279
100 36
100 46
100 18
100 144
100 82
100 75
100 61
100 218
100 22
100 181
100 195
100 150
100 108
100 18
100 109
100 98
100 197
100 191
100 149
100 105
100 150
100 34
100 194
100 78
100 276
100 26
100 126
100 68
100 85
100 30
100 72
100 400
100 192
100 98
100 24
100 186
100 316
100 8
100 83
100 336
100 161
100 289
100 252
100 291
100 13
100 126
100 92
100 210
100 373
100 117
100 69
100 262
100 209
100 411
100 184
100 71
100 342
100 139
100 409
100 264
100 4
100 109
100 19
100 318
100 231
100 659
100 86
100 144
100 399
100 128
100 50
100 594
100 8
100 16
100 72
100 212
100 113
100 236
100 60
100 62
100 230
100 119
100 33
100 126
100 221
100 289
100 0
100 29
100 2
100 35
100 484
100 123
100 467
100 101
100 4
100 47
100 255
100 149
100 318
100 298
100 154
100 100
100 388
100 24
100 43
100 6
100 30
100 374
100 53
100 321
100 340
100 22
100 151
100 18
100 3
100 68
100 7
100 34
100 113
100 25
100 280
100 447
100 531
100 94
100 59
100 200
100 94
100 444
100 143
100 426
100 370
100 97
100 31
100 86
100 92
100 6
100 32
100 137
100 156
100 663
100 108
100 184
100 155
100 58
100 33
100 0
100 21
100 9
100 18
100 14
100 311
100 38
100 103
100 132
100 33
100 233
100 232
100 55
100 119
100 15
100 54
100 60
100 169
100 87
100 34
100 174
100 21
100 3
100 378
100 13
100 125
100 28
100 113
100 9
100 217
100 120
100 267
100 203
100 55
100 167
100 51
100 179
100 15
100 82
100 135
100 68
100 14
100 1
100 4
100 378
100 82
100 95
100 257
100 71
100 448
100 328
100 57
100 661
100 25
100 161
100 489
100 148
100 104
100 104
100 48
100 286
100 98
100 21
100 90
100 66
100 165
100 484
100 10
100 54
100 277
100 304
100 86
100 207
100 697
100 15
100 108
100 95
100 492
100 41
100 50
100 372
100 240
100 210
100 11
100 81
100 944
100 28
100 310
100 135
100 0
100 31
100 66
100 3
100 333
100 167
100 166
100 197
100 8
100 35
100 167
100 316
100 96
100 291
100 53
100 86
100 1053
100 354
100 135
100 139
100 282
100 111
100 5
100 8
100 97
100 3
100 109
100 491
100 103
100 56
100 40
100 111
100 500
100 258
100 363
100 12
100 249
100 130
100 32
100 223
100 39
100 864
100 248
100 176
100 21
100 107
100 7
100 26
100 220
100 91
100 35
100 125
100 67
100 37
100 603
100 37
100 153
100 31
100 173
100 97
100 46
100 14
100 219
100 71
100 149
100 12
100 215
100 367
100 171
100 106
100 107
100 53
100 22
100 45
100 247
100 351
100 0
100 277
100 119
100 280
100 227
100 110
100 561
100 211
100 22
100 398
100 99
100 249
100 4
100 9
100 0
100 334
100 45
100 7
100 85
100 7
100 335
100 258
100 220
100 64
100 4
100 679
100 210
100 51
100 15
100 241
100 34
100 430
100 219
100 16
100 41
100 20
100 11
100 25
100 158
100 40
100 205
100 167
100 133
100 26
100 326
100 147
100 10
100 31
100 81
100 102
100 18
100 104
100 516
100 57
100 249
100 243
100 234
100 131
100 2
100 82
100 10
100 73
100 105
100 403
100 270
100 367
100 89
100 94
100 365
100 325
100 83
100 7
100 113
100 38
100 53
100 3
100 17
100 96
100 200
100 7
100 93
100 143
100 13
100 40
100 252
100 51
100 15
100 166
100 57
100 403
100 257
100 144
100 14
100 5
100 126
100 175
100 313
100 91
100 145
100 74
100 15
100 135
100 355
100 237
100 290
100 169
100 74
100 11
100 108
100 175
100 434
100 197
100 202
100 98
100 121
100 18
100 156
100 284
100 222
100 5
100 89
100 100
100 237
100 63
100 90
100 245
100 58
100 272
100 56
100 132
100 16
100 571
100 10
100 168
100 45
100 117
100 385
100 120
100 141
100 59
100 100
100 27
100 65
100 84
100 5
100 251
100 71
100 133
100 519
100 89
100 96
100 429
100 675
100 165
100 235
100 73
100 31
100 73
100 59
100 63
100 326
100 1
100 181
100 100
100 18
100 248
100 180
100 35
100 99
100 428
100 496
100 117
100 32
100 61
100 6
100 249
100 43
100 112
100 423
100 239
100 111
100 470
100 109
100 310
100 333
100 37
100 492
100 83
100 160
100 75
100 77
100 231
100 134
100 75
100 95
100 7
100 61
100 122
100 77
100 41
100 168
100 89
100 48
100 95
100 198
100 155
100 346
100 117
100 374
100 406
100 261
100 54
100 631
100 306
100 77
100 73
100 327
100 504
100 43
100 19
100 1
100 72
100 340
100 690
100 234
100 590
100 36
100 37
100 32
100 155
100 226
100 3
100 19
100 47
100 26
100 224
100 7
100 34
100 66
100 214
100 27
100 146
100 17
100 315
100 323
100 22
100 118
100 97
100 249
100 67
100 76
100 13
100 18
100 20
100 13
100 68
100 497
100 402
100 185
100 126
100 7
100 218
100 223
100 162
100 159
100 47
100 95
100 144
100 167
100 71
100 146
100 39
100 268
100 464
100 98
100 3
100 33
100 156
100 12
100 222
100 81
100 383
100 196
100 3
100 40
100 247
100 57
100 120
100 53
100 284
100 290
100 34
100 86
100 24
100 249
100 13
100 5
100 207
100 47
100 193
100 420
100 19
100 33
100 251
100 26
100 116
100 78
100 75
100 167
100 57
100 60
100 139
100 56
100 103
100 448
100 47
100 65
100 604
100 85
100 316
100 100
100 24
100 234
100 134
100 48
100 349
100 166
100 35
100 277
100 18
100 4
100 179
100 52
100 139
100 181
100 23
100 23
100 56
100 134
100 139
100 145
100 330
100 21
100 117
100 280
100 34
100 99
100 387
100 47
100 94
100 110
100 19
100 172
100 451
100 39
100 73
100 110
100 55
100 22
100 261
100 38
100 38
100 88
100 379
100 264
100 41
100 24
100 220
100 43
100 230
100 74
100 399
100 8
100 121
100 328
100 248
100 218
100 111
100 128
100 61
100 94
100 1208
100 158
100 124
100 142
100 28
100 19
100 14
100 36
100 53
100 67
100 14
100 99
100 229
100 90
100 452
100 19
100 365
100 184
100 60
100 347
100 87
100 17
100 79
100 55
100 54
100 45
100 29
100 267
100 303
100 76
100 336
100 179
100 161
100 127
100 147
100 204
100 172
100 202
100 123
100 27
100 161
100 129
100 48
100 86
100 16
100 15
100 216
100 36
100 123
100 400
100 5
100 607
100 226
100 195
100 313
100 111
100 233
100 23
100 354
100 21
100 180
100 386
100 132
100 465
100 745
100 7
100 34
100 28
100 8
100 67
100 50
100 112
100 245
100 112
100 198
100 242
100 108
100 208
100 50
100 101
100 37
100 277
100 257
100 208
100 90
100 391
100 278
100 23
100 167
100 55
100 30
100 14
100 383
100 264
100 364
100 32
100 45
100 19
100 91
100 333
100 69
100 230
100 109
100 97
100 178
100 61
100 41
100 82
100 118
100 210
100 255
100 163
100 200
100 768
100 15
100 376
100 66
100 47
100 473
100 91
100 84
100 64
100 33
100 355
100 58
100 10
100 53
100 34
100 181
100 179
100 74
100 10
100 25
100 186
100 10
100 390
100 51
100 36
100 123
100 225
100 368
100 63
100 56
100 225
100 401
100 363
100 320
100 172
100 180
100 47
100 26
100 164
100 147
100 47
100 17
100 31
100 140
100 46
100 7
100 278
100 310
100 825
100 130
100 27
100 92
100 6
100 384
100 239
100 149
100 494
100 82
100 54
100 28
100 46
100 113
100 91
100 115
100 376
100 58
100 230
100 74
100 216
100 1070
100 190
100 79
100 94
100 384
100 343
100 385
100 670
100 58
100 44
100 18
100 64
100 120
100 305
100 380
100 15
100 28
100 29
100 289
100 126
100 69
100 163
100 378
100 109
100 58
100 106
100 176
100 166
100 227
100 59
100 78
100 151
100 182
100 52
100 2
100 171
100 20
100 698
100 184
100 211
100 661
100 11
100 187
100 174
100 1107
100 371
100 14
100 241
100 116
100 437
100 59
100 55
100 223
100 308
100 36
100 97
100 208
100 120
100 108
100 66
100 33
100 289
100 867
100 148
100 227
100 245
100 66
100 0
100 262
100 506
100 231
100 167
100 287
100 472
100 178
100 200
100 92
100 318
100 18
100 46
100 173
100 97
100 50
100 113
100 73
100 422
100 35
100 23
100 228
100 2
100 37
100 211
100 172
100 120
100 109
100 27
100 152
100 30
100 146
100 297
100 28
100 160
100 172
100 143
100 1
100 209
100 88
100 336
100 157
100 455
100 80
100 61
100 13
100 107
100 54
100 221
100 689
100 119
100 23
100 260
100 62
100 873
100 21
100 312
100 89
100 718
100 31
100 280
100 37
100 168
100 2
100 20
100 2
100 426
100 346
100 316
100 487
100 13
100 126
100 431
100 194
100 155
100 416
100 68
100 99
100 453
100 156
100 42
100 182
100 204
100 203
100 477
100 72
100 19
100 259
100 254
100 19
100 73
100 151
100 97
100 91
100 720
100 106
100 220
100 115
100 680
100 105
100 190
100 130
100 172
100 87
100 553
100 17
100 61
100 38
100 97
100 114
100 129
100 110
100 604
100 217
100 148
100 87
100 67
100 99
100 99
100 1
100 6
100 242
100 7
100 24
100 284
100 100
100 8
100 90
100 147
100 134
100 43
100 34
100 0
100 134
100 42
100 107
100 84
100 65
100 48
100 523
100 134
100 18
100 180
100 128
100 72
100 14
100 283
100 422
100 19
100 85
100 66
100 315
100 148
100 72
100 141
100 81
100 59
100 5
100 117
100 815
100 504
100 367
100 35
100 617
100 201
100 63
100 7
100 86
100 7
100 66
100 285
100 0
100 98
100 72
100 129
100 715
100 193
100 229
100 9
100 40
100 144
100 61
100 438
100 263
100 162
100 69
100 149
100 56
100 27
100 238
100 338
100 108
100 16
100 128
100 128
100 569
100 62
100 565
100 219
100 386
100 102
100 133
100 76
100 59
100 65
100 520
100 193
100 485
100 119
100 158
100 105
100 342
100 204
100 51
100 209
100 228
100 219
100 10
100 163
100 152
100 88
100 192
100 65
100 125
100 281
100 506
100 37
100 287
100 244
100 133
100 604
100 4
100 31
100 153
100 341
100 174
100 480
100 343
100 170
100 541
100 447
100 67
100 559
100 60
100 242
100 67
100 223
100 83
100 117
100 170
100 45
100 48
100 204
100 305
100 90
100 33
100 57
100 3
100 16
100 388
100 100
100 79
100 26
100 376
100 161
100 357
100 452
100 12
100 118
100 372
100 121
100 24
100 348
100 69
100 472
100 616
100 93
100 131
100 335
100 218
100 168
100 287
100 191
100 28
100 33
100 81
100 314
100 620
100 21
100 501
100 739
100 833
100 752
100 365
100 46
100 92
100 4
100 280
100 176
100 14
100 105
100 32
100 229
100 24
100 181
100 529
100 185
100 4
100 100
100 274
100 85
100 57
100 189
100 26
100 146
100 66
100 60
100 468
100 1483
100 170
100 229
100 44
100 607
100 2
100 209
100 259
100 17
100 67
100 93
100 564
100 64
100 121
100 5
100 4
100 650
100 98
100 28
100 170
100 7
100 2
100 293
100 152
100 177
100 1
100 93
100 541
100 221
100 40
100 200
100 32
100 157
100 340
100 177
100 7
100 428
100 544
100 24
100 135
100 143
100 768
100 89
100 292
100 58
100 155
100 67
100 476
100 92
100 87
100 403
100 109
100 82
100 527
100 277
100 260
100 412
100 2
100 171
100 12
100 9
100 27
100 64
100 297
100 209
100 284
100 177
100 488
100 45
100 543
100 286
100 75
100 30
100 320
100 137
100 298
100 159
100 31
100 329
100 223
100 294
100 117
100 281
100 24
100 148
100 5
100 10
100 9
100 170
100 130
100 435
100 234
100 13
100 493
100 2
100 485
100 365
100 139
100 51
100 464
100 116
100 216
100 274
100 24
100 174
100 151
100 36
100 162
100 33
100 505
100 20
100 71
100 61
100 47
100 162
100 753
100 298
100 93
100 53
100 429
100 32
100 19
100 431
100 317
100 247
100 33
100 78
100 465
100 125
100 201
100 84
100 78
100 126
100 72
100 79
100 107
100 172
100 139
100 91
100 194
100 108
100 156
100 62
100 46
100 17
100 272
100 171
100 8
100 903
100 64
100 40
100 23
100 32
100 123
100 1
100 560
100 213
100 92
100 67
100 280
100 156
100 178
100 52
100 141
100 3
100 338
100 189
100 480
100 194
100 130
100 8
100 215
100 81
100 100
100 22
100 75
100 320
100 29
100 445
100 531
100 11
100 17
100 83
100 120
100 69
100 140
100 231
100 63
100 932
100 19
100 158
100 36
100 63
100 152
100 7
100 22
100 26
100 47
100 388
100 65
100 800
100 209
100 134
100 265
100 52
100 185
100 120
100 62
100 10
100 5
100 26
100 84
100 52
100 312
100 16
100 228
100 163
100 188
100 47
100 116
100 91
100 187
100 765
100 191
100 227
100 133
100 132
100 12
100 18
100 310
100 187
100 393
100 167
100 252
100 139
100 65
100 205
100 43
100 158
100 272
100 95
100 6
100 329
100 10
100 47
100 438
100 186
100 30
100 23
100 223
100 64
100 84
100 208
100 62
100 93
100 17
100 192
100 199
100 310
100 285
100 39
100 77
100 186
100 48
100 4
100 32
100 39
100 437
100 21
100 242
100 2
100 10
100 194
100 11
100 220
100 6
100 124
100 309
100 122
100 20
100 56
100 238
100 121
100 15
100 474
100 108
100 72
100 43
100 36
100 97
100 25
100 103
100 1
100 86
100 316
100 96
100 115
100 285
100 72
100 132
100 189
100 5
100 25
100 14
100 770
100 155
100 50
100 83
100 83
100 148
100 185
100 65
100 65
100 80
100 222
100 497
100 125
100 416
100 185
100 35
100 543
100 18
100 582
100 166
100 101
100 72
100 11
100 29
100 569
100 22
100 51
100 3
100 66
100 195
100 234
100 379
100 173
100 226
100 180
100 77
100 45
100 51
100 11
100 68
100 416
100 109
100 54
100 367
100 103
100 268
100 376
100 9
100 223
100 151
100 435
100 30
100 278
100 129
100 108
100 45
100 313
100 14
100 73
100 65
100 30
100 4
100 242
100 114
100 549
100 75
100 10
100 39
100 2
100 179
100 270
100 17
100 73
100 77
100 356
100 28
100 15
100 136
100 488
100 97
100 179
100 270
100 126
100 352
100 78
100 43
100 155
100 30
100 167
100 39
100 341
100 181
100 140
100 126
100 192
100 65
100 650
100 22
100 15
100 44
100 34
100 368
100 155
100 90
100 36
100 147
100 33
100 177
100 60
100 124
100 410
100 264
100 210
100 299
100 26
100 4
100 256
100 35
100 68
100 718
100 37
100 151
100 243
100 72
100 361
100 217
100 168
100 118
100 473
100 249
100 72
100 1
100 225
100 96
100 195
100 176
100 91
100 5
100 83
100 8
100 65
100 53
100 7
100 187
100 181
100 17
100 444
100 72
100 969
100 100
100 47
100 32
100 41
100 33
100 29
100 41
100 50
100 177
100 254
100 133
100 156
100 390
100 45
100 118
100 37
100 9
100 176
100 549
100 151
100 35
100 153
100 183
100 841
100 58
100 5
100 788
100 553
100 265
100 104
100 114
100 172
100 3
100 58
100 55
100 99
100 47
100 403
100 7
100 152
100 290
100 62
100 387
100 77
100 221
100 125
100 20
100 127
100 438
100 388
100 256
100 20
100 104
100 82
100 213
100 546
100 367
100 100
100 165
100 134
100 79
100 97
100 144
100 142
100 491
100 103
100 458
100 363
100 120
100 751
100 157
100 73
100 300
100 126
100 397
100 37
100 82
100 227
100 86
100 65
100 421
100 109
100 29
100 30
100 745
100 31
100 127
100 229
100 273
100 539
100 214
100 122
100 71
100 277
100 57
100 34
100 99
100 46
100 208
100 67
100 144
100 208
100 410
100 57
100 13
100 75
100 111
100 21
100 57
100 161
100 506
100 11
100 307
100 158
100 97
100 224
100 268
100 32
100 8
100 219
100 40
100 266
100 181
100 121
100 316
100 60
100 168
100 122
100 83
100 153
100 152
100 228
100 36
100 245
100 55
100 1
100 182
100 162
100 340
100 54
100 82
100 622
100 382
100 108
100 5
100 106
100 365
100 90
100 176
100 203
100 95
100 148
100 31
100 75
100 61
100 41
100 24
100 780
100 19
100 109
100 2
100 160
100 468
100 227
100 75
100 64
100 606
100 22
100 348
100 61
100 112
100 229
100 282
100 48
100 233
100 314
100 195
100 175
100 29
100 51
100 45
100 22
100 198
100 26
100 54
100 11
100 326
100 263
100 92
100 30
100 412
100 66
100 157
100 5
100 100
100 318
100 232
100 314
100 503
100 46
100 250
100 35
100 152
100 104
100 100
100 638
100 17
100 394
100 239
100 339
100 16
100 776
100 99
100 80
100 204
100 18
100 6
100 186
100 70
100 280
100 19
100 16
100 219
100 26
100 313
100 518
100 86
100 170
100 302
100 55
100 108
100 11
100 12
100 371
100 68
100 408
100 379
100 6
100 15
100 9
100 121
100 326
100 35
100 5
100 36
100 190
100 48
100 88
100 85
100 158
100 720
100 57
100 119
100 10
100 100
100 52
100 89
100 9
100 23
100 145
100 27
100 63
100 66
100 186
100 47
100 153
100 245
100 377
100 255
100 67
100 54
100 150
100 38
100 88
100 76
100 628
100 8
100 23
100 237
100 65
100 203
100 272
100 85
100 16
100 217
100 42
100 304
100 603
100 188
100 102
100 254
100 261
100 156
100 152
100 414
100 231
100 172
100 172
100 51
100 491
100 98
100 4
100 366
100 206
100 124
100 20
100 142
100 110
100 20
100 493
100 24
100 5
100 67
100 259
100 103
100 263
100 26
100 28
100 61
100 148
100 102
100 275
100 44
100 50
100 354
100 453
100 35
100 41
100 51
100 59
100 73
100 69
100 138
100 164
100 22
100 45
100 14
100 914
100 134
100 111
100 133
100 8
100 129
100 26
100 44
100 21
100 186
100 3
100 278
100 7
100 189
100 342
100 94
100 3
100 87
100 51
100 65
100 39
100 293
100 209
100 281
100 368
100 23
100 213
100 191
100 44
100 111
100 10
100 455
100 50
100 64
100 828
100 19
100 33
100 62
100 191
100 1
100 123
100 55
100 289
100 47
100 179
100 56
100 331
100 206
100 215
100 64
100 310
100 219
100 22
100 84
100 256
100 254
100 403
100 13
100 295
100 300
100 16
100 494
100 330
100 181
100 518
100 37
100 46
100 9
100 127
100 159
100 589
100 1052
100 42
100 34
100 148
100 26
100 99
100 1
100 505
100 380
100 25
100 10
100 72
100 189
100 650
100 157
100 243
100 280
100 25
100 545
100 15
100 124
100 3
100 136
100 33
100 157
100 503
100 92
100 202
100 112
100 78
100 65
100 375
100 58
100 8
100 32
100 309
100 138
100 41
100 71
100 152
100 172
100 258
100 97
100 22
100 55
100 465
100 80
100 29
100 28
100 140
100 299
100 346
100 108
100 133
100 160
100 144
100 164
100 174
100 371
100 42
100 142
100 44
100 269
100 9
100 18
100 61
100 315
100 92
100 310
100 152
100 320
100 55
100 172
100 211
100 186
100 632
100 55
100 177
100 634
100 155
100 136
100 45
100 80
100 255
100 85
100 318
100 114
100 85
100 34
100 53
100 96
100 107
100 324
100 110
100 184
100 70
100 147
100 428
100 176
100 346
100 112
100 56
100 650
100 136
100 35
100 331
100 42
100 26
100 100
100 32
100 29
100 8
100 59
100 64
100 33
100 1083
100 1
100 382
100 173
100 143
100 27
100 7
100 364
100 171
100 169
100 102
100 147
100 593
100 21
100 97
100 268
100 496
100 262
100 76
100 649
100 72
100 120
100 343
100 125
100 375
100 78
100 582
100 173
100 17
100 91
100 124
100 3
100 98
100 203
100 249
100 57
100 127
100 23
100 168
100 73
100 36
100 438
100 252
100 156
100 21
100 143
100 393
100 137
100 102
100 224
100 533
100 128
100 120
100 37
100 217
100 169
100 159
100 702
100 862
100 116
100 186
100 24
100 168
100 63
100 61
100 262
100 3
100 38
100 227
100 48
100 87
100 199
100 37
100 97
100 276
100 119
100 108
100 239
100 21
100 67
100 63
100 48
100 289
100 333
100 262
100 274
100 163
100 24
100 420
100 656
100 615
100 178
100 11
100 314
100 76
100 1
100 2
100 24
100 409
100 137
100 9
100 84
100 55
100 262
100 83
100 302
100 8
100 262
100 27
100 190
100 16
100 416
100 637
100 504
100 167
100 95
100 422
100 92
100 126
100 27
100 368
100 6
100 127
100 125
100 202
100 6
100 95
100 201
100 14
100 74
100 71
100 10
100 225
100 86
100 76
100 26
100 131
100 3
100 34
100 15
100 41
100 199
100 97
100 30
100 254
100 91
100 52
100 11
100 1
100 337
100 254
100 44
100 623
100 523
100 170
100 66
100 68
100 179
100 457
100 8
100 202
100 32
100 222
100 508
100 24
100 111
100 711
100 24
100 85
100 112
100 243
100 372
100 310
100 51
100 139
100 106
100 147
100 37
100 26
100 20
100 12
100 63
100 20
100 180
100 445
100 20
100 28
100 161
100 262
100 277
100 16
100 382
100 152
100 22
100 43
100 123
100 336
100 323
100 35
100 407
100 344
100 151
100 166
100 22
100 33
100 42
100 47
100 362
100 35
100 50
100 375
100 188
100 236
100 102
100 47
100 176
100 0
100 3
100 115
100 317
100 302
100 111
100 476
100 114
100 246
100 346
100 183
100 143
100 83
100 7
100 199
100 287
100 293
100 468
100 7
100 147
100 54
100 74
100 115
100 2
100 462
100 114
100 300
100 32
100 5
100 106
100 66
100 244
100 182
100 60
100 162
100 44
100 256
100 577
100 19
100 63
100 28
100 68
100 2
100 32
100 7
100 30
100 212
100 63
100 94
100 183
100 35
100 82
100 47
100 179
100 300
100 18
100 202
100 285
100 162
100 277
100 725
100 325
100 242
100 54
100 226
100 243
100 27
100 208
100 1
100 202
100 16
100 5
100 20
100 77
100 217
100 67
100 7
100 151
100 126
100 502
100 5
100 216
100 65
100 193
100 105
100 229
100 10
100 144
100 656
100 24
100 148
100 185
100 180
100 16
100 300
100 363
100 29
100 82
100 40
100 218
100 250
100 158
100 214
100 514
100 14
100 65
100 154
100 130
100 290
100 58
100 62
100 181
100 209
100 115
100 174
100 6
100 100
100 7
100 4
100 59
100 118
100 30
100 396
100 430
100 57
100 202
100 90
100 222
100 117
100 35
100 121
100 13
100 333
100 30
100 27
100 121
100 11
100 444
100 200
100 36
100 314
100 24
100 53
100 31
100 183
100 222
100 342
100 675
100 222
100 750
100 11
100 63
100 100
100 39
100 67
100 32
100 252
100 151
100 32
100 398
100 1
100 190
100 112
100 6
100 15
100 73
100 2
100 131
100 79
100 310
100 491
100 57
100 108
100 8
100 281
100 8
100 506
100 307
100 1
100 88
100 111
100 110
100 322
100 90
100 26
100 198
100 228
100 213
100 318
100 116
100 3
100 122
100 15
100 26
100 340
100 119
100 129
100 90
100 133
100 98
100 24
100 107
100 93
100 39
100 13
100 59
100 118
100 136
100 203
100 158
100 50
100 452
100 4
100 100
100 122
100 198
100 156
100 265
100 16
100 141
100 251
100 14
100 88
100 273
100 279
100 147
100 58
100 0
100 77
100 23
100 150
100 286
100 270
100 358
100 40
100 12
100 167
100 582
100 43
100 272
100 410
100 110
100 42
100 76
100 623
100 8
100 99
100 525
100 325
100 72
100 133
100 61
100 40
100 6
100 60
100 88
100 361
100 117
100 174
100 7
100 66
100 175
100 171
100 3
100 258
100 113
100 39
100 225
100 446
100 99
100 50
100 376
100 93
100 227
100 762
100 443
100 33
100 135
100 165
100 133
100 271
100 91
100 8
100 103
100 11
100 33
100 518
100 1
100 300
100 92
100 120
100 19
100 85
100 29
100 57
100 81
100 216
100 256
100 107
100 27
100 130
100 55
100 423
100 18
100 61
100 13
100 87
100 103
100 59
100 54
100 0
100 285
100 61
100 252
100 230
100 9
100 11
100 9
100 50
100 186
100 164
100 56
100 44
100 21
100 166
100 122
100 11
100 363
100 147
100 35
100 17
100 209
100 213
100 161
100 198
100 240
100 109
100 299
100 1
100 172
100 143
100 19
100 39
100 246
100 100
100 267
100 45
100 304
100 30
100 138
100 199
100 42
100 43
100 422
100 311
100 534
100 57
100 26
100 187
100 318
100 209
100 69
100 113
100 46
100 134
100 188
100 1
100 23
100 54
100 115
100 98
100 303
100 216
100 136
100 21
100 319
100 251
100 64
100 225
100 55
100 209
100 39
100 297
100 109
100 181
100 128
100 18
100 337
100 51
100 359
100 88
100 66
100 420
100 31
100 46
100 79
100 145
100 89
100 81
100 10
100 31
100 392
100 302
100 339
100 169
100 249
100 88
100 118
100 79
100 354
100 192
100 124
100 476
100 30
100 1
100 13
100 1
100 141
100 261
100 197
100 4
100 15
100 324
100 14
100 6
100 58
100 317
100 64
100 77
100 430
100 58
100 127
100 243
100 335
100 9
100 31
100 191
100 4
100 91
100 51
100 89
100 170
100 10
100 69
100 29
100 63
100 69
100 53
100 169
100 130
100 84
100 124
100 8
100 153
100 87
100 182
100 51
100 99
100 179
100 242
100 260
100 154
100 71
100 339
100 459
100 188
100 389
100 35
100 36
100 136
100 75
100 106
100 58
100 637
100 93
100 609
100 41
100 2
100 96
100 266
100 185
100 709
100 1
100 158
100 105
100 162
100 207
100 41
100 307
100 598
100 237
100 14
100 510
100 385
100 131
100 153
100 562
100 13
100 39
100 38
100 177
100 98
100 21
100 213
100 225
100 320
100 229
100 39
100 390
100 207
100 169
100 312
100 79
100 68
100 121
100 97
100 134
100 256
100 18
100 15
100 225
100 91
100 120
100 12
100 57
100 2
100 6
100 151
100 38
100 301
100 419
100 63
100 112
100 96
100 47
100 10
100 213
100 350
100 43
100 126
100 254
100 165
100 56
100 368
100 39
100 197
100 339
100 327
100 57
100 403
100 435
100 20
100 55
100 30
100 186
100 102
100 286
100 130
100 214
100 83
100 168
100 4
100 334
100 281
100 280
100 141
100 92
100 298
100 85
100 151
100 402
100 142
100 496
100 204
100 59
100 407
100 435
100 446
100 706
100 44
100 33
100 42
100 9
100 72
100 145
100 232
100 162
100 109
100 14
100 382
100 118
100 210
100 117
100 265
100 135
100 50
100 34
100 87
100 50
100 140
100 68
100 18
100 795
100 140
100 49
100 1
100 118
100 72
100 135
100 407
100 240
100 86
100 248
100 34
100 3
100 56
100 9
100 82
100 149
100 173
100 154
100 90
100 15
100 108
100 37
100 73
100 133
100 34
100 132
100 140
100 183
100 702
100 353
100 60
100 265
100 101
100 815
100 204
100 326
100 22
100 93
100 43
100 246
100 59
100 32
100 189
100 180
100 185
100 187
100 7
100 126
100 128
100 154
100 621
100 40
100 176
100 158
100 271
100 570
100 83
100 224
100 94
100 338
100 136
100 2
100 10
100 427
100 376
100 38
100 110
100 218
100 105
100 5
100 205
100 127
100 94
100 89
100 41
100 68
100 6
100 476
100 339
100 281
100 61
100 141
100 71
100 50
100 2
100 78
100 113
100 161
100 151
100 185
100 505
100 486
100 228
100 91
100 319
100 184
100 127
100 64
100 70
100 652
100 13
100 108
100 31
100 145
100 49
100 55
100 383
100 38
100 184
100 97
100 138
100 45
100 26
100 24
100 319
100 268
100 104
100 161
100 14
100 164
100 172
100 218
100 446
100 44
100 348
100 320
100 83
100 110
100 139
100 22
100 201
100 139
100 221
100 404
100 109
100 121
100 28
100 136
100 628
100 53
100 77
100 172
100 278
100 118
100 249
100 2
100 174
100 205
100 99
100 171
100 195
100 109
100 56
100 26
100 31
100 229
100 265
100 96
100 15
100 49
100 215
100 10
100 113
100 97
100 35
100 504
100 15
100 101
100 25
100 126
100 9
100 38
100 72
100 6
100 165
100 123
100 96
100 32
100 31
100 53
100 37
100 472
100 643
100 77
100 302
100 122
100 312
100 53
100 159
100 414
100 254
100 68
100 60
100 50
100 331
100 5
100 37
100 317
100 101
100 568
100 267
100 26
100 159
100 41
100 424
100 337
100 318
100 40
100 159
100 16
100 225
100 95
100 19
100 133
100 345
100 52
100 101
100 112
100 13
100 148
100 201
100 265
100 338
100 292
100 59
100 7
100 672
100 746
100 156
100 9
100 23
100 15
100 7
100 706
100 1
100 195
100 156
100 54
100 70
100 636
100 30
100 371
100 45
100 5
100 124
100 80
100 217
100 11
100 67
100 49
100 52
100 133
100 131
100 187
100 384
100 718
100 24
100 11
100 165
100 14
100 25
100 367
100 31
100 652
100 427
100 139
100 243
100 100
100 2
100 6
100 63
100 148
100 107
100 87
100 71
100 79
100 220
100 61
100 121
100 347
100 137
100 105
100 191
100 193
100 145
100 35
100 312
100 29
100 208
100 81
100 49
100 219
100 276
100 98
100 110
100 76
100 149
100 103
100 211
100 415
100 131
100 84
100 150
100 36
100 48
100 39
100 745
100 30
100 161
100 31
100 154
100 189
100 475
100 296
100 43
100 77
100 218
100 395
100 335
100 35
100 255
100 524
100 534
100 15
100 23
100 16
100 18
100 105
100 493
100 6
100 285
100 21
100 88
100 297
100 52
100 30
100 12
100 461
100 84
100 66
100 109
100 151
100 72
100 197
100 329
100 204
100 3
100 7
100 42
100 54
100 32
100 18
100 30
100 18
100 5
100 5
100 472
100 119
100 126
100 20
100 81
100 345
100 84
100 13
100 266
100 22
100 184
100 97
100 10
100 132
100 78
100 66
100 351
100 117
100 259
100 3
100 227
100 10
100 465
100 134
100 462
100 365
100 137
100 107
100 206
100 327
100 109
100 55
100 15
100 160
100 143
100 249
100 17
100 297
100 106
100 10
100 54
100 127
100 119
100 282
100 207
100 455
100 53
100 133
100 16
100 163
100 35
100 6
100 141
100 1
100 261
100 202
100 271
100 213
100 212
100 140
100 59
100 389
100 52
100 10
100 255
100 264
100 182
100 271
100 86
100 142
100 43
100 484
100 110
100 186
100 316
100 53
100 31
100 25
100 245
100 132
100 34
100 17
100 154
100 281
100 102
100 93
100 90
100 52
100 182
100 240
100 51
100 114
100 115
100 8
100 192
100 212
100 39
100 483
100 40
100 277
100 267
100 389
100 203
100 133
100 43
100 61
100 58
100 141
100 392
100 342
100 320
100 335
100 36
100 270
100 145
100 79
100 21
100 8
100 252
100 209
100 93
100 16
100 135
100 43
100 347
100 154
100 165
100 59
100 208
100 68
100 242
100 71
100 29
100 187
100 286
100 263
100 20
100 184
100 27
100 91
100 61
100 54
100 127
100 236
100 59
100 281
100 488
100 235
100 43
100 122
100 79
100 205
100 147
100 450
100 37
100 6
100 23
100 109
100 111
100 20
100 105
100 18
100 1012
100 166
100 48
100 191
100 32
100 227
100 403
100 304
100 0
100 269
100 31
100 49
100 223
100 113
100 211
100 261
100 261
100 306
100 65
100 16
100 22
100 383
100 790
100 311
100 70
100 95
100 302
100 96
100 11
100 35
100 176
100 35
100 19
100 124
100 21
100 91
100 80
100 75
100 528
100 59
100 69
100 80
100 237
100 176
100 74
100 29
100 100
100 40
100 40
100 172
100 467
100 176
100 270
100 122
100 148
100 122
100 150
100 233
100 50
100 112
100 24
100 56
100 199
100 54
100 157
100 54
100 175
100 73
100 314
100 13
100 97
100 608
100 321
100 357
100 93
100 16
100 87
100 113
100 246
100 122
100 574
100 278
100 15
100 81
100 60
100 22
100 66
100 52
100 289
100 114
100 29
100 43
100 178
100 98
100 4
100 187
100 201
100 101
100 43
100 21
100 48
100 276
100 252
100 496
100 275
100 65
100 49
100 90
100 152
100 2
100 298
100 36
100 273
100 201
100 52
100 133
100 464
100 43
100 87
100 246
100 281
100 84
100 4
100 239
100 34
100 23
100 36
100 103
100 229
100 68
100 17
100 793
100 482
100 334
100 238
100 291
100 70
100 21
100 0
100 216
100 30
100 116
100 419
100 116
100 37
100 42
100 14
100 10
100 143
100 40
100 0
100 58
100 105
100 11
100 43
100 111
100 255
100 165
100 0
100 513
100 240
100 316
100 12
100 432
100 107
100 205
100 64
100 15
100 158
100 276
100 181
100 241
100 28
100 416
100 13
100 87
100 318
100 127
100 323
100 224
100 330
100 173
100 63
100 109
100 119
100 33
100 147
100 244
100 238
100 97
100 15
100 298
100 100
100 78
100 74
100 289
100 184
100 183
100 3
100 379
100 91
100 59
100 276
100 183
100 20
100 13
100 514
100 47
100 181
100 36
100 296
100 90
100 59
100 22
100 6
100 98
100 50
100 126
100 30
100 276
100 99
100 156
100 42
100 388
100 9
100 52
100 57
100 217
100 102
100 343
100 312
100 296
100 382
100 19
100 15
100 319
100 174
100 83
100 147
100 13
100 22
100 113
100 229
100 224
100 279
100 100
100 23
100 132
100 11
100 245
100 243
100 80
100 777
100 112
100 36
100 94
100 82
100 18
100 307
100 56
100 164
100 56
100 63
100 255
100 0
100 91
100 532
100 101
100 20
100 212
100 54
100 9
100 576
100 204
100 46
100 150
100 121
100 27
100 97
100 8
100 561
100 83
100 115
100 97
100 56
100 9
100 669
100 19
100 46
100 146
100 374
100 278
100 223
100 11
100 369
100 30
100 84
100 417
100 281
100 75
100 216
100 253
100 84
100 142
100 22
100 308
100 63
100 138
100 42
100 78
100 62
100 409
100 75
100 162
100 491
100 53
100 36
100 718
100 137
100 71
100 11
100 97
100 166
100 388
100 379
100 4
100 158
100 258
100 381
100 51
100 20
100 216
100 94
100 53
100 285
100 467
100 368
100 402
100 637
100 110
100 74
100 199
100 150
100 315
100 315
100 161
100 90
100 8
100 0
100 34
100 329
100 185
100 418
100 240
100 463
100 165
100 204
100 319
100 186
100 510
100 101
100 47
100 189
100 45
100 112
100 18
100 161
100 115
100 13
100 269
100 694
100 342
100 165
100 354
100 224
100 35
100 340
100 15
100 206
100 30
100 364
100 106
100 9
100 112
100 74
100 48
100 136
100 44
100 162
100 341
100 19
100 296
100 566
100 2
100 98
100 36
100 288
100 102
100 50
100 211
100 1
100 114
100 145
100 86
100 433
100 395
100 43
100 40
100 274
100 150
100 36
100 79
100 364
100 525
100 24
100 282
100 2
100 211
100 124
100 399
100 104
100 157
100 203
100 444
100 26
100 237
100 144
100 65
100 31
100 426
100 268
100 76
100 258
100 91
100 602
100 36
100 185
100 262
100 12
100 62
100 20
100 83
100 65
100 687
100 241
100 38
100 310
100 131
100 155
100 103
100 256
100 52
100 131
100 26
100 170
100 60
100 330
100 6
100 38
100 76
100 484
100 42
100 108
100 118
100 311
100 47
100 228
100 347
100 364
100 827
100 82
100 57
100 130
100 24
100 29
100 5
100 188
100 147
100 33
100 238
100 162
100 112
100 157
100 258
100 575
100 161
100 22
100 42
100 86
100 389
100 11
100 15
100 269
100 359
100 348
100 277
100 55
100 213
100 257
100 78
100 22
100 102
100 164
100 458
100 145
100 599
100 138
100 31
100 102
100 381
100 682
100 9
100 369
100 91
100 41
100 166
100 111
100 88
100 242
100 106
100 102
100 187
100 78
100 84
100 105
100 114
100 39
100 90
100 180
100 238
100 78
100 146
100 164
100 101
100 22
100 75
100 173
100 88
100 0
100 49
100 32
100 172
100 19
100 18
100 39
100 93
100 59
100 340
100 58
100 204
100 215
100 581
100 62
100 187
100 119
100 469
100 394
100 378
100 4
100 201
100 1093
100 206
100 15
100 260
100 148
100 44
100 37
100 157
100 414
100 11
100 14
100 469
100 54
100 27
100 85
100 22
100 326
100 102
100 70
100 209
100 44
100 109
100 11
100 69
100 42
100 95
100 40
100 52
100 217
100 64
100 355
100 205
100 150
100 217
100 311
100 153
100 55
100 197
100 183
100 59
100 43
100 98
100 45
100 216
100 307
100 171
100 3
100 299
100 235
100 81
100 76
100 29
100 189
100 61
100 195
100 178
100 275
100 4
100 76
100 53
100 36
100 158
100 165
100 249
100 68
100 54
100 325
100 215
100 82
100 230
100 32
100 193
100 258
100 44
100 987
100 0
100 87
100 314
100 159
100 24
100 181
100 80
100 124
100 342
100 157
100 179
100 127
100 42
100 233
100 61
100 90
100 218
100 174
100 33
100 433
100 37
100 53
100 3
100 205
100 103
100 175
100 48
100 145
100 114
100 329
100 26
100 74
100 101
100 8
100 107
100 209
100 265
100 671
100 135
100 59
100 19
100 310
100 176
100 345
100 193
100 17
100 168
100 31
100 46
100 162
100 14
100 23
100 99
100 26
100 76
100 32
100 79
100 145
100 93
100 368
100 127
100 74
100 256
100 118
100 2
100 72
100 19
100 57
100 31
100 47
100 174
100 229
100 308
100 502
100 55
100 269
100 74
100 3
100 291
100 291
100 72
100 120
100 217
100 470
100 152
100 128
100 433
100 67
100 170
100 105
100 373
100 233
100 4
100 40
100 41
100 87
100 312
100 259
100 107
100 2
100 223
100 247
100 470
100 24
100 162
100 27
100 58
100 61
100 164
100 39
100 62
100 247
100 264
100 39
100 32
100 63
100 128
100 6
100 52
100 117
100 39
100 14
100 28
100 513
100 110
100 52
100 82
100 70
100 176
100 38
100 58
100 14
100 407
100 79
100 71
100 101
100 24
100 466
100 74
100 14
100 33
100 14
100 25
100 132
100 79
100 0
100 653
100 143
100 13
100 13
100 156
100 4
100 15
100 264
100 15
100 383
100 421
100 21
100 0
100 166
100 162
100 76
100 299
100 100
100 112
100 9
100 216
100 10
100 214
100 118
100 308
100 73
100 972
100 24
100 1199
100 1
100 200
100 236
100 80
100 617
100 17
100 84
100 12
100 898
100 159
100 208
100 197
100 630
100 156
100 178
100 172
100 38
100 69
100 342
100 146
100 116
100 355
100 125
100 92
100 24
100 180
100 310
100 150
100 237
100 211
100 47
100 10
100 177
100 156
100 208
100 154
100 322
100 118
100 369
100 65
100 288
100 539
100 77
100 4
100 21
100 166
100 363
100 107
100 77
100 146
100 442
100 8
100 475
100 198
100 19
100 202
100 55
100 170
100 290
100 15
100 186
100 389
100 194
100 116
100 163
100 203
100 48
100 292
100 31
100 177
100 168
100 220
100 567
100 180
100 518
100 18
100 34
100 8
100 941
100 123
100 426
100 72
100 34
100 7
100 12
100 13
100 40
100 295
100 52
100 72
100 52
100 152
100 44
100 137
100 60
100 185
100 52
100 49
100 194
100 125
100 195
100 25
100 124
100 104
100 115
100 209
100 207
100 2
100 5
100 110
100 3
100 54
100 409
100 3
100 35
100 295
100 243
100 94
100 34
100 106
100 128
100 212
100 383
100 246
100 464
100 20
100 270
100 308
100 146
100 11
100 328
100 177
100 59
100 153
100 630
100 120
100 50
100 35
100 116
100 491
100 266
100 19
100 35
100 135
100 250
100 85
100 147
100 112
100 202
100 284
100 246
100 89
100 129
100 74
100 539
100 50
100 32
100 14
100 7
100 310
100 16
100 382
100 29
100 26
100 179
100 39
100 252
100 128
100 176
100 131
100 18
100 112
100 7
100 289
100 146
100 141
100 38
100 19
100 37
100 13
100 285
100 254
100 114
100 158
100 406
100 19
100 132
100 131
100 87
100 20
100 186
100 64
100 36
100 326
100 46
100 29
100 56
100 3
100 697
100 72
100 379
100 240
100 529
100 463
100 4
100 113
100 136
100 317
100 117
100 27
100 90
100 304
100 25
100 61
100 109
100 82
100 564
100 132
100 31
100 6
100 99
100 180
100 0
100 48
100 216
100 76
100 354
100 41
100 188
100 384
100 101
100 459
100 439
100 26
100 41
100 213
100 371
100 273
100 8
100 66
100 49
100 138
100 604
100 112
100 372
100 41
100 93
100 7
100 31
100 234
100 249
100 115
100 268
100 14
100 519
100 169
100 36
100 260
100 55
100 652
100 221
100 32
100 89
100 132
100 337
100 48
100 245
100 261
100 463
100 401
100 105
100 723
100 267
100 499
100 63
100 836
100 5
100 223
100 456
100 278
100 290
100 24
100 34
100 51
100 240
100 62
100 48
100 2
100 245
100 224
100 209
100 210
100 336
100 177
100 3
100 33
100 63
100 285
100 32
100 45
100 237
100 206
100 144
100 231
100 74
100 157
100 110
100 556
100 21
100 257
100 130
100 27
100 19
100 125
100 211
100 134
100 102
100 115
100 121
100 230
100 424
100 22
100 70
100 18
100 118
100 72
100 59
100 100
100 524
100 186
100 198
100 130
100 348
100 6
100 2
100 254
100 19
100 161
100 168
100 286
100 64
100 49
100 82
100 46
100 263
100 79
100 48
100 160
100 183
100 26
100 172
100 6
100 17
100 213
100 174
100 18
100 98
100 104
100 132
100 525
100 2
100 226
100 108
100 19
100 132
100 62
100 110
100 241
100 549
100 328
100 23
100 364
100 70
100 203
100 323
100 30
100 466
100 139
100 31
100 60
100 9
100 60
100 200
100 28
100 344
100 3
100 25
100 161
100 227
100 3
100 65
100 49
100 120
100 53
100 179
100 51
100 55
100 23
100 20
100 245
100 192
100 39
100 72
100 44
100 273
100 390
100 33
100 144
100 79
100 93
100 160
100 203
100 181
100 183
100 43
100 206
100 249
100 134
100 61
100 16
100 171
100 508
100 126
100 246
100 385
100 271
100 25
100 23
100 297
100 11
100 83
100 71
100 117
100 28
100 48
100 89
100 32
100 353
100 47
100 56
100 66
100 226
100 68
100 48
100 122
100 377
100 13
100 97
100 31
100 294
100 38
100 88
100 96
100 56
100 33
100 94
100 40
100 430
100 32
100 44
100 458
100 90
100 10
100 427
100 192
100 90
100 43
100 174
100 15
100 53
100 309
100 71
100 279
100 280
100 204
100 89
100 57
100 48
100 262
100 485
100 326
100 93
100 394
100 159
100 91
100 82
100 314
100 322
100 28
100 33
100 232
100 90
100 217
100 269
100 172
100 8
100 32
100 542
100 151
100 48
100 61
100 679
100 168
100 109
100 386
100 88
100 415
100 181
100 7
100 78
100 116
100 135
100 153
100 210
100 9
100 480
100 23
100 23
100 146
100 402
100 10
100 370
100 61
100 432
100 17
100 194
100 71
100 13
100 140
100 163
100 139
100 75
100 248
100 29
100 331
100 424
100 113
100 276
100 119
100 141
100 358
100 68
100 22
100 78
100 47
100 69
100 99
100 1
100 135
100 72
100 256
100 382
100 541
100 8
100 79
100 427
100 86
100 105
100 973
100 5
100 812
100 281
100 293
100 14
100 85
100 329
100 336
100 315
100 54
100 213
100 41
100 122
100 65
100 112
100 230
100 195
100 60
100 345
100 101
100 47
100 199
100 34
100 135
100 105
100 22
100 120
100 256
100 149
100 156
100 91
100 29
100 56
100 143
100 143
100 4
100 83
100 330
100 65
100 126
100 25
100 164
100 86
100 269
100 27
100 68
100 303
100 193
100 223
100 13
100 400
100 513
100 149
100 482
100 163
100 70
100 306
100 234
100 48
100 24
100 160
100 344
100 344
100 333
100 943
100 101
100 522
100 291
100 354
100 146
100 54
100 0
100 148
100 260
100 1
100 9
100 320
100 324
100 24
100 136
100 166
100 169
100 456
100 57
100 167
100 14
100 36
100 168
100 864
100 406
100 225
100 28
100 94
100 302
100 124
100 123
100 290
100 99
100 14
100 155
100 196
100 345
100 454
100 13
100 14
100 135
100 468
100 149
100 6
100 90
100 49
100 64
100 59
100 194
100 25
100 609
100 63
100 44
100 11
100 86
100 335
100 266
100 49
100 117
100 340
100 700
100 120
100 298
100 86
100 144
100 28
100 84
100 214
100 359
100 151
100 166
100 192
100 65
100 269
100 37
100 30
100 28
100 45
100 23
100 83
100 314
100 24
100 114
100 31
100 661
100 323
100 288
100 160
100 28
100 133
100 56
100 43
100 36
100 245
100 81
100 10
100 135
100 115
100 91
100 484
100 562
100 9
100 485
100 10
100 471
100 272
100 53
100 142
100 6
100 153
100 118
100 82
100 0
100 396
100 124
100 377
100 72
100 197
100 27
100 16
100 265
100 81
100 88
100 166
100 82
100 351
100 184
100 109
100 37
100 14
100 18
100 202
100 16
100 245
100 128
100 164
100 357
100 60
100 208
100 430
100 78
100 105
100 69
100 281
100 164
100 583
100 9
100 271
100 74
100 166
100 44
100 30
100 533
100 138
100 40
100 9
100 7
100 257
100 91
100 219
100 273
100 11
100 36
100 658
100 59
100 110
100 526
100 73
100 335
100 122
100 136
100 300
100 227
100 55
100 26
100 190
100 328
100 116
100 171
100 51
100 250
100 310
100 54
100 412
100 164
100 54
100 301
100 123
100 76
100 5
100 745
100 178
100 23
100 299
100 710
100 83
100 500
100 151
100 125
100 635
100 7
100 54
100 11
100 290
100 87
100 7
100 42
100 4
100 282
100 485
100 260
100 73
100 70
100 182
100 186
100 186
100 204
100 143
100 11
100 28
100 188
100 55
100 507
100 213
100 498
100 232
100 148
100 165
100 148
100 80
100 222
100 182
100 185
100 75
100 314
100 216
100 91
100 78
100 168
100 644
100 46
100 106
100 127
100 9
100 130
100 191
100 103
100 25
100 388
100 32
100 154
100 56
100 323
100 286
100 110
100 182
100 160
100 10
100 18
100 224
100 431
100 531
100 3
100 121
100 162
100 41
100 173
100 151
100 40
100 307
100 227
100 50
100 165
100 371
100 380
100 293
100 143
100 92
100 40
100 108
100 84
100 114
100 56
100 356
100 216
100 335
100 104
100 3
100 295
100 43
100 255
100 9
100 25
100 257
100 213
100 351
100 318
100 111
100 640
100 17
100 79
100 33
100 178
100 19
100 34
100 95
100 264
100 147
100 246
100 374
100 298
100 93
100 38
100 111
100 4
100 190
100 330
100 180
100 44
100 60
100 20
100 292
100 110
100 244
100 176
100 336
100 208
100 44
100 80
100 465
100 94
100 55
100 71
100 236
100 83
100 19
100 101
100 82
100 448
100 0
100 84
100 53
100 51
100 413
100 392
100 297
100 334
100 23
100 11
100 115
100 280
100 34
100 474
100 40
100 57
100 457
100 534
100 28
100 21
100 91
100 36
100 26
100 122
100 273
100 37
100 401
100 83
100 15
100 208
100 4
100 34
100 63
100 30
100 6
100 75
100 76
100 348
100 25
100 43
100 162
100 29
100 202
100 1
100 201
100 179
100 120
100 22
100 35
100 261
100 7
100 38
100 400
100 238
100 6
100 958
100 667
100 98
100 146
100 224
100 3
100 75
100 5
100 161
100 67
100 218
100 71
100 141
100 34
100 177
100 236
100 163
100 68
100 4
100 125
100 126
100 263
100 28
100 5
100 85
100 75
100 44
100 85
100 166
100 3
100 190
100 104
100 56
100 358
100 404
100 30
100 101
100 238
100 48
100 73
100 174
100 289
100 34
100 98
100 97
100 102
100 135
100 273
100 671
100 12
100 102
100 11
100 60
100 30
100 9
100 40
100 72
100 26
100 26
100 65
100 141
100 8
100 681
100 192
100 171
100 97
100 268
100 170
100 114
100 641
100 133
100 335
100 278
100 386
100 456
100 9
100 13
100 126
100 148
100 10
100 88
100 222
100 519
100 73
100 95
100 136
100 380
100 37
100 63
100 31
100 189
100 257
100 100
100 32
100 422
100 207
100 3
100 260
100 183
100 619
100 192
100 237
100 629
100 60
100 16
100 138
100 182
100 44
100 34
100 522
100 551
100 116
100 165
100 286
100 500
100 140
100 317
100 356
100 18
100 107
100 605
100 128
100 324
100 55
100 39
100 438
100 194
100 126
100 231
100 27
100 521
100 87
100 328
100 26
100 243
100 257
100 51
100 322
100 119
100 414
100 201
100 72
100 186
100 47
100 130
100 143
100 214
100 34
100 320
100 213
100 10
100 97
100 53
100 177
100 31
100 168
100 262
100 59
100 516
100 0
100 578
100 59
100 11
100 75
100 187
100 150
100 102
100 54
100 26
100 244
100 237
100 97
100 393
100 1233
100 6
100 387
100 209
100 18
100 30
100 217
100 375
100 30
100 177
100 261
100 3
100 329
100 23
100 228
100 72
100 20
100 107
100 6
100 153
100 148
100 96
100 290
100 152
100 35
100 43
100 233
100 202
100 396
100 243
100 160
100 487
100 321
100 78
100 13
100 25
100 299
100 75
100 4
100 58
100 210
100 75
100 149
100 360
100 55
100 3
100 41
100 30
100 335
100 130
100 151
100 157
100 113
100 1
100 179
100 41
100 262
100 269
100 607
100 102
100 607
100 77
100 120
100 156
100 408
100 152
100 155
100 14
100 988
100 25
100 478
100 408
100 51
100 114
100 202
100 84
100 163
100 50
100 323
100 125
100 163
100 147
100 117
100 130
100 172
100 1011
100 221
100 250
100 225
100 104
100 11
100 56
100 127
100 67
100 44
100 152
100 85
100 46
100 412
100 40
100 22
100 347
100 177
100 427
100 47
100 11
100 261
100 406
100 60
100 62
100 257
100 102
100 813
100 54
100 234
100 21
100 207
100 6
100 53
100 448
100 191
100 56
100 441
100 152
100 91
100 131
100 6
100 14
100 2
100 215
100 302
100 17
100 82
100 236
100 110
100 124
100 36
100 94
100 223
100 13
100 230
100 28
100 8
100 214
100 15
100 6
100 212
100 56
100 85
100 5
100 201
100 7
100 122
100 77
100 310
100 291
100 7
100 6
100 413
100 139
100 397
100 287
100 58
100 34
100 168
100 6
100 16
100 7
100 40
100 303
100 322
100 1046
100 117
100 6
100 88
100 400
100 342
100 128
100 40
100 31
100 28
100 94
100 12
100 122
100 35
100 54
100 100
100 119
100 37
100 18
100 40
100 53
100 80
100 155
100 104
100 11
100 529
100 20
100 319
100 43
100 182
100 5
100 617
100 56
100 201
100 144
100 223
100 131
100 184
100 468
100 224
100 655
100 9
100 18
100 10
100 28
100 148
100 137
100 63
100 319
100 173
100 10
100 91
100 529
100 594
100 222
100 94
100 21
100 32
100 359
100 101
100 50
100 26
100 363
100 481
100 265
100 362
100 81
100 17
100 237
100 26
100 325
100 30
100 200
100 6
100 73
100 377
100 220
100 47
100 98
100 40
100 212
100 10
100 360
100 50
100 543
100 808
100 283
100 19
100 614
100 289
100 332
100 39
100 23
100 169
100 433
100 304
100 31
100 267
100 113
100 26
100 101
100 305
100 111
100 21
100 31
100 140
100 117
100 47
100 96
100 179
100 253
100 70
100 702
100 181
100 8
100 53
100 38
100 244
100 39
100 110
100 38
100 333
100 140
100 24
100 8
100 62
100 133
100 133
100 104
100 130
100 13
100 92
100 249
100 67
100 155
100 181
100 162
100 44
100 167
100 237
100 240
100 66
100 330
100 86
100 87
100 210
100 220
100 241
100 16
100 176
100 4
100 99
100 433
100 4
100 97
100 487
100 364
100 213
100 78
100 952
100 191
100 21
100 17
100 219
100 124
100 54
100 254
100 17
100 98
100 44
100 65
100 17
100 252
100 76
100 60
100 67
100 420
100 151
100 476
100 289
100 41
100 201
100 132
100 308
100 238
100 7
100 452
100 104
100 209
100 91
100 357
100 54
100 269
100 102
100 280
100 151
100 386
100 187
100 18
100 44
100 763
100 6
100 58
100 158
100 1
100 12
100 73
100 773
100 295
100 164
100 92
100 33
100 106
100 79
100 909
100 26
100 41
100 179
100 104
100 289
100 249
100 865
100 18
100 99
100 221
100 339
100 21
100 232
100 677
100 29
100 243
100 16
100 26
100 222
100 110
100 78
100 186
100 42
100 36
100 66
100 165
100 56
100 213
100 163
100 60
100 126
100 228
100 1082
100 341
100 34
100 20
100 369
100 135
100 228
100 8
100 82
100 289
100 146
100 87
100 12
100 41
100 55
100 95
100 11
100 82
100 46
100 50
100 88
100 159
100 98
100 1
100 68
100 112
100 2
100 51
100 12
100 86
100 103
100 508
100 433
100 16
100 4
100 166
100 36
100 55
100 88
100 136
100 111
100 138
100 39
100 213
100 42
100 99
100 53
100 591
100 49
100 142
100 87
100 1337
100 705
100 118
100 602
100 11
100 64
100 95
100 88
100 531
100 97
100 89
100 9
100 32
100 478
100 124
100 508
100 513
100 132
100 99
100 1076
100 36
100 36
100 52
100 31
100 49
100 451
100 34
100 432
100 23
100 41
100 87
100 334
100 183
100 146
100 665
100 91
100 123
100 413
100 88
100 5
100 525
100 133
100 90
100 111
100 107
100 51
100 177
100 244
100 120
100 297
100 139
100 270
100 71
100 310
100 68
100 106
100 15
100 40
100 141
100 133
100 115
100 41
100 134
100 159
100 688
100 38
100 89
100 724
100 239
100 5
100 32
100 262
100 204
100 109
100 180
100 152
100 90
100 103
100 306
100 52
100 133
100 70
100 225
100 70
100 531
100 70
100 477
100 454
100 11
100 179
100 240
100 203
100 87
100 401
100 285
100 158
100 10
100 21
100 7
100 41
100 82
100 363
100 71
100 0
100 186
100 22
100 187
100 31
100 221
100 16
100 295
100 368
100 43
100 52
100 287
100 114
100 149
100 225
100 155
100 135
100 68
100 46
100 147
100 190
100 152
100 51
100 104
100 4
100 429
100 63
100 76
100 70
100 244
100 136
100 402
100 20
100 286
100 303
100 432
100 225
100 271
100 58
100 72
100 179
100 164
100 710
100 83
100 89
100 44
100 0
100 20
100 350
100 12
100 166
100 131
100 79
100 102
100 12
100 121
100 199
100 271
100 14
100 380
100 167
100 375
100 113
100 98
100 95
100 226
100 813
100 31
100 170
100 247
100 15
100 360
100 82
100 65
100 60
100 178
100 327
100 18
100 61
100 328
100 93
100 592
100 235
100 1413
100 109
100 35
100 17
100 180
100 88
100 128
100 15
100 589
100 4
100 56
100 514
100 121
100 80
100 71
100 123
100 128
100 37
100 501
100 408
100 349
100 149
100 270
100 37
100 102
100 48
100 451
100 27
100 107
100 24
100 433
100 147
100 110
100 95
100 284
100 271
100 6
100 9
100 151
100 108
100 48
100 412
100 255
100 260
100 207
100 5
100 59
100 130
100 159
100 190
100 215
100 230
100 65
100 19
100 272
100 136
100 57
100 206
100 163
100 110
100 173
100 77
100 31
100 143
100 32
100 155
100 206
100 950
100 710
100 72
100 87
100 75
