100 879
100 2979
100 9383
100 2536
100 44
100 9536
100 15753
100 2838
100 6885
100 13721
100 5922
100 3687
100 1820
100 13093
100 13059
100 9050
100 750
100 7160
100 1715
100 1707
100 10159
100 8462
100 18594
100 13276
100 7045
100 1798
100 5173
100 17223
100 1107
100 1663
100 8344
100 7383
100 23602
100 7310
100 12133
100 19403
100 3471
100 735
100 5365
100 1275
100 1907
100 7887
100 2705
100 1708
100 1641
100 16924
100 501
100 2842
100 9930
100 5487
100 527
100 2073
100 1524
100 1137
100 4997
100 9742
100 1407
100 5931
100 5289
100 208
100 4897
100 929
100 5374
100 2423
100 2758
100 4535
100 274
100 4713
100 3132
100 874
100 10272
100 7285
100 2006
100 15789
100 2079
100 2938
100 2569
100 2202
100 4006
100 2429
100 14331
100 793
100 4491
100 5580
100 3220
100 2558
100 3925
100 72
100 5227
100 13922
100 6534
100 2302
100 11031
100 5212
100 1970
100 7085
100 3552
100 1112
100 8777
100 14314
100 3751
100 3444
100 1936
100 5132
100 707
100 5085
100 2115
100 191
100 1802
100 2671
100 351
100 14316
100 1346
100 3105
100 9276
100 2608
100 1409
100 1370
100 714
100 10793
100 16040
100 1401
100 2667
100 87
100 5585
100 1134
100 1099
100 1991
100 3564
100 2753
100 5832
100 3200
100 5050
100 3159
100 8541
100 6041
100 8505
100 718
100 1979
100 9053
100 448
100 3014
100 19815
100 110
100 4117
100 2291
100 4887
100 3722
100 2749
100 12798
100 303
100 6632
100 3137
100 3637
100 3316
100 2779
100 1343
100 6416
100 206
100 5542
100 4301
100 3833
100 4996
100 6088
100 1572
100 6059
100 244
100 5917
100 14588
100 1144
100 7954
100 10189
100 971
100 5486
100 4217
100 286
100 2186
100 6931
100 16493
100 692
100 2859
100 10429
100 5918
100 816
100 6575
100 1621
100 7073
100 16291
100 816
100 2439
100 3098
100 1166
100 26620
100 3843
100 1187
100 755
100 4508
100 4026
100 6246
100 3397
100 2677
100 4427
100 2536
100 4585
100 5386
100 7880
100 2632
100 4922
100 303
100 13765
100 21549
100 63
100 2065
100 2954
100 7620
100 3696
100 7637
100 87
100 9298
100 1442
100 1945
100 4442
100 3965
100 1787
100 5188
100 1805
100 6906
100 212
100 6301
100 3096
100 1569
100 349
100 670
100 293
100 4270
100 15143
100 6384
100 2281
100 6991
100 1416
100 7848
100 3936
100 2147
100 3789
100 1027
100 8494
100 10913
100 3897
100 7043
100 1611
100 8903
100 8040
100 14730
100 10059
100 2601
100 13235
100 4315
100 1414
100 1992
100 76
100 3635
100 3440
100 9694
100 4238
100 765
100 1726
100 9620
100 10841
100 3140
100 2734
100 10204
100 216
100 1996
100 2308
100 3892
100 2042
100 1916
100 1350
100 1259
100 1880
100 63
100 10627
100 966
100 504
100 102
100 999
100 14033
100 3327
100 2155
100 1574
100 2561
100 17447
100 4858
100 9935
100 6202
100 11548
100 2321
100 5145
100 768
100 10661
100 2013
100 8066
100 3404
100 2204
100 3837
100 2025
100 42023
100 5697
100 171
100 1123
100 423
100 3992
100 9595
100 241
100 13124
100 1798
100 208
100 9530
100 4365
100 7777
100 22272
100 9725
100 1772
100 2767
100 2593
100 2598
100 1082
100 9129
100 6756
100 659
100 2589
100 7015
100 217
100 249
100 501
100 4098
100 57
100 965
100 8389
100 12235
100 1791
100 945
100 3589
100 10211
100 4970
100 3295
100 13820
100 6285
100 3316
100 4808
100 513
100 1125
100 15111
100 8970
100 5244
100 15952
100 8970
100 1429
100 807
100 8208
100 1733
100 4263
100 1291
100 1223
100 4144
100 11559
100 78
100 2199
100 17977
100 6591
100 3719
100 2876
100 5647
100 387
100 6365
100 4943
100 1053
100 619
100 2715
100 154
100 30904
100 3126
100 22546
100 1724
100 4598
100 6492
100 3012
100 9986
100 4079
100 10138
100 342
100 957
100 3406
100 7881
100 1892
100 4566
100 1500
100 11279
100 2349
100 6472
100 763
100 14866
100 3292
100 56
100 3331
100 5208
100 3492
100 2736
100 382
100 6451
100 13663
100 222
100 102
100 9243
100 8227
100 772
100 4963
100 4806
100 1360
100 13105
100 265
100 4781
100 2245
100 452
100 2714
100 7328
100 6490
100 1490
100 10281
100 5381
100 1362
100 3139
100 9317
100 9467
100 228
100 8585
100 78
100 11540
100 2815
100 9917
100 6108
100 5726
100 9535
100 9206
100 6744
100 4303
100 10725
100 1980
100 324
100 5639
100 7966
100 310
100 5806
100 567
100 10671
100 4354
100 11052
100 6459
100 131
100 1867
100 5593
100 398
100 4671
100 20139
100 9083
100 11407
100 1517
100 4673
100 1478
100 1540
100 4422
100 8281
100 736
100 2274
100 10407
100 7187
100 6523
100 9155
100 3918
100 4211
100 928
100 8794
100 3113
100 70
100 521
100 16180
100 5467
100 1776
100 671
100 16327
100 3023
100 3748
100 7529
100 3309
100 3481
100 9388
100 4844
100 1014
100 9871
100 851
100 6248
100 2042
100 11367
100 5837
100 3761
100 2138
100 827
100 6451
100 8348
100 5366
100 1444
100 5289
100 755
100 676
100 2110
100 17091
100 3772
100 986
100 874
100 11365
100 392
100 5303
100 6467
100 5928
100 5204
100 6937
100 18734
100 13255
100 8799
100 667
100 4831
100 1014
100 4059
100 501
100 1833
100 185
100 1941
100 4032
100 5406
100 4475
100 2448
100 4642
100 705
100 222
100 558
100 2560
100 1126
100 6003
100 19874
100 9044
100 95
100 4324
100 91
100 586
100 3900
100 2362
100 2286
100 155
100 1138
100 16846
100 2285
100 5058
100 7975
100 17
100 1107
100 18639
100 5466
100 1323
100 3736
100 3269
100 4334
100 1425
100 4543
100 4125
100 258
100 2598
100 1550
100 233
100 1087
100 3274
100 3740
100 16341
100 2200
100 8686
100 497
100 9502
100 6920
100 2795
100 90
100 4839
100 7543
100 3554
100 5062
100 2466
100 1593
100 579
100 7955
100 3094
100 6235
100 4094
100 12628
100 9364
100 2672
100 211
100 2065
100 1130
100 3934
100 2185
100 946
100 1381
100 4927
100 1062
100 431
100 1440
100 2034
100 3776
100 10549
100 8576
100 6115
100 878
100 3576
100 5916
100 1183
100 5603
100 13731
100 23193
100 1155
100 9887
100 148
100 7125
100 964
100 4222
100 8270
100 22342
100 4325
100 377
100 17099
100 7559
100 8449
100 3115
100 275
100 841
100 1193
100 21576
100 5709
100 5515
100 974
100 1581
100 4353
100 931
100 24393
100 5697
100 1234
100 3114
100 13423
100 4373
100 3266
100 8978
100 8513
100 11033
100 2120
100 7976
100 5267
100 3839
100 8641
100 1091
100 11317
100 4556
100 2252
100 3754
100 3266
100 185
100 5310
100 2600
100 3325
100 3257
100 5226
100 16909
100 13250
100 1728
100 1324
100 7513
100 6313
100 64
100 4778
100 37
100 1194
100 9937
100 4036
100 1875
100 8613
100 4927
100 11862
100 50
100 14818
100 9217
100 15286
100 7551
100 8624
100 6707
100 1714
100 9830
100 6841
100 10289
100 9864
100 3901
100 15980
100 5073
100 1562
100 1012
100 6593
100 3326
100 17025
100 4148
100 4892
100 251
100 10126
100 8228
100 583
100 659
100 6908
100 3084
100 4650
100 16441
100 1184
100 1239
100 1907
100 12342
100 3477
100 17388
100 896
100 9736
100 8845
100 9411
100 3126
100 4862
100 7361
100 1608
100 816
100 26780
100 756
100 5204
100 191
100 1676
100 3029
100 7551
100 3127
100 13464
100 6930
100 710
100 1230
100 42
100 1053
100 9674
100 3708
100 449
100 5299
100 275
100 1915
100 2419
100 9360
100 3443
100 4009
100 4831
100 14097
100 1819
100 945
100 534
100 1418
100 5936
100 1199
100 615
100 4571
100 101
100 16773
100 14635
100 490
100 4781
100 3161
100 234
100 1249
100 3448
100 205
100 16149
100 15407
100 17041
100 4794
100 1558
100 3860
100 3296
100 1632
100 306
100 22370
100 270
100 5949
100 4822
100 500
100 31244
100 8006
100 160
100 6571
100 2534
100 1253
100 7075
100 2892
100 858
100 8814
100 5131
100 5205
100 3304
100 369
100 3012
100 2200
100 7401
100 3245
100 2712
100 2708
100 4238
100 4196
100 3263
100 4392
100 283
100 14781
100 2750
100 6382
100 2975
100 507
100 11010
100 11390
100 8167
100 2045
100 5687
100 5610
100 4786
100 4105
100 578
100 6376
100 4131
100 4145
100 3772
100 7550
100 6947
100 7875
100 5070
100 5321
100 6057
100 1021
100 5786
100 982
100 2934
100 5551
100 4549
100 3311
100 1612
100 1369
100 1213
100 6764
100 1427
100 1304
100 2058
100 615
100 3701
100 971
100 718
100 192
100 7834
100 8602
100 3277
100 1327
100 7365
100 70
100 11480
100 47
100 3311
100 702
100 535
100 2365
100 4667
100 2433
100 918
100 1006
100 24340
100 15322
100 5603
100 3519
100 1281
100 3250
100 7993
100 480
100 30322
100 3817
100 5459
100 649
100 16229
100 315
100 212
100 2762
100 7680
100 2301
100 547
100 3092
100 3512
100 4654
100 8024
100 772
100 9236
100 3333
100 14181
100 911
100 908
100 4236
100 4206
100 20611
100 3555
100 1153
100 24
100 1840
100 797
100 5992
100 4368
100 3593
100 1622
100 208
100 4078
100 9117
100 4249
100 15778
100 2085
100 4809
100 1427
100 2139
100 1091
100 8174
100 4839
100 581
100 19131
100 1015
100 619
100 3443
100 5954
100 1457
100 539
100 1294
100 228
100 373
100 5413
100 5688
100 828
100 1576
100 13626
100 1472
100 13571
100 2532
100 5373
100 2673
100 19965
100 13016
100 1901
100 3483
100 17184
100 3897
100 5294
100 3872
100 197
100 1554
100 1390
100 2824
100 748
100 13389
100 3275
100 10619
100 233
100 24770
100 12060
100 1231
100 7943
100 2574
100 1076
100 2797
100 1427
100 970
100 3550
100 8486
100 1439
100 10064
100 1351
100 11170
100 347
100 2720
100 266
100 541
100 1215
100 13741
100 9895
100 2364
100 4581
100 685
100 2066
100 3556
100 12770
100 1340
100 520
100 2615
100 10073
100 53
100 4693
100 1602
100 2205
100 1244
100 2889
100 7080
100 14064
100 14044
100 8709
100 3751
100 1065
100 79
100 6064
100 13881
100 23753
100 140
100 12485
100 3085
100 4104
100 27309
100 13594
100 12211
100 339
100 1689
100 215
100 2527
100 2598
100 3697
100 7048
100 341
100 1110
100 4778
100 8344
100 50
100 11445
100 797
100 10925
100 2743
100 8046
100 8092
100 3983
100 3028
100 338
100 403
100 2221
100 4691
100 1481
100 3728
100 5096
100 7730
100 4862
100 10747
100 361
100 2982
100 6736
100 2293
100 2814
100 2503
100 3595
100 978
100 8377
100 886
100 9940
100 426
100 21036
100 1455
100 3112
100 15868
100 8020
100 3086
100 12769
100 1492
100 6309
100 1143
100 1377
100 7911
100 1562
100 2273
100 1221
100 94
100 585
100 383
100 11856
100 8947
100 8806
100 9593
100 8287
100 1517
100 97
100 8561
100 2429
100 9235
100 6464
100 815
100 1074
100 5181
100 14586
100 9165
100 5860
100 581
100 13837
100 9756
100 3590
100 7966
100 3088
100 1438
100 4680
100 4640
100 8124
100 1826
100 5138
100 4719
100 895
100 808
100 4168
100 2529
100 4686
100 1855
100 16597
100 11053
100 869
100 13576
100 1007
100 4281
100 1548
100 16074
100 3500
100 487
100 4113
100 4918
100 398
100 2055
100 6899
100 3863
100 1475
100 1939
100 13424
100 1781
100 5945
100 8250
100 820
100 656
100 9269
100 220
100 5864
100 2129
100 17249
100 1684
100 233
100 1111
100 18155
100 395
100 638
100 18953
100 262
100 13322
100 4622
100 303
100 62
100 3247
100 219
100 3357
100 1472
100 418
100 1938
100 4000
100 454
100 3940
100 239
100 11301
100 6883
100 808
100 12759
100 10525
100 3723
100 8270
100 2849
100 953
100 4421
100 2862
100 3579
100 5532
100 167
100 1473
100 15081
100 2472
100 8726
100 2437
100 957
100 456
100 1339
100 1816
100 123
100 6723
100 5724
100 13375
100 15071
100 11574
100 4497
100 5063
100 3230
100 7500
100 4225
100 7792
100 4800
100 1587
100 468
100 2509
100 14959
100 442
100 2149
100 2389
100 2145
100 1004
100 4995
100 2346
100 18879
100 7111
100 1289
100 1691
100 8634
100 5225
100 4714
100 7798
100 1976
100 990
100 3624
100 16020
100 4888
100 15048
100 10724
100 14963
100 429
100 3943
100 2324
100 488
100 2336
100 684
100 8875
100 1458
100 214
100 2064
100 12768
100 3729
100 3330
100 3785
100 6437
100 1483
100 985
100 19
100 3344
100 1005
100 13948
100 5384
100 3525
100 2068
100 2181
100 1936
100 8254
100 1227
100 507
100 1657
100 3102
100 521
100 13638
100 1445
100 2668
100 18735
100 3353
100 3190
100 8338
100 2973
100 2191
100 4839
100 12728
100 4508
100 2748
100 839
100 8357
100 3210
100 2629
100 13119
100 9093
100 1872
100 250
100 5332
100 6706
100 4033
100 3151
100 164
100 4807
100 2151
100 4638
100 2887
100 5511
100 19404
100 5354
100 3128
100 4660
100 7645
100 4498
100 14910
100 1965
100 718
100 3788
100 1266
100 8280
100 521
100 4805
100 17588
100 1019
100 4850
100 89
100 559
100 9282
100 5757
100 11234
100 4412
100 734
100 1238
100 2290
100 5996
100 49
100 3843
100 776
100 1292
100 8114
100 5513
100 48
100 3011
100 4506
100 5907
100 8121
100 321
100 6853
100 2060
100 2632
100 19838
100 2364
100 4520
100 1273
100 6984
100 1251
100 563
100 5396
100 7437
100 11699
100 4623
100 1213
100 2045
100 1383
100 10884
100 6781
100 4779
100 2915
100 3475
100 678
100 1376
100 310
100 17491
100 6053
100 1838
100 1378
100 4741
100 321
100 7446
100 933
100 7797
100 187
100 3252
100 409
100 425
100 3277
100 3400
100 10038
100 7387
100 1312
100 2004
100 728
100 20244
100 10619
100 14737
100 1472
100 3931
100 1791
100 3532
100 2719
100 314
100 3278
100 2328
100 1604
100 655
100 4422
100 1384
100 16781
100 4495
100 107
100 6067
100 3414
100 1199
100 4065
100 2585
100 5033
100 1499
100 3007
100 17152
100 10473
100 2183
100 2767
100 4345
100 2140
100 2722
100 17890
100 1053
100 14935
100 12560
100 209
100 4982
100 1179
100 600
100 4572
100 2585
100 535
100 2082
100 14856
100 12672
100 3186
100 9354
100 8215
100 4421
100 3948
100 14691
100 5651
100 777
100 793
100 2700
100 855
100 7973
100 13625
100 5941
100 4104
100 6596
100 5734
100 6039
100 999
100 7543
100 3671
100 2582
100 14199
100 2420
100 2938
100 6390
100 13868
100 457
100 3666
100 3601
100 2099
100 6660
100 6359
100 5753
100 7283
100 4048
100 651
100 564
100 1732
100 1662
100 594
100 13560
100 5555
100 4519
100 3067
100 3749
100 2415
100 9487
100 14638
100 4782
100 5148
100 12372
100 10637
100 1131
100 7170
100 7215
100 1084
100 1931
100 1912
100 57
100 3284
100 10239
100 4859
100 379
100 3528
100 6029
100 64
100 4955
100 948
100 2292
100 5359
100 4643
100 2218
100 8137
100 1030
100 1866
100 607
100 507
100 3373
100 3900
100 1514
100 1340
100 2100
100 5320
100 2707
100 3850
100 11199
100 673
100 5033
100 385
100 1041
100 1044
100 7839
100 12169
100 5536
100 4237
100 4433
100 5352
100 1363
100 11060
100 5668
100 70
100 9575
100 6195
100 3569
100 1016
100 353
100 1245
100 6958
100 2917
100 2405
100 5520
100 1485
100 1883
100 2815
100 2256
100 2601
100 5605
100 4611
100 5792
100 33674
100 307
100 14498
100 1422
100 11680
100 6694
100 1283
100 734
100 1656
100 287
100 4489
100 4366
100 10440
100 1263
100 1840
100 3202
100 15265
100 1270
100 7565
100 1062
100 4190
100 2645
100 382
100 6155
100 7233
100 1417
100 1922
100 12088
100 2625
100 8501
100 420
100 1844
100 108
100 13819
100 3647
100 5969
100 6493
100 2518
100 356
100 3242
100 62
100 3296
100 1776
100 10990
100 228
100 4294
100 9798
100 13305
100 1482
100 1314
100 16628
100 12453
100 64
100 3999
100 1040
100 1375
100 2376
100 2564
100 5156
100 8923
100 17262
100 4695
100 3283
100 2260
100 8119
100 6628
100 1398
100 3178
100 16223
100 4171
100 535
100 12242
100 9862
100 4981
100 2353
100 6176
100 3271
100 134
100 5185
100 6924
100 7
100 462
100 5193
100 5401
100 1468
100 972
100 7037
100 3313
100 1095
100 781
100 4004
100 2149
100 1006
100 2982
100 9860
100 10608
100 548
100 1898
100 2134
100 1137
100 1180
100 1860
100 1519
100 9647
100 2516
100 8565
100 7865
100 6223
100 1815
100 5349
100 1806
100 2315
100 914
100 10320
100 9991
100 4253
100 6456
100 707
100 1511
100 4969
100 493
100 2258
100 3795
100 2391
100 5947
100 471
100 1831
100 1800
100 2045
100 5214
100 828
100 5855
100 14180
100 5551
100 8297
100 6070
100 734
100 6621
100 15396
100 1240
100 990
100 5951
100 2692
100 6701
100 4743
100 1317
100 5402
100 10659
100 1937
100 638
100 4895
100 1611
100 2048
100 3407
100 8916
100 7989
100 11126
100 428
100 201
100 2942
100 4592
100 5814
100 11306
100 6798
100 17021
100 2779
100 2027
100 555
100 4257
100 2959
100 8400
100 258
100 3450
100 199
100 3326
100 268
100 8261
100 4982
100 3326
100 12416
100 2696
100 14075
100 6
100 4385
100 6341
100 9146
100 1495
100 794
100 2562
100 215
100 3246
100 1278
100 3085
100 12985
100 1292
100 9188
100 3324
100 5248
100 2015
100 3033
100 9562
100 5588
100 24891
100 9652
100 739
100 12322
100 1214
100 4738
100 3166
100 3138
100 2907
100 9954
100 8658
100 3112
100 18994
100 7507
100 7270
100 2500
100 10033
100 2620
100 2643
100 20496
100 3673
100 10769
100 6245
100 1591
100 9149
100 694
100 1640
100 8684
100 6886
100 3135
100 1884
100 1276
100 6638
100 16547
100 2852
100 1339
100 4997
100 719
100 5599
100 9439
100 7600
100 491
100 7182
100 9980
100 1456
100 15336
100 564
100 8686
100 491
100 639
100 10275
100 1882
100 9135
100 763
100 160
100 6612
100 1027
100 3040
100 493
100 13726
100 7124
100 2588
100 6244
100 891
100 6917
100 1930
100 241
100 1661
100 798
100 10365
100 234
100 1156
100 1506
100 6478
100 2788
100 957
100 2570
100 1625
100 7131
100 5484
100 5950
100 9349
100 2685
100 2393
100 2860
100 4430
100 2073
100 5988
100 6662
100 3371
100 8858
100 4767
100 6580
100 2033
100 3104
100 436
100 2558
100 568
100 2411
100 1760
100 11389
100 793
100 4095
100 12288
100 4525
100 4209
100 13333
100 2219
100 1465
100 5051
100 2412
100 2672
100 8046
100 1149
100 7897
100 1570
100 5925
100 5962
100 12495
100 5995
100 7811
100 20390
100 530
100 1988
100 926
100 932
100 5204
100 1630
100 1570
100 5153
100 3366
100 191
100 7202
100 1751
100 362
100 1485
100 8831
100 3283
100 4835
100 1519
100 2031
100 1636
100 1330
100 8084
100 6357
100 470
100 880
100 4651
100 1420
100 4754
100 1658
100 1359
100 912
100 3842
100 965
100 2345
100 3812
100 382
100 3760
100 1069
100 9330
100 14723
100 1588
100 2232
100 8270
100 2722
100 310
100 8076
100 12999
100 3762
100 2670
100 3452
100 2220
100 4094
100 3744
100 3981
100 978
100 302
100 4558
100 10411
100 108
100 1909
100 3524
100 48
100 9279
100 11658
100 26064
100 6315
100 3571
100 3860
100 543
100 4543
100 7427
100 5855
100 3568
100 1977
100 3236
100 8846
100 1086
100 1775
100 14082
100 4620
100 2051
100 820
100 2612
100 3398
100 155
100 406
100 2278
100 1840
100 6064
100 3952
100 798
100 1467
100 4130
100 7298
100 4939
100 2228
100 3075
100 8069
100 7320
100 12538
100 5955
100 4603
100 919
100 2446
100 2020
100 8202
100 421
100 883
100 13976
100 7378
100 1229
100 4983
100 6683
100 8772
100 3501
100 728
100 604
100 2100
100 15
100 13957
100 5190
100 1159
100 3653
100 2224
100 282
100 7263
100 13402
100 1329
100 1595
100 279
100 3303
100 631
100 1643
100 5244
100 2511
100 4382
100 4819
100 4935
100 6099
100 16762
100 4107
100 20265
100 9427
100 3732
100 1675
100 1568
100 6598
100 823
100 14332
100 2851
100 901
100 5435
100 556
100 935
100 127
100 9131
100 970
100 9648
100 2804
100 11738
100 8470
100 3027
100 6245
100 10669
100 1195
100 6332
100 986
100 822
100 5587
100 12114
100 17801
100 5046
100 22
100 1329
100 927
100 5621
100 7859
100 5877
100 16352
100 6645
100 5169
100 10783
100 2410
100 16545
100 860
100 1071
100 5177
100 247
100 2486
100 3846
100 5697
100 10122
100 6999
100 3061
100 4589
100 2258
100 482
100 2084
100 1808
100 10120
100 80
100 993
100 2181
100 5109
100 2980
100 189
100 15498
100 2901
100 1369
100 9214
100 9373
100 7276
100 956
100 5748
100 983
100 6612
100 13351
100 1612
100 3455
100 149
100 2237
100 2741
100 3086
100 5562
100 399
100 1739
100 3159
100 2128
100 2475
100 3596
100 547
100 3833
100 688
100 2540
100 7861
100 2600
100 5606
100 4691
100 14398
100 7172
100 1395
100 2886
100 7356
100 2830
100 9015
100 2217
100 4916
100 15541
100 7439
100 11934
100 1081
100 1634
100 5678
100 6312
100 370
100 5774
100 3405
100 4971
100 1972
100 8089
100 761
100 17314
100 3881
100 16491
100 1966
100 336
100 157
100 12945
100 472
100 5898
100 1569
100 9610
100 2509
100 17662
100 1320
100 5776
100 3778
100 5779
100 793
100 602
100 45
100 4465
100 521
100 4284
100 13857
100 1196
100 4179
100 6012
100 3120
100 6113
100 3793
100 6592
100 5857
100 4220
100 7927
100 1214
100 5551
100 3652
100 11340
100 8736
100 4975
100 8029
100 3199
100 7898
100 286
100 5806
100 4767
100 2134
100 7572
100 118
100 604
100 251
100 5636
100 3083
100 3895
100 4827
100 3713
100 4307
100 3005
100 2360
100 3336
100 5514
100 11128
100 11298
100 1987
100 703
100 4203
100 3032
100 8135
100 10089
100 721
100 827
100 889
100 2007
100 3838
100 1910
100 1270
100 17048
100 12257
100 2359
100 11837
100 2567
100 2114
100 3272
100 13713
100 17666
100 9251
100 8600
100 19167
100 4985
100 2062
100 6090
100 291
100 26975
100 101
100 5038
100 1284
100 334
100 2391
100 3570
100 512
100 3969
100 10383
100 14030
100 678
100 2830
100 6071
100 4928
100 1381
100 432
100 3428
100 5679
100 2238
100 8919
100 16140
100 3205
100 485
100 4890
100 14916
100 6563
100 2875
100 3789
100 9594
100 1458
100 2821
100 11694
100 5522
100 1580
100 6901
100 669
100 2418
100 8139
100 4789
100 72
100 9273
100 1421
100 10203
100 12905
100 8282
100 2175
100 11030
100 6730
100 8800
100 1920
100 5521
100 1236
100 3211
100 24199
100 703
100 4535
100 9936
100 11301
100 1196
100 8096
100 1512
100 7514
100 5026
100 860
100 5754
100 13278
100 3339
100 7328
100 845
100 235
100 230
100 6718
100 3468
100 2679
100 1531
100 5347
100 1729
100 8380
100 2422
100 22151
100 1154
100 1758
100 3712
100 1210
100 6464
100 1636
100 4706
100 1217
100 32
100 2256
100 2008
100 3838
100 4659
100 397
100 386
100 4618
100 1473
100 657
100 1952
100 4220
100 9166
100 3965
100 1512
100 17730
100 3332
100 4894
100 1639
100 41
100 3771
100 1823
100 2232
100 4393
100 194
100 2634
100 2427
100 203
100 3496
100 7694
100 2797
100 228
100 1800
100 3138
100 4182
100 7700
100 4194
100 12357
100 5077
100 5057
100 261
100 4495
100 3390
100 44
100 7988
100 6424
100 616
100 5066
100 616
100 5931
100 2979
100 6023
100 2224
100 4497
100 2585
100 2859
100 2591
100 2382
100 1423
100 9701
100 909
100 5113
100 2075
100 4499
100 1357
100 16928
100 2262
100 5522
100 571
100 2616
100 7497
100 2554
100 1063
100 26448
100 9312
100 3752
100 10753
100 2399
100 12778
100 860
100 4333
100 3805
100 494
100 890
100 1637
100 6002
100 5224
100 3086
100 234
100 3806
100 12046
100 12815
100 3282
100 9762
100 2832
100 1463
100 1197
100 4972
100 978
100 1894
100 1137
100 6055
100 2276
100 2815
100 4594
100 101
100 2743
100 1958
100 3621
100 191
100 8201
100 4622
100 677
100 2738
100 152
100 12908
100 4083
100 4165
100 3338
100 11339
100 30
100 4413
100 3025
100 4171
100 14090
100 3067
100 5242
100 1133
100 398
100 13743
100 13757
100 14891
100 1913
100 713
100 958
100 6689
100 540
100 744
100 9485
100 6630
100 8865
100 1673
100 8356
100 4396
100 3481
100 2687
100 4213
100 2463
100 7233
100 3079
100 4959
100 14519
100 7630
100 2958
100 1578
100 1164
100 8477
100 1752
100 2411
100 9618
100 2018
100 13926
100 9432
100 2584
100 16172
100 35
100 1056
100 13625
100 1672
100 1115
100 4394
100 1155
100 12705
100 1576
100 2098
100 2754
100 7182
100 2144
100 1533
100 3605
100 2990
100 5086
100 1494
100 11412
100 1071
100 10423
100 256
100 4721
100 17742
100 5394
100 1269
100 266
100 5694
100 719
100 7559
100 13059
100 1620
100 6135
100 9218
100 2663
100 10684
100 1188
100 1663
100 7200
100 1001
100 10741
100 8568
100 1609
100 967
100 6522
100 10977
100 4021
100 1946
100 2353
100 6834
100 2355
100 9804
100 10003
100 10498
100 10
100 3629
100 6749
100 2234
100 4104
100 514
100 12537
100 5762
100 6873
100 914
100 6221
100 4713
100 1918
100 4542
100 9741
100 6633
100 2972
100 2568
100 591
100 12251
100 4506
100 2485
100 8999
100 8809
100 21580
100 2643
100 19878
100 19948
100 6671
100 468
100 5543
100 4040
100 2303
100 256
100 1643
100 1619
100 952
100 878
100 775
100 11598
100 2727
100 1857
100 225
100 4023
100 7668
100 2676
100 1179
100 5364
100 7368
100 9778
100 7064
100 12322
100 2289
100 3253
100 180
100 795
100 3199
100 18413
100 3392
100 953
100 3192
100 6519
100 14192
100 18358
100 13634
100 1033
100 4337
100 1508
100 2678
100 4316
100 4886
100 4534
100 4169
100 5128
100 3465
100 8882
100 6389
100 6732
100 4897
100 2277
100 10443
100 11587
100 7870
100 1321
100 380
100 5072
100 4214
100 4635
100 5884
100 6745
100 441
100 5007
100 9563
100 7840
100 7305
100 7754
100 210
100 2942
100 2446
100 1565
100 2722
100 2372
100 10513
100 3385
100 3097
100 6249
100 1179
100 2979
100 11197
100 6794
100 12861
100 2557
100 280
100 2070
100 13443
100 187
100 6827
100 765
100 1391
100 1634
100 15846
100 3540
100 2678
100 12133
100 2013
100 5111
100 15566
100 297
100 2121
100 2384
100 15727
100 1769
100 10427
100 4271
100 1699
100 2177
100 2397
100 1669
100 3910
100 12937
100 4336
100 6113
100 1524
100 7522
100 4479
100 371
100 2459
100 738
100 433
100 1572
100 931
100 6327
100 2180
100 2586
100 6232
100 1805
100 4172
100 1381
100 13191
100 5068
100 9882
100 18458
100 2403
100 2312
100 10045
100 3853
100 1102
100 1064
100 758
100 628
100 740
100 5999
100 1962
100 3094
100 4280
100 6582
100 1368
100 146
100 3478
100 5180
100 13432
100 6495
100 14919
100 6506
100 2055
100 16262
100 3216
100 3764
100 5340
100 10812
100 10523
100 4731
100 3366
100 183
100 2518
100 1085
100 565
100 348
100 6186
100 15110
100 1300
100 4031
100 620
100 2646
100 6484
100 2807
100 2813
100 969
100 46
100 4149
100 548
100 11675
100 1651
100 960
100 1020
100 3363
100 1433
100 6747
100 1269
100 3340
100 2906
100 94
100 2676
100 4374
100 614
100 3277
100 1815
100 10442
100 22722
100 865
100 351
100 4679
100 1467
100 18404
100 1434
100 4681
100 1554
100 4440
100 25813
100 6172
100 2916
100 874
100 11515
100 296
100 1351
100 428
100 22027
100 2254
100 15860
100 9852
100 4728
100 1115
100 5753
100 2607
100 2909
100 2748
100 1544
100 25113
100 373
100 10470
100 1598
100 5159
100 7217
100 425
100 1507
100 5923
100 483
100 2953
100 745
100 2231
100 10199
100 5082
100 250
100 5084
100 6605
100 8112
100 8674
100 10872
100 7485
100 7625
100 1874
100 2031
100 9606
100 9919
100 4537
100 4152
100 2739
100 10347
100 3455
100 14909
100 16165
100 6033
100 2823
100 3066
100 4990
100 4966
100 3527
100 483
100 5708
100 4089
100 7852
100 23807
100 7101
100 4053
100 5954
100 4188
100 5754
100 11795
100 2831
100 2633
100 1835
100 2614
100 5514
100 6309
100 8221
100 4345
100 4099
100 5454
100 16437
100 6587
100 1210
100 7358
100 5119
100 2477
100 1803
100 7311
100 2137
100 5415
100 3663
100 4166
100 5704
100 1629
100 4829
100 2209
100 7618
100 1187
100 9653
100 658
100 2766
100 741
100 744
100 1432
100 2258
100 1816
100 11214
100 7815
100 1688
100 10623
100 1345
100 3153
100 763
100 2494
100 4055
100 9792
100 5258
100 201
100 4167
100 3327
100 1665
100 3530
100 2014
100 288
100 728
100 3922
100 7906
100 469
100 23014
100 2187
100 1029
100 1104
100 8684
100 1646
100 4010
100 1489
100 1314
100 852
100 4288
100 3850
100 3665
100 6173
100 539
100 5334
100 16484
100 8569
100 1918
100 4
100 586
100 10150
100 368
100 2603
100 1688
100 2405
100 755
100 478
100 699
100 23679
100 1318
100 704
100 2832
100 4727
100 6872
100 6163
100 3137
100 2536
100 14078
100 1221
100 99
100 2507
100 3628
100 14357
100 4882
100 7105
100 3540
100 19703
100 2501
100 1870
100 1673
100 2026
100 10438
100 3906
100 14296
100 3734
100 2036
100 1369
100 1258
100 1713
100 8174
100 1227
100 13331
100 12087
100 918
100 6254
100 9915
100 7029
100 7694
100 2393
100 10340
100 1064
100 3751
100 1551
100 2353
100 7540
100 1267
100 5282
100 3790
100 3507
100 13180
100 5825
100 3834
100 529
100 1220
100 5809
100 3494
100 571
100 209
100 272
100 15956
100 98
100 103
100 2233
100 6273
100 9923
100 4159
100 2261
100 6386
100 2962
100 2333
100 8498
100 686
100 3115
100 3540
100 2715
100 2580
100 2154
100 76
100 6257
100 6764
100 3405
100 2340
100 6248
100 2837
100 9875
100 2236
100 18901
100 3434
100 1758
100 2556
100 6080
100 1079
100 13159
100 2649
100 7639
100 10198
100 32
100 20245
100 11636
100 2248
100 1633
100 10536
100 25
100 2855
100 357
100 218
100 4280
100 6311
100 8875
100 7295
100 3226
100 73
100 3547
100 3726
100 2322
100 207
100 1153
100 2622
100 1459
100 413
100 161
100 6423
100 574
100 1036
100 1675
100 4753
100 1418
100 2651
100 5538
100 17751
100 19903
100 5152
100 3659
100 2994
100 924
100 3487
100 154
100 13408
100 871
100 8899
100 8423
100 5491
100 3588
100 2975
100 3164
100 926
100 5724
100 7640
100 6658
100 4835
100 3312
100 21611
100 22
100 9877
100 3776
100 5104
100 7
100 5711
100 633
100 9839
100 1377
100 5326
100 6619
100 9515
100 281
100 4145
100 309
100 9568
100 320
100 5389
100 1207
100 6846
100 1573
100 4741
100 4570
100 2794
100 5785
100 4933
100 1425
100 167
100 3362
100 11951
100 6403
100 4088
100 11208
100 987
100 1433
100 2794
100 3385
100 1531
100 13094
100 2495
100 4470
100 6112
100 302
100 3214
100 3416
100 3960
100 5246
100 1388
100 5016
100 7744
100 8262
100 2212
100 281
100 18765
100 369
100 13526
100 8231
100 8855
100 336
100 3337
100 4382
100 2183
100 5226
100 5959
100 6554
100 2853
100 11778
100 3071
100 11830
100 156
100 7844
100 4294
100 1702
100 4731
100 2187
100 5445
100 5707
100 843
100 16544
100 918
100 11071
100 3608
100 3300
100 3114
100 3620
100 70
100 2817
100 5368
100 1449
100 401
100 307
100 16783
100 11224
100 721
100 488
100 4213
100 3766
100 7717
100 858
100 1076
100 2990
100 2577
100 3742
100 2749
100 1117
100 1927
100 1513
100 11811
100 1262
100 10074
100 1890
100 4503
100 529
100 541
100 2267
100 6088
100 9560
100 408
100 2302
100 10430
100 17479
100 1718
100 4266
100 17515
100 417
100 7026
100 3051
100 7312
100 1529
100 1703
100 1440
100 23896
100 1150
100 7849
100 716
100 796
100 5873
100 1015
100 5955
100 11127
100 4523
100 3510
100 3382
100 746
100 3850
100 7335
100 2037
100 9337
100 23522
100 9878
100 3670
100 5384
100 2817
100 5547
100 4518
100 3222
100 250
100 2309
100 871
100 16211
100 10346
100 3339
100 9806
100 5147
100 8083
100 1355
100 11748
100 8885
100 5728
100 6786
100 4103
100 19
100 1429
100 1425
100 9482
100 663
100 1404
100 5283
100 2482
100 5413
100 1327
100 8223
100 1949
100 6090
100 6473
100 1456
100 13584
100 78
100 8342
100 7039
100 2061
100 9265
100 439
100 1491
100 9963
100 6331
100 14726
100 1106
100 9632
100 13848
100 5317
100 2735
100 6343
100 17080
100 3799
100 3337
100 8683
100 3266
100 9740
100 7780
100 6973
100 2633
100 4215
100 1129
100 1123
100 4969
100 1594
100 13139
100 8563
100 1212
100 3713
100 8939
100 608
100 6474
100 1586
100 2557
100 1502
100 4411
100 2491
100 6162
100 28553
100 3906
100 4073
100 157
100 2991
100 3614
100 706
100 4664
100 91
100 3911
100 14503
100 1183
100 388
100 9112
100 1143
100 962
100 5727
100 10368
100 10056
100 2893
100 4282
100 12576
100 844
100 974
100 1235
100 3158
100 9477
100 418
100 4881
100 1022
100 1000
100 1445
100 960
100 8445
100 6981
100 2018
100 10878
100 599
100 2907
100 586
100 14932
100 735
100 2614
100 2757
100 234
100 267
100 2860
100 2264
100 925
100 6483
100 8826
100 10802
100 7516
100 5228
100 317
100 1301
100 7598
100 3618
100 11336
100 19986
100 1007
100 8319
100 3841
100 2521
100 6667
100 4028
100 11712
100 1296
100 11271
100 1156
100 1904
100 17810
100 2484
100 2546
100 20177
100 16076
100 4601
100 2781
100 3197
100 4616
100 2632
100 1096
100 4254
100 501
100 975
100 4793
100 1607
100 5583
100 5859
100 11110
100 3987
100 1607
100 1686
100 2414
100 14402
100 1419
100 5822
100 2952
100 13965
100 4278
100 1740
100 4834
100 2662
100 23897
100 1114
100 3111
100 15
100 18703
100 4743
100 6955
100 3521
100 10202
100 9677
100 3193
100 5171
100 7357
100 2760
100 1516
100 9418
100 377
100 1758
100 10154
100 3373
100 6378
100 7424
100 4135
100 4510
100 4588
100 8
100 1777
100 3203
100 1471
100 75
100 2402
100 13270
100 2140
100 1503
100 3898
100 7693
100 16691
100 2534
100 7300
100 16720
100 8752
100 675
100 4326
100 9176
100 5616
100 486
100 1674
100 12225
100 636
100 1895
100 1149
100 2429
100 471
100 5359
100 4932
100 72
100 3885
100 2608
100 1893
100 385
100 6730
100 2915
100 12529
100 4374
100 2814
100 8817
100 16711
100 6181
100 2602
100 6075
100 3111
100 1295
100 6009
100 39
100 4096
100 3729
100 1153
100 8205
100 1661
100 1803
100 20556
100 4701
100 2202
100 3461
100 6151
100 5426
100 8836
100 3464
100 7035
100 5436
100 4397
100 3643
100 639
100 12985
100 520
100 8787
100 13307
100 13403
100 2212
100 1899
100 1743
100 4314
100 2120
100 440
100 4027
100 23543
100 2422
100 2496
100 600
100 4284
100 8536
100 7556
100 2302
100 2037
100 4701
100 564
100 4259
100 7385
100 13273
100 5003
100 6274
100 4941
100 8410
100 851
100 58
100 3266
100 1101
100 8564
100 4405
100 2036
100 1393
100 129
100 8732
100 2302
100 3575
100 922
100 1181
100 3485
100 3566
100 4790
100 4491
100 6960
100 2004
100 3875
100 6372
100 11733
100 4615
100 1569
100 1697
100 16661
100 884
100 3211
100 2232
100 4534
100 196
100 1593
100 1465
100 1689
100 209
100 1806
100 439
100 12845
100 7832
100 13601
100 6546
100 8461
100 3902
100 4330
100 7066
100 12031
100 752
100 25
100 1249
100 1507
100 689
100 1620
100 336
100 5241
100 6273
100 3947
100 2535
100 180
100 759
100 995
100 3341
100 1500
100 1503
100 3291
100 3350
100 7658
100 953
100 5416
100 1109
100 4795
100 19955
100 10954
100 2265
100 5260
100 2772
100 4276
100 4138
100 427
100 6307
100 5701
100 4154
100 2249
100 2491
100 801
100 2210
100 3833
100 20064
100 2166
100 1205
100 8320
100 2870
100 8792
100 1487
100 327
100 1214
100 1469
100 1654
100 7405
100 1453
100 1607
100 1001
100 9505
100 567
100 2447
100 917
100 34
100 408
100 1930
100 5685
100 1896
100 775
100 1170
100 7721
100 1559
100 2249
100 8562
100 151
100 2449
100 2877
100 2586
100 9343
100 3103
100 4638
100 464
100 17772
100 1376
100 772
100 61
100 17867
100 333
100 1610
100 25
100 5132
100 2065
100 13140
100 405
100 9644
100 4481
100 70
100 9183
100 937
100 498
100 6616
100 10162
100 2000
100 9257
100 9793
100 734
100 461
100 4555
100 633
100 7090
100 4448
100 4146
100 4040
100 391
100 798
100 3612
100 7055
100 11753
100 4134
100 1491
100 1454
100 3988
100 11398
100 4404
100 3234
100 4708
100 24001
100 1785
100 6774
100 120
100 2114
100 2486
100 3811
100 3090
100 2100
100 11279
100 9821
100 69
100 1601
100 4411
100 9938
100 3876
100 4970
100 3685
100 1514
100 12426
100 79
100 3805
100 1547
100 2705
100 1062
100 209
100 8654
100 4837
100 2506
100 1898
100 121
100 2969
100 2457
100 2696
100 1535
100 3237
100 14381
100 1214
100 6842
100 750
100 1026
100 2018
100 7464
100 4136
100 5253
100 6708
100 5094
100 2237
100 6179
100 11064
100 2949
100 988
100 4128
100 3306
100 2495
100 3142
100 3724
100 1116
100 6183
100 7647
100 3038
100 8707
100 1036
100 5131
100 4832
100 5629
100 3342
100 5172
100 398
100 7777
100 1038
100 5312
100 247
100 4884
100 7815
100 984
100 14361
100 3886
100 1565
100 855
100 16354
100 11198
100 4905
100 292
100 12052
100 38
100 6989
100 4726
100 3224
100 263
100 7217
100 12207
100 20229
100 2154
100 4472
100 3128
100 16081
100 2496
100 2068
100 3874
100 19222
100 3400
100 1948
100 15638
100 2407
100 1689
100 2021
100 4024
100 2580
100 6029
100 2475
100 10310
100 716
100 10360
100 19357
100 13797
100 1887
100 2555
100 9242
100 7345
100 4814
100 8784
100 1537
100 17658
100 161
100 6867
100 3949
100 5017
100 683
100 1738
100 8885
100 371
100 2776
100 405
100 3511
100 3436
100 2556
100 2869
100 1128
100 9917
100 1834
100 13443
100 612
100 11771
100 10483
100 1599
100 2995
100 1432
100 470
100 4434
100 8917
100 767
100 5450
100 7070
100 1424
100 4083
100 7827
100 9587
100 3841
100 568
100 692
100 3118
100 4877
100 3131
100 10489
100 1729
100 4134
100 15851
100 3015
100 7251
100 1449
100 7229
100 5480
100 12093
100 1652
100 3433
100 11429
100 3357
100 7212
100 2416
100 12679
100 8784
100 1873
100 4653
100 8489
100 7529
100 3071
100 2377
100 11862
100 1368
100 3443
100 25909
100 4312
100 635
100 6594
100 1331
100 1891
100 3063
100 17656
100 3418
100 19
100 10090
100 506
100 2890
100 2062
100 9036
100 4599
100 3724
100 10194
100 9795
100 20503
100 1450
100 15304
100 11966
100 2158
100 1609
100 7950
100 1828
100 4780
100 3112
100 1327
100 722
100 5629
100 1066
100 7579
100 153
100 859
100 6876
100 3398
100 6682
100 8868
100 1405
100 40713
100 806
100 1629
100 9821
100 7876
100 7626
100 5699
100 1990
100 1695
100 8255
100 6482
100 69
100 17809
100 7815
100 5190
100 765
100 13959
100 4532
100 9719
100 1135
100 11705
100 1542
100 8450
100 342
100 8441
100 1065
100 26
100 2250
100 2656
100 7435
100 1580
100 244
100 2885
100 20063
100 11231
100 1028
100 3442
100 6617
100 729
100 2325
100 5232
100 1253
100 5500
100 1027
100 1796
100 2410
100 6588
100 7895
100 5139
100 3204
100 4720
100 1276
100 1687
100 16234
100 8471
100 2811
100 10911
100 28637
100 11747
100 8351
100 7675
100 1036
100 1876
100 13848
100 1559
100 5688
100 1488
100 501
100 3149
100 2923
100 223
100 311
100 1098
100 2806
100 2249
100 5090
100 1695
100 4283
100 15671
100 9833
100 5721
100 1928
100 9529
100 494
100 4792
100 589
100 2142
100 81
100 5349
100 3301
100 843
100 1779
100 4773
100 4052
100 14243
100 2069
100 2352
100 2159
100 9853
100 26438
100 5116
100 6776
100 736
100 1777
100 405
100 1773
100 2393
100 665
100 11019
100 3448
100 2102
100 6
100 7050
100 18
100 140
100 5050
100 403
100 6231
100 18592
100 7111
100 142
100 2262
100 454
100 1770
100 8373
100 4782
100 3523
100 1882
100 7129
100 631
100 5526
100 372
100 3969
100 4069
100 2246
100 1650
100 32935
100 4086
100 809
100 875
100 4307
100 2839
100 3239
100 2317
100 5101
100 721
100 4096
100 7843
100 5881
100 17616
100 13542
100 3009
100 1315
100 5416
100 1580
100 834
100 6778
100 6067
100 7813
100 5148
100 1889
100 2719
100 297
100 546
100 1933
100 385
100 583
100 208
100 146
100 5644
100 10719
100 1880
100 5111
100 422
100 131
100 11125
100 871
100 1277
100 1728
100 3888
100 16439
100 11788
100 7020
100 2362
100 673
100 6069
100 8196
100 992
100 4717
100 1804
100 3419
100 4515
100 9832
100 7721
100 1014
100 2628
100 2938
100 3677
100 2037
100 9652
100 192
100 5834
100 8031
100 1700
100 5101
100 6400
100 1464
100 16064
100 2467
100 540
100 1562
100 244
100 6202
100 1320
100 16856
100 10239
100 30913
100 3423
100 5054
100 64
100 2048
100 110
100 9522
100 3346
100 731
100 3421
100 3974
100 1263
100 1488
100 2289
100 7086
100 2424
100 5052
100 2058
100 2841
100 2879
100 6422
100 14311
100 101
100 2605
100 341
100 2759
100 1422
100 7870
100 3516
100 8582
100 5640
100 26744
100 3631
100 2901
100 2209
100 6060
100 3967
100 801
100 1926
100 1781
100 8044
100 18826
100 1687
100 6454
100 916
100 5184
100 3319
100 5856
100 4777
100 1708
100 1275
100 742
100 6240
100 5084
100 9223
100 1162
100 15180
100 3375
100 25205
100 5475
100 6894
100 8882
100 18783
100 775
100 15793
100 2378
100 3800
100 3335
100 730
100 4368
100 13391
100 8086
100 11964
100 1083
100 1194
100 1069
100 1914
100 267
100 6283
100 1751
100 13978
100 29
100 5239
100 5517
100 4941
100 421
100 5462
100 12665
100 3671
100 6224
100 364
100 2838
100 7247
100 122
100 4242
100 7014
100 1138
100 5834
100 6801
100 139
100 670
100 4552
100 2440
100 3957
100 9262
100 2188
100 5925
100 10333
100 3801
100 754
100 9858
100 7721
100 6886
100 935
100 7526
100 5082
100 1715
100 13967
100 455
100 10688
100 3192
100 5333
100 11688
100 13540
100 3430
100 505
100 260
100 6867
100 1926
100 7973
100 292
100 9436
100 11941
100 1412
100 14633
100 2054
100 2033
100 1146
100 1329
100 12306
100 2316
100 2776
100 8251
100 7550
100 4448
100 1129
100 360
100 11339
100 16
100 2758
100 3525
100 3200
100 9076
100 2825
100 7340
100 8072
100 1694
100 6428
100 23403
100 6788
100 12516
100 768
100 639
100 5819
100 1193
100 5396
100 875
100 1408
100 3366
100 54
100 3419
100 5247
100 5970
100 2015
100 6983
100 897
100 389
100 5369
100 509
100 1514
100 12658
100 5738
100 13580
100 3494
100 3590
100 3410
100 1330
100 16569
100 1088
100 1451
100 1995
100 9355
100 5677
100 3628
100 6106
100 4122
100 11131
100 3351
100 1691
100 1853
100 6732
100 1303
100 1677
100 922
100 1586
100 4046
100 9085
100 80
100 1291
100 3158
100 14038
100 12316
100 3026
100 3970
100 2624
100 19783
100 12315
100 12738
100 8911
100 4920
100 6615
100 10061
100 10131
100 3118
100 17300
100 9353
100 621
100 2604
100 554
100 2879
100 11213
100 10967
100 1422
100 4349
100 2508
100 6957
100 7915
100 919
100 1327
100 14531
100 15916
100 1889
100 15418
100 8250
100 4646
100 7281
100 3122
100 4722
100 1217
100 5588
100 8396
100 4891
100 3365
100 1393
100 3866
100 1464
100 1042
100 8519
100 4307
100 12389
100 11746
100 22020
100 1018
100 3713
100 2077
100 27
100 834
100 9662
100 9566
100 269
100 10369
100 917
100 8544
100 8564
100 1494
100 8756
100 1007
100 30718
100 1827
100 3879
100 710
100 1440
100 481
100 4208
100 5514
100 1831
100 3014
100 2450
100 15772
100 1715
100 2885
100 8962
100 15
100 1611
100 8473
100 1336
100 2544
100 3352
100 1042
100 2218
100 9540
100 3856
100 5561
100 21423
100 2883
100 1821
100 4307
100 2550
100 3055
100 889
100 6781
100 2985
100 1893
100 11410
100 6157
100 869
100 5281
100 9000
100 560
100 3316
100 13396
100 8835
100 1604
100 10971
100 3198
100 4824
100 2071
100 6001
100 3186
100 3096
100 16296
100 2272
100 5857
100 1801
100 10430
100 3144
100 1723
100 1211
100 3684
100 1133
100 2895
100 4188
100 81
100 2689
100 6019
100 9429
100 1492
100 547
100 17545
100 6275
100 16363
100 10076
100 2799
100 506
100 8306
100 5523
100 5166
100 4556
100 1945
100 8150
100 3482
100 2948
100 4519
100 4779
100 716
100 484
100 66
100 1173
100 157
100 548
100 880
100 4478
100 5371
100 6563
100 910
100 6676
100 1907
100 1947
100 3633
100 2289
100 453
100 3720
100 10368
100 26603
100 3886
100 14306
100 4368
100 878
100 2288
100 5965
100 2451
100 4312
100 673
100 5453
100 384
100 5593
100 4885
100 11432
100 1646
100 1502
100 1287
100 5143
100 5293
100 856
100 4186
100 2904
100 6418
100 267
100 7966
100 5637
100 1481
100 5058
100 1779
100 4368
100 8559
100 4019
100 2850
100 6336
100 3366
100 8062
100 6952
100 1634
100 1284
100 6230
100 6611
100 6091
100 1651
100 2698
100 7752
100 1370
100 84
100 4540
100 4507
100 10694
100 3342
100 3038
100 2842
100 9960
100 14053
100 4996
100 3746
100 4821
100 137
100 130
100 15760
100 290
100 961
100 2074
100 12666
100 1675
100 4982
100 1656
100 139
100 1994
100 10732
100 7118
100 974
100 673
100 8385
100 3985
100 5896
100 1573
100 1188
100 7087
100 7185
100 3462
100 354
100 1546
100 3711
100 7056
100 87
100 845
100 2294
100 1770
100 4931
100 1466
100 8215
100 12919
100 3133
100 20872
100 2496
100 2248
100 5574
100 4144
100 1163
100 4225
100 6033
100 844
100 5574
100 7329
100 5367
100 1085
100 770
100 5386
100 254
100 3309
100 2839
100 9283
100 1803
100 274
100 2471
100 1873
100 6504
100 656
100 882
100 978
100 494
100 8081
100 2511
100 2796
100 545
100 5281
100 1677
100 1212
100 5952
100 2807
100 5389
100 9850
100 10143
100 17829
100 920
100 6242
100 2524
100 13749
100 1209
100 3523
100 1207
100 1510
100 12213
100 518
100 2023
100 11689
100 1755
100 2340
100 8296
100 554
100 6343
100 3718
100 4145
100 5823
100 5219
100 567
100 5182
100 1123
100 916
100 8475
100 7999
100 3263
100 876
100 7973
100 3056
100 493
100 3972
100 9090
100 138
100 1707
100 859
100 12618
100 4399
100 4906
100 12611
100 9021
100 1512
100 3552
100 6765
100 19769
100 129
100 11714
100 785
100 244
100 5767
100 28633
100 1689
100 6425
100 1755
100 1048
100 2695
100 1172
100 3842
100 302
100 488
100 1831
100 13440
100 1976
100 867
100 20168
100 3994
100 3903
100 1052
100 5344
100 7078
100 3668
100 1387
100 1905
100 9513
100 903
100 1722
100 5763
100 8871
100 4859
100 3001
100 4684
100 2925
100 924
100 5065
100 3184
100 7116
100 3736
100 847
100 1149
100 1563
100 3231
100 7223
100 830
100 2440
100 1007
100 2395
100 219
100 5565
100 6388
100 7058
100 759
100 13176
100 10242
100 1257
100 1154
100 7167
100 3035
100 1797
100 2593
100 575
100 552
100 2250
100 1727
100 5224
100 3269
100 3015
100 3925
100 10934
100 4468
100 3006
100 431
100 8874
100 2691
100 282
100 2462
100 1597
100 2271
100 3237
100 483
100 14522
100 4597
100 5930
100 959
100 7809
100 1145
100 509
100 6662
100 143
100 159
100 10727
100 6232
100 4866
100 4147
100 3969
100 10337
100 8650
100 1250
100 1998
100 11030
100 8691
100 1356
100 9439
100 2938
100 8213
100 2644
100 3459
100 3894
100 503
100 2193
100 18154
100 4604
100 5637
100 9530
100 7050
100 2059
100 2847
100 3702
100 89
100 11822
100 5803
100 3307
100 1618
100 3848
100 401
100 3967
100 4063
100 4987
100 226
100 1814
100 4054
100 2795
100 3541
100 694
100 1600
100 14143
100 3059
100 2404
100 6583
100 1152
100 7272
100 10763
100 2749
100 23635
100 801
100 2710
100 830
100 20267
100 4851
100 2211
100 5112
100 3221
100 257
100 2788
100 5092
100 2710
100 2558
100 17213
100 1813
100 15513
100 1411
100 23215
100 6699
100 19
100 3620
100 18251
100 3442
100 1423
100 5379
100 3871
100 3148
100 12548
100 15227
100 1907
100 6078
100 5190
100 57
100 1289
100 2921
100 1716
100 1297
100 11346
100 2971
100 10514
100 903
100 968
100 2527
100 1367
100 12869
100 2994
100 13392
100 10118
100 1541
100 6424
100 5999
100 6638
100 4271
100 4490
100 881
100 11981
100 1039
100 6311
100 4000
100 306
100 2556
100 2683
100 3321
100 687
100 5587
100 4357
100 13063
100 2062
100 485
100 3253
100 6368
100 2563
100 5880
100 9352
100 2383
100 2854
100 3034
100 2957
100 1834
100 6671
100 5430
100 710
100 12382
100 11033
100 55
100 8042
100 3851
100 5083
100 12727
100 9079
100 1503
100 9140
100 13952
100 2481
100 2696
100 4678
100 5428
100 1239
100 1252
100 983
100 2569
100 3899
100 5756
100 360
100 11993
100 813
100 16850
100 3943
100 819
100 86
100 306
100 5621
100 3478
100 8192
100 2271
100 8585
100 7179
100 12328
100 12783
100 5265
100 8897
100 6220
100 6521
100 1029
100 1968
100 13379
100 1773
100 7374
100 5603
100 1380
100 22
100 8303
100 14306
100 7513
100 6324
100 31324
100 75
100 43
100 696
100 6350
100 5912
100 3051
100 2393
100 766
100 11538
100 200
100 2219
100 2314
100 4022
100 14731
100 3267
100 7238
100 10178
100 1386
100 3931
100 3066
100 587
100 6389
100 59
100 3014
100 4331
100 5402
100 17
100 12774
100 718
100 385
100 3072
100 8847
100 5673
100 2796
100 8199
100 4071
100 1143
100 9650
100 24289
100 4900
100 714
100 6164
100 2533
100 12928
100 2684
100 424
100 484
100 1633
100 10276
100 3280
100 25027
100 9481
100 3701
100 8421
100 1128
100 1971
100 594
100 2798
100 3572
100 268
100 391
100 16452
100 8143
100 1429
100 18112
100 4546
100 1536
100 11797
100 2630
100 3259
100 12248
100 11196
100 2334
100 3143
100 352
100 4185
100 73
100 6117
100 895
100 2027
100 1020
100 2412
100 357
100 1308
100 250
100 7545
100 7085
100 3527
100 936
100 3485
100 65
100 7161
100 5772
100 2596
100 4725
100 7914
100 3012
100 21712
100 3911
100 3215
100 3811
100 6052
100 8976
100 13005
100 3276
100 0
100 11398
100 7798
100 3234
100 392
100 3996
100 5750
100 3169
100 277
100 14619
100 15099
100 2452
100 4558
100 6940
100 2334
100 6264
100 3343
100 1059
100 7496
100 0
100 17888
100 10688
100 16648
100 3450
100 7906
100 952
100 4118
100 2343
100 10253
100 3774
100 448
100 5409
100 11057
100 6847
100 6746
100 851
100 5329
100 70
100 3590
100 1578
100 4392
100 6083
100 697
100 6773
100 7182
100 7602
100 938
100 2871
100 8840
100 2972
100 3527
100 806
100 4145
100 535
100 2446
100 341
100 3041
100 8255
100 188
100 1343
100 1326
100 25625
100 7471
100 8044
100 442
100 9185
100 3096
100 11292
100 14966
100 7468
100 17677
100 8509
100 840
100 16655
100 772
100 2821
100 292
100 7719
100 15206
100 388
100 2120
100 10472
100 4471
100 1978
100 103
100 11418
100 268
100 14388
100 3968
100 404
100 5463
100 10619
100 2786
100 1863
100 3603
100 1423
100 348
100 3733
100 2197
100 6013
100 769
100 3926
100 1033
100 822
100 2511
100 324
100 4791
100 2100
100 10854
100 4951
100 7373
100 3289
100 1348
100 1236
100 2335
100 1080
100 7884
100 9013
100 8037
100 3205
100 79
100 10216
100 12064
100 234
100 1385
100 3030
100 846
100 5464
100 1418
100 1934
100 11122
100 850
100 3156
100 1176
100 2207
100 2736
100 336
100 5633
100 2786
100 4098
100 1538
100 6214
100 9308
100 5303
100 135
100 6403
100 6658
100 213
100 691
100 4671
100 24143
100 6304
100 3950
100 6591
100 3796
100 5163
100 7435
100 3255
100 825
100 3493
100 1105
100 3825
100 9479
100 1612
100 1021
100 4580
100 5779
100 1502
100 3200
100 4387
100 2789
100 1559
100 823
100 6990
100 124
100 4487
100 5821
100 13772
100 18647
100 187
100 226
100 5680
100 1914
100 3460
100 2622
100 3068
100 544
100 634
100 2855
100 6029
100 3540
100 4261
100 230
100 7387
100 15241
100 885
100 7018
100 411
100 284
100 506
100 563
100 14661
100 3582
100 728
100 2306
100 4926
100 6662
100 2100
100 3479
100 1044
100 11623
100 4725
100 330
100 4151
100 3138
100 3085
100 11647
100 6773
100 3319
100 2316
100 4724
100 424
100 905
100 3999
100 235
100 773
100 237
100 5537
100 1741
100 1114
100 987
100 4582
100 9574
100 634
100 2835
100 4578
100 1404
100 12674
100 3202
100 1140
100 4879
100 7886
100 4765
100 8722
100 6986
100 4484
100 5341
100 5472
100 1794
100 9360
100 2026
100 13807
100 10751
100 14594
100 814
100 5856
100 6793
100 6279
100 4063
100 6811
100 4178
100 98
100 2046
100 5735
100 244
100 1644
100 9559
100 3646
100 11760
100 2929
100 4433
100 2665
100 408
100 7545
100 9763
100 69
100 9173
100 3433
100 3718
100 340
100 10680
100 169
100 891
100 506
100 5676
100 6424
100 5221
100 1177
100 1390
100 1840
100 151
100 19909
100 3404
100 333
100 741
100 251
100 3023
100 3846
100 1490
100 7950
100 280
100 6261
100 16341
100 6172
100 3942
100 3958
100 9176
100 8994
100 5542
100 877
100 15207
100 2272
100 8302
100 1725
100 2627
100 4453
100 200
100 4420
100 9475
100 2313
100 2052
100 2512
100 11797
100 13169
100 2773
100 9124
100 806
100 3121
100 4042
100 2594
100 6065
100 2539
100 6769
100 11084
100 574
100 533
100 4019
100 3017
100 15132
100 2112
100 779
100 13856
100 1082
100 3088
100 742
100 212
100 142
100 18464
100 1604
100 1923
100 7895
100 6346
100 2843
100 1524
100 2001
100 2637
100 1823
100 8290
100 561
100 1229
100 10
100 1176
100 8636
100 2758
100 613
100 14216
100 13816
100 3294
100 3177
100 3414
100 20
100 1821
100 2550
100 8104
100 527
100 1623
100 2305
100 335
100 1259
100 962
100 3359
100 6035
100 10474
100 6050
100 3334
100 10977
100 1091
100 2969
100 9467
100 2850
100 4635
100 2413
100 26
100 4906
100 657
100 3299
100 14160
100 1532
100 10964
100 3460
100 2596
100 4234
100 1649
100 6920
100 3780
100 8542
100 9336
100 693
100 2905
100 472
100 5216
100 292
100 6322
100 428
100 888
100 2255
100 417
100 17560
100 3185
100 4910
100 3128
100 3726
100 5482
100 8407
100 1655
100 7924
100 1300
100 6036
100 8276
100 3856
100 5359
100 679
100 3727
100 2006
100 16988
100 9477
100 405
100 2512
100 1599
100 491
100 6538
100 11478
100 1993
100 5296
100 1193
100 4227
100 328
100 460
100 9268
100 3487
100 745
100 13461
100 8063
100 823
100 11931
100 1573
100 10068
100 3713
100 2436
100 7087
100 8296
100 1977
100 2400
100 350
100 2395
100 1679
100 6884
100 505
100 1418
100 6046
100 506
100 1688
100 15111
100 6202
100 6365
100 11674
100 4375
100 395
100 1320
100 10185
100 9459
100 6484
100 5988
100 30523
100 1242
100 5435
100 1113
100 56
100 981
100 4321
100 6797
100 16840
100 2974
100 734
100 1912
100 4227
100 2836
100 2386
100 286
100 6059
100 13
100 2152
100 3585
100 2626
100 1497
100 765
100 2091
100 6776
100 3126
100 5936
100 3471
100 3683
100 11897
100 257
100 15911
100 11461
100 19456
100 6607
100 4616
100 341
100 819
100 4903
100 724
100 4087
100 8223
100 1012
100 1421
100 9221
100 390
100 5025
100 8925
100 8666
100 1331
100 5253
100 522
100 3834
100 4223
100 4588
100 5622
100 383
100 3028
100 8809
100 510
100 1110
100 1603
100 6679
100 9892
100 13446
100 5702
100 10093
100 1551
100 5495
100 822
100 5291
100 28138
100 10583
100 12481
100 14097
100 1422
100 2864
100 7202
100 524
100 7913
100 7367
100 4003
100 7539
100 3010
100 9680
100 7985
100 1094
100 5206
100 17565
100 1538
100 1087
100 1984
100 2025
100 6786
100 1303
100 2321
100 1721
100 3377
100 1557
100 2408
100 1234
100 2453
100 333
100 6254
100 5618
100 6986
100 2200
100 4176
100 4105
100 6923
100 11294
100 3364
100 782
100 5357
100 1638
100 621
100 4724
100 3656
100 1874
100 9024
100 1610
100 2381
100 771
100 7591
100 3265
100 2028
100 4156
100 9300
100 309
100 3042
100 1502
100 1292
100 143
100 7165
100 1337
100 2710
100 36
100 879
100 15096
100 1675
100 399
100 262
100 148
100 93
100 766
100 10599
100 20048
100 2894
100 2367
100 7001
100 160
100 5298
100 501
100 6790
100 7854
100 76
100 609
100 1514
100 3305
100 9539
100 1508
100 1640
100 9412
100 9709
100 6949
100 1686
100 7251
100 1346
100 3693
100 4207
100 220
100 2445
100 11327
100 8537
100 1912
100 7627
100 3827
100 4298
100 7720
100 15605
100 2916
100 1016
100 795
100 2015
100 2214
100 938
100 260
100 1701
100 889
100 75
100 6418
100 2512
100 1093
100 168
100 10881
100 4309
100 8753
100 22492
100 3459
100 3223
100 3651
100 7012
100 767
100 10855
100 21511
100 15893
100 8105
100 6029
100 332
100 18969
100 5484
100 7587
100 3920
100 3919
100 3275
100 1010
100 383
100 5532
100 3963
100 2444
100 742
100 7728
100 6943
100 1155
100 3460
100 2056
100 4888
100 1799
100 7364
100 1966
100 15527
100 2229
100 2873
100 1264
100 1433
100 2046
100 3909
100 3894
100 5633
100 7532
100 1195
100 21
100 184
100 1937
100 4982
100 13516
100 3713
100 502
100 568
100 3481
100 2969
100 389
100 5529
100 394
100 341
100 2985
100 7065
100 6686
100 10549
100 3845
100 4461
100 9591
100 3959
100 9351
100 5208
100 12205
100 11319
100 1834
100 140
100 5325
100 36
100 3086
100 46
100 636
100 6313
100 3440
100 7094
100 9292
100 8504
100 5449
100 1423
100 353
100 6017
100 4810
100 1211
100 1239
100 1072
100 11821
100 4761
100 961
100 4632
100 3051
100 12763
100 7411
100 1944
100 271
100 749
100 3103
100 2984
100 2040
100 4650
100 2045
100 2541
100 1485
100 9077
100 3776
100 100
100 2094
100 99
100 4774
100 1094
100 4973
100 1359
100 545
100 9
100 56
100 428
100 842
100 6363
100 721
100 12982
100 8110
100 4359
100 2833
100 5025
100 5220
100 737
100 568
100 2396
100 293
100 497
100 3274
100 1105
100 1020
100 2689
100 2224
100 1308
100 5685
100 19861
100 2140
100 510
100 813
100 2205
100 2248
100 6909
100 955
100 531
100 1288
100 4710
100 3758
100 5040
100 778
100 6595
100 702
100 345
100 1762
100 16005
100 914
100 1859
100 4789
100 396
100 4054
100 816
100 3304
100 1597
100 146
100 6005
100 42
100 2940
100 25214
100 3395
100 493
100 876
100 735
100 8575
100 10008
100 61
100 215
100 3989
100 9
100 261
100 502
100 76
100 2244
100 1564
100 8703
100 6712
100 3230
100 13571
100 3155
100 1588
100 652
100 2617
100 1906
100 9482
100 4928
100 7384
100 1808
100 2477
100 1110
100 1543
100 258
100 1344
100 11337
100 6438
100 8382
100 315
100 10027
100 3158
100 13702
100 4548
100 2246
100 1620
100 16576
100 645
100 23604
100 9308
100 2449
100 10614
100 7505
100 4327
100 947
100 600
100 2102
100 770
100 523
100 4478
100 4247
100 296
100 5090
100 5661
100 24223
100 2024
100 622
100 2353
100 11995
100 3830
100 1554
100 8546
100 5984
100 4464
100 4556
100 84
100 5167
100 3010
100 4779
100 1667
100 5215
100 5796
100 10298
100 6560
100 15423
100 4529
100 12145
100 4323
100 4084
100 4248
100 3429
100 8267
100 5889
100 12186
100 2212
100 1798
100 1676
100 2177
100 714
100 5655
100 806
100 2541
100 2072
100 5970
100 8292
100 4425
100 6477
100 9992
100 974
100 1613
100 589
100 2038
100 2426
100 1956
100 2455
100 2143
100 7840
100 1106
100 5184
100 2972
100 14573
100 174
100 559
100 3442
100 4218
100 9814
100 1436
100 2971
100 2499
100 441
100 341
100 3773
100 488
100 816
100 5341
100 3042
100 952
100 7654
100 2009
100 10540
100 3325
100 8432
100 2120
100 4834
100 4063
100 8582
100 2508
100 1985
100 11509
100 6222
100 13228
100 803
100 2161
100 11448
100 6183
100 3557
100 1743
100 2051
100 3126
100 707
100 6158
100 10841
100 3951
100 4712
100 1556
100 4297
100 2456
100 2911
100 2822
100 1405
100 442
100 111
100 17012
100 2847
100 1188
100 1997
100 28236
100 14850
100 2281
100 8135
100 3107
100 10795
100 3596
100 1833
100 15092
100 3327
100 660
100 23685
100 1631
100 10467
100 4587
100 5696
100 14766
100 1263
100 4252
100 2867
100 22179
100 2224
100 16109
100 1142
100 2781
100 5112
100 3210
100 13609
100 8240
100 7808
100 4633
100 5313
100 4225
100 1698
100 3936
100 5750
100 16077
100 3123
100 3388
100 7022
100 4734
100 9809
100 12528
100 1997
100 4905
100 548
100 2073
100 502
100 378
100 10144
100 4416
100 1654
100 13248
100 1237
100 2207
100 704
100 5038
100 1687
100 2894
100 8347
100 7222
100 11798
100 3855
100 2330
100 9176
100 3662
100 5823
100 6123
100 13647
100 3155
100 10938
100 16441
100 5513
100 2908
100 8085
100 637
100 8802
100 5748
100 12275
100 713
100 2201
100 1168
100 4011
100 71
100 9323
100 51
100 2869
100 1185
100 2175
100 5158
100 1877
100 245
100 6453
100 694
100 1370
100 8394
100 15639
100 3514
100 211
100 2484
100 797
100 1618
100 2261
100 9034
100 368
100 414
100 2102
100 6147
100 9259
100 3296
100 141
100 832
100 6763
100 4768
100 7078
100 9756
100 510
100 4368
100 5438
100 1274
100 4664
100 3063
100 270
100 553
100 5207
100 4956
100 3475
100 1215
100 1423
100 1805
100 11569
100 6071
100 2157
100 7768
100 96
100 4842
100 855
100 8560
100 721
100 10829
100 1091
100 519
100 1180
100 8110
100 7506
100 3746
100 2970
100 2179
100 1976
100 3672
100 5064
100 12858
100 1188
100 13133
100 2187
100 624
100 3027
100 3107
100 4173
100 348
100 13407
100 7899
100 3114
100 9980
100 8034
100 15433
100 3950
100 1003
100 3254
100 6904
100 575
100 446
100 5701
100 5969
100 2659
100 8354
100 7960
100 6656
100 674
100 20911
100 2050
100 744
100 1762
100 262
100 2062
100 10366
100 5206
100 1977
100 5063
100 13031
100 200
100 2679
100 4692
100 6847
100 358
100 14903
100 152
100 20261
100 3272
100 7794
100 2124
100 18818
100 13314
100 1306
100 226
100 484
100 289
100 589
100 3854
100 1881
100 2927
100 10010
100 24975
100 3967
100 1416
100 3447
100 165
100 2908
100 2249
100 5106
100 174
100 12195
100 842
100 5362
100 650
100 7615
100 99
100 3321
100 152
100 10725
100 14087
100 7117
100 833
100 4931
100 9596
100 6095
100 1515
100 2103
100 1635
100 3077
100 2154
100 10994
100 7923
100 4128
100 7862
100 1433
100 5152
100 9364
100 6155
100 15402
100 1528
100 2862
100 11789
100 1863
100 2586
100 3713
100 24
100 2030
100 190
100 582
100 1278
100 2488
100 17716
100 2933
100 1482
100 3407
100 1624
100 645
100 10067
100 632
100 3532
100 4945
100 8362
100 1934
100 671
100 2158
100 3019
100 4200
100 4180
100 10323
100 348
100 17791
100 5135
100 3733
100 1440
100 4384
100 14028
100 342
100 1932
100 1758
100 5433
100 4331
100 5385
100 3862
100 8625
100 7972
100 1863
100 12474
100 1596
100 12164
100 1827
100 3107
100 363
100 4889
100 386
100 10678
100 9635
100 5431
100 19
100 873
100 7203
100 5636
100 2367
100 3403
100 2287
100 3159
100 558
100 5891
100 548
100 527
100 1182
100 435
100 4788
100 758
100 6661
100 1746
100 10500
100 870
100 629
100 3118
100 946
100 3453
100 2266
100 3499
100 4300
100 3629
100 676
100 1322
100 7071
100 255
100 299
100 704
100 10170
100 3542
100 3172
100 8785
100 7621
100 612
100 3907
100 7678
100 3957
100 525
100 2866
100 15731
100 4049
100 6833
100 4874
100 21044
100 6702
100 685
100 17848
100 14
100 1045
100 7425
100 2903
100 4651
100 2991
100 2957
100 6487
100 6326
100 779
100 1552
100 10705
100 270
100 4656
100 12225
100 9049
100 3155
100 750
100 3721
100 8163
100 10899
100 954
100 4509
100 5911
100 709
100 211
100 3982
100 1191
100 769
100 348
100 3108
100 13267
100 16130
100 4360
100 11327
100 28457
100 5570
100 10300
100 724
100 4991
100 5212
100 1496
100 10732
100 10503
100 4223
100 9373
100 6790
100 7543
100 2688
100 3019
100 18255
100 2060
100 274
100 6787
100 715
100 641
100 313
100 1997
100 4627
100 7584
100 5442
100 895
100 1384
100 6478
100 2908
100 3855
100 781
100 2062
100 29
100 1596
100 6547
100 3414
100 226
100 18760
100 8352
100 1069
100 3743
100 2474
100 4193
100 618
100 2333
100 3011
100 1422
100 4674
100 6061
100 35471
100 550
100 3547
100 12686
100 1122
100 3657
100 4410
100 2587
100 8650
100 1812
100 3689
100 29463
100 3669
100 8723
100 2358
100 1443
100 2668
100 6587
100 282
100 13685
100 5420
100 2869
100 1670
100 1498
100 4597
100 125
100 1813
100 827
100 2217
100 2696
100 18105
100 14273
100 2219
100 7817
100 1863
100 11650
100 1714
100 2881
100 24
100 7080
100 541
100 3391
100 4555
100 5595
100 279
100 1109
100 2704
100 15458
100 3046
100 6195
100 1851
100 3604
100 1149
100 4117
100 4101
100 12656
100 1267
100 3793
100 383
100 5036
100 5249
100 483
100 3778
100 312
100 8355
100 5985
100 3980
100 990
100 12921
100 5133
100 118
100 2611
100 2873
100 3114
100 2834
100 8156
100 13461
100 952
100 3282
100 6698
100 8498
100 10079
100 485
100 652
100 11449
100 1656
100 5407
100 2546
100 2220
100 1624
100 8361
100 7264
100 1017
100 9802
100 2473
100 5666
100 1957
100 1158
100 6462
100 4166
100 6414
100 32417
100 15450
100 8913
100 27008
100 5368
100 5846
100 842
100 3485
100 701
100 2633
100 3740
100 18400
100 2218
100 2248
100 5873
100 7745
100 5436
100 17189
100 13611
100 1766
100 4513
100 12269
100 7637
100 1017
100 7338
100 2066
100 1413
100 9158
100 5430
100 1705
100 4567
100 611
100 1697
100 3970
100 5548
100 2735
100 13629
100 10943
100 10133
100 4559
100 151
100 10545
100 615
100 1534
100 16049
100 1727
100 4416
100 7078
100 782
100 11728
100 5734
100 5559
100 6736
100 14523
100 872
100 2783
100 4602
100 4019
100 2543
100 7536
100 7742
100 5279
100 1373
100 2001
100 2234
100 254
100 20197
100 699
100 864
100 2747
100 6003
100 2948
100 3652
100 6962
100 6305
100 5204
100 3452
100 1558
100 2493
100 3644
100 349
100 2505
100 3003
100 12529
100 7109
100 4696
100 2397
100 1764
100 7247
100 12474
100 9939
100 907
100 8037
100 5749
100 6045
100 2458
100 22900
100 4762
100 766
100 2265
100 31270
100 18415
100 1253
100 1821
100 3610
100 9127
100 4380
100 862
100 10070
100 3011
100 3365
100 4516
100 787
100 2345
100 1978
100 1511
100 3049
100 13
100 2456
100 3149
100 9112
100 2976
100 3300
100 149
100 12289
100 19714
100 480
100 5730
100 3132
100 7225
100 10085
100 7432
100 621
100 2108
100 4561
100 4763
100 3098
100 9239
100 5852
100 2400
100 4174
100 3516
100 2802
100 4803
100 444
100 6725
100 647
100 11885
100 6154
100 981
100 5809
100 4004
100 2492
100 762
100 4151
100 4521
100 681
100 18285
100 364
100 3063
100 4725
100 9272
100 2176
100 2491
100 3357
100 1994
100 3725
100 662
100 5478
100 11074
100 2645
100 9320
100 2739
100 1881
100 3514
100 0
100 1154
100 9535
100 6016
100 5435
100 1151
100 363
100 4073
100 2064
100 4152
100 7388
100 1169
100 5605
100 326
100 2712
100 4400
100 6601
100 2660
100 999
100 321
100 905
100 18408
100 2278
100 1296
100 2583
100 1771
100 3783
100 2429
100 10153
100 1029
100 7626
100 823
100 145
100 8192
100 163
100 3798
100 2836
100 2657
100 14621
100 7854
100 1554
100 20
100 3876
100 568
100 8376
100 2493
100 5494
100 3988
100 16701
100 1290
100 5382
100 491
100 1227
100 7363
100 4519
100 1831
100 3114
100 4446
100 1357
100 8104
100 2003
100 97
100 891
100 1080
100 2863
100 87
100 7862
100 3755
100 3158
100 22324
100 3419
100 2822
100 12449
100 14306
100 6511
100 29707
100 1163
100 1035
100 4064
100 1452
100 847
100 12155
100 2008
100 6536
100 1779
100 1610
100 1684
100 6208
100 19142
100 9214
100 2181
100 4383
100 5705
100 5153
100 10149
100 3581
100 2872
100 2008
100 1090
100 7296
100 5569
100 7994
100 3558
100 4437
100 3417
100 3480
100 2683
100 11765
100 309
100 9194
100 9847
100 1766
100 8558
100 4736
100 4350
100 3233
100 815
100 7739
100 1250
100 29187
100 17975
100 1386
100 5605
100 17598
100 3927
100 399
100 16405
100 794
100 753
100 1181
100 1142
100 2630
100 376
100 3406
100 4044
100 4974
100 2956
100 2634
100 1366
100 452
100 3619
100 2930
100 1842
100 311
100 3020
100 26400
100 935
100 10867
100 5943
100 2407
100 3228
100 3099
100 14238
100 2574
100 730
100 27201
100 10226
100 2295
100 3314
100 6628
100 14768
100 1554
100 7780
100 6981
100 1015
100 10594
100 891
100 530
100 4799
100 893
100 20304
100 170
100 701
100 15917
100 2906
100 1615
100 1372
100 13675
100 7142
100 21938
100 10012
100 9230
100 1051
100 2070
100 1625
100 5685
100 1414
100 5943
100 1747
100 6146
100 3330
100 4565
100 16502
100 4089
100 373
100 3436
100 12232
100 7131
100 1257
100 7610
100 2440
100 911
100 7196
100 11898
100 1595
100 274
100 2134
100 7743
100 3301
100 17049
100 4252
100 7926
100 435
100 2975
100 10120
100 2499
100 2236
100 8485
100 2780
100 2803
100 3993
100 1665
100 2289
100 5354
100 3367
100 7455
100 9776
100 677
100 1604
100 5815
100 4007
100 1262
100 926
100 2280
100 4343
100 873
100 599
100 2017
100 24752
100 2713
100 1690
100 5156
100 5881
100 13753
100 3775
100 2526
100 2353
100 2519
100 382
100 6248
100 7294
100 1278
100 6419
100 5135
100 3123
100 683
100 10074
100 978
100 4022
100 3062
100 4734
100 1735
100 9847
100 1081
100 786
100 13645
100 3494
100 10068
100 280
100 3079
100 6890
100 12628
100 535
100 2375
100 60
100 12335
100 987
100 8868
100 3646
100 2881
100 8916
100 5819
100 4075
100 1198
100 5698
100 2499
100 7247
100 2720
100 3704
100 12091
100 12346
100 12242
100 4906
100 1207
100 9538
100 2544
100 10451
100 1292
100 231
100 5390
100 790
100 4297
100 7865
100 3083
100 371
100 8705
100 4201
100 218
100 4527
100 4376
100 1017
100 461
100 766
100 2210
100 20052
100 546
100 1459
100 7692
100 165
100 5766
100 1483
100 6177
100 2016
100 5812
100 3133
100 8266
100 5522
100 859
100 642
100 4472
100 3337
100 4435
100 2453
100 14297
100 6580
100 4062
100 274
100 18428
100 162
100 1149
100 7775
100 1763
100 10892
100 719
100 547
100 1519
100 2306
100 2616
100 347
100 292
100 2127
100 196
100 891
100 10810
100 3791
100 3111
100 2105
100 9392
100 3565
100 2255
100 5214
100 2414
100 10926
100 4459
100 397
100 845
100 2687
100 6851
100 4981
100 2183
100 560
100 2809
100 3952
100 2970
100 730
100 12277
100 20549
100 4403
100 3862
100 2157
100 3212
100 13844
100 9706
100 18020
100 1840
100 4237
100 1714
100 7119
100 2070
100 4816
100 7447
100 6748
100 2221
100 16975
100 1358
100 5847
100 11100
100 8874
100 2048
100 9735
100 650
100 5747
100 4376
100 4271
100 4011
100 3091
100 7743
100 15096
100 68
100 7304
100 874
100 988
100 265
100 5
100 394
100 1847
100 492
100 1438
100 195
100 4262
100 13451
100 4606
100 1211
100 3376
100 2113
100 1620
100 2339
100 8538
100 1342
100 273
100 11867
100 1076
100 21825
100 8429
100 3356
100 737
100 2779
100 2346
100 4647
100 2826
100 6668
100 6133
100 1286
100 1244
100 648
100 56
100 2071
100 875
100 3272
100 1563
100 165
100 667
100 487
100 934
100 2784
100 1228
100 4691
100 23434
100 1210
100 8734
100 5014
100 2018
100 604
100 888
100 4064
100 1193
100 968
100 14641
100 2440
100 5098
100 7530
100 14851
100 4415
100 7759
100 15895
100 2529
100 6188
100 4469
100 4719
100 24112
100 7388
100 12754
100 593
100 4199
100 1809
100 1614
100 800
100 4942
100 3488
100 1003
100 7526
100 166
100 1211
100 995
100 7658
100 29
100 8564
100 3209
100 427
100 9085
100 7726
100 7345
100 8180
100 7463
100 4261
100 7519
100 1346
100 14201
100 2244
100 2510
100 1922
100 529
100 6117
100 2851
100 6636
100 3949
100 838
100 2136
100 12557
100 6099
100 5910
100 8990
100 2806
100 11977
100 5959
100 13679
100 9656
100 2014
100 6381
100 335
100 2464
100 15433
100 2892
100 313
100 3752
100 5521
100 9701
100 15805
100 2240
100 1954
100 5738
100 2182
100 2114
100 2945
100 5217
100 1600
100 8332
100 434
100 4789
100 155
100 5919
100 5315
100 1592
100 3300
100 2472
100 5726
100 2144
100 4680
100 4588
100 6446
100 3507
100 2708
100 3902
100 10094
100 4140
100 9487
100 13126
100 38
100 12540
100 17078
100 6783
100 432
100 2069
100 182
100 4706
100 10816
100 988
100 13404
100 3915
100 24656
100 876
100 1791
100 9344
100 6506
100 2982
100 3027
100 6276
100 9059
100 6810
100 10116
100 4294
100 11786
100 7517
100 1845
100 4051
100 5345
100 14291
100 1246
100 448
100 6108
100 1843
100 2122
100 1007
100 1057
100 2351
100 844
100 359
100 1431
100 2690
100 224
100 7662
100 8041
100 2022
100 11027
100 559
100 5878
100 218
100 5683
100 5136
100 1178
100 6743
100 2784
100 5722
100 11504
100 2299
100 843
100 6026
100 18614
100 14640
100 4757
100 297
100 1626
100 3687
100 5476
100 4387
100 2895
100 408
100 4887
100 15248
100 12716
100 3190
100 9070
100 1246
100 5571
100 701
100 7476
100 9329
100 3742
100 7106
100 16836
100 535
100 1669
100 2494
100 5190
100 4055
100 19758
100 2690
100 2436
100 1756
100 1718
100 4377
100 18311
100 7129
100 1566
100 5104
100 6823
100 4182
100 7774
100 9811
100 380
100 4023
100 9237
100 967
100 1871
100 12965
100 8103
100 12071
100 1700
100 1019
100 3029
100 135
100 11998
100 689
100 2941
100 8729
100 5808
100 7184
100 19660
100 10742
100 1245
100 6043
100 639
100 2311
100 10710
100 1149
100 10971
100 1307
100 5892
100 1713
100 1403
100 3695
100 602
100 2019
100 932
100 2914
100 1617
100 3512
100 4222
100 6996
100 6676
100 1143
100 22
100 10242
100 308
100 1952
100 1309
100 2448
100 1000
100 3378
100 1414
100 1355
100 1108
100 7457
100 15194
100 2920
100 8993
100 3469
100 6892
100 3410
100 9375
100 609
100 12081
100 2318
100 2971
100 1605
100 255
100 9656
100 463
100 3987
100 10151
100 2626
100 15423
100 8704
100 16316
100 1485
100 998
100 7274
100 1200
100 475
100 647
100 9103
100 4088
100 418
100 6218
100 1121
100 12086
100 5845
100 2511
100 2386
100 405
100 7815
100 2461
100 12443
100 1975
100 548
100 23292
100 163
100 605
100 4052
100 717
100 1347
100 456
100 3436
100 103
100 1869
100 4080
100 2716
100 72
100 1394
100 3105
100 3156
100 13564
100 1159
100 2603
100 4510
100 7826
100 570
100 7530
100 1976
100 10993
100 366
100 19384
100 2917
100 5817
100 6043
100 98
100 2181
100 6875
100 529
100 10102
100 504
100 354
100 5807
100 3190
100 26
100 2171
100 6805
100 1016
100 2907
100 5427
100 9212
100 2761
100 2252
100 2047
100 3223
100 3558
100 560
100 5965
100 10833
100 1500
100 1042
100 6234
100 11650
100 898
100 336
100 3117
100 3473
100 1519
100 9312
100 357
100 597
100 8389
100 1155
100 1930
100 13857
100 699
100 185
100 1719
100 10492
100 1470
100 4477
100 12660
100 394
100 5177
100 503
100 1776
100 1357
100 7104
100 7236
100 1992
100 5942
100 6163
100 5350
100 2589
100 1971
100 3840
100 6427
100 2428
100 9162
100 6343
100 217
100 10482
100 4028
100 243
100 5407
100 3558
100 1313
100 5115
100 5113
100 4857
100 18680
100 11988
100 5813
100 2057
100 4283
100 8256
100 10222
100 8483
100 1423
100 1567
100 2405
100 3209
100 1147
100 73
100 34773
100 2541
100 639
100 2734
100 1086
100 1630
100 8245
100 6813
100 14280
100 7381
100 7034
100 17017
100 2281
100 1979
100 3082
100 697
100 15004
100 3632
100 14156
100 6530
100 518
100 2521
100 1136
100 7855
100 2548
100 2777
100 7616
100 4915
100 10460
100 4443
100 1060
100 4206
100 15882
100 1769
100 1093
100 1764
100 9628
100 972
100 6176
100 2476
100 2619
100 1169
100 10081
100 4249
100 121
100 2933
100 921
100 3684
100 3191
100 4643
100 7560
100 5
100 391
100 4342
100 3156
100 812
100 4378
100 5057
100 4140
100 4826
100 10853
100 1628
100 472
100 4688
100 15691
100 5438
100 1475
100 3515
100 3299
100 1275
100 5665
100 1875
100 14978
100 805
100 2489
100 1910
100 5153
100 8400
100 483
100 14
100 3921
100 5554
100 7635
100 347
100 4652
100 10644
100 2862
100 4589
100 425
100 2632
100 12507
100 3750
100 396
100 18466
100 234
100 5346
100 4595
100 5148
100 3690
100 1582
100 2
100 3708
100 1000
100 11545
100 6447
100 1159
100 680
100 3706
100 2968
100 3880
100 1831
100 1376
100 17511
100 538
100 2197
100 1700
100 1358
100 5098
100 4484
100 4822
100 4061
100 8623
100 14914
100 278
100 28778
100 1480
100 299
100 1340
100 6404
100 6560
100 4945
100 227
100 7913
100 3203
100 873
100 776
100 3134
100 3417
100 11708
100 3562
100 7109
100 5504
100 2299
100 4985
100 1349
100 2630
100 3342
100 1661
100 1645
100 6948
100 649
100 777
100 7889
100 1201
100 10339
100 4524
100 3915
100 1466
100 62
100 1389
100 22236
100 3490
100 7753
100 9195
100 1414
100 6485
100 4244
100 5906
100 1845
100 11771
100 761
100 1994
100 2515
100 5784
100 7176
100 25727
100 8495
100 1580
100 629
100 6659
100 6316
100 11652
100 11674
100 2396
100 466
100 7467
100 4008
100 3950
100 1935
100 13172
100 3740
100 433
100 772
100 2557
100 2610
100 2818
100 6497
100 7743
100 14252
100 272
100 787
100 88
100 659
100 10924
100 1207
100 5535
100 634
100 2588
100 9076
100 191
100 745
100 17073
100 7367
100 3649
100 4421
100 3494
100 10372
100 2520
100 5420
100 16463
100 24436
100 280
100 25386
100 813
100 19596
100 6370
100 6058
100 7859
100 6432
100 152
100 2133
100 1961
100 795
100 1018
100 5905
100 5867
100 572
100 3044
100 1463
100 7346
100 1306
100 33337
100 892
100 7425
100 770
100 1237
100 9805
100 2989
100 1319
100 3636
100 4168
100 1528
100 6093
100 2165
100 12421
100 770
100 5744
100 10961
100 1724
100 1615
100 4544
100 486
100 4338
100 91
100 3349
100 688
100 6037
100 2754
100 9399
100 3215
100 2709
100 12722
100 5388
100 292
100 5990
100 515
100 2458
100 2935
100 350
100 6758
100 611
100 194
100 4150
100 2193
100 3539
100 3440
100 4703
100 6792
100 10096
100 155
100 9157
100 1000
100 4988
100 12265
100 695
100 2404
100 971
100 3717
100 392
100 2591
100 3361
100 4199
100 3403
100 13368
100 2233
100 9800
100 4326
100 4305
100 1462
100 230
100 5002
100 358
100 5135
100 5772
100 7949
100 4575
100 9727
100 7923
100 6025
100 248
100 186
100 1143
100 4016
100 716
100 5399
100 3682
100 3963
100 4823
100 9923
100 3953
100 4611
100 12837
100 1853
100 3182
100 4603
100 5245
100 6901
100 1865
100 3645
100 9974
100 1687
100 7723
100 657
100 16
100 5268
100 1585
100 9564
100 631
100 225
100 2020
100 3385
100 2224
100 173
100 1156
100 996
100 840
100 12211
100 874
100 3407
100 3168
100 2933
100 1674
100 10856
100 12644
100 8557
100 4975
100 7422
100 7630
100 3278
100 7755
100 1114
100 280
100 2668
100 665
100 7406
100 3701
100 1113
100 3990
100 1130
100 7371
100 1204
100 8174
100 3457
100 5059
100 2227
100 17995
100 6950
100 479
100 570
100 5312
100 1499
100 1074
100 3635
100 6670
100 434
100 8332
100 2637
100 1564
100 3524
100 7393
100 20425
100 4499
100 4416
100 1496
100 2677
100 8877
100 8113
100 967
100 1280
100 1455
100 877
100 29
100 512
100 2404
100 322
100 1132
100 4508
100 2955
100 14135
100 3471
100 3016
100 14776
100 3576
100 3039
100 13273
100 18444
100 6857
100 4954
100 892
100 1688
100 1202
100 9176
100 13129
100 4581
100 2832
100 4084
100 3784
100 2096
100 7032
100 5934
100 4596
100 2925
100 593
100 9966
100 11082
100 753
100 3283
100 376
100 12290
100 2256
100 2088
100 1985
100 8134
100 5178
100 8619
100 3158
100 2007
100 9648
100 328
100 1996
100 5448
100 6032
100 1878
100 7447
100 2731
100 10988
100 1075
100 257
100 6694
100 15742
100 3297
100 13514
100 3020
100 6947
100 3262
100 816
100 1764
100 3493
100 887
100 9223
100 1028
100 516
100 5005
100 10480
100 3363
100 6998
100 4257
100 6981
100 3883
100 6872
100 4325
100 7449
100 633
100 249
100 6433
100 13170
100 11979
100 4071
100 363
100 2677
100 4066
100 12927
100 7326
100 8950
100 1762
100 639
100 11540
100 1208
100 356
100 15089
100 1975
100 416
100 1016
100 207
100 2102
100 10230
100 356
100 3641
100 566
100 5087
100 10757
100 460
100 5290
100 2843
100 9817
100 631
100 1616
100 5999
100 2705
100 495
100 3475
100 4908
100 3665
100 4736
100 2750
100 1649
100 1401
100 6167
100 4581
100 6096
100 2639
100 54
100 3394
100 6998
100 3547
100 796
100 4904
100 52
100 5460
100 4379
100 363
100 2552
100 4690
100 371
100 2037
100 26369
100 6881
100 4149
100 3162
100 10139
100 1707
100 389
100 1397
100 10145
100 12063
100 3365
100 2361
100 4287
100 5110
100 3236
100 2032
100 5371
100 2557
100 3348
100 2671
100 8117
100 4683
100 2629
100 2414
100 5318
100 2031
100 2241
100 223
100 8241
100 2393
100 7606
100 8636
100 2857
100 2260
100 60
100 2093
100 2770
100 15827
100 2208
100 2119
100 2224
100 515
100 2653
100 736
100 4711
100 6817
100 22142
100 4830
100 2183
100 7579
100 10144
100 5975
100 1424
100 8882
100 7533
100 5501
100 6158
100 952
100 56
100 6337
100 3215
100 5563
100 4119
100 19623
100 1007
100 3197
100 2745
100 14800
100 5183
100 5029
100 3031
100 3620
100 3772
100 1729
100 1853
100 5140
100 2741
100 3435
100 1484
100 1013
100 4301
100 2053
100 836
100 1784
100 872
100 1542
100 2234
100 16475
100 5540
100 1095
100 2226
100 3149
100 492
100 6404
100 1675
100 4838
100 9633
100 1074
100 6466
100 927
100 1464
100 9474
100 4603
100 17410
100 6465
100 15204
100 2965
100 23332
100 27521
100 2690
100 3524
100 2205
100 2698
100 5607
100 3716
100 5053
100 6169
100 1874
100 2138
100 5194
100 24247
100 1374
100 3770
100 311
100 23990
100 3681
100 2428
100 22376
100 899
100 6269
100 5402
100 7083
100 1899
100 5618
100 13040
100 1159
100 710
100 5578
100 960
100 5804
100 558
100 28
100 2382
100 2204
100 2844
100 1965
100 8981
100 1623
100 1277
100 4994
100 4914
100 1990
100 2185
100 11999
100 9662
100 962
100 2101
100 1531
100 1053
100 3638
100 1899
100 148
100 7056
100 5991
100 5580
100 638
100 6627
100 480
100 3529
100 3644
100 8258
100 3197
100 819
100 7563
100 2162
100 2283
100 7221
100 2717
100 11979
100 2388
100 451
100 251
100 2088
100 104
100 1809
100 2145
100 316
100 5807
100 11705
100 11019
100 2048
100 426
100 5900
100 1616
100 11247
100 14336
100 823
100 1357
100 1065
100 6091
100 5486
100 1506
100 21266
100 3839
100 15497
100 392
100 3018
100 2508
100 4268
100 19304
100 639
100 15853
100 3912
100 119
100 4416
100 285
100 3915
100 3662
100 8775
100 3124
100 6774
100 1344
100 6851
100 4640
100 174
100 573
100 12694
100 829
100 10377
100 11834
100 3042
100 924
100 9522
100 2028
100 7291
100 724
100 1200
100 6519
100 6507
100 4409
100 6217
100 12293
100 365
100 4497
100 4550
100 4728
100 4213
100 8427
100 16172
100 2605
100 6613
100 5689
100 6405
100 1056
100 517
100 2928
100 1435
100 11909
100 7003
100 530
100 1593
100 6787
100 1021
100 83
100 1868
100 3780
100 3244
100 366
100 7450
100 449
100 2866
100 2165
100 2898
100 6738
100 2545
100 11831
100 2282
100 567
100 536
100 12395
100 8669
100 191
100 4235
100 7902
100 1750
100 341
100 4241
100 4125
100 11054
100 5085
100 21871
100 6559
100 4569
100 3679
100 5367
100 11799
100 23511
100 3530
100 1594
100 2458
100 11648
100 2339
100 5364
100 10967
100 4715
100 643
100 1300
100 6023
100 559
100 4903
100 7362
100 6416
100 4364
100 1058
100 2267
100 1912
100 6785
100 8498
100 8
100 5807
100 16189
100 9093
100 1297
100 11992
100 5852
100 9899
100 9910
100 1972
100 6684
100 1971
100 5427
100 7829
100 2020
100 3493
100 1267
100 11221
100 4416
100 71
100 4677
100 1059
100 452
100 1218
100 4746
100 410
100 1484
100 9639
100 264
100 588
100 794
100 5989
100 13967
100 2444
100 4576
100 2330
100 2302
100 2511
100 3471
100 14444
100 4304
100 14278
100 999
100 1384
100 1828
100 5845
100 28099
100 5683
100 6389
100 32
100 1973
100 19038
100 7149
100 919
100 5550
100 2290
100 335
100 3831
100 6607
100 17761
100 11355
100 1034
100 2577
100 2360
100 11976
100 3462
100 3021
100 13317
100 619
100 10896
100 2001
100 1273
100 993
100 2032
100 1493
100 2254
100 17344
100 1323
100 31216
100 9393
100 3528
100 306
100 5360
100 5891
100 415
100 1201
100 17981
100 4758
100 8714
100 3211
100 570
100 2036
100 17467
100 2189
100 6335
100 9198
100 2198
100 1709
100 238
100 8611
100 529
100 2052
100 6085
100 4453
100 5011
100 358
100 64
100 2115
100 1342
100 4008
100 11078
100 17323
100 3014
100 2517
100 594
100 2708
100 10119
100 10726
100 1011
100 1208
100 5752
100 4787
100 4731
100 13462
100 1455
100 414
100 719
100 4774
100 19180
100 8142
100 3952
100 4257
100 497
100 11789
100 7945
100 10270
100 9932
100 5720
100 1387
100 12502
100 786
100 7391
100 282
100 266
100 2554
100 8477
100 773
100 1082
100 1934
100 1702
100 3903
100 2078
100 2477
100 14819
100 6473
100 36
100 11576
100 7844
100 3487
100 545
100 503
100 1047
100 14127
100 8149
100 5292
100 8778
100 3778
100 36
100 8013
100 1662
100 1198
100 10336
100 1069
100 6460
100 3509
100 2223
100 9446
100 6992
100 3215
100 3011
100 393
100 17443
100 1277
100 12435
100 6975
100 22848
100 6102
100 180
100 16688
100 11207
100 3783
100 6693
100 3835
100 13113
100 1583
100 16373
100 1149
100 1419
100 5935
100 8156
100 3885
100 635
100 8195
100 3076
100 4298
100 1354
100 2059
100 2868
100 702
100 2768
100 69
100 7334
100 237
100 5951
100 7899
100 8348
100 3224
100 8052
100 4348
100 211
100 4027
100 6584
100 1236
100 14393
100 7985
100 12163
100 8743
100 166
100 8128
100 686
100 2405
100 2807
100 8018
100 1170
100 1643
100 3985
100 1994
100 11557
100 470
100 4003
100 577
100 450
100 3386
100 14796
100 1336
100 3278
100 1691
100 3722
100 856
100 8099
100 1119
100 9826
100 5118
100 2009
100 8646
100 2409
100 175
100 5276
100 592
100 9660
100 3188
100 7839
100 12088
100 5386
100 2693
100 7150
100 2794
100 1246
100 913
100 838
100 7842
100 5293
100 1921
100 9279
100 9795
100 8882
100 908
100 344
100 2926
100 5891
100 2268
100 599
100 10128
100 2775
100 1895
100 7638
100 2867
100 11369
100 2142
100 8723
100 316
100 4432
100 2967
100 8106
100 3743
100 1058
100 3964
100 6544
100 9667
100 404
100 4237
100 1156
100 6633
100 929
100 715
100 5842
100 1561
100 11326
100 3211
100 9822
100 2170
100 1721
100 7085
100 4780
100 391
100 985
100 2983
100 1908
100 2768
100 210
100 1703
100 348
100 1061
100 5600
100 12220
100 965
100 13294
100 1006
100 11574
100 3281
100 12330
100 5325
100 394
100 4733
100 10547
100 17510
100 135
100 8488
100 2469
100 8655
100 5079
100 10254
100 35
100 6460
100 3970
100 3225
100 2357
100 2647
100 4821
100 2460
100 960
100 1856
100 4233
100 6146
100 15552
100 2309
100 7554
100 3846
100 1782
100 10054
100 5445
100 3194
100 2627
100 23488
100 9692
100 9509
100 811
100 6886
100 5323
100 138
100 13700
100 6638
100 4048
100 435
100 10612
100 17254
100 3781
100 4271
100 28462
100 5215
100 1911
100 10452
100 17971
100 5929
100 28711
100 2546
100 10635
100 6649
100 38
100 1524
100 2538
100 121
100 8761
100 16905
100 523
100 9494
100 4520
100 5430
100 14945
100 8944
100 818
100 1018
100 2914
100 5084
100 12007
100 8536
100 7941
100 4868
100 2254
100 2607
100 15216
100 8860
100 2062
100 11755
100 891
100 3059
100 141
100 364
100 56
100 856
100 4791
100 4468
100 15021
100 3554
100 26290
100 3848
100 3722
100 2886
100 23
100 4982
100 2668
100 541
100 394
100 8702
100 1806
100 1930
100 6361
100 6626
100 3633
100 1048
100 1973
100 648
100 221
100 1916
100 4734
100 4575
100 3696
100 8808
100 2775
100 11341
100 4747
100 5650
100 237
100 7957
100 11504
100 6317
100 12883
100 3006
100 11829
100 5990
100 3500
100 456
100 8908
100 1420
100 612
100 5322
100 512
100 2218
100 3552
100 2488
100 8520
100 8378
100 350
100 4270
100 3727
100 15072
100 3954
100 2351
100 7281
100 5516
100 3888
100 1896
100 2095
100 9555
100 8892
100 8383
100 6108
100 2780
100 6311
100 5648
100 1493
100 24755
100 10899
100 5959
100 6358
100 7480
100 1737
100 3595
100 2121
100 13157
100 8191
100 8015
100 327
100 6757
100 150
100 20211
100 5230
100 1870
100 11847
100 2956
100 1145
100 941
100 5435
100 9295
100 87
100 1930
100 13434
100 7544
100 3187
100 6413
100 4149
100 7693
100 1542
100 455
100 16302
100 947
100 5114
100 560
100 11394
100 1894
100 31
100 2736
100 1440
100 10120
100 7754
100 735
100 7544
100 1048
100 7688
100 4706
100 1675
100 1067
100 3746
100 1624
100 3916
100 8776
100 14696
100 4620
100 4059
100 2068
100 2271
100 782
100 4456
100 2407
100 1317
100 1583
100 4959
100 7525
100 5992
100 2574
100 648
100 5
100 5751
100 3646
100 4498
100 4030
100 4339
100 3553
100 6042
100 1337
100 901
100 1556
100 4001
100 17892
100 2029
100 11300
100 176
100 1428
100 162
100 1748
100 4722
100 1942
100 5743
100 16215
100 6596
100 4490
100 3371
100 5816
100 1155
100 1655
100 7007
100 1393
100 3882
100 10539
100 5478
100 5066
100 4647
100 7546
100 5158
100 736
100 4046
100 8313
100 152
100 23598
100 160
100 2223
100 11193
100 3720
100 2710
100 10391
100 4549
100 7456
100 2829
100 621
100 2698
100 724
100 11032
100 1164
100 12881
100 2354
100 3900
100 4513
100 12867
100 8762
100 4915
100 208
100 1578
100 226
100 8418
100 2123
100 7806
100 3527
100 9298
100 5149
100 939
100 13529
100 26
100 329
100 12452
100 502
100 5156
100 2354
100 1203
100 4179
100 3974
100 6843
100 730
100 16834
100 667
100 2935
100 284
100 4239
100 3036
100 5493
100 26390
100 538
100 6293
100 3632
100 3893
100 6553
100 2191
100 13427
100 2645
100 2409
100 618
100 2921
100 697
100 1375
100 8734
100 2210
100 3503
100 7506
100 5376
100 525
100 2940
100 5431
100 2582
100 3079
100 8281
100 3587
100 2794
100 2453
100 473
100 143
100 96
100 3922
100 1701
100 472
100 450
100 194
100 6542
100 5044
100 1066
100 6416
100 1381
100 12066
100 9862
100 830
100 2852
100 361
100 6693
100 12053
100 3662
100 8751
100 605
100 2945
100 8723
100 487
100 2310
100 9414
100 4820
100 1445
100 1176
100 8772
100 796
100 1029
100 2658
100 18626
100 2708
100 4486
100 5138
100 784
100 5182
100 359
100 112
100 968
100 25
100 1968
100 6170
100 10235
100 5218
100 2267
100 27133
100 5994
100 12130
100 2076
100 1152
100 310
100 6010
100 3087
100 116
100 2816
100 5386
100 5470
100 10984
100 6674
100 3948
100 31024
100 13388
100 1511
100 3419
100 4065
100 7453
100 8030
100 9502
100 6410
100 319
100 3693
100 6323
100 598
100 5358
100 9026
100 2981
100 689
100 34105
100 2278
100 13053
100 77
100 1453
100 4762
100 10883
100 4377
100 563
100 2378
100 4
100 1119
100 7258
100 2925
100 1289
100 5343
100 2737
100 5995
100 4822
100 314
100 12795
100 2599
100 15438
100 832
100 4280
100 664
100 4837
100 10902
100 2012
100 9647
100 1927
100 2430
100 179
100 39
100 300
100 9373
100 8919
100 520
100 207
100 4232
100 297
100 858
100 658
100 8024
100 4582
100 8336
100 121
100 9008
100 7053
100 1956
100 3755
100 5278
100 4733
100 2316
100 5930
100 597
100 1000
100 727
100 3564
100 604
100 7991
100 464
100 7575
100 9967
100 451
100 11470
100 588
100 583
100 7418
100 4190
100 12041
100 512
100 11545
100 7417
100 50163
100 18733
100 2189
100 4279
100 2353
100 1179
100 2789
100 269
100 15998
100 3049
100 3621
100 197
100 7817
100 4313
100 1140
100 9759
100 5385
100 4926
100 39
100 1543
100 778
100 1289
100 1082
100 1925
100 1592
100 13083
100 2800
100 6454
100 1181
100 6746
100 5729
100 1981
100 48
100 1686
100 1068
100 5359
100 964
100 503
100 16310
100 637
100 4524
100 8458
100 7589
100 9137
100 8464
100 585
100 610
100 4080
100 2793
100 14612
100 792
100 5391
100 1593
100 14096
100 9907
100 1492
100 227
100 1089
100 9490
100 159
100 1492
100 2622
100 548
100 14007
100 627
100 218
100 5932
100 3087
100 9648
100 9321
100 2130
100 4074
100 2855
100 1483
100 7470
100 3101
100 4785
100 1269
100 6001
100 9668
100 862
100 7835
100 10369
100 8101
100 4474
100 405
100 5768
100 5871
100 4579
100 5472
100 2233
100 2581
100 43
100 687
100 3599
100 3320
100 1497
100 681
100 354
100 524
100 5216
100 3807
100 2725
100 2583
100 3897
100 1213
100 15287
100 8653
100 1396
100 1120
100 3623
100 23352
100 911
100 4804
100 3495
100 572
100 6460
100 415
100 16212
100 830
100 6748
100 1452
100 14953
100 5215
100 713
100 8409
100 4718
100 1119
100 13256
100 14100
100 2128
100 281
100 3390
100 248
100 3267
100 2459
100 2062
100 2788
100 8197
100 1964
100 4454
100 5714
100 7411
100 1589
100 1858
100 7569
100 5462
100 308
100 4448
100 1123
100 2883
100 172
100 1000
100 139
100 5826
100 5437
100 8568
100 14926
100 1443
100 4798
100 199
100 9307
100 4443
100 2303
100 5026
100 4061
100 9890
100 509
100 901
100 2896
100 83
100 6475
100 19152
100 9157
100 3560
100 1358
100 507
100 6184
100 177
100 2016
100 1652
100 11343
100 2613
100 4840
100 1859
100 1427
100 8921
100 12064
100 1829
100 9413
100 3123
100 601
100 15337
100 26
100 8059
100 4820
100 12638
100 3702
100 113
100 16135
100 2920
100 7765
100 4151
100 2189
100 1596
100 8945
100 4413
100 5494
100 88
100 319
100 10285
100 954
100 3012
100 24188
100 5160
100 8419
100 57
100 5293
100 3110
100 12075
100 5186
100 4176
100 1362
100 2651
100 723
100 1096
100 2214
100 13582
100 5593
100 1595
100 703
100 3366
100 8497
100 5715
100 5135
100 2548
100 3672
100 5119
100 23681
100 1730
100 943
100 4632
100 711
100 210
100 561
100 3230
100 1258
100 4296
100 567
100 9475
100 1114
100 10469
100 6914
100 18058
100 4720
100 4312
100 5101
100 7097
100 1882
100 2971
100 2980
100 3523
100 8899
100 456
100 2305
100 687
100 8050
100 1942
100 193
100 2236
100 4340
100 8896
100 2333
100 1278
100 5895
100 10123
100 924
100 3675
100 3667
100 6091
100 1855
100 3112
100 11132
100 12576
100 697
100 3498
100 360
100 3702
100 11018
100 1617
100 2229
100 4603
100 1553
100 3087
100 11299
100 12963
100 8673
100 5561
100 7051
100 8240
100 5440
100 396
100 8873
100 5958
100 317
100 3087
100 2882
100 3255
100 330
100 4081
100 3697
100 529
100 17086
100 206
100 11847
100 2421
100 686
100 319
100 1304
100 5055
100 7344
100 14086
100 5321
100 5089
100 8811
100 1682
100 1535
100 4457
100 6028
100 14261
100 658
100 3195
100 3097
100 13966
100 445
100 1082
100 17360
100 1503
100 5490
100 2137
100 347
100 251
100 1543
100 8633
100 2593
100 12421
100 3121
100 1326
100 11697
100 8848
100 3959
100 2386
100 1271
100 10940
100 5224
100 8902
100 2094
100 3435
100 10306
100 3337
100 2427
100 31
100 14858
100 1905
100 16773
100 25521
100 1341
100 2417
100 560
100 1405
100 5257
100 3866
100 7797
100 2577
100 1344
100 3972
100 4348
100 5064
100 11475
100 7352
100 5549
100 8376
100 819
100 987
100 8258
100 1866
100 2412
100 1704
100 7540
100 22277
100 2157
100 1921
100 3401
100 4468
100 796
100 915
100 4762
100 6386
100 6510
100 193
100 3322
100 4532
100 2670
100 3469
100 10790
100 648
100 7583
100 1324
100 9331
100 12654
100 179
100 7348
100 4301
100 13105
100 3168
100 2753
100 8340
100 19544
100 12028
100 2822
100 191
100 6795
100 13005
100 7401
100 10174
100 26457
100 456
100 8466
100 5065
100 2350
100 4503
100 10917
100 684
100 247
100 942
100 2152
100 2006
100 17362
100 289
100 16504
100 3392
100 184
100 2799
100 163
100 1737
100 1193
100 5418
100 794
100 3328
100 592
100 2505
100 1698
100 4141
100 6199
100 1691
100 9180
100 277
100 2667
100 1860
100 3880
100 997
100 3782
100 9978
100 4476
100 4645
100 4915
100 2582
100 5730
100 9382
100 215
100 14143
100 17186
100 2609
100 5158
100 9772
100 1114
100 4358
100 15982
100 2823
100 4574
100 1692
100 5540
100 1697
100 4373
100 4569
100 8899
100 223
100 2236
100 4196
100 29795
100 2322
100 4559
100 14062
100 2269
100 717
100 4368
100 5265
100 1012
100 5631
100 2009
100 4134
100 9303
100 1888
100 4471
100 5737
100 11104
100 5550
100 1509
100 1454
100 98
100 16540
100 1112
100 1053
100 6094
100 7591
100 1137
100 14789
100 4314
100 9367
100 5789
100 196
100 13281
100 1218
100 590
100 13850
100 2275
100 11771
100 8662
100 855
100 3656
100 4765
100 6547
100 11225
100 80
100 1795
100 6226
100 3547
100 4247
100 1778
100 974
100 323
100 989
100 871
100 4038
