100 82
100 258
100 288
100 125
100 266
100 301
100 276
100 420
100 15
100 27
100 107
100 113
100 23
100 411
100 198
100 2
100 80
100 380
100 107
100 154
100 179
100 216
100 63
100 56
100 307
100 6
100 169
100 16
100 510
100 558
100 281
100 144
100 18
100 194
100 703
100 737
100 258
100 314
100 401
100 281
100 114
100 3
100 336
100 215
100 45
100 258
100 67
100 270
100 293
100 236
100 66
100 26
100 815
100 292
100 103
100 408
100 189
100 27
100 64
100 127
100 1075
100 233
100 102
100 103
100 410
100 263
100 167
100 192
100 139
100 30
100 31
100 66
100 167
100 265
100 97
100 731
100 722
100 588
100 40
100 398
100 352
100 371
100 80
100 228
100 39
100 253
100 197
100 55
100 87
100 132
100 101
100 577
100 205
100 21
100 176
100 123
100 1040
100 345
100 737
100 97
100 2
100 740
100 131
100 15
100 119
100 149
100 418
100 163
100 59
100 133
100 193
100 123
100 445
100 258
100 57
100 94
100 404
100 65
100 68
100 224
100 354
100 89
100 55
100 375
100 177
100 23
100 230
100 355
100 286
100 57
100 34
100 171
100 118
100 140
100 25
100 482
100 822
100 59
100 175
100 408
100 137
100 81
100 32
100 374
100 221
100 237
100 498
100 250
100 561
100 196
100 7
100 90
100 238
100 97
100 407
100 813
100 199
100 118
100 109
100 83
100 60
100 189
100 192
100 363
100 14
100 72
100 361
100 669
100 400
100 102
100 393
100 4
100 340
100 342
100 173
100 26
100 127
100 154
100 57
100 131
100 12
100 40
100 1398
100 247
100 430
100 24
100 167
100 634
100 52
100 144
100 258
100 848
100 63
100 31
100 167
100 73
100 41
100 144
100 53
100 168
100 14
100 295
100 730
100 155
100 74
100 50
100 163
100 100
100 19
100 381
100 223
100 167
100 465
100 664
100 211
100 179
100 253
100 392
100 94
100 6
100 96
100 871
100 183
100 42
100 266
100 32
100 291
100 154
100 89
100 100
100 362
100 39
100 395
100 165
100 74
100 61
100 1227
100 97
100 95
100 799
100 60
100 518
100 1424
100 51
100 198
100 72
100 623
100 790
100 180
100 747
100 386
100 3
100 264
100 17
100 44
100 92
100 163
100 236
100 124
100 76
100 101
100 385
100 404
100 370
100 209
100 51
100 62
100 1332
100 157
100 32
100 166
100 126
100 60
100 28
100 515
100 468
100 32
100 74
100 45
100 59
100 558
100 361
100 135
100 646
100 426
100 143
100 101
100 319
100 33
100 485
100 163
100 281
100 186
100 328
100 672
100 301
100 148
100 599
100 99
100 207
100 153
100 687
100 115
100 447
100 77
100 79
100 285
100 331
100 789
100 237
100 165
100 191
100 36
100 65
100 1002
100 468
100 216
100 58
100 81
100 37
100 198
100 157
100 141
100 284
100 140
100 60
100 72
100 265
100 33
100 207
100 19
100 524
100 613
100 432
100 115
100 251
100 130
100 450
100 263
100 34
100 29
100 68
100 457
100 525
100 367
100 199
100 343
100 296
100 130
100 231
100 47
100 256
100 51
100 189
100 165
100 38
100 16
100 208
100 11
100 38
100 129
100 644
100 293
100 40
100 269
100 310
100 64
100 121
100 451
100 32
100 454
100 455
100 200
100 563
100 218
100 387
100 93
100 166
100 35
100 60
100 50
100 1149
100 87
100 185
100 61
100 150
100 236
100 155
100 207
100 83
100 158
100 168
100 185
100 69
100 554
100 349
100 13
100 4
100 49
100 115
100 53
100 18
100 175
100 9
100 181
100 260
100 2
100 647
100 194
100 395
100 13
100 220
100 513
100 222
100 296
100 104
100 32
100 209
100 137
100 17
100 242
100 179
100 3
100 374
100 38
100 911
100 439
100 161
100 23
100 106
100 195
100 59
100 17
100 120
100 678
100 358
100 13
100 101
100 37
100 196
100 224
100 34
100 32
100 584
100 230
100 381
100 160
100 345
100 374
100 243
100 89
100 92
100 362
100 444
100 128
100 54
100 132
100 679
100 534
100 22
100 164
100 221
100 186
100 424
100 422
100 213
100 44
100 356
100 41
100 199
100 160
100 323
100 285
100 454
100 40
100 487
100 230
100 568
100 123
100 836
100 149
100 683
100 21
100 39
100 533
100 546
100 289
100 126
100 6
100 101
100 906
100 587
100 300
100 1124
100 136
100 71
100 449
100 0
100 71
100 300
100 87
100 224
100 47
100 1
100 65
100 285
100 129
100 40
100 134
100 68
100 42
100 158
100 446
100 301
100 36
100 32
100 5
100 984
100 142
100 333
100 150
100 54
100 196
100 812
100 635
100 65
100 258
100 1229
100 465
100 138
100 513
100 341
100 42
100 116
100 291
100 200
100 219
100 259
100 570
100 102
100 64
100 409
100 257
100 279
100 82
100 443
100 27
100 188
100 496
100 27
100 344
100 75
100 255
100 139
100 41
100 235
100 60
100 70
100 121
100 223
100 362
100 88
100 341
100 433
100 44
100 102
100 733
100 753
100 470
100 311
100 447
100 312
100 49
100 233
100 52
100 192
100 725
100 190
100 48
100 472
100 376
100 298
100 454
100 113
100 19
100 19
100 101
100 168
100 216
100 188
100 847
100 378
100 687
100 21
100 16
100 121
100 324
100 23
100 196
100 13
100 172
100 51
100 39
100 15
100 289
100 602
100 83
100 265
100 50
100 40
100 467
100 131
100 33
100 232
100 11
100 4
100 52
100 317
100 157
100 89
100 431
100 39
100 447
100 724
100 0
100 692
100 339
100 134
100 722
100 452
100 129
100 1001
100 168
100 636
100 182
100 121
100 474
100 115
100 50
100 31
100 270
100 4
100 30
100 436
100 19
100 167
100 232
100 429
100 139
100 322
100 35
100 15
100 434
100 17
100 177
100 342
100 32
100 310
100 487
100 55
100 70
100 230
100 85
100 364
100 293
100 22
100 298
100 9
100 305
100 216
100 806
100 283
100 29
100 139
100 200
100 726
100 102
100 46
100 235
100 387
100 30
100 103
100 315
100 53
100 53
100 118
100 142
100 112
100 112
100 4
100 348
100 1011
100 100
100 140
100 332
100 29
100 182
100 199
100 119
100 15
100 374
100 30
100 289
100 340
100 10
100 238
100 346
100 221
100 31
100 643
100 117
100 158
100 189
100 205
100 166
100 47
100 208
100 841
100 579
100 142
100 138
100 227
100 2
100 21
100 55
100 339
100 161
100 102
100 87
100 542
100 117
100 186
100 29
100 92
100 527
100 92
100 318
100 124
100 97
100 48
100 181
100 158
100 256
100 751
100 159
100 33
100 287
100 252
100 51
100 277
100 290
100 211
100 287
100 131
100 283
100 121
100 1
100 208
100 17
100 566
100 112
100 633
100 56
100 312
100 359
100 25
100 222
100 117
100 397
100 109
100 273
100 192
100 9
100 220
100 946
100 1011
100 252
100 620
100 190
100 727
100 101
100 244
100 120
100 14
100 242
100 241
100 215
100 149
100 252
100 49
100 229
100 105
100 417
100 149
100 225
100 465
100 17
100 47
100 56
100 470
100 166
100 238
100 8
100 581
100 397
100 89
100 95
100 420
100 43
100 473
100 463
100 159
100 73
100 601
100 347
100 61
100 416
100 518
100 317
100 34
100 80
100 326
100 129
100 48
100 9
100 311
100 113
100 739
100 27
100 132
100 210
100 130
100 427
100 216
100 669
100 153
100 267
100 39
100 54
100 216
100 117
100 91
100 96
100 177
100 382
100 195
100 217
100 307
100 582
100 322
100 23
100 65
100 31
100 380
100 56
100 470
100 339
100 184
100 100
100 571
100 11
100 207
100 338
100 40
100 23
100 282
100 109
100 111
100 134
100 94
100 125
100 44
100 112
100 250
100 74
100 186
100 25
100 51
100 27
100 97
100 424
100 124
100 178
100 366
100 307
100 10
100 712
100 129
100 490
100 19
100 137
100 6
100 700
100 103
100 147
100 196
100 970
100 728
100 242
100 17
100 181
100 337
100 515
100 80
100 311
100 335
100 42
100 59
100 195
100 349
100 119
100 122
100 253
100 596
100 569
100 93
100 332
100 63
100 476
100 39
100 830
100 274
100 32
100 215
100 20
100 363
100 244
100 7
100 143
100 567
100 614
100 451
100 385
100 69
100 23
100 12
100 590
100 1294
100 478
100 54
100 453
100 764
100 8
100 32
100 60
100 276
100 88
100 6
100 230
100 180
100 131
100 224
100 167
100 24
100 646
100 747
100 219
100 230
100 34
100 342
100 139
100 140
100 131
100 263
100 35
100 366
100 40
100 139
100 10
100 139
100 103
100 232
100 448
100 64
100 42
100 538
100 25
100 0
100 25
100 450
100 413
100 252
100 39
100 202
100 319
100 163
100 525
100 278
100 429
100 268
100 87
100 747
100 30
100 265
100 177
100 118
100 9
100 226
100 104
100 94
100 217
100 30
100 285
100 37
100 540
100 472
100 60
100 224
100 61
100 365
100 606
100 59
100 352
100 380
100 206
100 444
100 663
100 27
100 180
100 45
100 370
100 657
100 3
100 436
100 146
100 236
100 687
100 145
100 327
100 200
100 180
100 577
100 77
100 130
100 338
100 35
100 132
100 113
100 186
100 35
100 398
100 240
100 189
100 92
100 11
100 102
100 70
100 187
100 473
100 289
100 346
100 15
100 0
100 176
100 91
100 7
100 290
100 239
100 217
100 298
100 646
100 510
100 214
100 93
100 109
100 210
100 277
100 241
100 75
100 114
100 245
100 178
100 14
100 244
100 320
100 1
100 9
100 61
100 73
100 316
100 10
100 276
100 524
100 156
100 285
100 533
100 52
100 177
100 403
100 223
100 26
100 320
100 3
100 1102
100 79
100 92
100 567
100 58
100 38
100 161
100 224
100 21
100 17
100 9
100 86
100 281
100 276
100 177
100 212
100 124
100 166
100 109
100 102
100 144
100 14
100 134
100 240
100 243
100 897
100 726
100 269
100 35
100 149
100 100
100 363
100 205
100 84
100 333
100 39
100 42
100 49
100 506
100 10
100 444
100 49
100 295
100 95
100 164
100 361
100 9
100 519
100 39
100 306
100 188
100 204
100 43
100 168
100 12
100 98
100 252
100 368
100 62
100 18
100 1058
100 372
100 170
100 90
100 1791
100 224
100 311
100 22
100 38
100 57
100 16
100 3
100 609
100 452
100 108
100 20
100 95
100 358
100 532
100 189
100 65
100 384
100 3
100 570
100 276
100 652
100 340
100 175
100 245
100 386
100 284
100 30
100 82
100 344
100 397
100 24
100 497
100 36
100 285
100 40
100 100
100 599
100 12
100 91
100 16
100 115
100 34
100 29
100 666
100 65
100 528
100 8
100 243
100 35
100 172
100 153
100 284
100 207
100 79
100 40
100 410
100 4
100 151
100 78
100 43
100 184
100 6
100 310
100 79
100 187
100 207
100 92
100 200
100 437
100 12
100 127
100 1136
100 547
100 74
100 190
100 206
100 58
100 347
100 200
100 139
100 94
100 78
100 56
100 58
100 40
100 194
100 0
100 1
100 153
100 499
100 697
100 129
100 101
100 137
100 59
100 246
100 103
100 141
100 315
100 15
100 200
100 52
100 23
100 181
100 79
100 1103
100 198
100 216
100 172
100 173
100 145
100 187
100 286
100 229
100 239
100 660
100 81
100 76
100 394
100 10
100 760
100 61
100 38
100 213
100 285
100 6
100 166
100 54
100 413
100 92
100 35
100 34
100 153
100 71
100 212
100 282
100 80
100 794
100 294
100 195
100 18
100 38
100 83
100 69
100 46
100 13
100 335
100 237
100 183
100 22
100 192
100 90
100 66
100 467
100 229
100 33
100 6
100 143
100 80
100 152
100 461
100 211
100 322
100 48
100 160
100 117
100 175
100 1224
100 21
100 338
100 11
100 180
100 486
100 13
100 319
100 304
100 19
100 1
100 494
100 250
100 30
100 25
100 94
100 38
100 188
100 183
100 362
100 633
100 137
100 112
100 272
100 91
100 393
100 132
100 476
100 16
100 221
100 17
100 180
100 3
100 133
100 223
100 329
100 598
100 355
100 203
100 213
100 130
100 148
100 590
100 278
100 213
100 176
100 65
100 168
100 136
100 357
100 163
100 649
100 225
100 51
100 64
100 212
100 58
100 281
100 324
100 113
100 1
100 10
100 415
100 452
100 2
100 106
100 90
100 249
100 128
100 233
100 240
100 371
100 545
100 98
100 466
100 198
100 13
100 172
100 10
100 179
100 60
100 13
100 95
100 140
100 47
100 60
100 358
100 39
100 403
100 79
100 55
100 130
100 224
100 387
100 843
100 136
100 47
100 267
100 200
100 514
100 433
100 184
100 344
100 52
100 213
100 36
100 72
100 846
100 628
100 12
100 82
100 127
100 74
100 227
100 91
100 29
100 317
100 18
100 192
100 202
100 327
100 521
100 228
100 479
100 25
100 529
100 159
100 70
100 415
100 92
100 5
100 16
100 358
100 196
100 13
100 104
100 650
100 901
100 29
100 150
100 16
100 25
100 286
100 74
100 178
100 17
100 168
100 273
100 273
100 155
100 41
100 85
100 258
100 53
100 864
100 61
100 31
100 28
100 254
100 219
100 180
100 233
100 645
100 4
100 535
100 188
100 14
100 79
100 210
100 96
100 226
100 127
100 144
100 33
100 89
100 277
100 696
100 35
100 541
100 374
100 197
100 288
100 282
100 211
100 588
100 230
100 26
100 234
100 209
100 102
100 41
100 21
100 865
100 982
100 292
100 101
100 496
100 491
100 69
100 338
100 201
100 302
100 23
100 401
100 380
100 233
100 358
100 12
100 57
100 46
100 173
100 543
100 130
100 573
100 231
100 88
100 55
100 210
100 106
100 351
100 24
100 110
100 658
100 336
100 74
100 71
100 346
100 58
100 193
100 82
100 8
100 112
100 31
100 306
100 320
100 163
100 16
100 99
100 664
100 134
100 69
100 126
100 479
100 120
100 178
100 66
100 310
100 27
100 168
100 84
100 264
100 5
100 84
100 216
100 233
100 1
100 373
100 44
100 404
100 214
100 11
100 582
100 690
100 282
100 22
100 13
100 113
100 215
100 386
100 96
100 67
100 8
100 77
100 123
100 242
100 259
100 583
100 153
100 422
100 205
100 610
100 186
100 606
100 2
100 309
100 96
100 22
100 102
100 126
100 318
100 86
100 27
100 91
100 168
100 26
100 409
100 165
100 38
100 25
100 145
100 125
100 89
100 4
100 187
100 518
100 234
100 328
100 308
100 720
100 51
100 13
100 4
100 128
100 379
100 73
100 196
100 210
100 71
100 66
100 150
100 105
100 161
100 25
100 267
100 61
100 196
100 174
100 75
100 468
100 209
100 107
100 106
100 191
100 602
100 139
100 110
100 47
100 141
100 166
100 279
100 86
100 194
100 102
100 1
100 493
100 73
100 105
100 119
100 29
100 117
100 19
100 162
100 163
100 253
100 296
100 456
100 145
100 9
100 5
100 392
100 260
100 55
100 249
100 232
100 676
100 43
100 53
100 134
100 174
100 1207
100 46
100 74
100 533
100 47
100 33
100 22
100 28
100 63
100 320
100 49
100 65
100 691
100 0
100 244
100 573
100 26
100 608
100 79
100 25
100 111
100 412
100 533
100 157
100 298
100 351
100 97
100 401
100 132
100 465
100 275
100 568
100 147
100 203
100 3
100 83
100 57
100 521
100 65
100 791
100 289
100 85
100 56
100 113
100 29
100 380
100 202
100 15
100 280
100 39
100 78
100 179
100 8
100 62
100 13
100 231
100 60
100 265
100 93
100 41
100 94
100 159
100 312
100 245
100 104
100 354
100 108
100 54
100 194
100 70
100 59
100 458
100 182
100 144
100 67
100 14
100 52
100 165
100 101
100 73
100 14
100 121
100 949
100 303
100 30
100 58
100 90
100 759
100 165
100 394
100 575
100 22
100 161
100 226
100 0
100 343
100 470
100 6
100 303
100 103
100 161
100 245
100 216
100 296
100 84
100 250
100 215
100 38
100 297
100 284
100 109
100 100
100 152
100 299
100 216
100 401
100 286
100 95
100 292
100 19
100 75
100 82
100 363
100 375
100 199
100 245
100 22
100 110
100 653
100 124
100 250
100 136
100 230
100 301
100 142
100 95
100 188
100 150
100 144
100 179
100 197
100 343
100 110
100 115
100 204
100 752
100 641
100 646
100 357
100 129
100 43
100 85
100 278
100 401
100 465
100 19
100 447
100 511
100 188
100 93
100 518
100 78
100 79
100 10
100 0
100 293
100 228
100 227
100 1085
100 262
100 755
100 54
100 25
100 77
100 1000
100 17
100 757
100 235
100 701
100 73
100 61
100 265
100 186
100 239
100 53
100 127
100 508
100 62
100 37
100 219
100 102
100 132
100 63
100 172
100 136
100 52
100 429
100 189
100 99
100 102
100 97
100 222
100 67
100 159
100 295
100 33
100 140
100 62
100 64
100 162
100 955
100 237
100 33
100 8
100 349
100 137
100 78
100 39
100 206
100 187
100 349
100 183
100 25
100 17
100 467
100 445
100 875
100 173
100 684
100 20
100 161
100 47
100 429
100 194
100 311
100 104
100 24
100 474
100 49
100 28
100 148
100 292
100 104
100 344
100 42
100 393
100 382
100 863
100 346
100 253
100 33
100 70
100 283
100 11
100 244
100 728
100 38
100 143
100 33
100 572
100 743
100 56
100 21
100 58
100 456
100 126
100 149
100 133
100 628
100 137
100 259
100 402
100 78
100 184
100 36
100 370
100 96
100 430
100 530
100 77
100 98
100 70
100 26
100 129
100 4
100 87
100 166
100 70
100 122
100 62
100 192
100 290
100 79
100 345
100 210
100 139
100 688
100 33
100 120
100 45
100 163
100 45
100 158
100 202
100 68
100 264
100 177
100 597
100 832
100 339
100 59
100 153
100 66
100 35
100 4
100 549
100 249
100 116
100 27
100 227
100 937
100 419
100 22
100 51
100 249
100 214
100 36
100 15
100 5
100 88
100 800
100 37
100 160
100 159
100 26
100 96
100 272
100 213
100 75
100 632
100 482
100 60
100 116
100 28
100 106
100 4
100 84
100 43
100 330
100 80
100 190
100 93
100 195
100 29
100 12
100 72
100 149
100 209
100 242
100 115
100 96
100 287
100 363
100 154
100 162
100 14
100 167
100 50
100 213
100 636
100 191
100 425
100 151
100 49
100 327
100 13
100 156
100 193
100 943
100 226
100 46
100 99
100 49
100 90
100 9
100 131
100 94
100 4
100 453
100 4
100 117
100 24
100 84
100 152
100 67
100 23
100 450
100 40
100 658
100 700
100 112
100 301
100 412
100 81
100 313
100 199
100 707
100 18
100 339
100 231
100 643
100 194
100 95
100 184
100 385
100 40
100 562
100 231
100 9
100 196
100 60
100 198
100 13
100 65
100 266
100 824
100 64
100 428
100 104
100 148
100 134
100 18
100 96
100 169
100 567
100 76
100 97
100 333
100 37
100 28
100 62
100 61
100 168
100 506
100 64
100 110
100 422
100 124
100 496
100 40
100 338
100 105
100 15
100 149
100 193
100 105
100 70
100 68
100 987
100 203
100 460
100 18
100 31
100 131
100 243
100 711
100 260
100 18
100 253
100 219
100 46
100 179
100 499
100 347
100 38
100 142
100 138
100 867
100 170
100 204
100 244
100 122
100 174
100 45
100 64
100 307
100 415
100 35
100 43
100 259
100 55
100 335
100 136
100 463
100 103
100 194
100 388
100 129
100 249
100 234
100 436
100 83
100 540
100 0
100 135
100 64
100 176
100 104
100 292
100 73
100 78
100 20
100 115
100 10
100 136
100 80
100 74
100 463
100 116
100 378
100 500
100 125
100 6
100 81
100 51
100 302
100 261
100 83
100 47
100 106
100 122
100 46
100 1034
100 83
100 26
100 56
100 68
100 7
100 227
100 61
100 574
100 368
100 38
100 21
100 100
100 152
100 22
100 232
100 735
100 285
100 494
100 85
100 170
100 183
100 105
100 29
100 336
100 154
100 19
100 98
100 27
100 212
100 156
100 569
100 350
100 275
100 1391
100 563
100 85
100 157
100 141
100 218
100 415
100 312
100 0
100 1040
100 51
100 40
100 502
100 7
100 374
100 218
100 73
100 9
100 223
100 55
100 168
100 607
100 295
100 266
100 486
100 155
100 326
100 181
100 708
100 125
100 233
100 140
100 381
100 490
100 1
100 139
100 379
100 5
100 462
100 33
100 201
100 74
100 114
100 56
100 184
100 175
100 7
100 425
100 77
100 163
100 589
100 39
100 125
100 63
100 573
100 251
100 20
100 375
100 17
100 2
100 193
100 126
100 79
100 45
100 464
100 217
100 4
100 167
100 80
100 70
100 340
100 87
100 185
100 888
100 132
100 73
100 324
100 152
100 112
100 50
100 600
100 16
100 4
100 34
100 232
100 26
100 565
100 185
100 104
100 154
100 36
100 28
100 366
100 446
100 30
100 240
100 254
100 194
100 564
100 122
100 348
100 30
100 106
100 190
100 357
100 99
100 357
100 1
100 153
100 117
100 134
100 402
100 333
100 387
100 322
100 169
100 39
100 87
100 109
100 202
100 1058
100 569
100 773
100 174
100 125
100 21
100 250
100 8
100 506
100 64
100 145
100 55
100 138
100 28
100 156
100 121
100 36
100 271
100 183
100 760
100 114
100 32
100 494
100 34
100 169
100 248
100 119
100 1029
100 177
100 173
100 276
100 104
100 6
100 16
100 353
100 42
100 546
100 339
100 472
100 20
100 367
100 1300
100 143
100 108
100 351
100 1044
100 720
100 213
100 700
100 325
100 100
100 98
100 134
100 266
100 51
100 216
100 336
100 10
100 573
100 9
100 65
100 671
100 346
100 55
100 30
100 211
100 106
100 297
100 133
100 204
100 170
100 512
100 60
100 175
100 501
100 269
100 404
100 257
100 12
100 154
100 43
100 9
100 119
100 164
100 30
100 222
100 136
100 174
100 148
100 396
100 113
100 562
100 435
100 146
100 36
100 22
100 370
100 193
100 15
100 65
100 132
100 379
100 124
100 392
100 5
100 116
100 324
100 73
100 122
100 306
100 318
100 340
100 139
100 178
100 32
100 74
100 21
100 453
100 196
100 368
100 564
100 387
100 7
100 105
100 85
100 364
100 82
100 210
100 67
100 120
100 342
100 604
100 60
100 150
100 219
100 675
100 164
100 59
100 160
100 131
100 78
100 51
100 299
100 311
100 46
100 203
100 704
100 234
100 86
100 53
100 16
100 114
100 242
100 11
100 153
100 184
100 11
100 11
100 282
100 159
100 291
100 261
100 611
100 49
100 285
100 206
100 215
100 60
100 874
100 44
100 686
100 31
100 17
100 61
100 37
100 219
100 59
100 10
100 1017
100 82
100 732
100 15
100 531
100 36
100 21
100 615
100 86
100 101
100 208
100 132
100 191
100 52
100 107
100 345
100 325
100 7
100 539
100 334
100 809
100 197
100 72
100 220
100 784
100 7
100 133
100 402
100 24
100 19
100 271
100 40
100 157
100 53
100 108
100 613
100 0
100 644
100 87
100 243
100 509
100 185
100 74
100 760
100 3
100 158
100 42
100 44
100 146
100 6
100 123
100 120
100 451
100 133
100 197
100 63
100 607
100 260
100 43
100 232
100 8
100 69
100 130
100 85
100 368
100 156
100 78
100 23
100 81
100 99
100 138
100 95
100 13
100 288
100 115
100 74
100 94
100 193
100 510
100 397
100 228
100 1066
100 9
100 40
100 243
100 679
100 218
100 129
100 550
100 432
100 271
100 25
100 105
100 134
100 81
100 86
100 2
100 120
100 223
100 190
100 129
100 69
100 177
100 179
100 449
100 293
100 715
100 1003
100 12
100 13
100 359
100 81
100 330
100 353
100 175
100 97
100 8
100 359
100 64
100 72
100 69
100 124
100 15
100 575
100 464
100 239
100 33
100 113
100 328
100 39
100 222
100 26
100 10
100 412
100 68
100 59
100 29
100 54
100 267
100 1024
100 2
100 201
100 51
100 531
100 10
100 367
100 263
100 884
100 75
100 19
100 345
100 162
100 440
100 332
100 12
100 91
100 447
100 301
100 402
100 206
100 41
100 274
100 28
100 30
100 2
100 547
100 105
100 443
100 78
100 192
100 57
100 115
100 423
100 193
100 153
100 359
100 291
100 60
100 180
100 29
100 36
100 367
100 100
100 375
100 718
100 22
100 437
100 175
100 166
100 246
100 100
100 208
100 273
100 79
100 115
100 240
100 505
100 306
100 97
100 17
100 262
100 86
100 21
100 271
100 192
100 354
100 122
100 217
100 78
100 106
100 634
100 260
100 81
100 257
100 105
100 499
100 517
100 139
100 273
100 143
100 805
100 215
100 426
100 323
100 65
100 30
100 283
100 138
100 751
100 945
100 732
100 198
100 209
100 64
100 122
100 43
100 45
100 6
100 377
100 296
100 32
100 141
100 169
100 421
100 298
100 35
100 203
100 130
100 94
100 147
100 116
100 115
100 176
100 61
100 405
100 353
100 7
100 28
100 51
100 81
100 255
100 142
100 25
100 20
100 31
100 113
100 337
100 35
100 137
100 225
100 105
100 246
100 166
100 423
100 506
100 393
100 3
100 151
100 214
100 112
100 10
100 505
100 683
100 492
100 53
100 406
100 22
100 143
100 504
100 225
100 192
100 17
100 630
100 291
100 146
100 468
100 231
100 323
100 38
100 655
100 315
100 329
100 243
100 490
100 611
100 106
100 427
100 80
100 310
100 203
100 70
100 244
100 245
100 88
100 13
100 85
100 212
100 101
100 168
100 256
100 22
100 488
100 248
100 364
100 30
100 531
100 178
100 65
100 331
100 145
100 366
100 195
100 35
100 534
100 74
100 198
100 120
100 224
100 502
100 1
100 104
100 177
100 59
100 510
100 101
100 75
100 317
100 279
100 66
100 34
100 69
100 444
100 268
100 108
100 104
100 26
100 270
100 468
100 808
100 193
100 4
100 560
100 107
100 222
100 55
100 220
100 990
100 15
100 424
100 1219
100 30
100 362
100 215
100 59
100 101
100 88
100 670
100 210
100 576
100 616
100 587
100 20
100 252
100 41
100 573
100 184
100 390
100 20
100 46
100 240
100 58
100 165
100 67
100 51
100 659
100 218
100 93
100 597
100 65
100 525
100 70
100 28
100 702
100 109
100 75
100 256
100 354
100 88
100 6
100 92
100 114
100 2
100 276
100 550
100 251
100 5
100 161
100 225
100 157
100 0
100 68
100 176
100 247
100 101
100 255
100 129
100 8
100 12
100 205
100 216
100 359
100 495
100 27
100 500
100 519
100 255
100 173
100 50
100 48
100 184
100 40
100 134
100 147
100 0
100 115
100 95
100 13
100 284
100 115
100 681
100 1
100 64
100 132
100 28
100 218
100 761
100 154
100 504
100 29
100 125
100 193
100 76
100 213
100 125
100 329
100 345
100 364
100 7
100 302
100 89
100 197
100 380
100 15
100 204
100 349
100 333
100 120
100 176
100 202
100 7
100 253
100 532
100 18
100 161
100 461
100 30
100 4
100 7
100 268
100 467
100 1107
100 223
100 575
100 76
100 406
100 109
100 238
100 264
100 174
100 33
100 99
100 183
100 365
100 149
100 23
100 73
100 213
100 354
100 124
100 161
100 287
100 473
100 86
100 153
100 10
100 70
100 400
100 73
100 488
100 47
100 264
100 167
100 244
100 501
100 181
100 537
100 20
100 143
100 129
100 39
100 69
100 6
100 534
100 40
100 239
100 120
100 2
100 60
100 159
100 410
100 586
100 14
100 122
100 108
100 47
100 266
100 92
100 185
100 9
100 5
100 81
100 125
100 731
100 742
100 69
100 27
100 406
100 24
100 319
100 95
100 555
100 107
100 70
100 235
100 185
100 191
100 291
100 22
100 28
100 38
100 28
100 133
100 74
100 99
100 3
100 6
100 150
100 227
100 37
100 144
100 200
100 112
100 5
100 5
100 70
100 392
100 557
100 269
100 578
100 257
100 269
100 255
100 193
100 49
100 118
100 1194
100 203
100 426
100 383
100 602
100 971
100 77
100 160
100 82
100 308
100 1
100 247
100 413
100 528
100 20
100 271
100 550
100 209
100 98
100 115
100 930
100 25
100 568
100 202
100 72
100 27
100 80
100 1
100 176
100 594
100 26
100 191
100 1055
100 444
100 358
100 681
100 53
100 298
100 41
100 310
100 85
100 194
100 169
100 322
100 41
100 317
100 99
100 34
100 218
100 126
100 271
100 24
100 104
100 153
100 355
100 90
100 451
100 54
100 113
100 234
100 203
100 105
100 289
100 143
100 147
100 43
100 39
100 33
100 567
100 555
100 689
100 184
100 156
100 323
100 297
100 229
100 152
100 139
100 34
100 238
100 115
100 505
100 14
100 0
100 77
100 121
100 237
100 327
100 114
100 82
100 20
100 298
100 32
100 180
100 137
100 297
100 247
100 43
100 153
100 117
100 62
100 86
100 34
100 10
100 183
100 550
100 196
100 744
100 47
100 102
100 79
100 110
100 89
100 205
100 10
100 305
100 242
100 575
100 255
100 80
100 78
100 36
100 107
100 280
100 138
100 9
100 282
100 31
100 231
100 97
100 446
100 554
100 289
100 141
100 1
100 93
100 134
100 5
100 11
100 573
100 22
100 1
100 743
100 362
100 205
100 166
100 457
100 290
100 441
100 4
100 482
100 86
100 167
100 563
100 9
100 47
100 627
100 54
100 200
100 16
100 33
100 84
100 437
100 188
100 542
100 19
100 36
100 277
100 18
100 20
100 53
100 85
100 106
100 260
100 305
100 459
100 224
100 99
100 63
100 350
100 96
100 207
100 48
100 474
100 230
100 154
100 64
100 267
100 605
100 329
100 60
100 474
100 20
100 563
100 32
100 666
100 222
100 75
100 700
100 35
100 34
100 36
100 102
100 1453
100 108
100 470
100 145
100 100
100 154
100 32
100 14
100 204
100 268
100 235
100 109
100 48
100 20
100 120
100 112
100 462
100 235
100 279
100 121
100 60
100 190
100 32
100 357
100 129
100 134
100 217
100 396
100 349
100 49
100 155
100 301
100 245
100 411
100 164
100 86
100 211
100 317
100 61
100 50
100 421
100 304
100 20
100 31
100 345
100 120
100 43
100 458
100 28
100 259
100 258
100 229
100 278
100 87
100 192
100 33
100 613
100 810
100 137
100 273
100 99
100 374
100 22
100 117
100 88
100 273
100 128
100 66
100 564
100 107
100 73
100 73
100 332
100 136
100 540
100 29
100 65
100 338
100 177
100 126
100 97
100 22
100 1118
100 178
100 79
100 97
100 249
100 279
100 170
100 235
100 203
100 49
100 70
100 18
100 151
100 895
100 137
100 29
100 111
100 89
100 173
100 213
100 195
100 93
100 19
100 106
100 25
100 13
100 75
100 439
100 145
100 978
100 272
100 36
100 213
100 36
100 21
100 104
100 136
100 85
100 36
100 370
100 87
100 172
100 45
100 208
100 464
100 502
100 189
100 608
100 92
100 209
100 92
100 211
100 184
100 84
100 8
100 516
100 322
100 99
100 111
100 277
100 33
100 311
100 53
100 0
100 305
100 40
100 76
100 285
100 467
100 6
100 67
100 273
100 28
100 72
100 167
100 62
100 84
100 72
100 130
100 194
100 79
100 131
100 327
100 456
100 64
100 5
100 514
100 590
100 235
100 183
100 89
100 31
100 106
100 422
100 135
100 58
100 181
100 1
100 580
100 229
100 5
100 524
100 422
100 42
100 270
100 718
100 222
100 51
100 13
100 14
100 147
100 330
100 125
100 109
100 123
100 198
100 174
100 19
100 158
100 8
100 278
100 488
100 223
100 31
100 12
100 25
100 21
100 234
100 97
100 297
100 107
100 453
100 259
100 22
100 176
100 138
100 503
100 24
100 92
100 160
100 294
100 373
100 975
100 333
100 29
100 108
100 132
100 31
100 15
100 333
100 108
100 408
100 257
100 259
100 78
100 49
100 348
100 254
100 30
100 23
100 345
100 16
100 39
100 175
100 329
100 271
100 116
100 377
100 210
100 335
100 165
100 398
100 836
100 211
100 496
100 98
100 638
100 100
100 175
100 398
100 418
100 23
100 31
100 12
100 34
100 11
100 67
100 1056
100 681
100 3
100 75
100 25
100 55
100 201
100 49
100 62
100 102
100 48
100 26
100 201
100 155
100 112
100 421
100 486
100 0
100 789
100 496
100 299
100 116
100 1
100 10
100 238
100 44
100 79
100 302
100 74
100 509
100 279
100 6
100 605
100 35
100 125
100 35
100 149
100 445
100 143
100 49
100 844
100 22
100 74
100 124
100 557
100 36
100 65
100 259
100 703
100 584
100 325
100 567
100 127
100 74
100 107
100 152
100 126
100 59
100 5
100 89
100 74
100 48
100 188
100 212
100 752
100 245
100 44
100 106
100 38
100 153
100 569
100 317
100 399
100 19
100 55
100 81
100 103
100 565
100 137
100 216
100 703
100 548
100 260
100 541
100 113
100 240
100 289
100 45
100 1085
100 68
100 521
100 717
100 235
100 451
100 255
100 102
100 51
100 96
100 263
100 183
100 388
100 98
100 19
100 315
100 143
100 359
100 39
100 34
100 259
100 1091
100 209
100 160
100 11
100 321
100 9
100 20
100 5
100 247
100 855
100 79
100 155
100 268
100 283
100 531
100 24
100 151
100 169
100 115
100 452
100 218
100 779
100 562
100 89
100 355
100 115
100 357
100 25
100 96
100 10
100 95
100 321
100 170
100 1234
100 236
100 84
100 1008
100 59
100 303
100 683
100 21
100 48
100 57
100 187
100 82
100 369
100 59
100 9
100 94
100 80
100 0
100 100
100 328
100 186
100 356
100 58
100 679
100 67
100 220
100 65
100 176
100 183
100 80
100 1
100 978
100 51
100 674
100 2
100 95
100 19
100 162
100 221
100 44
100 174
100 4
100 5
100 243
100 231
100 50
100 191
100 338
100 658
100 156
100 20
100 307
100 233
100 240
100 394
100 40
100 49
100 280
100 48
100 191
100 167
100 63
100 51
100 110
100 16
100 860
100 290
100 231
100 137
100 130
100 62
100 19
100 68
100 66
100 9
100 231
100 33
100 1005
100 96
100 352
100 140
100 146
100 352
100 142
100 450
100 16
100 155
100 44
100 200
100 558
100 71
100 149
100 44
100 148
100 7
100 30
100 59
100 33
100 190
100 15
100 77
100 203
100 60
100 296
100 75
100 381
100 486
100 45
100 381
100 60
100 118
100 238
100 167
100 85
100 224
100 166
100 321
100 379
100 235
100 85
100 48
100 128
100 88
100 318
100 75
100 246
100 21
100 51
100 74
100 184
100 174
100 49
100 369
100 10
100 79
100 252
100 132
100 2
100 135
100 538
100 953
100 1568
100 666
100 38
100 251
100 168
100 259
100 53
100 238
100 373
100 517
100 345
100 515
100 421
100 346
100 401
100 517
100 21
100 30
100 312
100 163
100 434
100 59
100 289
100 229
100 11
100 69
100 62
100 142
100 30
100 63
100 581
100 122
100 348
100 225
100 1
100 73
100 198
100 146
100 229
100 75
100 116
100 230
100 127
100 48
100 239
100 36
100 251
100 51
100 24
100 321
100 246
100 477
100 113
100 151
100 123
100 182
100 206
100 425
100 5
100 112
100 242
100 163
100 546
100 312
100 121
100 8
100 66
100 1260
100 159
100 161
100 573
100 322
100 404
100 3
100 211
100 133
100 118
100 57
100 165
100 21
100 363
100 236
100 52
100 77
100 215
100 28
100 624
100 283
100 68
100 355
100 40
100 497
100 223
100 244
100 141
100 185
100 1447
100 199
100 3
100 944
100 364
100 66
100 306
100 351
100 286
100 52
100 320
100 210
100 184
100 407
100 57
100 165
100 32
100 285
100 299
100 680
100 52
100 140
100 371
100 30
100 48
100 66
100 239
100 287
100 405
100 577
100 540
100 10
100 21
100 55
100 15
100 518
100 46
100 73
100 8
100 819
100 439
100 419
100 50
100 96
100 26
100 111
100 451
100 440
100 697
100 113
100 97
100 124
100 186
100 23
100 159
100 21
100 9
100 239
100 848
100 16
100 272
100 28
100 17
100 97
100 102
100 217
100 126
100 219
100 179
100 61
100 373
100 416
100 168
100 247
100 136
100 448
100 97
100 65
100 138
100 9
100 162
100 265
100 56
100 833
100 11
100 274
100 85
100 2
100 110
100 101
100 258
100 85
100 75
100 210
100 281
100 240
100 118
100 271
100 79
100 8
100 81
100 57
100 38
100 249
100 880
100 32
100 444
100 3
100 777
100 64
100 206
100 91
100 128
100 252
100 15
100 1091
100 131
100 181
100 546
100 62
100 78
100 59
100 1005
100 182
100 244
100 133
100 204
100 15
100 38
100 785
100 503
100 107
100 273
100 128
100 67
100 19
100 14
100 52
100 138
100 196
100 384
100 141
100 31
100 176
100 21
100 699
100 258
100 87
100 229
100 479
100 100
100 432
100 596
100 461
100 187
100 143
100 537
100 474
100 300
100 338
100 867
100 268
100 76
100 457
100 32
100 301
100 21
100 22
100 45
100 286
100 3
100 122
100 64
100 46
100 212
100 33
100 2
100 74
100 20
100 497
100 217
100 255
100 71
100 82
100 96
100 378
100 26
100 109
100 161
100 361
100 668
100 258
100 80
100 370
100 422
100 30
100 16
100 464
100 48
100 73
100 240
100 142
100 62
100 0
100 68
100 188
100 210
100 34
100 45
100 202
100 234
100 2
100 107
100 215
100 791
100 228
100 71
100 281
100 16
100 141
100 146
100 413
100 707
100 398
100 97
100 8
100 89
100 146
100 396
100 387
100 118
100 430
100 433
100 603
100 11
100 172
100 323
100 189
100 80
100 240
100 151
100 86
100 976
100 270
100 0
100 46
100 86
100 289
100 157
100 727
100 363
100 211
100 374
100 528
100 67
100 78
100 24
100 117
100 318
100 80
100 649
100 685
100 30
100 149
100 147
100 321
100 335
100 200
100 62
100 228
100 231
100 16
100 194
100 177
100 79
100 180
100 31
100 169
100 13
100 125
100 347
100 66
100 224
100 7
100 639
100 64
100 71
100 648
100 180
100 395
100 189
100 67
100 143
100 118
100 117
100 37
100 21
100 118
100 467
100 260
100 1
100 423
100 94
100 225
100 257
100 6
100 330
100 867
100 786
100 216
100 3
100 10
100 75
100 189
100 38
100 297
100 72
100 133
100 222
100 87
100 380
100 239
100 162
100 931
100 332
100 62
100 448
100 674
100 95
100 42
100 241
100 15
100 304
100 10
100 130
100 642
100 348
100 316
100 30
100 376
100 29
100 233
100 16
100 108
100 334
100 238
100 125
100 321
100 317
100 688
100 130
100 101
100 10
100 27
100 184
100 85
100 167
100 171
100 186
100 150
100 82
100 132
100 316
100 656
100 180
100 380
100 153
100 512
100 297
100 17
100 379
100 128
100 675
100 1
100 132
100 70
100 133
100 798
100 4
100 3
100 133
100 6
100 276
100 262
100 310
100 250
100 44
100 16
100 829
100 183
100 210
100 478
100 307
100 357
100 116
100 271
100 368
100 113
100 71
100 286
100 40
100 719
100 12
100 161
100 697
100 73
100 245
100 90
100 32
100 387
100 197
100 784
100 7
100 37
100 100
100 184
100 72
100 122
100 410
100 88
100 54
100 39
100 155
100 258
100 551
100 339
100 442
100 836
100 733
100 653
100 195
100 12
100 94
100 98
100 57
100 135
100 254
100 382
100 42
100 214
100 591
100 389
100 317
100 122
100 71
100 143
100 351
100 128
100 41
100 59
100 7
100 230
100 96
100 400
100 129
100 565
100 196
100 0
100 91
100 161
100 70
100 213
100 50
100 156
100 480
100 167
100 53
100 352
100 353
100 254
100 81
100 28
100 44
100 25
100 191
100 218
100 345
100 82
100 92
100 114
100 31
100 35
100 141
100 153
100 201
100 65
100 245
100 82
100 420
100 564
100 60
100 266
100 166
100 175
100 1
100 188
100 66
100 129
100 153
100 158
100 1254
100 361
100 119
100 137
100 88
100 126
100 534
100 325
100 182
100 181
100 460
100 223
100 184
100 109
100 315
100 813
100 13
100 23
100 141
100 118
100 173
100 4
100 99
100 221
100 31
100 52
100 59
100 141
100 167
100 229
100 13
100 436
100 133
100 122
100 71
100 13
100 478
100 151
100 159
100 19
100 553
100 516
100 6
100 48
100 52
100 51
100 330
100 611
100 149
100 49
100 61
100 126
100 371
100 172
100 68
100 88
100 493
100 58
100 874
100 71
100 212
100 28
100 118
100 186
100 468
100 187
100 75
100 57
100 311
100 185
100 1873
100 390
100 105
100 270
100 4
100 21
100 89
100 314
100 95
100 15
100 99
100 8
100 212
100 107
100 17
100 262
100 610
100 514
100 231
100 161
100 533
100 276
100 87
100 148
100 41
100 35
100 30
100 156
100 7
100 26
100 300
100 158
100 387
100 753
100 340
100 400
100 200
100 291
100 33
100 512
100 128
100 69
100 306
100 185
100 1071
100 6
100 238
100 949
100 50
100 154
100 914
100 23
100 98
100 58
100 196
100 467
100 112
100 725
100 234
100 742
100 427
100 165
100 48
100 835
100 110
100 506
100 132
100 473
100 152
100 372
100 555
100 11
100 265
100 326
100 6
100 148
100 440
100 104
100 103
100 646
100 60
100 67
100 198
100 149
100 717
100 160
100 289
100 41
100 44
100 249
100 464
100 507
100 301
100 286
100 93
100 103
100 186
100 149
100 80
100 261
100 54
100 104
100 100
100 108
100 914
100 637
100 354
100 141
100 216
100 157
100 20
100 46
100 436
100 120
100 19
100 17
100 409
100 16
100 18
100 122
100 85
100 95
100 136
100 70
100 207
100 115
100 249
100 402
100 139
100 133
100 194
100 540
100 308
100 143
100 99
100 182
100 153
100 274
100 101
100 141
100 294
100 467
100 306
100 405
100 60
100 118
100 180
100 213
100 302
100 114
100 233
100 7
100 568
100 368
100 195
100 39
100 376
100 243
100 20
100 163
100 45
100 116
100 503
100 357
100 7
100 221
100 167
100 125
100 533
100 28
100 462
100 82
100 68
100 119
100 1589
100 117
100 120
100 506
100 68
100 84
100 175
100 324
100 818
100 134
100 145
100 163
100 214
100 88
100 443
100 530
100 97
100 257
100 7
100 352
100 22
100 665
100 143
100 89
100 6
100 85
100 406
100 190
100 80
100 235
100 206
100 23
100 100
100 121
100 26
100 202
100 113
100 311
100 79
100 534
100 6
100 480
100 1256
100 30
100 20
100 22
100 38
100 321
100 408
100 17
100 36
100 522
100 335
100 13
100 221
100 362
100 791
100 658
100 97
100 66
100 63
100 1100
100 184
100 51
100 49
100 20
100 357
100 81
100 357
100 57
100 123
100 176
100 304
100 355
100 424
100 189
100 270
100 40
100 94
100 1427
100 84
100 37
100 168
100 24
100 10
100 352
100 457
100 541
100 376
100 447
100 40
100 123
100 185
100 580
100 127
100 310
100 277
100 95
100 56
100 124
100 203
100 5
100 363
100 418
100 73
100 166
100 117
100 149
100 227
100 7
100 234
100 206
100 134
100 204
100 26
100 95
100 543
100 336
100 13
100 38
100 148
100 619
100 90
100 1184
100 140
100 908
100 100
100 20
100 65
100 605
100 712
100 551
100 64
100 481
100 291
100 54
100 314
100 43
100 298
100 209
100 216
100 1
100 1
100 428
100 43
100 42
100 41
100 42
100 107
100 607
100 89
100 27
100 313
100 55
100 98
100 477
100 132
100 12
100 53
100 223
100 712
100 359
100 261
100 73
100 254
100 9
100 297
100 340
100 131
100 43
100 503
100 1444
100 127
100 538
100 97
100 213
100 9
100 314
100 201
100 334
100 169
100 124
100 54
100 82
100 45
100 69
100 279
100 684
100 176
100 142
100 621
100 4
100 486
100 196
100 140
100 160
100 312
100 491
100 370
100 340
100 192
100 87
100 167
100 233
100 90
100 124
100 317
100 74
100 563
100 267
100 168
100 84
100 783
100 260
100 39
100 46
100 218
100 714
100 146
100 103
100 6
100 390
100 538
100 81
100 30
100 212
100 186
100 279
100 76
100 156
100 52
100 74
100 291
100 72
100 522
100 124
100 102
100 35
100 20
100 7
100 161
100 336
100 408
100 59
100 62
100 151
100 51
100 71
100 106
100 205
100 567
100 370
100 265
100 6
100 355
100 113
100 946
100 213
100 228
100 367
100 1111
100 397
100 85
100 84
100 56
100 44
100 111
100 193
100 241
100 69
100 1154
100 8
100 23
100 362
100 311
100 55
100 18
100 223
100 170
100 736
100 323
100 34
100 173
100 830
100 190
100 8
100 300
100 321
100 199
100 107
100 1467
100 706
100 25
100 271
100 136
100 222
100 210
100 185
100 90
100 403
100 1376
100 125
100 6
100 251
100 217
100 240
100 17
100 425
100 394
100 336
100 49
100 558
100 233
100 10
100 103
100 8
100 744
100 352
100 481
100 195
100 210
100 280
100 72
100 402
100 177
100 253
100 89
100 508
100 1
100 548
100 181
100 41
100 183
100 140
100 61
100 199
100 0
100 616
100 201
100 927
100 66
100 87
100 737
100 153
100 58
100 11
100 178
100 258
100 264
100 294
100 82
100 108
100 15
100 95
100 48
100 302
100 81
100 351
100 525
100 73
100 152
100 126
100 411
100 112
100 388
100 319
100 268
100 478
100 2
100 198
100 84
100 109
100 305
100 222
100 242
100 52
100 200
100 12
100 493
100 98
100 42
100 7
100 124
100 380
100 191
100 590
100 63
100 208
100 93
100 150
100 147
100 18
100 252
100 190
100 62
100 21
100 639
100 0
100 634
100 285
100 18
100 63
100 161
100 363
100 68
100 180
100 26
100 20
100 253
100 67
100 279
100 272
100 209
100 140
100 244
100 87
100 183
100 14
100 440
100 148
100 152
100 184
100 74
100 197
100 287
100 22
100 109
100 19
100 645
100 221
100 13
100 252
100 29
100 6
100 77
100 418
100 325
100 27
100 111
100 323
100 570
100 904
100 46
100 131
100 21
100 287
100 34
100 23
100 126
100 479
100 27
100 460
100 148
100 126
100 192
100 201
100 251
100 136
100 365
100 45
100 24
100 54
100 72
100 634
100 71
100 648
100 91
100 3
100 39
100 182
100 51
100 129
100 105
100 209
100 0
100 102
100 550
100 163
100 69
100 3
100 261
100 171
100 46
100 360
100 279
100 145
100 784
100 155
100 8
100 156
100 431
100 106
100 478
100 194
100 400
100 201
100 810
100 272
100 21
100 352
100 21
100 5
100 460
100 346
100 255
100 119
100 17
100 59
100 6
100 71
100 42
100 233
100 29
100 0
100 35
100 415
100 69
100 37
100 208
100 251
100 99
100 289
100 37
100 1188
100 365
100 126
100 176
100 226
100 149
100 356
100 123
100 315
100 32
100 978
100 286
100 75
100 66
100 625
100 66
100 35
100 95
100 401
100 163
100 45
100 95
100 34
100 189
100 51
100 84
100 288
100 105
100 26
100 247
100 107
100 367
100 72
100 639
100 165
100 255
100 145
100 146
100 103
100 85
100 277
100 812
100 19
100 436
100 86
100 65
100 37
100 164
100 627
100 445
100 133
100 30
100 176
100 188
100 630
100 16
100 270
100 165
100 163
100 7
100 356
100 141
100 618
100 66
100 248
100 203
100 270
100 73
100 248
100 328
100 55
100 104
100 89
100 54
100 13
100 674
100 216
100 67
100 73
100 66
100 28
100 31
100 239
100 80
100 13
100 602
100 82
100 23
100 352
100 77
100 78
100 284
100 667
100 23
100 222
100 395
100 119
100 206
100 55
100 68
100 149
100 9
100 323
100 608
100 275
100 200
100 706
100 477
100 177
100 395
100 68
100 482
100 221
100 33
100 35
100 57
100 107
100 203
100 32
100 76
100 263
100 578
100 75
100 173
100 603
100 53
100 28
100 84
100 270
100 43
100 41
100 43
100 295
100 109
100 62
100 631
100 54
100 171
100 33
100 63
100 259
100 127
100 235
100 15
100 280
100 34
100 1765
100 114
100 44
100 136
100 119
100 4
100 303
100 150
100 383
100 27
100 107
100 190
100 181
100 17
100 441
100 152
100 97
100 309
100 180
100 589
100 214
100 160
100 2
100 123
100 251
100 241
100 370
100 294
100 175
100 310
100 419
100 562
100 65
100 373
100 1244
100 356
100 101
100 629
100 310
100 416
100 98
100 555
100 177
100 3
100 243
100 334
100 15
100 84
100 424
100 289
100 146
100 140
100 718
100 48
100 512
100 77
100 265
100 72
100 34
100 579
100 272
100 49
100 21
100 38
100 67
100 350
100 42
100 281
100 44
100 808
100 225
100 48
100 77
100 1115
100 25
100 16
100 63
100 47
100 319
100 431
100 203
100 103
100 49
100 346
100 452
100 477
100 258
100 18
100 94
100 466
100 130
100 84
100 384
100 44
100 314
100 115
100 78
100 15
100 213
100 403
100 408
100 90
100 11
100 761
100 40
100 203
100 638
100 282
100 266
100 273
100 47
100 261
100 328
100 163
100 139
100 686
100 267
100 136
100 166
100 17
100 15
100 81
100 136
100 842
100 361
100 1240
100 137
100 35
100 85
100 171
100 251
100 123
100 55
100 22
100 93
100 107
100 201
100 207
100 109
100 15
100 66
100 168
100 38
100 39
100 72
100 196
100 216
100 85
100 255
100 138
100 313
100 109
100 231
100 260
100 515
100 15
100 29
100 493
100 34
100 16
100 121
100 251
100 194
100 537
100 67
100 227
100 37
100 154
100 311
100 451
100 247
100 3
100 726
100 203
100 31
100 109
100 194
100 106
100 346
100 279
100 378
100 63
100 282
100 69
100 150
100 73
100 194
100 576
100 115
100 842
100 96
100 12
100 410
100 56
100 152
100 36
100 371
100 723
100 589
100 50
100 110
100 20
100 372
100 701
100 193
100 115
100 56
100 5
100 566
100 491
100 125
100 18
100 490
100 99
100 359
100 322
100 389
100 219
100 269
100 17
100 543
100 771
100 38
100 184
100 212
100 92
100 248
100 167
100 107
100 168
100 179
100 39
100 235
100 29
100 45
100 218
100 8
100 100
100 113
100 53
100 191
100 64
100 8
100 63
100 437
100 48
100 175
100 220
100 338
100 6
100 222
100 537
100 675
100 177
100 86
100 31
100 341
100 285
100 102
100 249
100 217
100 87
100 786
100 733
100 206
100 1044
100 551
100 378
100 25
100 229
100 95
100 359
100 311
100 120
100 311
100 378
100 129
100 371
100 23
100 153
100 180
100 12
100 23
100 130
100 192
100 347
100 620
100 128
100 71
100 55
100 555
100 38
100 610
100 153
100 130
100 251
100 13
100 160
100 626
100 480
100 411
100 43
100 307
100 362
100 369
100 21
100 167
100 14
100 686
100 503
100 140
100 65
100 54
100 304
100 50
100 590
100 2
100 68
100 376
100 104
100 6
100 32
100 312
100 94
100 19
100 99
100 32
100 24
100 26
100 108
100 47
100 343
100 55
100 124
100 34
100 657
100 263
100 79
100 128
100 61
100 25
100 478
100 256
100 68
100 95
100 84
100 222
100 423
100 83
100 168
100 178
100 359
100 409
100 116
100 43
100 114
100 654
100 39
100 81
100 227
100 141
100 29
100 69
100 8
100 62
100 464
100 12
100 449
100 171
100 214
100 226
100 40
100 30
100 143
100 252
100 254
100 193
100 31
100 928
100 233
100 20
100 380
100 103
100 282
100 230
100 53
100 21
100 75
100 324
100 97
100 183
100 523
100 650
100 110
100 874
100 45
100 20
100 0
100 23
100 39
100 149
100 59
100 415
100 38
100 520
100 156
100 289
100 267
100 273
100 164
100 39
100 67
100 47
100 268
100 137
100 17
100 88
100 145
100 116
100 179
100 0
100 36
100 93
100 93
100 340
100 719
100 25
100 496
100 1
100 312
100 59
100 601
100 95
100 244
100 185
100 148
100 8
100 606
100 788
100 282
100 554
100 729
100 179
100 290
100 8
100 322
100 92
100 282
100 169
100 75
100 333
100 107
100 672
100 155
100 527
100 571
100 131
100 34
100 445
100 32
100 119
100 31
100 128
100 56
100 188
100 41
100 415
100 252
100 195
100 113
100 546
100 658
100 3
100 318
100 61
100 138
100 218
100 31
100 7
100 269
100 598
100 254
100 1013
100 112
100 281
100 5
100 337
100 22
100 42
100 77
100 48
100 85
100 261
100 170
100 33
100 93
100 82
100 8
100 42
100 184
100 251
100 7
100 546
100 131
100 438
100 386
100 292
100 11
100 265
100 241
100 210
100 10
100 322
100 9
100 16
100 639
100 73
100 324
100 19
100 2
100 518
100 280
100 8
100 482
100 208
100 157
100 196
100 59
100 193
100 242
100 527
100 53
100 180
100 146
100 378
100 985
100 140
100 18
100 116
100 116
100 778
100 271
100 25
100 29
100 75
100 110
100 256
100 47
100 6
100 155
100 285
100 942
100 125
100 7
100 572
100 59
100 15
100 119
100 51
100 143
100 217
100 181
100 424
100 551
100 33
100 495
100 496
100 303
100 293
100 93
100 405
100 38
100 154
100 285
100 78
100 136
100 35
100 17
100 71
100 450
100 37
100 26
100 257
100 8
100 262
100 132
100 195
100 43
100 567
100 158
100 277
100 538
100 928
100 17
100 390
100 41
100 178
100 219
100 136
100 82
100 273
100 321
100 118
100 502
100 346
100 10
100 170
100 316
100 9
100 381
100 252
100 167
100 919
100 58
100 311
100 19
100 1154
100 33
100 264
100 254
100 81
100 104
100 609
100 329
100 9
100 258
100 159
100 173
100 48
100 72
100 107
100 12
100 225
100 296
100 1296
100 78
100 226
100 208
100 22
100 96
100 858
100 330
100 467
100 39
100 796
100 424
100 94
100 155
100 9
100 35
100 802
100 313
100 417
100 548
100 618
100 41
100 592
100 169
100 98
100 733
100 162
100 619
100 308
100 1865
100 224
100 2
100 173
100 363
100 45
100 392
100 394
100 103
100 271
100 312
100 358
100 29
100 84
100 119
100 55
100 54
100 41
100 421
100 73
100 23
100 501
100 208
100 10
100 1115
100 100
100 155
100 614
100 19
100 89
100 145
100 201
100 84
100 61
100 98
100 175
100 95
100 156
100 305
100 182
100 125
100 78
100 11
100 10
100 365
100 285
100 28
100 1176
100 104
100 196
100 385
100 231
100 521
100 19
100 154
100 526
100 912
100 108
100 342
100 168
100 284
100 9
100 355
100 166
100 23
100 310
100 133
100 46
100 27
100 27
100 202
100 56
100 172
100 862
100 79
100 462
100 79
100 335
100 133
100 30
100 461
100 157
100 122
100 138
100 194
100 1285
100 247
100 4
100 106
100 11
100 115
100 52
100 54
100 11
100 30
100 346
100 140
100 35
100 107
100 731
100 647
100 790
100 6
100 243
100 135
100 31
100 203
100 876
100 143
100 185
100 508
100 92
100 56
100 109
100 66
100 166
100 1172
100 431
100 39
100 384
100 140
100 250
100 5
100 400
100 203
100 131
100 260
100 260
100 197
100 165
100 200
100 84
100 791
100 84
100 151
100 180
100 537
100 308
100 218
100 31
100 113
100 89
100 236
100 188
100 384
100 247
100 142
100 572
100 130
100 24
100 179
100 67
100 158
100 175
100 356
100 554
100 150
100 233
100 161
100 148
100 393
100 92
100 67
100 250
100 143
100 38
100 157
100 345
100 541
100 136
100 768
100 419
100 37
100 116
100 340
100 13
100 168
100 44
100 105
100 242
100 96
100 26
100 288
100 194
100 27
100 285
100 146
100 287
100 63
100 300
100 75
100 5
100 42
100 59
100 48
100 114
100 344
100 198
100 161
100 33
100 58
100 53
100 101
100 0
100 230
100 100
100 386
100 170
100 212
100 133
100 154
100 209
100 2
100 137
100 34
100 115
100 690
100 78
100 272
100 197
100 12
100 38
100 30
100 228
100 812
100 59
100 428
100 244
100 66
100 464
100 471
100 208
100 366
100 25
100 260
100 227
100 153
100 14
100 26
100 86
100 225
100 442
100 299
100 36
100 93
100 25
100 566
100 166
100 265
100 32
100 113
100 51
100 108
100 808
100 266
100 380
100 357
100 252
100 126
100 191
100 13
100 358
100 62
100 60
100 102
100 268
100 410
100 316
100 117
100 70
100 336
100 144
100 25
100 44
100 401
100 636
100 0
100 32
100 152
100 0
100 85
100 149
100 294
100 226
100 289
100 189
100 18
100 12
100 342
100 344
100 352
100 14
100 118
100 737
100 221
100 211
100 126
100 12
100 57
100 197
100 18
100 523
100 328
100 795
100 21
100 540
100 59
100 0
100 403
100 362
100 9
100 327
100 407
100 376
100 439
100 61
100 243
100 159
100 81
100 17
100 217
100 46
100 5
100 95
100 106
100 27
100 13
100 188
100 30
100 86
100 577
100 434
100 184
100 224
100 135
100 12
100 52
100 285
100 105
100 806
100 8
100 798
100 134
100 360
100 461
100 495
100 77
100 55
100 43
100 50
100 36
100 299
100 17
100 454
100 578
100 282
100 44
100 167
100 14
100 7
100 137
100 41
100 260
100 700
100 132
100 183
100 768
100 152
100 88
100 293
100 197
100 232
100 111
100 197
100 76
100 67
100 109
100 162
100 294
100 112
100 1
100 288
100 302
100 342
100 76
100 239
100 147
100 177
100 83
100 2
100 65
100 290
100 23
100 65
100 495
100 94
100 43
100 26
100 317
100 185
100 43
100 25
100 496
100 14
100 82
100 54
100 159
100 432
100 110
100 298
100 16
100 17
100 6
100 493
100 142
100 680
100 404
100 682
100 130
100 91
100 14
100 281
100 65
100 832
100 55
100 75
100 120
100 759
100 204
100 106
100 50
100 470
100 105
100 57
100 159
100 97
100 75
100 134
100 6
100 474
100 84
100 114
100 167
100 70
100 4
100 365
100 541
100 385
100 644
100 758
100 54
100 56
100 27
100 7
100 361
100 715
100 144
100 59
100 15
100 201
100 238
100 141
100 161
100 332
100 380
100 143
100 559
100 163
100 126
100 405
100 89
100 86
100 185
100 57
100 275
100 227
100 116
100 512
100 183
100 173
100 103
100 117
100 410
100 364
100 135
100 39
100 219
100 150
100 29
100 26
100 59
100 77
100 1307
100 8
100 128
100 209
100 41
100 124
100 39
100 77
100 147
100 157
100 61
100 5
100 287
100 112
100 13
100 52
100 96
100 21
100 382
100 237
100 292
100 568
100 495
100 82
100 20
100 792
100 63
100 73
100 489
100 281
100 668
100 214
100 51
100 197
100 100
100 437
100 38
100 52
100 232
100 564
100 174
100 269
100 116
100 30
100 107
100 96
100 130
100 286
100 101
100 245
100 106
100 564
100 529
100 287
100 20
100 597
100 421
100 382
100 296
100 340
100 308
100 47
100 719
100 152
100 317
100 52
100 41
100 223
100 48
100 88
100 45
100 369
100 111
100 190
100 68
100 454
100 103
100 140
100 150
100 126
100 62
100 312
100 400
100 155
100 694
100 671
100 117
100 27
100 0
100 471
100 234
100 231
100 121
100 43
100 173
100 1143
100 57
100 38
100 265
100 195
100 144
100 351
100 135
100 105
100 18
100 250
100 194
100 232
100 29
100 73
100 51
100 156
100 26
100 963
100 263
100 43
100 490
100 618
100 300
100 372
100 135
100 345
100 354
100 168
100 115
100 164
100 55
100 201
100 509
100 261
100 588
100 116
100 249
100 294
100 285
100 403
100 219
100 6
100 54
100 178
100 90
100 780
100 4
100 6
100 132
100 202
100 78
100 353
100 176
100 188
100 80
100 143
100 98
100 127
100 46
100 234
100 117
100 262
100 6
100 161
100 20
100 10
100 161
100 248
100 689
100 242
100 113
100 32
100 114
100 95
100 106
100 91
100 513
100 376
100 49
100 481
100 119
100 15
100 403
100 221
100 400
100 1519
100 111
100 160
100 82
100 30
100 206
100 158
100 658
100 13
100 107
100 72
100 292
100 779
100 89
100 63
100 190
100 385
100 217
100 84
100 113
100 44
100 394
100 413
100 50
100 133
100 341
100 370
100 239
100 22
100 79
100 215
100 211
100 1218
100 442
100 251
100 150
100 141
100 202
100 32
100 8
100 320
100 128
100 193
100 208
100 47
100 97
100 16
100 281
100 97
100 215
100 215
100 244
100 313
100 52
100 486
100 138
100 153
100 278
100 10
100 40
100 202
100 298
100 110
100 40
100 142
100 436
100 8
100 524
100 84
100 77
100 1235
100 278
100 24
100 84
100 69
100 122
100 453
100 669
100 741
100 434
100 30
100 796
100 113
100 631
100 318
100 106
100 263
100 174
100 463
100 170
100 36
100 21
100 390
100 28
100 117
100 37
100 846
100 76
100 332
100 67
100 79
100 393
100 80
100 296
100 1
100 237
100 65
100 137
100 21
100 81
100 492
100 478
100 9
100 255
100 446
100 99
100 69
100 318
100 151
100 98
100 16
100 368
100 242
100 42
100 175
100 323
100 563
100 60
100 215
100 129
100 17
100 287
100 463
100 534
100 34
100 461
100 72
100 237
100 490
100 12
100 681
100 115
100 12
100 1
100 124
100 231
100 37
100 379
100 85
100 128
100 136
100 63
100 34
100 241
100 62
100 129
100 605
100 49
100 61
100 134
100 156
100 839
100 378
100 261
100 113
100 45
100 592
100 1
100 489
100 14
100 1003
100 49
100 67
100 182
100 6
100 145
100 48
100 41
100 342
100 392
100 255
100 154
100 88
100 33
100 35
100 307
100 75
100 104
100 262
100 95
100 260
100 21
100 77
100 480
100 111
100 202
100 522
100 410
100 105
100 269
100 81
100 120
100 292
100 89
100 269
100 179
100 36
100 667
100 361
100 636
100 604
100 483
100 780
100 56
100 54
100 591
100 90
100 15
100 14
100 115
100 655
100 74
100 125
100 31
100 187
100 10
100 162
100 948
100 248
100 784
100 40
100 214
100 46
100 80
100 693
100 22
100 89
100 58
100 214
100 325
100 458
100 362
100 141
100 394
100 110
100 491
100 250
100 131
100 73
100 268
100 180
100 265
100 124
100 84
100 23
100 220
100 76
100 259
100 107
100 283
100 11
100 296
100 121
100 6
100 128
100 728
100 15
100 122
100 866
100 116
100 303
100 75
100 207
100 14
100 232
100 103
100 515
100 12
100 11
100 92
100 472
100 77
100 83
100 271
100 122
100 156
100 197
100 8
100 85
100 610
100 127
100 310
100 39
100 306
100 148
100 127
100 66
100 158
100 117
100 40
100 184
100 167
100 264
100 160
100 159
100 273
100 91
100 421
100 214
100 291
100 84
100 164
100 61
100 45
100 60
100 49
100 76
100 592
100 61
100 559
100 317
100 375
100 363
100 115
100 574
100 223
100 168
100 572
100 801
100 296
100 18
100 126
100 5
100 35
100 251
100 192
100 457
100 7
100 30
100 1200
100 638
100 130
100 168
100 537
100 189
100 431
100 1064
100 251
100 188
100 331
100 97
100 188
100 575
100 67
100 414
100 175
100 66
100 118
100 12
100 183
100 62
100 54
100 109
100 72
100 53
100 21
100 533
100 23
100 263
100 271
100 241
100 568
100 28
100 496
100 623
100 65
100 41
100 32
100 190
100 79
100 125
100 107
100 237
100 152
100 165
100 826
100 237
100 29
100 192
100 299
100 333
100 126
100 576
100 114
100 369
100 441
100 471
100 114
100 399
100 847
100 16
100 15
100 103
100 281
100 153
100 141
100 491
100 13
100 363
100 306
100 197
100 48
100 10
100 369
100 7
100 137
100 196
100 950
100 96
100 107
100 137
100 334
100 66
100 53
100 330
100 57
100 168
100 47
100 393
100 120
100 519
100 3
100 138
100 76
100 310
100 19
100 85
100 254
100 77
100 105
100 27
100 1171
100 68
100 44
100 806
100 302
100 298
100 20
100 65
100 499
100 49
100 548
100 884
100 46
100 82
100 44
100 437
100 205
100 223
100 165
100 40
100 80
100 38
100 161
100 259
100 172
100 51
100 507
100 162
100 99
100 523
100 70
100 378
100 27
100 718
100 535
100 66
100 149
100 311
100 63
100 294
100 147
100 1300
100 113
100 735
100 81
100 288
100 81
100 116
100 79
100 530
100 114
100 55
100 216
100 354
100 66
100 20
100 203
100 130
100 26
100 535
100 718
100 24
100 68
100 4
100 30
100 16
100 215
100 203
100 105
100 203
100 327
100 826
100 1
100 813
100 79
100 38
100 56
100 7
100 197
100 314
100 412
100 323
100 229
100 123
100 83
100 546
100 7
100 141
100 249
100 72
100 29
100 45
100 201
100 491
100 161
100 2
100 127
100 205
100 199
100 629
100 400
100 269
100 551
100 12
100 146
100 418
100 168
100 10
100 406
100 48
100 31
100 113
100 529
100 271
100 178
100 132
100 97
100 85
100 276
100 271
100 188
100 94
100 4
100 249
100 103
100 584
100 1152
100 82
100 1822
100 106
100 220
100 24
100 29
100 9
100 44
100 279
100 119
100 433
100 122
100 50
100 21
100 399
100 42
100 403
100 101
100 15
100 160
100 151
100 208
100 104
100 576
100 170
100 23
100 280
100 176
100 9
100 274
100 75
100 180
100 42
100 57
100 372
100 25
100 79
100 528
100 243
100 69
100 54
100 291
100 22
100 0
100 522
100 136
100 414
100 87
100 718
100 52
100 88
100 15
100 267
100 181
100 179
100 462
100 27
100 247
100 4
100 17
100 20
100 14
100 168
100 91
100 125
100 442
100 16
100 140
100 194
100 133
100 88
100 733
100 155
100 246
100 189
100 9
100 94
100 177
100 44
100 5
100 459
100 325
100 91
100 302
100 148
100 48
100 422
100 3
100 114
100 45
100 5
100 183
100 266
100 232
100 128
100 169
100 33
100 460
100 233
100 79
100 210
100 41
100 242
100 411
100 657
100 188
100 582
100 216
100 374
100 181
100 338
100 16
100 825
100 15
100 153
100 258
100 289
100 299
100 6
100 1053
100 84
100 145
100 373
100 573
100 322
100 87
100 113
100 24
100 13
100 72
100 107
100 55
100 60
100 139
100 697
100 567
100 95
100 337
100 176
100 53
100 110
100 291
100 228
100 164
100 52
100 243
100 109
100 188
100 326
100 741
100 68
100 89
100 20
100 58
100 60
100 38
100 424
100 104
100 279
100 54
100 123
100 71
100 33
100 369
100 285
100 107
100 514
100 154
100 42
100 86
100 25
100 424
100 20
100 59
100 84
100 106
100 15
100 1381
100 296
100 69
100 126
100 69
100 717
100 131
100 0
100 17
100 605
100 4
100 201
100 143
100 334
100 60
100 36
100 127
100 156
100 31
100 299
100 58
100 12
100 1032
100 192
100 44
100 182
100 72
100 119
100 196
100 107
100 105
100 181
100 584
100 407
100 224
100 211
100 62
100 162
100 29
100 110
100 21
100 275
100 301
100 52
100 203
100 63
100 11
100 45
100 33
100 20
100 115
100 80
100 799
100 37
100 231
100 12
100 238
100 20
100 504
100 209
100 11
100 318
100 141
100 145
100 86
100 45
100 255
100 471
100 93
100 531
100 45
100 384
100 3
100 87
100 638
100 32
100 83
100 417
100 275
100 32
100 341
100 300
100 348
100 177
100 6
100 537
100 38
100 969
100 8
100 486
100 29
100 642
100 246
100 33
100 59
100 511
100 738
100 272
100 396
100 614
100 257
100 324
100 14
100 42
100 7
100 3
100 613
100 181
100 204
100 283
100 42
100 169
100 160
100 56
100 190
100 710
100 160
100 193
100 170
100 229
100 601
100 123
100 158
100 56
100 208
100 151
100 214
100 637
100 259
100 328
100 357
100 194
100 2
100 124
100 294
100 80
100 371
100 269
100 330
100 193
100 257
100 821
100 3
100 54
100 355
100 715
100 99
100 11
100 254
100 119
100 53
100 592
100 342
100 222
100 43
100 4
100 152
100 262
100 188
100 20
100 125
100 481
100 80
100 122
100 204
100 25
100 90
100 567
100 24
100 89
100 20
100 226
100 5
100 89
100 99
100 373
100 33
100 115
100 101
100 344
100 295
100 464
100 160
100 140
100 163
100 16
100 161
100 2
100 20
100 149
100 359
100 81
100 147
100 840
100 390
100 45
100 87
100 76
100 8
100 32
100 208
100 49
100 16
100 480
100 309
100 74
100 182
100 465
100 8
100 26
100 169
100 212
100 266
100 124
100 56
100 42
100 177
100 442
100 19
100 158
100 17
100 16
100 489
100 254
100 8
100 112
100 32
100 447
100 511
100 689
100 335
100 25
100 72
100 268
100 2
100 318
100 94
100 152
100 78
100 30
100 665
100 62
100 15
100 137
100 594
100 94
100 286
100 23
100 162
100 120
100 99
100 495
100 368
100 32
100 778
100 167
100 356
100 93
100 147
100 22
100 205
100 674
100 62
100 14
100 95
100 474
100 172
100 1
100 310
100 90
100 55
100 78
100 114
100 150
100 53
100 6
100 82
100 5
100 36
100 566
100 86
100 185
100 199
100 29
100 88
100 237
100 119
100 167
100 137
100 100
100 11
100 84
100 107
100 215
100 82
100 44
100 32
100 92
100 196
100 11
100 186
100 278
100 334
100 400
100 159
100 190
100 260
100 24
100 236
100 68
100 98
100 39
100 504
100 24
100 464
100 485
100 560
100 131
100 9
100 143
100 102
100 291
100 157
100 24
100 131
100 182
100 421
100 327
100 34
100 351
100 83
100 359
100 171
100 81
100 595
100 877
100 6
100 248
100 247
100 554
100 13
100 404
100 84
100 407
100 55
100 98
100 918
100 973
100 30
100 260
100 314
100 157
100 151
100 516
100 55
100 164
100 323
100 128
100 81
100 79
100 937
100 698
100 20
100 852
100 105
100 22
100 292
100 277
100 55
100 11
100 101
100 130
100 44
100 633
100 945
100 34
100 40
100 214
100 367
100 112
100 240
100 319
100 112
100 42
100 20
100 105
100 45
100 166
100 39
100 8
100 258
100 24
100 238
100 252
100 1
100 90
100 95
100 46
100 433
100 117
100 154
100 137
100 103
100 88
100 377
100 1040
100 132
100 40
100 397
100 315
100 43
100 553
100 232
100 99
100 103
100 393
100 126
100 146
100 80
100 285
100 107
100 265
100 89
100 60
100 261
100 603
100 504
100 92
100 156
100 189
100 408
100 197
100 397
100 231
100 267
100 90
100 427
100 30
100 55
100 116
100 47
100 151
100 16
100 118
100 171
100 841
100 19
100 0
100 219
100 45
100 69
100 60
100 328
100 294
100 61
100 70
100 391
100 121
100 11
100 65
100 385
100 306
100 187
100 168
100 378
100 26
100 214
100 22
100 399
100 63
100 106
100 15
100 268
100 498
100 70
100 33
100 130
100 130
100 484
100 72
100 556
100 36
100 37
100 497
100 407
100 153
100 333
100 18
100 659
100 355
100 46
100 226
100 174
100 482
100 351
100 215
100 175
100 184
100 181
100 980
100 207
100 24
100 35
100 44
100 64
100 744
100 473
100 336
100 54
100 41
100 83
100 360
100 44
100 91
100 22
100 358
100 645
100 136
100 315
100 376
100 3
100 146
100 156
100 155
100 112
100 16
100 255
100 93
100 66
100 170
100 38
100 174
100 59
100 264
100 167
100 796
100 106
100 168
100 29
100 68
100 101
100 53
100 729
100 5
100 99
100 181
100 372
100 88
100 244
100 149
100 121
100 221
100 33
100 121
100 26
100 356
100 99
100 155
100 216
100 96
100 6
100 127
100 394
100 130
100 188
100 117
100 43
100 171
100 118
100 12
100 89
100 1
100 30
100 1
100 60
100 42
100 13
100 451
100 250
100 45
100 2
100 424
100 338
100 373
100 178
100 63
100 145
100 493
100 336
100 201
100 85
100 19
100 89
100 118
100 190
100 38
100 318
100 60
100 406
100 18
100 322
100 352
100 6
100 286
100 373
100 1246
100 39
100 247
100 643
100 430
100 36
100 25
100 160
100 95
100 677
100 616
100 6
100 11
100 147
100 224
100 580
100 141
100 120
100 371
100 451
100 69
100 35
100 81
100 47
100 65
100 245
100 75
100 216
100 444
100 67
100 26
100 106
100 190
100 115
100 80
100 12
100 99
100 256
100 87
100 131
100 127
100 7
100 369
100 164
100 516
100 391
100 678
100 516
100 813
100 70
100 278
100 340
100 265
100 217
100 165
100 201
100 106
100 31
100 83
100 79
100 265
100 318
100 262
100 292
100 1284
100 454
100 25
100 40
100 636
100 79
100 264
100 246
100 618
100 417
100 419
100 316
100 32
100 32
100 41
100 22
100 244
100 94
100 290
100 76
100 54
100 80
100 358
100 54
100 51
100 284
100 1
100 311
100 613
100 375
100 7
100 15
100 56
100 27
100 79
100 250
100 200
100 223
100 206
100 25
100 86
100 311
100 125
100 161
100 314
100 64
100 140
100 163
100 0
100 291
100 295
100 54
100 294
100 85
100 97
100 78
100 432
100 422
100 148
100 37
100 76
100 15
100 137
100 108
100 287
100 176
100 147
100 278
100 652
100 485
100 80
100 127
100 97
100 86
100 671
100 292
100 106
100 192
100 160
100 270
100 157
100 241
100 82
100 51
100 224
100 362
100 101
100 72
100 47
100 237
100 42
100 156
100 186
100 3
100 19
100 1
100 131
100 332
100 94
100 150
100 58
100 453
100 251
100 264
100 190
100 456
100 169
100 296
100 104
100 210
100 70
100 62
100 80
100 316
100 144
100 43
100 121
100 187
100 35
100 473
100 73
100 190
100 38
100 49
100 98
100 119
100 83
100 9
100 132
100 736
100 370
100 361
100 179
100 155
100 688
100 242
100 378
100 75
100 117
100 598
100 160
100 64
100 328
100 369
100 57
100 172
100 796
100 715
100 35
100 273
100 236
100 669
100 484
100 507
100 696
100 232
100 533
100 10
100 2
100 19
100 63
100 9
100 53
100 47
100 625
100 242
100 15
100 464
100 515
100 269
100 72
100 350
100 2
100 8
100 238
100 894
100 323
100 201
100 83
100 74
100 241
100 298
100 55
100 165
100 19
100 20
100 11
100 156
100 26
100 682
100 541
100 86
100 203
100 117
100 92
100 63
100 8
100 352
100 3
100 595
100 56
100 219
100 226
100 37
100 118
100 15
100 32
100 154
100 115
100 79
100 38
100 134
100 443
100 38
100 19
100 102
100 300
100 47
100 275
100 276
100 49
100 128
100 562
100 314
100 11
100 240
100 168
100 190
100 81
100 221
100 165
100 277
100 554
100 193
100 259
100 198
100 29
100 130
100 308
100 97
100 14
100 226
100 534
100 197
100 71
100 25
100 260
100 315
100 389
100 293
100 62
100 372
100 105
100 30
100 12
100 54
100 261
100 306
100 602
100 1
100 14
100 56
100 187
100 1006
100 36
100 12
100 430
100 225
100 108
100 100
100 805
100 80
100 414
100 78
100 574
100 151
100 452
100 97
100 430
100 38
100 91
100 207
100 143
100 56
100 82
100 44
100 92
100 314
100 275
100 119
100 196
100 123
100 355
100 92
100 402
100 202
100 71
100 84
100 356
100 111
100 112
100 507
100 673
100 361
100 96
100 52
100 45
100 591
100 138
100 265
100 52
100 0
100 5
100 22
100 7
100 57
100 29
100 106
100 171
100 51
100 38
100 392
100 325
100 738
100 57
100 106
100 390
100 291
100 420
100 480
100 571
100 239
100 75
100 350
100 0
100 148
100 452
100 16
100 235
100 24
100 366
100 259
100 334
100 286
100 22
100 155
100 226
100 447
100 201
100 94
100 467
100 6
100 307
100 449
100 129
100 174
100 89
100 178
100 363
100 126
100 171
100 60
100 515
100 445
100 200
100 298
100 147
100 152
100 467
100 578
100 231
100 134
100 142
100 156
100 534
100 231
100 7
100 1295
100 458
100 42
100 32
100 27
100 296
100 164
100 79
100 254
100 98
100 113
100 102
100 390
100 157
100 811
100 535
100 398
100 612
100 99
100 453
100 277
100 290
100 215
100 0
100 710
100 1053
100 46
100 347
100 24
100 217
100 245
100 13
100 706
100 143
100 2
100 513
100 161
100 178
100 286
100 189
100 69
100 827
100 146
100 158
100 854
100 405
100 150
100 10
100 193
100 217
100 215
100 77
100 53
100 64
100 101
100 82
100 720
100 421
100 81
100 375
100 74
100 609
100 328
100 50
100 654
100 184
100 81
100 35
100 8
100 120
100 49
100 165
100 25
100 159
100 527
100 269
100 19
100 214
100 60
100 39
100 268
100 645
100 258
100 918
100 358
100 40
100 141
100 728
100 147
100 168
100 434
100 158
100 626
100 879
100 127
100 250
100 356
100 558
100 307
100 353
100 2
100 260
100 300
100 54
100 206
100 27
100 37
100 21
100 145
100 404
100 386
100 142
100 73
100 605
100 111
100 449
100 515
100 89
100 472
100 70
100 119
100 81
100 36
100 466
100 93
100 229
100 345
100 178
100 252
100 227
100 842
100 242
100 52
100 51
100 150
100 531
100 11
100 1197
100 224
100 32
100 410
100 796
100 42
100 17
100 27
100 507
100 311
100 77
100 85
100 629
100 311
100 187
100 117
100 56
100 377
100 41
100 371
100 65
100 161
100 141
100 36
100 357
100 232
100 201
100 37
100 178
100 195
100 36
100 146
100 265
100 674
100 193
100 165
100 483
100 88
100 99
100 122
100 101
100 218
100 438
100 101
100 80
100 241
100 74
100 107
100 64
100 39
100 28
100 73
100 156
100 55
100 115
100 21
100 315
100 222
100 280
100 26
100 29
100 53
100 76
100 4
100 800
100 38
100 596
100 292
100 120
100 366
100 85
100 11
100 150
100 234
100 1022
100 314
100 263
100 2
100 150
100 55
100 213
100 0
100 246
100 12
100 380
100 947
100 84
100 213
100 312
100 175
100 42
100 31
100 1
100 55
100 84
100 53
100 794
100 387
100 192
100 81
100 374
100 65
100 90
100 191
100 397
100 537
100 211
100 472
100 265
100 177
100 521
100 323
100 173
100 652
100 60
100 594
100 47
100 78
100 340
100 537
100 111
100 281
100 0
100 83
100 55
100 183
100 126
100 95
100 254
100 86
100 63
100 990
100 246
100 10
100 163
100 454
100 637
100 227
100 63
100 329
100 100
100 40
100 97
100 549
100 110
100 37
100 79
100 13
100 640
100 309
100 14
100 476
100 925
100 26
100 44
100 415
100 37
100 170
100 133
100 714
100 222
100 395
100 224
100 35
100 75
100 107
100 68
100 492
100 0
100 137
100 1506
100 187
100 123
100 398
100 30
100 192
100 68
100 391
100 78
100 114
100 211
100 208
100 80
100 47
100 411
100 229
100 227
100 6
100 711
100 485
100 18
100 5
100 56
100 129
100 271
100 399
100 259
100 8
100 298
100 29
100 496
100 67
100 469
100 151
100 198
100 671
100 218
100 103
100 78
100 435
100 242
100 9
100 51
100 8
100 112
100 71
100 39
100 137
100 37
100 196
100 186
100 77
100 629
100 112
100 326
100 108
100 24
100 299
100 72
100 38
100 697
100 45
100 706
100 141
100 176
100 581
100 232
100 291
100 458
100 55
100 55
100 463
100 88
100 524
100 77
100 350
100 94
100 415
100 120
100 60
100 408
100 24
100 367
100 261
100 345
100 143
100 73
100 2
100 528
100 77
100 291
100 145
100 88
100 226
100 123
100 274
100 80
100 110
100 213
100 389
100 1
100 139
100 383
100 238
100 626
100 162
100 390
100 26
100 235
100 238
100 57
100 168
100 94
100 95
100 306
100 17
100 318
100 5
100 358
100 483
100 155
100 446
100 875
100 179
100 0
100 149
100 248
100 260
100 55
100 254
100 755
100 300
100 204
100 728
100 80
100 775
100 641
100 57
100 471
100 140
100 185
100 322
100 117
100 209
100 184
100 18
100 15
100 188
100 372
100 180
100 11
100 94
100 432
100 87
100 227
100 43
100 229
100 783
100 68
100 119
100 22
100 13
100 243
100 26
100 135
100 262
100 483
100 22
100 82
100 316
100 414
100 565
100 4
100 460
100 194
100 49
100 184
100 7
100 0
100 102
100 411
100 419
100 92
100 85
100 68
100 36
100 77
100 27
100 11
100 98
100 624
100 128
100 515
100 72
100 217
100 694
100 553
100 242
100 117
100 206
100 52
100 3
100 429
100 27
100 272
100 218
100 832
100 17
100 365
100 39
100 822
100 58
100 66
100 166
100 21
100 234
100 67
100 60
100 209
100 263
100 49
100 277
100 144
100 87
100 194
100 250
100 205
100 163
100 320
100 584
100 142
100 435
100 464
100 196
100 505
100 246
100 124
100 319
100 289
100 238
100 187
100 606
100 453
100 574
100 67
100 1
100 184
100 103
100 833
100 256
100 260
100 40
100 792
100 25
100 94
100 157
100 193
100 1236
100 147
100 344
100 449
100 113
100 327
100 127
100 141
100 123
100 626
100 492
100 17
100 602
100 314
100 467
100 392
100 217
100 79
100 144
100 75
100 131
100 287
100 533
100 416
100 30
100 77
100 5
100 24
100 39
100 86
100 74
100 59
100 119
100 101
100 131
100 16
100 216
100 88
100 246
100 438
100 512
100 124
100 14
100 230
100 24
100 223
100 527
100 10
100 266
100 326
100 10
100 46
100 78
100 243
100 93
100 446
100 341
100 226
100 570
100 57
100 76
100 268
100 244
100 237
100 174
100 11
100 122
100 161
100 412
100 233
100 224
100 604
100 121
100 220
100 367
100 458
100 17
100 7
100 6
100 6
100 162
100 492
100 214
100 181
100 54
100 356
100 81
100 881
100 244
100 33
100 238
100 376
100 106
100 1971
100 141
100 188
100 1
100 653
100 197
100 103
100 416
100 297
100 106
100 336
100 469
100 787
100 271
100 675
100 155
100 64
100 52
100 83
100 111
100 112
100 924
100 175
100 492
100 179
100 436
100 565
100 182
100 149
100 118
100 440
100 450
100 24
100 411
100 770
100 528
100 9
100 136
100 204
100 529
100 1080
100 111
100 992
100 296
100 247
100 181
100 206
100 31
100 146
100 183
100 1187
100 391
100 46
100 242
100 213
100 179
100 414
100 20
100 61
100 203
100 569
100 338
100 736
100 162
100 7
100 202
100 89
100 196
100 83
100 539
100 244
100 128
100 90
100 353
100 349
100 129
100 183
100 119
100 424
100 24
100 364
100 214
100 1155
100 205
100 60
100 46
100 76
100 225
100 152
100 900
100 152
100 134
100 16
100 216
100 396
100 89
100 4
100 36
100 86
100 18
100 351
100 291
100 10
100 251
100 111
100 253
100 127
100 188
100 69
100 150
100 252
100 183
100 58
100 529
100 83
100 118
100 705
100 521
100 586
100 142
100 51
100 146
100 133
100 191
100 115
100 123
100 190
100 81
100 81
100 53
100 232
100 332
100 11
100 29
100 30
100 651
100 49
100 554
100 395
100 248
100 251
100 97
100 194
100 471
100 61
100 74
100 178
100 192
100 367
100 652
100 14
100 54
100 112
100 85
100 214
100 6
100 336
100 264
100 170
100 19
100 239
100 828
100 113
100 88
100 150
100 50
100 500
100 443
100 1094
100 54
100 227
100 16
100 65
100 111
100 383
100 135
100 162
100 1113
100 600
100 30
100 290
100 128
100 11
100 412
100 261
100 6
100 320
100 45
100 7
100 779
100 22
100 200
100 280
100 58
100 121
100 421
100 26
100 248
100 358
100 223
100 392
100 7
100 449
100 50
100 620
100 150
100 41
100 193
100 260
100 417
100 131
100 0
100 193
100 377
100 100
100 557
100 469
100 76
100 335
100 121
100 295
100 97
100 45
100 121
100 123
100 33
100 13
100 62
100 74
100 264
100 193
100 162
100 538
100 55
100 473
100 158
100 117
100 286
100 141
100 17
100 220
100 200
100 371
100 161
100 149
100 58
100 143
100 1170
100 129
100 402
100 123
100 4
100 395
100 47
100 632
100 27
100 183
100 138
100 11
100 111
100 213
100 83
100 28
100 513
100 220
100 239
100 58
100 28
100 273
100 101
100 102
100 486
100 105
100 58
100 20
100 173
100 635
100 44
100 441
100 20
100 64
100 506
100 175
100 107
100 180
100 467
100 82
100 234
100 52
100 152
100 46
100 735
100 277
100 104
100 12
100 37
100 300
100 97
100 87
100 1492
100 329
100 14
100 86
100 525
100 183
100 223
100 295
100 90
100 124
100 35
100 285
100 192
100 79
100 511
100 524
100 162
100 188
100 146
100 172
100 394
100 60
100 36
100 38
100 0
100 64
100 231
100 57
100 74
100 68
100 26
100 35
100 147
100 107
100 185
100 63
100 214
100 478
100 114
100 702
100 373
100 6
100 222
100 1287
100 100
100 57
100 143
100 127
100 130
100 186
100 157
100 76
100 259
100 581
100 116
100 443
100 1251
100 75
100 339
100 236
100 70
100 691
100 486
100 121
100 124
100 184
100 35
100 125
100 2
100 160
100 351
100 0
100 162
100 33
100 380
100 121
100 189
100 36
100 298
100 88
100 352
100 434
100 183
100 178
100 403
100 45
100 205
100 544
100 137
100 288
100 130
100 4
100 37
100 387
100 43
100 145
100 352
100 90
100 93
100 80
100 80
100 91
100 999
100 0
100 49
100 6
100 309
100 85
100 197
100 351
100 147
100 626
100 284
100 230
100 134
100 181
100 241
100 489
100 256
100 548
100 72
100 285
100 186
100 79
100 523
100 1029
100 15
100 159
100 156
100 71
100 114
100 836
100 473
100 373
100 332
100 308
100 583
100 34
100 983
100 157
100 343
100 323
100 1045
100 430
100 31
100 246
100 1
100 410
100 146
100 108
100 270
100 442
100 174
100 57
100 678
100 221
100 369
100 208
100 156
100 649
100 15
100 244
100 151
100 99
100 39
100 9
100 121
100 634
100 85
100 146
100 192
100 119
100 203
100 313
100 12
100 696
100 249
100 111
100 90
100 79
100 111
100 13
100 3
100 454
100 347
100 282
100 45
100 232
100 241
100 116
100 123
100 125
100 618
100 109
100 296
100 134
100 471
100 214
100 972
100 327
100 43
100 541
100 42
100 74
100 148
100 158
100 169
100 27
100 22
100 279
100 963
100 381
100 122
100 23
100 207
100 168
100 427
100 134
100 10
100 107
100 303
100 72
100 192
100 230
100 20
100 5
100 327
100 109
100 63
100 236
100 71
100 130
100 33
100 1
100 381
100 81
100 195
100 554
100 73
100 172
100 42
100 79
100 96
100 170
100 159
100 652
100 144
100 217
100 195
100 16
100 232
100 689
100 20
100 40
100 56
100 39
100 176
100 23
100 69
100 85
100 6
100 169
100 580
100 67
100 246
100 8
100 884
100 23
100 342
100 78
100 97
100 667
100 14
100 23
100 497
100 100
100 648
100 21
100 171
100 15
100 206
100 99
100 425
100 3
100 196
100 319
100 278
100 153
100 2
100 20
100 66
100 149
100 136
100 101
100 60
100 125
100 73
100 42
100 303
100 15
100 216
100 28
100 308
100 73
100 225
100 16
100 157
100 204
100 96
100 544
100 29
100 137
100 178
100 55
100 188
100 42
100 41
100 189
100 161
100 110
100 76
100 42
100 431
100 186
100 456
100 221
100 232
100 120
100 87
100 314
100 105
100 507
100 61
100 138
100 49
100 23
100 65
100 8
100 130
100 70
100 193
100 507
100 368
100 281
100 215
100 138
100 93
100 145
100 213
100 98
100 112
100 55
100 190
100 279
100 292
100 152
100 107
100 150
100 10
100 957
100 54
100 243
100 164
100 9
100 2
100 91
100 197
100 23
100 382
100 29
100 149
100 200
100 54
100 190
100 9
100 10
100 80
100 15
100 113
100 20
100 236
100 300
100 73
100 86
100 96
100 2
100 54
100 124
100 332
100 454
100 5
100 118
100 189
100 319
100 183
100 484
100 289
100 429
100 69
100 138
100 58
100 88
100 406
100 220
100 212
100 678
100 439
100 386
100 352
100 949
100 373
100 495
100 130
100 188
100 45
100 210
100 290
100 89
100 167
100 278
100 202
100 558
100 147
100 109
100 191
100 80
100 198
100 228
100 74
100 181
100 709
100 6
100 78
100 347
100 680
100 176
100 195
100 5
100 466
100 91
100 584
100 63
100 61
100 594
100 339
100 304
100 390
100 152
100 222
100 718
100 297
100 25
100 110
100 80
100 74
100 608
100 61
100 424
100 265
100 166
100 517
100 74
100 226
100 64
100 195
100 60
100 429
100 410
100 287
100 142
100 312
100 283
100 72
100 123
100 257
100 32
100 63
100 280
100 45
100 191
100 39
100 32
100 0
100 156
100 70
100 47
100 788
100 94
100 428
100 86
100 164
100 301
100 86
100 56
100 204
100 67
100 59
100 161
100 605
100 602
