100 69
100 49
100 35
100 7
100 33
100 44
100 82
100 41
100 105
100 12
100 70
100 26
100 12
100 169
100 97
100 94
100 398
100 123
100 69
100 29
100 96
100 161
100 221
100 217
100 193
100 140
100 202
100 43
100 31
100 5
100 236
100 48
100 7
100 32
100 89
100 61
100 38
100 117
100 40
100 254
100 38
100 91
100 114
100 25
100 30
100 159
100 57
100 33
100 9
100 47
100 67
100 18
100 9
100 46
100 164
100 335
100 119
100 147
100 81
100 52
100 289
100 37
100 243
100 6
100 0
100 14
100 85
100 43
100 15
100 55
100 52
100 111
100 106
100 38
100 285
100 431
100 171
100 3
100 282
100 48
100 21
100 44
100 1
100 18
100 64
100 228
100 0
100 101
100 289
100 224
100 32
100 126
100 212
100 461
100 102
100 198
100 279
100 190
100 27
100 290
100 17
100 785
100 668
100 96
100 101
100 81
100 24
100 14
100 364
100 99
100 102
100 336
100 394
100 88
100 70
100 1
100 39
100 189
100 32
100 53
100 334
100 20
100 215
100 81
100 370
100 22
100 96
100 198
100 82
100 120
100 86
100 102
100 351
100 7
100 36
100 252
100 14
100 3
100 96
100 30
100 215
100 0
100 203
100 54
100 172
100 33
100 299
100 127
100 22
100 392
100 391
100 172
100 113
100 17
100 191
100 627
100 26
100 357
100 135
100 50
100 3
100 136
100 244
100 172
100 289
100 317
100 384
100 36
100 201
100 185
100 582
100 617
100 457
100 183
100 19
100 156
100 5
100 59
100 113
100 43
100 113
100 406
100 122
100 154
100 0
100 148
100 340
100 87
100 151
100 200
100 244
100 83
100 80
100 293
100 258
100 61
100 8
100 55
100 16
100 166
100 87
100 20
100 269
100 45
100 212
100 38
100 398
100 90
100 99
100 4
100 24
100 189
100 179
100 23
100 156
100 209
100 223
100 202
100 188
100 21
100 12
100 33
100 42
100 86
100 314
100 201
100 84
100 246
100 78
100 37
100 106
100 462
100 3
100 230
100 54
100 276
100 145
100 120
100 48
100 20
100 63
100 251
100 43
100 132
100 79
100 148
100 88
100 71
100 11
100 199
100 63
100 199
100 103
100 125
100 39
100 0
100 100
100 148
100 126
100 54
100 90
100 204
100 200
100 241
100 2
100 5
100 136
100 251
100 82
100 61
100 165
100 112
100 23
100 86
100 29
100 45
100 39
100 76
100 21
100 76
100 18
100 163
100 210
100 67
100 310
100 111
100 37
100 159
100 94
100 107
100 3
100 266
100 185
100 135
100 65
100 3
100 50
100 65
100 109
100 206
100 134
100 19
100 105
100 1
100 133
100 19
100 5
100 40
100 52
100 43
100 18
100 20
100 536
100 7
100 159
100 316
100 72
100 2
100 22
100 345
100 43
100 113
100 150
100 43
100 112
100 84
100 293
100 37
100 32
100 235
100 46
100 430
100 152
100 91
100 18
100 45
100 44
100 63
100 31
100 186
100 54
100 116
100 15
100 24
100 132
100 330
100 283
100 407
100 112
100 196
100 227
100 180
100 12
100 36
100 77
100 243
100 98
100 184
100 148
100 249
100 38
100 74
100 19
100 163
100 200
100 30
100 5
100 63
100 49
100 0
100 80
100 146
100 95
100 42
100 38
100 74
100 201
100 171
100 36
100 134
100 169
100 81
100 73
100 12
100 95
100 133
100 39
100 254
100 66
100 4
100 2
100 194
100 64
100 60
100 209
100 64
100 107
100 136
100 95
100 31
100 20
100 13
100 215
100 50
100 60
100 73
100 4
100 50
100 20
100 71
100 112
100 6
100 81
100 45
100 118
100 41
100 54
100 670
100 438
100 75
100 4
100 91
100 61
100 16
100 28
100 161
100 13
100 25
100 24
100 348
100 33
100 101
100 54
100 8
100 22
100 0
100 68
100 21
100 50
100 21
100 8
100 147
100 5
100 47
100 159
100 143
100 251
100 255
100 219
100 14
100 59
100 74
100 7
100 29
100 41
100 1
100 25
100 34
100 87
100 145
100 3
100 9
100 100
100 281
100 131
100 98
100 199
100 60
100 48
100 51
100 77
100 31
100 81
100 85
100 88
100 129
100 27
100 173
100 45
100 128
100 20
100 6
100 292
100 560
100 139
100 37
100 48
100 76
100 139
100 112
100 20
100 4
100 94
100 102
100 69
100 44
100 3
100 121
100 91
100 168
100 2
100 45
100 158
100 308
100 37
100 28
100 19
100 217
100 136
100 27
100 53
100 299
100 254
100 97
100 99
100 249
100 104
100 87
100 168
100 47
100 26
100 42
100 171
100 55
100 32
100 17
100 82
100 68
100 36
100 19
100 44
100 88
100 107
100 2
100 239
100 110
100 7
100 91
100 90
100 31
100 116
100 94
100 26
100 155
100 62
100 179
100 9
100 118
100 185
100 63
100 25
100 37
100 105
100 85
100 3
100 372
100 267
100 13
100 8
100 35
100 119
100 121
100 292
100 17
100 382
100 124
100 135
100 30
100 153
100 32
100 154
100 63
100 320
100 43
100 49
100 311
100 33
100 83
100 37
100 751
100 515
100 72
100 130
100 25
100 33
100 136
100 450
100 118
100 182
100 141
100 22
100 5
100 3
100 76
100 49
100 86
100 388
100 162
100 87
100 61
100 117
100 224
100 229
100 110
100 36
100 277
100 21
100 99
100 340
100 426
100 25
100 205
100 96
100 54
100 198
100 3
100 242
100 152
100 522
100 148
100 287
100 7
100 298
100 168
100 14
100 116
100 74
100 64
100 274
100 263
100 91
100 52
100 161
100 342
100 71
100 140
100 111
100 298
100 48
100 8
100 224
100 117
100 28
100 17
100 46
100 12
100 45
100 64
100 39
100 13
100 47
100 32
100 385
100 61
100 239
100 22
100 62
100 49
100 28
100 5
100 7
100 213
100 64
100 225
100 30
100 119
100 117
100 8
100 61
100 235
100 121
100 49
100 52
100 89
100 74
100 78
100 260
100 194
100 213
100 1
100 28
100 121
100 137
100 53
100 237
100 95
100 76
100 239
100 92
100 142
100 97
100 9
100 534
100 45
100 68
100 325
100 158
100 55
100 94
100 546
100 243
100 123
100 11
100 69
100 205
100 127
100 37
100 192
100 69
100 97
100 21
100 356
100 90
100 13
100 142
100 214
100 268
100 245
100 15
100 104
100 276
100 157
100 169
100 27
100 36
100 27
100 220
100 5
100 6
100 70
100 98
100 94
100 101
100 139
100 140
100 128
100 20
100 139
100 49
100 100
100 293
100 24
100 2
100 290
100 40
100 3
100 139
100 60
100 17
100 210
100 307
100 17
100 129
100 57
100 75
100 214
100 426
100 65
100 8
100 255
100 179
100 390
100 643
100 0
100 64
100 204
100 28
100 38
100 28
100 100
100 27
100 113
100 30
100 118
100 332
100 74
100 63
100 276
100 33
100 332
100 55
100 33
100 124
100 125
100 120
100 74
100 95
100 209
100 77
100 201
100 127
100 76
100 139
100 317
100 18
100 30
100 67
100 45
100 296
100 159
100 99
100 15
100 64
100 209
100 24
100 86
100 197
100 132
100 151
100 126
100 31
100 0
100 300
100 16
100 181
100 210
100 23
100 19
100 43
100 148
100 22
100 61
100 3
100 58
100 1143
100 5
100 3
100 323
100 176
100 196
100 10
100 183
100 271
100 74
100 4
100 195
100 61
100 46
100 1
100 232
100 107
100 35
100 120
100 8
100 57
100 143
100 144
100 293
100 26
100 27
100 202
100 209
100 128
100 389
100 132
100 7
100 100
100 313
100 9
100 37
100 379
100 27
100 171
100 95
100 402
100 250
100 147
100 40
100 251
100 22
100 142
100 357
100 255
100 100
100 93
100 45
100 87
100 157
100 48
100 0
100 197
100 505
100 88
100 114
100 12
100 162
100 14
100 106
100 381
100 111
100 18
100 154
100 49
100 48
100 267
100 88
100 132
100 415
100 12
100 62
100 31
100 105
100 159
100 188
100 72
100 91
100 93
100 164
100 19
100 366
100 367
100 164
100 7
100 327
100 3
100 126
100 93
100 12
100 20
100 72
100 77
100 99
100 30
100 201
100 65
100 408
100 14
100 8
100 93
100 268
100 132
100 378
100 67
100 55
100 247
100 14
100 364
100 144
100 9
100 189
100 48
100 22
100 62
100 64
100 286
100 180
100 99
100 49
100 49
100 9
100 412
100 6
100 29
100 2
100 158
100 11
100 38
100 12
100 274
100 135
100 204
100 283
100 40
100 31
100 71
100 109
100 38
100 14
100 96
100 51
100 274
100 178
100 94
100 3
100 329
100 162
100 35
100 89
100 190
100 47
100 117
100 11
100 0
100 305
100 64
100 222
100 315
100 27
100 0
100 3
100 63
100 112
100 41
100 31
100 77
100 46
100 42
100 7
100 364
100 6
100 235
100 38
100 191
100 133
100 180
100 187
100 1
100 49
100 175
100 185
100 84
100 50
100 480
100 27
100 13
100 158
100 256
100 314
100 250
100 638
100 71
100 280
100 68
100 81
100 61
100 21
100 21
100 66
100 265
100 221
100 11
100 219
100 135
100 101
100 256
100 56
100 242
100 59
100 19
100 24
100 113
100 176
100 398
100 8
100 3
100 259
100 124
100 407
100 62
100 143
100 284
100 41
100 4
100 43
100 65
100 354
100 280
100 8
100 1
100 171
100 118
100 118
100 105
100 215
100 52
100 188
100 104
100 133
100 74
100 60
100 75
100 83
100 10
100 252
100 144
100 13
100 136
100 72
100 282
100 46
100 64
100 108
100 55
100 18
100 83
100 363
100 487
100 198
100 87
100 161
100 60
100 423
100 210
100 107
100 35
100 26
100 12
100 1
100 342
100 123
100 29
100 164
100 22
100 1
100 8
100 108
100 169
100 30
100 14
100 477
100 105
100 31
100 87
100 88
100 73
100 91
100 159
100 108
100 19
100 416
100 16
100 68
100 530
100 61
100 8
100 76
100 274
100 35
100 32
100 14
100 43
100 53
100 10
100 82
100 3
100 113
100 42
100 45
100 78
100 19
100 91
100 198
100 398
100 17
100 249
100 199
100 29
100 11
100 468
100 1
100 33
100 42
100 87
100 53
100 368
100 87
100 315
100 19
100 7
100 68
100 315
100 11
100 31
100 461
100 162
100 139
100 183
100 223
100 44
100 93
100 212
100 111
100 161
100 4
100 77
100 138
100 33
100 70
100 22
100 57
100 59
100 52
100 4
100 82
100 134
100 146
100 34
100 3
100 280
100 87
100 369
100 278
100 47
100 122
100 8
100 104
100 179
100 67
100 77
100 45
100 199
100 102
100 36
100 171
100 392
100 389
100 110
100 43
100 42
100 28
100 150
100 167
100 147
100 213
100 187
100 95
100 17
100 59
100 16
100 139
100 223
100 143
100 525
100 100
100 276
100 22
100 19
100 552
100 3
100 3
100 74
100 151
100 95
100 95
100 105
100 109
100 28
100 31
100 125
100 132
100 210
100 4
100 38
100 90
100 0
100 55
100 266
100 91
100 110
100 236
100 339
100 180
100 86
100 83
100 29
100 2
100 212
100 68
100 4
100 70
100 201
100 233
100 74
100 5
100 63
100 29
100 230
100 137
100 44
100 227
100 42
100 60
100 299
100 51
100 19
100 65
100 8
100 167
100 124
100 105
100 26
100 31
100 132
100 176
100 223
100 46
100 440
100 319
100 23
100 35
100 174
100 135
100 107
100 71
100 53
100 78
100 121
100 122
100 70
100 149
100 1
100 153
100 122
100 5
100 135
100 155
100 54
100 455
100 59
100 130
100 38
100 12
100 3
100 65
100 36
100 232
100 99
100 13
100 48
100 18
100 240
100 140
100 61
100 3
100 110
100 29
100 104
100 46
100 36
100 62
100 130
100 183
100 98
100 398
100 83
100 18
100 89
100 345
100 10
100 234
100 81
100 119
100 313
100 195
100 380
100 250
100 39
100 71
100 137
100 50
100 91
100 99
100 130
100 2
100 177
100 86
100 188
100 138
100 432
100 411
100 354
100 391
100 9
100 114
100 18
100 1
100 346
100 39
100 63
100 125
100 243
100 286
100 87
100 73
100 194
100 66
100 110
100 68
100 152
100 181
100 145
100 16
100 16
100 74
100 13
100 14
100 22
100 1
100 229
100 125
100 74
100 8
100 127
100 10
100 167
100 154
100 158
100 207
100 76
100 16
100 105
100 45
100 451
100 72
100 4
100 16
100 152
100 1
100 330
100 126
100 2
100 8
100 21
100 7
100 71
100 44
100 327
100 307
100 216
100 73
100 288
100 30
100 15
100 1
100 77
100 196
100 14
100 34
100 15
100 101
100 120
100 2
100 226
100 0
100 32
100 80
100 2
100 123
100 42
100 47
100 345
100 23
100 194
100 86
100 353
100 28
100 52
100 43
100 17
100 278
100 223
100 99
100 232
100 102
100 125
100 274
100 1
100 199
100 187
100 172
100 78
100 163
100 237
100 49
100 92
100 10
100 130
100 72
100 0
100 321
100 269
100 316
100 198
100 48
100 16
100 116
100 330
100 72
100 223
100 358
100 36
100 12
100 4
100 110
100 86
100 149
100 165
100 212
100 178
100 204
100 99
100 37
100 48
100 20
100 114
100 118
100 7
100 94
100 10
100 6
100 86
100 141
100 249
100 56
100 205
100 161
100 154
100 92
100 212
100 134
100 197
100 183
100 44
100 192
100 99
100 117
100 156
100 23
100 62
100 70
100 242
100 24
100 82
100 247
100 76
100 144
100 7
100 149
100 19
100 15
100 129
100 91
100 63
100 92
100 408
100 61
100 49
100 119
100 21
100 6
100 64
100 97
100 136
100 12
100 121
100 36
100 36
100 25
100 726
100 23
100 71
100 240
100 126
100 61
100 124
100 11
100 167
100 22
100 263
100 89
100 43
100 114
100 71
100 70
100 411
100 36
100 51
100 37
100 40
100 62
100 38
100 272
100 66
100 46
100 32
100 21
100 17
100 85
100 109
100 78
100 215
100 216
100 26
100 50
100 90
100 65
100 64
100 262
100 34
100 273
100 4
100 152
100 35
100 124
100 356
100 154
100 109
100 48
100 152
100 225
100 19
100 203
100 45
100 108
100 49
100 157
100 120
100 504
100 144
100 217
100 136
100 35
100 141
100 100
100 80
100 31
100 101
100 74
100 166
100 199
100 42
100 128
100 2
100 59
100 174
100 5
100 97
100 9
100 289
100 42
100 542
100 21
100 2
100 13
100 35
100 29
100 16
100 18
100 10
100 143
100 4
100 83
100 140
100 31
100 43
100 102
100 5
100 143
100 93
100 354
100 132
100 18
100 27
100 140
100 5
100 157
100 54
100 34
100 22
100 60
100 607
100 34
100 2
100 119
100 74
100 133
100 114
100 193
100 1
100 232
100 124
100 178
100 110
100 39
100 117
100 56
100 45
100 16
100 185
100 70
100 66
100 103
100 35
100 36
100 123
100 88
100 36
100 72
100 11
100 79
100 15
100 13
100 271
100 15
100 50
100 96
100 129
100 74
100 158
100 21
100 14
100 186
100 60
100 104
100 383
100 417
100 137
100 61
100 27
100 61
100 378
100 10
100 422
100 62
100 348
100 222
100 11
100 124
100 38
100 15
100 19
100 159
100 66
100 135
100 147
100 125
100 458
100 53
100 306
100 226
100 12
100 6
100 650
100 33
100 293
100 72
100 2
100 460
100 336
100 638
100 37
100 71
100 82
100 84
100 55
100 8
100 31
100 58
100 35
100 176
100 52
100 45
100 15
100 41
100 317
100 33
100 6
100 173
100 145
100 101
100 26
100 166
100 25
100 16
100 67
100 187
100 58
100 16
100 402
100 27
100 93
100 118
100 182
100 114
100 368
100 123
100 23
100 234
100 237
100 132
100 44
100 78
100 59
100 38
100 26
100 221
100 219
100 304
100 184
100 366
100 19
100 212
100 221
100 63
100 60
100 56
100 35
100 9
100 282
100 60
100 116
100 69
100 319
100 121
100 19
100 116
100 95
100 53
100 42
100 184
100 78
100 372
100 34
100 256
100 26
100 39
100 18
100 200
100 100
100 431
100 329
100 124
100 68
100 118
100 8
100 34
100 28
100 140
100 148
100 69
100 137
100 198
100 34
100 16
100 20
100 75
100 146
100 19
100 203
100 218
100 134
100 41
100 135
100 245
100 8
100 18
100 84
100 34
100 19
100 89
100 271
100 82
100 36
100 4
100 242
100 76
100 2
100 34
100 923
100 15
100 45
100 3
100 238
100 24
100 110
100 180
100 116
100 316
100 179
100 16
100 17
100 111
100 186
100 20
100 67
100 211
100 43
100 173
100 48
100 118
100 9
100 26
100 256
100 162
100 315
100 78
100 152
100 380
100 158
100 223
100 81
100 129
100 28
100 106
100 45
100 48
100 84
100 101
100 418
100 488
100 23
100 53
100 6
100 109
100 254
100 550
100 67
100 15
100 15
100 44
100 60
100 20
100 39
100 63
100 106
100 33
100 41
100 153
100 162
100 25
100 158
100 210
100 88
100 529
100 57
100 68
100 30
100 282
100 233
100 140
100 19
100 92
100 115
100 99
100 129
100 248
100 177
100 208
100 330
100 102
100 56
100 3
100 124
100 200
100 134
100 204
100 21
100 29
100 180
100 276
100 58
100 33
100 275
100 9
100 147
100 40
100 115
100 97
100 246
100 397
100 159
100 421
100 62
100 214
100 81
100 51
100 48
100 70
100 181
100 0
100 607
100 77
100 144
100 71
100 125
100 132
100 108
100 194
100 203
100 269
100 274
100 76
100 441
100 31
100 114
100 252
100 336
100 192
100 29
100 183
100 65
100 350
100 200
100 17
100 247
100 120
100 103
100 46
100 234
100 185
100 9
100 131
100 227
100 84
100 507
100 44
100 68
100 0
100 103
100 433
100 124
100 95
100 228
100 21
100 97
100 54
100 111
100 95
100 74
100 16
100 0
100 16
100 86
100 239
100 59
100 32
100 193
100 38
100 56
100 5
100 174
100 21
100 52
100 27
100 13
100 33
100 142
100 19
100 358
100 26
100 208
100 228
100 32
100 97
100 21
100 99
100 73
100 108
100 0
100 270
100 33
100 186
100 119
100 92
100 35
100 97
100 205
100 71
100 196
100 10
100 96
100 15
100 407
100 34
100 185
100 38
100 23
100 5
100 40
100 26
100 151
100 83
100 30
100 245
100 117
100 145
100 173
100 114
100 45
100 214
100 8
100 85
100 201
100 47
100 57
100 85
100 110
100 49
100 292
100 142
100 110
100 99
100 40
100 18
100 24
100 21
100 151
100 133
100 27
100 30
100 66
100 117
100 119
100 56
100 55
100 0
100 260
100 40
100 397
100 108
100 125
100 103
100 24
100 76
100 25
100 103
100 292
100 97
100 26
100 258
100 297
100 17
100 274
100 40
100 2
100 102
100 111
100 243
100 5
100 27
100 144
100 7
100 117
100 98
100 43
100 212
100 201
100 21
100 203
100 103
100 25
100 67
100 154
100 25
100 6
100 165
100 30
100 48
100 1
100 117
100 96
100 35
100 231
100 17
100 76
100 3
100 539
100 15
100 49
100 13
100 62
100 37
100 401
100 43
100 6
100 19
100 117
100 34
100 162
100 126
100 163
100 75
100 76
100 139
100 398
100 104
100 48
100 164
100 7
100 47
100 358
100 98
100 27
100 48
100 0
100 28
100 40
100 62
100 19
100 102
100 172
100 236
100 39
100 177
100 55
100 68
100 33
100 8
100 12
100 228
100 177
100 149
100 277
100 48
100 95
100 109
100 111
100 89
100 85
100 10
100 341
100 4
100 85
100 39
100 194
100 67
100 21
100 136
100 266
100 20
100 26
100 426
100 18
100 547
100 11
100 43
100 126
100 63
100 14
100 99
100 113
100 61
100 40
100 156
100 223
100 154
100 93
100 42
100 36
100 71
100 55
100 20
100 152
100 1
100 3
100 41
100 266
100 6
100 145
100 84
100 16
100 151
100 41
100 122
100 30
100 159
100 1
100 65
100 27
100 208
100 108
100 492
100 258
100 47
100 116
100 22
100 76
100 113
100 15
100 76
100 346
100 63
100 64
100 207
100 120
100 110
100 48
100 25
100 210
100 60
100 183
100 3
100 171
100 109
100 62
100 234
100 81
100 638
100 25
100 7
100 36
100 30
100 313
100 33
100 57
100 77
100 146
100 60
100 185
100 69
100 6
100 28
100 220
100 145
100 105
100 260
100 350
100 130
100 91
100 66
100 18
100 243
100 109
100 116
100 71
100 58
100 252
100 49
100 236
100 24
100 273
100 1
100 473
100 440
100 51
100 15
100 226
100 32
100 55
100 79
100 38
100 57
100 0
100 658
100 41
100 48
100 33
100 302
100 20
100 34
100 124
100 141
100 59
100 14
100 153
100 191
100 110
100 182
100 182
100 525
100 204
100 23
100 54
100 17
100 13
100 28
100 121
100 167
100 43
100 66
100 198
100 361
100 86
100 111
100 15
100 34
100 209
100 219
100 287
100 82
100 55
100 103
100 59
100 16
100 0
100 41
100 180
100 107
100 13
100 33
100 56
100 45
100 146
100 148
100 229
100 137
100 6
100 217
100 47
100 60
100 120
100 45
100 124
100 305
100 191
100 192
100 42
100 178
100 97
100 150
100 281
100 49
100 14
100 39
100 28
100 17
100 141
100 55
100 418
100 61
100 181
100 183
100 578
100 15
100 27
100 339
100 8
100 32
100 455
100 12
100 260
100 100
100 150
100 37
100 43
100 440
100 70
100 143
100 118
100 196
100 76
100 59
100 152
100 20
100 8
100 35
100 318
100 160
100 188
100 249
100 26
100 281
100 186
100 51
100 51
100 3
100 77
100 136
100 35
100 150
100 83
100 11
100 140
100 39
100 129
100 506
100 49
100 30
100 159
100 46
100 328
100 0
100 17
100 63
100 105
100 2
100 367
100 32
100 549
100 18
100 165
100 120
100 56
100 291
100 82
100 18
100 77
100 281
100 67
100 100
100 242
100 246
100 82
100 63
100 20
100 246
100 266
100 101
100 333
100 2
100 25
100 4
100 287
100 172
100 160
100 153
100 86
100 490
100 198
100 138
100 2
100 91
100 278
100 113
100 385
100 301
100 90
100 299
100 0
100 1
100 221
100 13
100 158
100 36
100 84
100 31
100 82
100 34
100 49
100 73
100 2
100 42
100 105
100 183
100 332
100 65
100 358
100 353
100 197
100 38
100 201
100 131
100 130
100 83
100 28
100 44
100 40
100 47
100 72
100 47
100 96
100 166
100 158
100 203
100 137
100 35
100 94
100 11
100 29
100 39
100 212
100 133
100 15
100 63
100 80
100 88
100 71
100 168
100 33
100 17
100 324
100 154
100 260
100 155
100 18
100 23
100 155
100 218
100 267
100 196
100 13
100 86
100 138
100 7
100 169
100 268
100 154
100 63
100 2
100 85
100 198
100 29
100 47
100 244
100 10
100 66
100 74
100 61
100 57
100 137
100 35
100 82
100 308
100 5
100 5
100 17
100 71
100 48
100 13
100 16
100 119
100 137
100 27
100 192
100 155
100 7
100 86
100 110
100 8
100 195
100 116
100 78
100 185
100 57
100 362
100 18
100 15
100 48
100 164
100 22
100 24
100 130
100 27
100 678
100 138
100 95
100 94
100 47
100 19
100 16
100 18
100 137
100 472
100 191
100 47
100 4
100 72
100 65
100 84
100 16
100 183
100 32
100 17
100 174
100 114
100 59
100 23
100 223
100 244
100 200
100 65
100 420
100 49
100 79
100 62
100 136
100 30
100 214
100 19
100 259
100 283
100 385
100 145
100 5
100 84
100 46
100 58
100 53
100 106
100 128
100 46
100 118
100 285
100 40
100 232
100 0
100 100
100 102
100 108
100 276
100 120
100 196
100 173
100 33
100 456
100 40
100 320
100 226
100 145
100 111
100 47
100 168
100 231
100 167
100 2
100 646
100 47
100 27
100 190
100 10
100 24
100 43
100 76
100 76
100 33
100 134
100 9
100 93
100 187
100 55
100 418
100 45
100 21
100 21
100 45
100 62
100 131
100 83
100 16
100 4
100 27
100 99
100 591
100 6
100 96
100 0
100 59
100 72
100 3
100 98
100 159
100 29
100 39
100 147
100 120
100 92
100 75
100 7
100 142
100 185
100 128
100 157
100 82
100 362
100 165
100 53
100 300
100 691
100 117
100 333
100 38
100 73
100 60
100 244
100 110
100 77
100 129
100 94
100 61
100 42
100 105
100 142
100 74
100 381
100 66
100 28
100 9
100 141
100 294
100 18
100 36
100 575
100 174
100 48
100 23
100 236
100 207
100 28
100 146
100 101
100 104
100 186
100 78
100 35
100 270
100 201
100 4
100 100
100 246
100 8
100 258
100 216
100 80
100 14
100 28
100 49
100 21
100 87
100 9
100 205
100 68
100 116
100 52
100 209
100 203
100 171
100 62
100 7
100 139
100 89
100 300
100 101
100 13
100 47
100 62
100 21
100 41
100 386
100 387
100 313
100 485
100 190
100 192
100 191
100 4
100 134
100 89
100 164
100 84
100 1
100 156
100 236
100 270
100 543
100 90
100 478
100 104
100 34
100 29
100 360
100 137
100 32
100 46
100 15
100 194
100 25
100 28
100 229
100 206
100 32
100 1
100 92
100 53
100 180
100 4
100 23
100 80
100 94
100 182
100 57
100 56
100 67
100 558
100 8
100 0
100 161
100 10
100 104
100 241
100 165
100 109
100 529
100 55
100 65
100 284
100 85
100 80
100 41
100 425
100 18
100 217
100 167
100 43
100 38
100 123
100 211
100 2
100 179
100 32
100 48
100 276
100 3
100 289
100 78
100 238
100 21
100 34
100 341
100 169
100 25
100 92
100 50
100 182
100 81
100 25
100 315
100 369
100 125
100 89
100 129
100 4
100 372
100 261
100 48
100 111
100 16
100 5
100 104
100 181
100 45
100 190
100 93
100 7
100 255
100 36
100 203
100 108
100 16
100 2
100 190
100 118
100 940
100 2
100 55
100 14
100 2
100 332
100 9
100 142
100 66
100 100
100 73
100 160
100 127
100 149
100 132
100 49
100 117
100 128
100 40
100 218
100 285
100 70
100 40
100 97
100 95
100 15
100 3
100 249
100 203
100 568
100 75
100 222
100 70
100 78
100 10
100 36
100 1
100 52
100 37
100 163
100 217
100 52
100 165
100 33
100 5
100 407
100 83
100 46
100 96
100 39
100 349
100 86
100 80
100 14
100 162
100 182
100 5
100 113
100 331
100 22
100 178
100 43
100 23
100 0
100 311
100 15
100 1
100 53
100 43
100 40
100 151
100 2
100 10
100 140
100 56
100 194
100 28
100 87
100 44
100 2
100 11
100 462
100 91
100 157
100 188
100 174
100 27
100 31
100 552
100 87
100 216
100 72
100 559
100 16
100 234
100 100
100 70
100 116
100 30
100 145
100 92
100 40
100 12
100 53
100 82
100 63
100 242
100 51
100 250
100 267
100 34
100 156
100 130
100 49
100 130
100 160
100 19
100 84
100 88
100 190
100 135
100 82
100 232
100 273
100 117
100 81
100 16
100 267
100 25
100 5
100 59
100 336
100 140
100 78
100 190
100 13
100 51
100 51
100 65
100 236
100 10
100 96
100 34
100 9
100 48
100 75
100 25
100 25
100 208
100 154
100 124
100 13
100 46
100 18
100 61
100 24
100 4
100 23
100 118
100 231
100 367
100 170
100 36
100 113
100 38
100 157
100 330
100 69
100 178
100 167
100 512
100 90
100 223
100 24
100 5
100 16
100 96
100 78
100 269
100 98
100 52
100 57
100 103
100 117
100 615
100 103
100 26
100 110
100 26
100 55
100 139
100 1
100 148
100 56
100 40
100 68
100 549
100 262
100 253
100 50
100 9
100 43
100 361
100 28
100 136
100 119
100 217
100 23
100 239
100 115
100 58
100 12
100 147
100 143
100 51
100 15
100 211
100 112
100 369
100 108
100 116
100 288
100 113
100 59
100 68
100 155
100 124
100 49
100 39
100 458
100 197
100 130
100 145
100 145
100 35
100 55
100 176
100 37
100 102
100 208
100 114
100 58
100 112
100 36
100 547
100 40
100 365
100 103
100 457
100 217
100 114
100 14
100 18
100 8
100 300
100 236
100 76
100 37
100 52
100 75
100 63
100 301
100 222
100 68
100 2
100 336
100 263
100 43
100 34
100 45
100 96
100 7
100 9
100 55
100 193
100 14
100 207
100 25
100 86
100 396
100 38
100 12
100 125
100 18
100 10
100 44
100 39
100 306
100 8
100 93
100 45
100 40
100 67
100 7
100 56
100 16
100 59
100 251
100 49
100 14
100 182
100 43
100 111
100 497
100 177
100 15
100 627
100 78
100 11
100 35
100 150
100 171
100 139
100 87
100 4
100 811
100 451
100 29
100 217
100 70
100 63
100 193
100 347
100 502
100 30
100 189
100 346
100 542
100 9
100 108
100 10
100 91
100 131
100 67
100 358
100 157
100 87
100 316
100 32
100 49
100 78
100 23
100 15
100 510
100 288
100 125
100 90
100 8
100 226
100 113
100 58
100 153
100 135
100 124
100 27
100 8
100 22
100 17
100 80
100 40
100 182
100 33
100 25
100 42
100 9
100 55
100 555
100 61
100 47
100 18
100 297
100 163
100 100
100 142
100 81
100 110
100 158
100 239
100 179
100 64
100 55
100 28
100 364
100 20
100 5
100 42
100 31
100 64
100 80
100 60
100 84
100 43
100 31
100 19
100 367
100 467
100 253
100 22
100 41
100 107
100 10
100 24
100 39
100 273
100 31
100 80
100 456
100 20
100 526
100 94
100 278
100 192
100 90
100 4
100 101
100 329
100 45
100 101
100 39
100 45
100 12
100 133
100 33
100 500
100 70
100 240
100 180
100 36
100 37
100 312
100 9
100 256
100 47
100 143
100 27
100 38
100 266
100 104
100 402
100 33
100 138
100 126
100 91
100 50
100 59
100 33
100 43
100 82
100 52
100 47
100 134
100 33
100 16
100 170
100 49
100 138
100 173
100 177
100 149
100 134
100 18
100 3
100 364
100 115
100 341
100 15
100 342
100 67
100 149
100 564
100 95
100 212
100 68
100 2
100 101
100 165
100 179
100 362
100 43
100 22
100 3
100 52
100 260
100 182
100 43
100 148
100 12
100 336
100 43
100 104
100 8
100 221
100 228
100 115
100 73
100 120
100 34
100 83
100 192
100 191
100 51
100 68
100 131
100 143
100 56
100 106
100 162
100 32
100 152
100 3
100 116
100 452
100 49
100 271
100 39
100 31
100 382
100 35
100 74
100 106
100 39
100 333
100 496
100 219
100 71
100 35
100 140
100 28
100 88
100 51
100 449
100 17
100 4
100 75
100 60
100 521
100 39
100 127
100 118
100 27
100 96
100 73
100 443
100 98
100 41
100 268
100 165
100 683
100 92
100 596
100 157
100 162
100 1
100 242
100 328
100 34
100 34
100 155
100 19
100 53
100 8
100 387
100 302
100 118
100 259
100 320
100 35
100 362
100 16
100 264
100 393
100 186
100 196
100 34
100 64
100 31
100 58
100 89
100 82
100 3
100 77
100 37
100 0
100 38
100 29
100 208
100 181
100 90
100 78
100 166
100 372
100 137
100 119
100 401
100 27
100 73
100 74
100 372
100 38
100 177
100 34
100 13
100 69
100 374
100 142
100 178
100 301
100 8
100 58
100 309
100 9
100 63
100 201
100 134
100 211
100 18
100 4
100 29
100 79
100 25
100 86
100 139
100 4
100 297
100 117
100 155
100 31
100 176
100 186
100 325
100 104
100 73
100 34
100 120
100 11
100 27
100 457
100 63
100 95
100 31
100 124
100 62
100 2
100 281
100 218
100 18
100 18
100 14
100 266
100 2
100 58
100 47
100 70
100 148
100 22
100 73
100 94
100 21
100 383
100 9
100 103
100 413
100 12
100 136
100 321
100 50
100 144
100 7
100 18
100 100
100 117
100 5
100 100
100 46
100 265
100 32
100 14
100 8
100 128
100 296
100 148
100 61
100 1
100 89
100 57
100 3
100 262
100 229
100 17
100 230
100 173
100 151
100 161
100 3
100 66
100 71
100 310
100 0
100 30
100 256
100 140
100 289
100 465
100 11
100 212
100 303
100 32
100 30
100 8
100 114
100 28
100 150
100 416
100 326
100 20
100 0
100 129
100 58
100 198
100 120
100 98
100 63
100 91
100 90
100 133
100 42
100 21
100 35
100 77
100 25
100 522
100 483
100 120
100 116
100 202
100 19
100 48
100 4
100 21
100 97
100 266
100 5
100 4
100 80
100 21
100 114
100 49
100 163
100 110
100 134
100 15
100 135
100 29
100 20
100 183
100 496
100 223
100 48
100 241
100 45
100 4
100 132
100 72
100 4
100 31
100 129
100 81
100 22
100 121
100 276
100 153
100 80
100 50
100 24
100 63
100 49
100 70
100 65
100 2
100 80
100 326
100 200
100 207
100 127
100 77
100 69
100 74
100 19
100 337
100 8
100 266
100 126
100 60
100 45
100 47
100 24
100 434
100 138
100 67
100 250
100 404
100 12
100 31
100 218
100 75
100 91
100 75
100 63
100 52
100 107
100 94
100 112
100 28
100 0
100 14
100 97
100 21
100 19
100 637
100 51
100 56
100 309
100 133
100 108
100 59
100 68
100 123
100 280
100 491
100 57
100 90
100 76
100 332
100 509
100 38
100 11
100 191
100 247
100 285
100 147
100 134
100 262
100 50
100 64
100 48
100 126
100 19
100 33
100 132
100 276
100 197
100 3
100 85
100 99
100 82
100 325
100 182
100 0
100 17
100 239
100 24
100 108
100 83
100 76
100 401
100 187
100 47
100 73
100 94
100 64
100 46
100 89
100 173
100 116
100 27
100 55
100 30
100 146
100 105
100 35
100 39
100 9
100 73
100 11
100 601
100 11
100 511
100 72
100 25
100 24
100 131
100 327
100 41
100 4
100 13
100 368
100 207
100 233
100 171
100 31
100 27
100 267
100 606
100 190
100 210
100 33
100 11
100 212
100 2
100 131
100 26
100 61
100 374
100 17
100 39
100 82
100 266
100 162
100 138
100 17
100 38
100 141
100 72
100 117
100 94
100 29
100 56
100 194
100 77
100 183
100 106
100 322
100 75
100 198
100 10
100 337
100 241
100 92
100 35
100 21
100 74
100 12
100 564
100 226
100 418
100 288
100 122
100 404
100 31
100 194
100 434
100 67
100 187
100 53
100 240
100 178
100 52
100 4
100 219
100 346
100 55
100 177
100 15
100 22
100 173
100 111
100 378
100 237
100 225
100 306
100 166
100 2
100 143
100 8
100 184
100 98
100 304
100 105
100 0
100 144
100 34
100 101
100 77
100 230
100 139
100 113
100 54
100 312
100 11
100 78
100 46
100 107
100 186
100 42
100 12
100 152
100 447
100 119
100 160
100 12
100 78
100 225
100 109
100 53
100 236
100 450
100 29
100 159
100 209
100 342
100 281
100 182
100 112
100 187
100 200
100 0
100 35
100 8
100 13
100 44
100 136
100 99
100 202
100 33
100 433
100 23
100 109
100 7
100 81
100 380
100 176
100 38
100 21
100 26
100 154
100 17
100 78
100 148
100 20
100 75
100 547
100 198
100 24
100 3
100 3
100 89
100 22
100 204
100 1
100 0
100 82
100 199
100 206
100 362
100 121
100 13
100 26
100 228
100 94
100 92
100 598
100 66
100 5
100 115
100 119
100 202
100 3
100 105
100 94
100 4
100 70
100 11
100 124
100 68
100 24
100 186
100 32
100 18
100 162
100 76
100 156
100 111
100 8
100 79
100 82
100 46
100 58
100 218
100 284
100 16
100 2
100 4
100 112
100 106
100 307
100 30
100 47
100 205
100 370
100 38
100 21
100 58
100 31
100 67
100 23
100 117
100 224
100 60
100 213
100 164
100 0
100 53
100 143
100 193
100 129
100 52
100 4
100 67
100 194
100 116
100 172
100 39
100 114
100 185
100 76
100 166
100 49
100 98
100 357
100 155
100 0
100 55
100 239
100 141
100 85
100 33
100 354
100 235
100 193
100 468
100 197
100 42
100 222
100 323
100 217
100 48
100 31
100 194
100 56
100 19
100 101
100 41
100 33
100 183
100 114
100 31
100 221
100 52
100 215
100 248
100 400
100 215
100 220
100 259
100 15
100 84
100 237
100 6
100 253
100 79
100 85
100 239
100 108
100 118
100 75
100 66
100 64
100 255
100 53
100 157
100 39
100 209
100 154
100 126
100 128
100 194
100 32
100 205
100 475
100 178
100 47
100 7
100 77
100 234
100 2
100 51
100 34
100 36
100 218
100 293
100 2
100 9
100 106
100 27
100 199
100 130
100 74
100 14
100 112
100 180
100 5
100 74
100 45
100 86
100 15
100 93
100 160
100 23
100 35
100 47
100 47
100 410
100 156
100 28
100 20
100 3
100 132
100 49
100 44
100 61
100 84
100 256
100 45
100 37
100 5
100 5
100 108
100 34
100 32
100 98
100 9
100 7
100 114
100 33
100 51
100 208
100 33
100 30
100 486
100 29
100 92
100 177
100 154
100 456
100 64
100 13
100 1
100 69
100 94
100 26
100 145
100 60
100 57
100 263
100 123
100 201
100 91
100 150
100 214
100 267
100 93
100 135
100 61
100 215
100 89
100 62
100 8
100 36
100 227
100 19
100 252
100 190
100 38
100 52
100 274
100 68
100 51
100 160
100 73
100 60
100 17
100 114
100 814
100 56
100 66
100 116
100 29
100 98
100 26
100 197
100 159
100 123
100 123
100 53
100 354
100 77
100 83
100 15
100 170
100 141
100 36
100 115
100 14
100 239
100 231
100 40
100 56
100 227
100 98
100 133
100 1
100 292
100 152
100 208
100 104
100 71
100 36
100 74
100 51
100 120
100 9
100 35
100 220
100 14
100 42
100 37
100 46
100 240
100 113
100 296
100 46
100 31
100 181
100 97
100 103
100 72
100 64
100 397
100 56
100 10
100 129
100 283
100 32
100 20
100 101
100 141
100 87
100 7
100 140
100 242
100 172
100 2
100 96
100 176
100 232
100 99
100 141
100 38
100 15
100 237
100 91
100 3
100 70
100 227
100 44
100 290
100 7
100 4
100 72
100 54
100 104
100 282
100 144
100 77
100 32
100 44
100 126
100 410
100 246
100 337
100 10
100 195
100 58
100 1
100 81
100 33
100 240
100 125
100 117
100 57
100 168
100 101
100 171
100 72
100 792
100 293
100 46
100 63
100 187
100 214
100 27
100 2
100 66
100 347
100 6
100 252
100 430
100 193
100 81
100 499
100 84
100 26
100 35
100 175
100 30
100 68
100 226
100 95
100 78
100 57
100 16
100 167
100 100
100 68
100 95
100 286
100 19
100 15
100 112
100 29
100 257
100 176
100 96
100 44
100 84
100 28
100 240
100 118
100 18
100 12
100 201
100 221
100 37
100 12
100 119
100 34
100 84
100 52
100 154
100 9
100 27
100 151
100 29
100 181
100 65
100 309
100 35
100 77
100 217
100 9
100 187
100 16
100 397
100 29
100 248
100 255
100 226
100 20
100 215
100 4
100 112
100 315
100 76
100 211
100 46
100 99
100 164
100 91
100 68
100 303
100 34
100 57
100 298
100 53
100 175
100 203
100 168
100 103
100 42
100 65
100 6
100 64
100 9
100 167
100 52
100 40
100 122
100 74
100 16
100 259
100 92
100 118
100 37
100 70
100 1
100 145
100 105
100 5
100 64
100 32
100 184
100 82
100 89
100 15
100 678
100 81
100 30
100 36
100 9
100 173
100 621
100 124
100 35
100 37
100 98
100 35
100 244
100 305
100 65
100 9
100 155
100 73
100 252
100 18
100 3
100 107
100 124
100 23
100 64
100 151
100 476
100 331
100 77
100 590
100 91
100 30
100 183
100 212
100 34
100 85
100 4
100 268
100 208
100 95
100 325
100 207
100 32
100 733
100 29
100 42
100 213
100 93
100 512
100 133
100 34
100 439
100 9
100 13
100 97
100 611
100 87
100 75
100 245
100 149
100 50
100 165
100 23
100 26
100 62
100 21
100 226
100 31
100 115
100 389
100 18
100 49
100 648
100 175
100 43
100 233
100 274
100 5
100 8
100 20
100 95
100 6
100 66
100 91
100 118
100 87
100 289
100 53
100 132
100 13
100 182
100 208
100 123
100 46
100 146
100 107
100 123
100 153
100 115
100 76
100 50
100 193
100 100
100 1
100 85
100 190
100 12
100 49
100 13
100 2
100 51
100 554
100 27
100 110
100 191
100 57
100 96
100 34
100 68
100 20
100 106
100 20
100 58
100 100
100 38
100 12
100 34
100 129
100 35
100 137
100 113
100 119
100 42
100 65
100 73
100 64
100 13
100 593
100 86
100 228
100 237
100 12
100 220
100 0
100 12
100 119
100 22
100 15
100 3
100 319
100 27
100 176
100 126
100 11
100 49
100 249
100 62
100 62
100 218
100 105
100 106
100 250
100 591
100 54
100 151
100 69
100 226
100 59
100 65
100 163
100 46
100 218
100 66
100 105
100 4
100 27
100 132
100 222
100 173
100 501
100 17
100 98
100 108
100 12
100 2
100 45
100 375
100 73
100 318
100 32
100 137
100 140
100 212
100 400
100 187
100 18
100 101
100 97
100 182
100 69
100 97
100 2
100 41
100 14
100 19
100 62
100 182
100 17
100 338
100 88
100 14
100 84
100 603
100 24
100 3
100 0
100 47
100 49
100 70
100 512
100 151
100 1
100 14
100 112
100 39
100 22
100 53
100 93
100 197
100 40
100 65
100 137
100 91
100 35
100 11
100 9
100 2
100 28
100 173
100 27
100 123
100 188
100 83
100 27
100 186
100 7
100 92
100 4
100 10
100 445
100 58
100 157
100 176
100 103
100 1
100 18
100 102
100 86
100 354
100 180
100 84
100 110
100 226
100 53
100 50
100 5
100 154
100 125
100 143
100 93
100 162
100 69
100 17
100 128
100 59
100 8
100 190
100 104
100 56
100 237
100 147
100 69
100 69
100 226
100 29
100 87
100 2
100 292
100 126
100 333
100 54
100 400
100 25
100 216
100 105
100 2
100 34
100 146
100 44
100 84
100 114
100 107
100 81
100 991
100 4
100 3
100 253
100 165
100 0
100 97
100 122
100 481
100 31
100 75
100 93
100 297
100 7
100 153
100 153
100 156
100 83
100 311
100 174
100 46
100 4
100 4
100 110
100 116
100 188
100 738
100 5
100 8
100 71
100 4
100 5
100 40
100 135
100 121
100 582
100 3
100 194
100 81
100 214
100 111
100 23
100 4
100 296
100 285
100 162
100 380
100 176
100 75
100 121
100 123
100 124
100 70
100 111
100 18
100 225
100 113
100 224
100 183
100 47
100 103
100 15
100 337
100 148
100 253
100 91
100 212
100 238
100 33
100 227
100 49
100 73
100 37
100 43
100 63
100 2
100 83
100 217
100 517
100 4
100 115
100 255
100 135
100 37
100 173
100 42
100 766
100 2
100 162
100 292
100 331
100 215
100 28
100 28
100 44
100 26
100 31
100 109
100 384
100 52
100 124
100 112
100 193
100 34
100 88
100 45
100 332
100 159
100 68
100 1
100 48
100 55
100 32
100 53
100 15
100 38
100 133
100 113
100 100
100 55
100 100
100 85
100 96
100 187
100 24
100 104
100 7
100 265
100 607
100 83
100 84
100 0
100 305
100 57
100 7
100 19
100 46
100 11
100 15
100 2
100 79
100 19
100 143
100 61
100 180
100 142
100 0
100 362
100 324
100 30
100 62
100 96
100 95
100 298
100 194
100 165
100 104
100 128
100 83
100 113
100 90
100 38
100 74
100 473
100 481
100 52
100 40
100 6
100 254
100 277
100 29
100 218
100 5
100 182
100 10
100 45
100 85
100 19
100 13
100 116
100 94
100 268
100 47
100 80
100 48
100 109
100 36
100 125
100 132
100 97
100 48
100 137
100 8
100 372
100 128
100 124
100 19
100 303
100 170
100 42
100 66
100 215
100 179
100 134
100 26
100 115
100 122
100 47
100 308
100 172
100 106
100 196
100 54
100 5
100 3
100 46
100 99
100 182
100 103
100 11
100 89
100 274
100 403
100 415
100 29
100 70
100 26
100 8
100 25
100 23
100 215
100 160
100 252
100 1
100 11
100 174
100 215
100 191
100 193
100 240
100 5
100 218
100 70
100 395
100 172
100 312
100 6
100 155
100 375
100 302
100 51
100 224
100 188
100 53
100 144
100 130
100 160
100 141
100 55
100 84
100 32
100 103
100 84
100 530
100 6
100 11
100 213
100 49
100 44
100 12
100 734
100 82
100 316
100 86
100 131
100 189
100 281
100 163
100 91
100 12
100 84
100 31
100 51
100 179
100 38
100 459
100 374
100 84
100 49
100 103
100 128
100 559
100 246
100 284
100 59
100 223
100 618
100 63
100 78
100 332
100 114
100 201
100 213
100 21
100 99
100 65
100 60
100 13
100 114
100 44
100 84
100 237
100 62
100 37
100 46
100 123
100 271
100 42
100 84
100 66
100 32
100 66
100 132
100 68
100 172
100 110
100 117
100 43
100 17
100 225
100 186
100 159
100 8
100 219
100 22
100 51
100 158
100 41
100 19
100 190
100 8
100 310
100 26
100 142
100 232
100 24
100 95
100 23
100 59
100 13
100 113
100 91
100 17
100 151
100 19
100 83
100 205
100 30
100 176
100 69
100 53
100 10
100 62
100 22
100 62
100 786
100 8
100 327
100 332
100 206
100 16
100 243
100 27
100 22
100 156
100 288
100 362
100 60
100 242
100 2
100 64
100 47
100 383
100 128
100 49
100 172
100 132
100 52
100 114
100 369
100 86
100 343
100 344
100 53
100 89
100 66
100 114
100 46
100 129
100 60
100 18
100 155
100 18
100 86
100 110
100 44
100 9
100 106
100 49
100 59
100 14
100 181
100 283
100 6
100 102
100 12
100 109
100 254
100 192
100 87
100 270
100 161
100 9
100 49
100 13
100 285
100 31
100 13
100 140
100 19
100 143
100 135
100 224
100 122
100 81
100 393
100 184
100 143
100 153
100 19
100 124
100 94
100 25
100 183
100 7
100 79
100 22
100 607
100 26
100 23
100 2
100 215
100 192
100 164
100 304
100 27
100 4
100 164
100 304
100 76
100 81
100 127
100 323
100 3
100 30
100 211
100 144
100 52
100 28
100 78
100 95
100 140
100 307
100 9
100 324
100 29
100 50
100 126
100 176
100 188
100 77
100 33
100 2
100 104
100 12
100 250
100 100
100 14
100 136
100 16
100 210
100 0
100 205
100 7
100 85
100 178
100 218
100 212
100 152
100 97
100 29
100 82
100 308
100 309
100 67
100 76
100 31
100 613
100 209
100 205
100 85
100 67
100 156
100 9
100 31
100 29
100 10
100 123
100 344
100 77
100 102
100 65
100 80
100 95
100 100
100 219
100 180
100 21
100 244
100 17
100 84
100 81
100 82
100 35
100 39
100 196
100 24
100 274
100 123
100 410
100 48
100 49
100 8
100 17
100 76
100 176
100 430
100 14
100 166
100 92
100 120
100 251
100 28
100 83
100 38
100 72
100 105
100 391
100 106
100 25
100 86
100 3
100 20
100 19
100 12
100 98
100 233
100 51
100 251
100 113
100 258
100 28
100 334
100 1
100 226
100 76
100 356
100 9
100 168
100 112
100 224
100 10
100 113
100 7
100 6
100 193
100 18
100 1
100 17
100 24
100 6
100 104
100 129
100 603
100 148
100 13
100 0
100 74
100 2
100 578
100 19
100 297
100 86
100 383
100 175
100 289
100 215
100 9
100 97
100 57
100 14
100 170
100 101
100 195
100 12
100 99
100 2
100 63
100 26
100 153
100 46
100 126
100 90
100 54
100 53
100 141
100 71
100 74
100 121
100 38
100 81
100 19
100 29
100 47
100 52
100 215
100 179
100 194
100 22
100 39
100 2
100 20
100 9
100 250
100 198
100 96
100 198
100 157
100 370
100 157
100 270
100 7
100 17
100 115
100 99
100 0
100 323
100 206
100 24
100 19
100 16
100 126
100 73
100 62
100 4
100 21
100 56
100 20
100 149
100 7
100 47
100 154
100 2
100 9
100 82
100 546
100 42
100 196
100 265
100 8
100 87
100 165
100 178
100 13
100 138
100 29
100 132
100 80
100 247
100 17
100 9
100 286
100 274
100 87
100 23
100 24
100 75
100 100
100 359
100 101
100 17
100 376
100 13
100 34
100 75
100 66
100 150
100 79
100 43
100 79
100 19
100 11
100 105
100 589
100 123
100 257
100 97
100 142
100 110
100 15
100 258
100 158
100 68
100 28
100 104
100 111
100 56
100 100
100 291
100 240
100 39
100 29
100 554
100 260
100 224
100 65
100 195
100 58
100 103
100 189
100 19
100 169
100 58
100 69
100 39
100 34
100 41
100 180
100 39
100 164
100 396
100 69
100 134
100 35
100 73
100 263
100 27
100 1
100 256
100 1
100 200
100 27
100 402
100 72
100 361
100 47
100 153
100 266
100 104
100 124
100 0
100 384
100 558
100 42
100 10
100 31
100 20
100 263
100 131
100 2
100 106
100 122
100 154
100 87
100 179
100 136
100 88
100 96
100 393
100 318
100 13
100 152
100 5
100 78
100 135
100 10
100 116
100 203
100 105
100 204
100 101
100 25
100 355
100 123
100 92
100 9
100 56
100 80
100 6
100 83
100 272
100 94
100 214
100 30
100 321
100 443
100 168
100 18
100 282
100 379
100 4
100 74
100 12
100 1
100 114
100 432
100 333
100 5
100 30
100 9
100 64
100 234
100 44
100 37
100 1
100 104
100 58
100 294
100 56
100 292
100 198
100 147
100 281
100 13
100 43
100 46
100 334
100 23
100 75
100 4
100 12
100 18
100 48
100 150
100 355
100 11
100 77
100 10
100 154
100 5
100 328
100 284
100 31
100 21
100 88
100 348
100 10
100 3
100 23
100 60
100 23
100 95
100 9
100 60
100 94
100 198
100 67
100 88
100 226
100 50
100 472
100 24
100 68
100 228
100 35
100 85
100 70
100 337
100 180
100 22
100 186
100 85
100 93
100 17
100 317
100 11
100 22
100 267
100 86
100 91
100 3
100 164
100 59
100 14
100 80
100 13
100 111
100 199
100 326
100 14
100 217
100 255
100 41
100 36
100 213
100 87
100 86
100 342
100 192
100 45
100 296
100 31
100 493
100 73
100 11
100 58
100 190
100 123
100 6
100 232
100 35
100 96
100 20
100 322
100 37
100 3
100 29
100 108
100 51
100 187
100 149
100 28
100 419
100 79
100 43
100 62
100 0
100 412
100 333
100 34
100 462
100 184
100 37
100 74
100 25
100 227
100 139
100 39
100 77
100 24
100 321
100 156
100 321
100 100
100 190
100 40
100 25
100 15
100 92
100 14
100 68
100 207
100 151
100 44
100 58
100 149
100 116
100 45
100 284
100 20
100 26
100 375
100 16
100 266
100 104
100 138
100 175
100 47
100 80
100 139
100 31
100 41
100 117
100 343
100 116
100 74
100 29
100 110
100 377
100 308
100 51
100 14
100 6
100 0
100 375
100 37
100 91
100 202
100 8
100 146
100 334
100 403
100 45
100 196
100 80
100 64
100 82
100 28
100 215
100 155
100 160
100 62
100 222
100 138
100 65
100 24
100 219
100 16
100 35
100 34
100 65
100 25
100 134
100 102
100 21
100 70
100 59
100 105
100 85
100 69
100 388
100 60
100 386
100 4
100 5
100 280
100 36
100 156
100 132
100 114
100 62
100 284
100 26
100 148
100 83
100 4
100 212
100 7
100 286
100 375
100 225
100 101
100 53
100 11
100 79
100 105
100 231
100 29
100 27
100 251
100 102
100 53
100 57
100 32
100 20
100 60
100 8
100 33
100 8
100 394
100 73
100 99
100 70
100 244
100 329
100 71
100 2
100 92
100 393
100 19
100 257
100 230
100 52
100 19
100 166
100 102
100 152
100 20
100 556
100 15
100 32
100 13
100 64
100 32
100 48
100 297
100 68
100 314
100 196
100 86
100 184
100 57
100 96
100 14
100 145
100 41
100 53
100 209
100 42
100 15
100 52
100 12
100 65
100 193
100 27
100 109
100 55
100 13
100 202
100 70
100 10
100 77
100 12
100 12
100 280
100 110
100 140
100 57
100 19
100 125
100 45
100 54
100 4
100 87
100 13
100 261
100 46
100 28
100 37
100 149
100 272
100 33
100 4
100 307
100 43
100 37
100 12
100 360
100 64
100 251
100 95
100 164
100 4
100 453
100 137
100 13
100 69
100 66
100 58
100 333
100 62
100 383
100 228
100 137
100 400
100 93
100 28
100 2
100 60
100 59
100 2
100 113
100 76
100 29
100 354
100 8
100 43
100 384
100 45
100 88
100 628
100 27
100 91
100 156
100 381
100 193
100 9
100 116
100 40
100 350
100 32
100 44
100 159
100 134
100 62
100 101
100 214
100 53
100 262
100 22
100 29
100 201
100 57
100 220
100 66
100 36
100 128
100 166
100 654
100 88
100 21
100 69
100 154
100 79
100 46
100 31
100 346
100 348
100 29
100 33
100 157
100 20
100 453
100 13
100 79
100 604
100 73
100 344
100 244
100 58
100 18
100 127
100 255
100 17
100 85
100 218
100 0
100 88
100 77
100 13
100 102
100 9
100 74
100 112
100 64
100 125
100 12
100 61
100 23
100 66
100 61
100 77
100 94
100 43
100 67
100 172
100 88
100 395
100 36
100 12
100 22
100 151
100 394
100 30
100 319
100 5
100 135
100 40
100 119
100 99
100 24
100 36
100 180
100 263
100 191
100 16
100 659
100 178
100 8
100 56
100 118
100 166
100 71
100 179
100 158
100 19
100 112
100 335
100 185
100 263
100 105
100 40
100 325
100 98
100 138
100 109
100 178
100 154
100 2
100 14
100 179
100 29
100 21
100 111
100 102
100 128
100 202
100 49
100 355
100 81
100 47
100 232
100 60
100 187
100 104
100 46
100 179
100 17
100 130
100 144
100 200
100 129
100 51
100 388
100 188
100 119
100 269
100 34
100 33
100 64
100 215
100 33
100 156
100 23
100 52
100 128
100 57
100 18
100 34
100 197
100 117
100 2
100 118
100 253
100 133
100 42
100 167
100 695
100 242
100 152
100 38
100 11
100 235
100 102
100 29
100 206
100 158
100 72
100 117
100 19
100 26
100 175
100 331
100 92
100 342
100 177
100 40
100 89
100 148
100 54
100 89
100 253
100 233
100 157
100 43
100 15
100 8
100 3
100 70
100 306
100 7
100 102
100 177
100 104
100 99
100 160
100 281
100 55
100 107
100 149
100 36
100 37
100 29
100 46
100 260
100 18
100 372
100 10
100 76
100 80
100 78
100 330
100 55
100 242
100 204
100 154
100 73
100 62
100 107
100 11
100 6
100 24
100 14
100 155
100 27
100 38
100 117
100 37
100 236
100 22
100 5
100 218
100 101
100 169
100 82
100 91
100 86
100 496
100 40
100 93
100 143
100 6
100 90
100 81
100 52
100 44
100 12
100 98
100 71
100 57
100 147
100 0
100 56
100 84
100 404
100 107
100 488
100 23
100 108
100 2
100 296
100 114
100 88
100 34
100 101
100 22
100 203
100 67
100 35
100 18
100 166
100 138
100 152
100 37
100 48
100 288
100 182
100 291
100 168
100 225
100 8
100 3
100 28
100 15
100 178
100 312
100 42
100 119
100 6
100 89
100 228
100 61
100 71
100 1
100 23
100 39
100 26
100 47
100 10
100 10
100 55
100 3
100 140
100 79
100 28
100 140
100 154
100 63
100 353
100 130
100 256
100 312
100 72
100 19
100 89
100 49
100 127
100 22
100 15
100 27
100 242
100 109
100 107
100 8
100 114
100 31
100 11
100 126
100 87
100 144
100 62
100 8
100 25
100 20
100 85
100 47
100 292
100 154
100 244
100 30
100 105
100 142
100 118
100 340
100 42
100 98
100 20
100 58
100 314
100 25
100 19
100 142
100 45
100 75
100 6
100 26
100 665
100 23
100 22
100 44
100 113
100 187
100 30
100 259
100 1
100 323
100 118
100 86
100 88
100 340
100 137
100 124
100 7
100 109
100 3
100 150
100 232
100 24
100 157
100 2
100 80
100 81
100 356
100 52
100 71
100 31
100 33
100 215
100 108
100 8
100 20
100 191
100 367
100 64
100 196
100 161
100 103
100 180
100 27
100 28
100 112
100 245
100 156
100 130
100 6
100 137
100 30
100 26
100 240
100 27
100 41
100 72
100 109
100 31
100 50
100 159
100 8
100 237
100 158
100 49
100 372
100 421
100 103
100 26
100 0
100 151
100 137
100 83
100 112
100 119
100 45
100 22
100 39
100 32
100 99
100 243
100 42
100 91
100 43
100 56
100 117
100 72
100 73
100 32
100 76
100 267
100 5
100 212
100 11
100 22
100 48
100 63
100 332
100 40
100 3
100 35
100 5
100 95
100 88
100 70
100 25
100 175
100 25
100 263
100 65
100 158
100 14
100 25
100 163
100 53
100 17
100 36
100 103
100 185
100 135
100 72
100 249
100 90
100 83
100 33
100 132
100 710
100 76
100 446
100 50
100 282
100 194
100 15
100 158
100 97
100 129
100 99
100 193
100 9
100 117
100 231
100 123
100 59
100 162
100 120
100 101
100 184
100 112
100 256
100 354
100 32
100 273
100 37
100 173
100 84
100 9
100 20
100 95
100 145
100 51
100 13
100 9
100 27
100 4
100 57
100 48
100 392
100 4
100 324
100 56
100 97
100 109
100 65
100 199
100 154
100 165
100 35
100 33
100 528
100 73
100 82
100 115
100 187
100 67
100 27
100 384
100 146
100 362
100 58
100 38
100 21
100 53
100 122
100 69
100 22
100 79
100 16
100 54
100 245
100 245
100 236
100 182
100 6
100 14
100 180
100 246
100 131
100 418
100 111
100 66
100 219
100 3
100 8
100 286
100 163
100 179
100 262
100 65
100 6
100 99
100 28
100 7
100 76
100 222
100 15
100 7
100 122
100 29
100 54
100 40
100 78
100 64
100 158
100 294
100 13
100 53
100 22
100 75
100 109
100 521
100 36
100 34
100 258
100 34
100 19
100 13
100 84
100 186
100 22
100 70
100 145
100 436
100 250
100 21
100 277
100 232
100 94
100 208
100 271
100 51
100 135
100 24
100 27
100 16
100 246
100 146
100 24
100 59
100 269
100 7
100 20
100 38
100 244
100 49
100 135
100 69
100 239
100 309
100 134
100 278
100 138
100 880
100 32
100 114
100 89
100 206
100 18
100 184
100 111
100 207
100 36
100 342
100 2
100 87
100 132
100 70
100 177
100 18
100 8
100 110
100 36
100 68
100 100
100 429
100 62
100 166
100 95
100 14
100 81
100 55
100 91
100 72
100 16
100 96
100 91
100 175
100 86
100 36
100 2
100 45
100 5
100 849
100 47
100 173
100 150
100 21
100 82
100 127
100 91
100 39
100 52
100 78
100 21
100 11
100 35
100 31
100 197
100 539
100 29
100 39
100 24
100 29
100 70
100 55
100 69
100 176
100 368
100 121
100 9
100 92
100 70
100 147
100 215
100 39
100 92
100 85
100 84
100 30
100 122
100 75
100 57
100 103
100 63
100 133
100 55
100 130
100 133
100 58
100 20
100 359
100 34
100 37
100 4
100 236
100 129
100 87
100 173
100 469
100 34
100 8
100 116
100 119
100 39
100 20
100 50
100 148
100 146
100 317
100 39
100 418
100 22
100 68
100 341
100 171
100 119
100 64
100 62
100 42
100 32
100 219
100 192
100 69
100 9
100 5
100 53
100 135
100 90
100 84
100 38
100 83
100 131
100 158
100 0
100 75
100 84
100 174
100 91
100 53
100 109
100 52
100 127
100 150
100 158
100 79
100 251
100 213
100 49
100 75
100 52
100 313
100 496
100 40
100 16
100 323
100 2
100 248
100 160
100 268
100 170
100 16
100 51
100 190
100 65
100 67
100 388
100 18
100 174
100 222
100 115
100 56
100 19
100 82
100 96
100 435
100 37
100 65
100 231
100 101
100 76
100 3
100 22
100 14
100 254
100 144
100 30
100 204
100 163
100 312
100 311
100 76
100 150
100 101
100 262
100 236
100 5
100 127
100 198
100 20
100 37
100 50
100 55
100 10
100 55
100 215
100 40
100 714
100 152
100 169
100 19
100 530
100 329
100 5
100 107
100 85
100 70
100 227
100 320
100 239
100 246
100 100
100 375
100 130
100 77
100 124
100 91
100 208
100 171
100 164
100 20
100 31
100 272
100 343
100 59
100 36
100 167
100 310
100 5
100 54
100 22
100 7
100 123
100 95
100 121
100 38
100 20
100 57
100 131
100 83
100 63
100 5
100 40
100 19
100 47
100 284
100 26
100 175
100 236
100 1
100 34
100 46
100 488
100 27
100 193
100 329
100 57
100 81
100 78
100 134
100 217
100 99
100 99
100 114
100 133
100 203
100 179
100 459
100 95
100 367
100 133
100 22
100 255
100 125
100 190
100 68
100 136
100 109
100 159
100 64
100 37
100 72
100 83
100 44
100 69
100 219
100 9
100 275
100 17
100 160
100 8
100 111
100 239
100 2
100 80
100 63
100 10
100 6
100 242
100 70
100 247
100 113
100 9
100 25
100 528
100 33
100 45
100 42
100 7
100 128
100 152
100 149
100 31
100 9
100 270
100 40
100 55
100 37
100 73
100 295
100 310
100 12
100 38
100 115
100 56
100 45
100 90
100 93
100 138
100 15
100 46
100 318
100 85
100 94
100 255
100 25
100 54
100 38
100 8
100 149
100 150
100 239
100 14
100 189
100 64
100 126
100 215
100 83
100 5
100 200
100 0
100 386
100 203
100 257
100 215
100 30
100 282
100 1
100 16
100 2
100 95
100 16
100 539
100 31
100 53
100 138
100 70
100 258
100 23
100 251
100 202
100 32
100 102
100 56
100 4
100 96
100 259
100 13
100 57
100 157
100 212
100 109
100 49
100 19
100 235
100 16
100 155
100 3
100 167
100 59
100 76
100 26
100 148
100 578
100 280
100 77
100 112
100 85
100 159
100 105
100 114
100 283
100 44
100 34
100 129
100 15
100 351
100 25
100 19
100 173
100 11
100 105
100 68
100 204
100 49
100 23
100 49
100 8
100 610
100 220
100 121
100 19
100 161
100 126
100 23
100 56
100 108
100 706
100 62
100 167
100 466
100 80
100 52
100 121
100 75
100 44
100 340
100 12
100 26
100 294
100 90
100 333
100 93
100 64
100 251
100 6
100 22
100 45
100 20
100 275
100 209
100 270
100 233
100 148
100 88
100 133
100 88
100 77
100 19
100 262
100 200
100 56
100 20
100 0
100 85
100 11
100 254
100 3
100 56
100 160
100 81
100 91
100 313
100 256
100 133
100 70
100 16
100 106
100 190
100 142
100 68
100 158
100 11
100 127
100 8
100 19
100 55
100 94
100 102
100 156
100 41
100 27
100 138
100 34
100 31
100 164
100 33
100 20
100 437
100 136
100 56
100 59
100 21
100 117
100 4
100 116
100 265
100 2
100 243
100 202
100 28
100 144
100 13
100 21
100 86
100 125
100 217
100 214
100 36
100 257
100 517
100 72
100 186
100 180
100 112
100 94
100 13
100 168
100 9
100 207
100 212
100 34
100 16
100 313
100 122
100 85
100 65
100 88
100 49
100 123
100 173
100 43
100 328
100 215
100 136
100 72
100 244
100 157
100 31
100 232
100 2
100 127
100 367
100 5
100 27
100 143
100 102
100 13
100 325
100 36
100 52
100 7
100 183
100 198
100 462
100 114
100 6
100 92
100 222
100 256
100 125
100 12
100 256
100 4
100 59
100 20
100 241
100 13
100 208
100 106
100 29
100 496
100 118
100 2
100 33
100 7
100 49
100 152
100 341
100 45
100 47
100 30
100 338
100 242
100 142
100 190
100 89
100 124
100 109
100 97
100 4
100 95
100 42
100 42
100 581
100 211
100 3
100 3
100 397
100 21
100 45
100 33
100 72
100 322
100 72
100 57
100 93
100 31
100 257
100 2
100 10
100 78
100 10
100 15
100 120
100 142
100 101
100 30
100 59
100 21
100 373
100 288
100 242
100 9
100 143
100 169
100 313
100 267
100 0
100 98
100 87
100 183
100 118
100 13
100 235
100 148
100 123
100 146
100 268
100 20
100 231
100 50
100 44
100 0
100 285
100 127
100 297
100 73
100 2
100 94
100 27
100 29
100 20
100 272
100 17
100 114
100 166
100 477
100 123
100 167
100 27
100 5
100 198
100 4
100 12
100 46
100 11
100 118
100 164
100 53
100 101
100 18
100 44
100 124
100 33
100 27
100 324
100 21
100 419
100 81
100 34
100 0
100 288
100 71
100 69
100 2
100 76
100 12
100 63
100 37
100 93
100 327
100 9
100 114
100 60
100 41
100 28
100 81
100 77
100 79
100 146
100 98
100 188
100 7
100 24
100 33
100 198
100 201
100 16
100 101
100 14
100 264
100 59
100 124
100 144
100 179
100 118
100 207
100 207
100 58
100 134
100 32
100 83
100 83
100 70
100 92
100 90
100 297
100 0
100 12
100 141
100 76
100 28
100 616
100 37
100 68
100 29
100 70
100 8
100 69
100 88
100 152
100 56
100 175
100 134
100 13
100 127
100 48
100 181
100 14
100 320
100 151
100 47
100 30
100 111
100 15
100 24
100 256
100 76
100 196
100 162
100 29
100 53
100 14
100 153
100 220
100 100
100 322
100 136
100 366
100 3
100 79
100 16
100 150
100 215
100 310
100 120
100 20
100 186
100 96
100 223
100 221
100 45
100 383
100 45
100 122
100 138
100 83
100 347
100 65
100 153
100 119
100 172
100 9
100 108
100 109
100 524
100 174
100 80
100 6
100 20
100 68
100 132
100 106
100 198
100 60
100 75
100 208
100 16
100 5
100 94
100 3
100 155
100 134
100 46
100 334
100 11
100 161
100 63
100 47
100 46
100 1
100 30
100 21
100 15
100 16
100 65
100 158
100 7
100 137
100 148
100 12
100 17
100 285
100 528
100 41
100 102
100 46
100 189
100 40
100 370
100 8
100 0
100 92
100 55
100 110
100 348
100 98
100 50
100 100
100 95
100 139
100 72
100 187
100 59
100 107
100 146
100 195
100 26
100 241
100 51
100 65
100 52
100 2
100 95
100 36
100 19
100 188
100 107
100 58
100 423
100 24
100 17
100 5
100 39
100 41
100 33
100 174
100 40
100 136
100 329
100 3
100 8
100 18
100 63
100 34
100 18
100 24
100 65
100 22
100 32
100 127
100 46
100 82
100 115
100 315
100 54
100 6
100 35
100 92
100 40
100 79
100 110
100 198
100 114
100 110
100 24
100 188
100 10
100 248
100 125
100 414
100 94
100 135
100 37
100 159
100 189
100 60
100 133
100 128
100 71
100 58
100 21
100 20
100 96
100 19
100 70
100 171
100 0
100 321
100 22
100 42
100 17
100 15
100 158
100 400
100 4
100 73
100 69
100 118
100 320
100 344
100 70
100 162
100 102
100 18
100 93
100 344
100 28
100 137
100 134
100 26
100 27
100 356
100 363
100 82
100 101
100 25
100 47
100 133
100 6
100 166
100 4
100 128
100 47
100 632
100 172
100 24
100 105
100 215
100 27
100 137
100 34
100 88
100 39
100 130
100 14
100 15
100 49
100 21
100 75
100 2
100 127
100 185
100 353
100 177
100 61
100 317
100 165
100 68
100 9
100 305
100 496
100 46
100 258
100 107
100 74
100 163
100 572
100 282
100 50
100 217
100 129
100 126
100 112
100 149
100 88
100 26
100 237
100 6
100 38
100 149
100 292
100 102
100 4
100 176
100 52
100 284
100 72
100 182
100 123
100 426
100 60
100 1
100 54
100 210
100 131
100 105
100 215
100 7
100 2
100 311
100 189
100 90
100 39
100 152
100 151
100 89
100 1
100 245
100 16
100 38
100 24
100 30
100 4
100 206
100 92
100 150
100 8
100 52
100 314
100 80
100 126
100 281
100 5
100 276
100 25
100 25
100 27
100 193
100 65
100 249
100 18
100 68
100 133
100 174
100 262
100 108
100 208
100 71
100 5
100 107
100 53
100 432
100 39
100 25
100 15
100 20
100 200
100 174
100 96
100 28
100 33
100 7
100 147
100 46
100 229
100 61
100 216
100 87
100 6
100 80
100 55
100 311
100 745
100 72
100 57
100 56
100 111
100 585
100 121
100 72
100 63
100 62
100 28
100 350
100 122
100 88
100 100
100 45
100 110
100 13
100 87
100 2
100 33
100 44
100 457
100 3
100 47
100 96
100 83
100 21
100 83
100 2
100 7
100 39
100 12
100 61
100 24
100 211
100 60
100 344
100 141
100 345
100 48
100 87
100 398
100 5
100 77
100 22
100 124
100 202
100 178
100 28
100 577
100 202
100 79
100 29
100 20
100 19
100 32
100 5
100 512
100 88
100 93
100 39
100 141
100 89
100 43
100 249
100 180
100 100
100 92
100 280
100 208
100 607
100 8
100 43
100 81
100 181
100 862
100 51
100 5
100 187
100 21
100 13
100 132
100 150
100 259
100 44
100 261
100 358
100 113
100 23
100 61
100 195
100 6
100 152
100 112
100 112
100 103
100 182
100 284
100 359
100 136
100 191
100 216
100 168
100 274
100 0
100 198
100 4
100 73
100 655
100 555
100 31
100 150
100 350
100 318
100 144
100 17
100 165
100 159
100 50
100 325
100 203
100 118
100 126
100 217
100 87
100 108
100 21
100 55
100 102
100 180
100 5
100 50
100 161
100 274
100 78
100 161
100 421
100 341
100 123
100 0
100 73
100 319
100 216
100 137
100 68
100 361
100 361
100 181
100 254
100 187
100 36
100 107
100 4
100 120
100 9
100 16
100 28
100 181
100 31
100 79
100 210
100 150
100 24
100 189
100 27
100 39
100 143
100 33
100 343
100 68
100 270
100 131
100 37
100 186
100 254
100 254
100 3
100 94
100 53
100 121
100 49
100 246
100 99
100 210
100 29
100 61
100 8
100 454
100 380
100 168
100 253
100 140
100 0
100 51
100 40
100 576
100 121
100 215
100 8
100 176
100 19
100 17
100 109
100 23
100 117
100 96
100 58
100 299
100 131
100 30
100 104
100 117
100 385
100 94
100 344
100 222
100 7
100 258
100 65
100 19
100 149
100 33
100 6
100 100
100 129
100 108
100 29
100 105
100 119
100 43
100 87
100 264
100 62
100 158
100 147
100 255
100 222
100 217
100 0
100 110
100 52
100 90
100 236
100 28
100 12
100 131
100 191
100 248
100 104
100 168
100 85
100 11
100 25
100 7
100 79
100 127
100 6
100 178
100 169
100 379
100 98
100 274
100 86
100 20
100 153
100 3
100 310
100 148
100 35
100 16
100 8
100 139
100 136
100 42
100 53
100 383
100 194
100 25
100 50
100 137
100 78
100 75
100 421
100 17
100 157
100 145
100 5
100 162
100 77
100 122
100 233
100 50
100 47
100 17
100 138
100 62
100 65
100 70
100 82
100 57
100 125
100 378
100 78
100 431
100 364
100 212
100 248
100 2
100 69
100 88
100 1
100 27
100 298
100 135
100 121
100 202
100 183
100 62
100 95
100 46
100 13
100 126
100 62
100 76
100 110
100 87
100 49
100 371
100 192
100 89
100 269
100 29
100 1
100 7
100 131
100 83
100 0
100 106
100 210
100 35
100 164
100 23
100 60
100 229
100 42
100 381
100 131
100 137
100 526
100 101
100 17
100 728
100 134
100 95
100 25
100 145
100 258
100 100
100 28
100 161
100 188
100 120
100 100
100 16
100 4
100 104
100 24
100 306
100 173
100 254
100 166
100 63
100 257
100 140
100 158
100 15
100 91
100 44
100 156
100 130
100 123
100 3
100 102
100 48
100 0
100 30
100 76
100 416
100 157
100 211
100 46
100 189
100 11
100 37
100 73
100 2
100 141
100 43
100 604
100 66
100 295
100 253
100 28
100 83
100 227
100 130
100 62
100 80
100 266
100 170
100 111
100 26
100 154
100 355
100 69
100 117
100 33
100 71
100 401
100 80
100 63
100 301
100 81
100 103
100 71
100 114
100 76
100 17
100 60
100 78
100 65
100 41
100 354
100 45
100 86
100 36
100 39
100 15
100 32
100 201
100 128
100 544
100 23
100 28
100 78
100 163
100 48
100 283
100 105
100 75
100 133
100 113
100 123
100 12
100 69
100 94
100 118
100 33
100 14
100 201
100 259
100 79
100 1
100 416
100 91
100 12
100 103
100 198
100 200
100 53
100 72
100 49
100 545
100 44
100 311
100 148
100 35
100 34
100 25
100 36
100 44
100 2
100 96
100 144
100 211
100 203
100 119
100 42
100 20
100 213
100 7
100 521
100 237
100 63
100 181
100 13
100 37
100 83
100 186
100 71
100 21
100 99
100 8
100 71
100 159
100 45
100 66
100 86
100 145
100 33
100 90
100 46
100 300
100 30
100 68
100 44
100 59
100 39
100 2
100 53
100 104
100 157
100 35
100 64
100 216
100 34
100 32
100 92
100 59
100 26
100 597
100 30
100 9
100 38
100 12
100 295
100 173
100 23
100 198
100 197
100 101
100 142
100 59
100 2
100 21
100 184
100 48
100 4
100 11
100 221
100 13
100 4
100 21
100 22
100 174
100 260
100 325
100 169
100 98
100 25
100 57
100 453
100 134
100 157
100 213
100 188
100 164
100 1
100 2
100 258
100 391
100 8
100 90
100 7
100 77
100 445
100 401
100 26
100 22
100 68
100 17
100 209
100 91
100 69
100 45
100 122
100 79
100 5
100 116
100 16
100 181
100 239
100 17
100 148
100 49
100 78
100 194
100 54
100 87
100 3
100 47
100 54
100 27
100 171
100 62
100 76
100 203
100 21
100 363
100 72
100 30
100 113
100 54
100 19
100 0
100 68
100 118
100 39
100 197
100 380
100 24
100 31
100 278
100 85
100 125
100 71
100 68
100 49
100 62
100 140
100 202
100 75
100 76
100 1033
100 153
100 13
100 125
100 126
100 184
100 324
100 3
100 62
100 81
100 10
100 136
100 93
100 244
100 103
100 87
100 74
100 118
100 110
100 91
100 45
100 80
100 7
100 338
100 224
100 326
100 196
100 47
100 51
100 236
100 66
100 8
100 37
100 7
100 103
100 302
100 263
100 129
100 36
100 210
100 341
100 17
100 400
100 12
100 53
100 85
100 203
100 103
100 58
100 71
100 22
100 45
100 293
100 71
100 402
100 307
100 57
100 186
100 350
100 61
100 176
100 427
100 101
100 589
100 86
100 13
100 102
100 503
100 26
100 207
100 75
100 376
100 409
100 141
100 318
100 45
100 54
100 156
100 47
100 4
100 104
100 42
100 22
100 72
100 284
100 24
100 128
100 107
100 18
100 262
100 63
100 69
100 67
100 1
100 5
100 167
100 109
100 249
100 30
100 297
100 44
100 66
100 26
100 57
100 5
100 102
100 83
100 2
100 75
100 126
100 50
100 150
100 79
100 171
100 47
100 194
100 54
100 318
100 85
100 8
100 43
100 922
100 470
100 62
100 94
100 111
100 12
100 139
100 127
100 254
100 50
100 55
100 0
100 265
100 594
100 13
100 185
100 8
100 94
100 106
100 376
100 26
100 5
100 188
100 19
100 75
100 175
100 86
100 14
100 392
100 80
100 149
100 6
100 182
100 7
100 84
100 231
100 19
100 37
100 12
100 76
100 276
100 48
100 50
100 180
100 258
100 42
100 174
100 45
100 28
100 279
100 32
100 39
100 276
100 130
100 55
100 159
100 206
100 59
100 23
100 221
100 221
100 189
100 27
100 293
100 315
100 13
100 103
100 138
100 279
100 196
100 278
100 3
100 81
100 42
100 95
100 63
100 20
100 94
100 136
100 123
100 35
100 150
100 5
100 55
100 94
100 194
100 6
100 35
100 80
100 464
100 151
100 2
100 468
100 200
100 74
100 490
100 100
100 35
100 66
100 77
100 40
100 65
100 445
100 180
100 21
100 10
100 279
100 86
100 14
100 159
100 23
100 204
100 22
100 44
100 3
100 19
100 229
100 260
100 237
100 26
100 68
100 48
100 298
100 57
100 181
100 94
100 123
100 23
100 109
100 49
100 253
100 34
100 19
100 86
100 456
100 206
100 260
100 55
100 282
100 2
100 146
100 297
100 145
100 22
100 136
100 207
100 30
100 201
100 84
100 23
100 45
100 202
100 27
100 8
100 433
100 645
100 73
100 19
100 208
100 20
100 168
100 34
100 89
100 1
100 144
100 133
100 2
100 158
100 163
100 397
100 147
100 136
100 101
100 132
100 93
100 192
100 35
100 63
100 24
100 0
100 83
100 136
100 156
100 19
100 254
100 71
100 104
100 272
100 8
100 258
100 57
100 370
100 253
100 311
100 187
100 210
100 168
100 145
100 59
100 311
100 257
100 49
100 148
100 45
100 134
100 71
100 42
100 274
100 25
100 272
100 217
100 49
100 247
100 46
100 20
100 91
100 403
100 162
100 4
100 88
100 20
100 126
100 474
100 34
100 302
100 2
100 88
100 61
100 152
100 39
100 54
100 54
100 184
100 198
100 306
100 76
100 418
100 117
100 80
100 78
100 9
100 308
100 27
100 37
100 42
100 56
100 16
100 61
100 55
100 121
100 62
100 237
100 130
100 127
100 28
100 196
100 12
100 13
100 57
100 15
100 8
100 200
100 54
100 123
100 103
100 55
100 19
100 36
100 151
100 160
100 49
100 72
100 183
100 96
100 59
100 195
100 14
100 11
100 55
100 247
100 14
100 122
100 95
100 14
100 43
100 41
100 350
100 34
100 29
100 90
100 20
100 251
100 81
100 84
100 78
100 261
100 442
100 77
100 2
100 31
100 51
100 4
100 90
100 225
100 11
100 95
100 165
100 5
100 170
100 124
100 61
100 276
100 40
100 0
100 112
100 29
100 71
100 35
100 176
100 20
100 540
100 197
100 93
100 265
100 118
100 16
100 8
100 137
100 58
100 140
100 222
100 377
100 85
100 222
100 3
100 73
100 34
100 114
100 511
100 262
100 164
100 8
100 237
100 14
100 292
100 10
100 246
100 139
100 72
100 341
100 288
100 580
100 92
100 41
100 43
100 349
100 403
100 8
100 34
100 49
100 24
100 68
100 95
100 35
100 27
100 142
100 220
100 63
100 10
100 12
100 30
100 45
100 435
100 33
100 546
100 105
100 13
100 30
100 66
100 300
100 26
100 221
100 258
100 11
100 148
100 313
100 68
100 50
100 114
100 13
100 141
100 53
100 58
100 28
100 30
100 82
100 26
100 17
100 59
100 115
100 35
100 26
100 158
100 24
100 77
100 40
100 139
100 75
100 499
100 154
100 167
100 15
100 132
100 115
100 67
100 60
100 160
100 27
100 209
100 42
100 349
100 21
100 137
100 34
100 111
100 76
100 17
100 111
100 261
100 173
100 174
100 71
100 4
100 193
100 77
100 25
100 125
100 60
100 53
100 423
100 53
100 26
100 74
100 147
100 82
100 78
100 10
100 51
100 38
100 58
100 72
100 41
100 50
100 8
100 68
100 48
100 159
100 91
100 76
100 133
100 94
100 348
100 3
100 36
100 174
100 386
100 7
100 294
100 49
100 7
100 85
100 163
100 117
100 52
100 427
100 35
100 29
100 245
100 26
100 57
100 58
100 20
100 212
100 28
100 4
100 421
100 62
100 94
100 26
100 32
100 10
100 163
100 182
100 31
100 27
100 75
100 6
100 36
100 12
100 91
100 30
100 0
100 241
100 73
100 11
100 10
100 116
100 64
100 9
100 96
100 47
100 12
100 21
100 157
100 13
100 17
100 7
100 35
100 318
100 84
100 102
100 3
100 34
100 73
100 120
100 2
100 329
100 50
100 325
100 19
100 58
100 175
100 50
100 104
100 303
100 178
100 96
100 0
100 129
100 1
100 112
100 44
100 85
100 311
100 110
100 125
100 154
100 68
100 122
100 91
100 237
100 36
100 58
100 21
100 35
100 25
100 174
100 28
100 141
100 553
100 7
100 96
100 54
100 73
100 49
100 104
100 55
100 200
100 239
100 311
100 48
100 47
100 59
100 21
100 149
100 136
100 113
100 271
100 152
100 18
100 233
100 207
100 5
100 818
100 250
100 34
100 73
100 10
100 2
100 53
100 87
100 133
100 34
100 422
100 12
100 22
100 269
100 55
100 130
100 127
100 32
100 19
100 124
100 7
100 168
100 17
100 70
100 51
100 17
100 106
100 48
100 69
100 74
100 20
100 208
100 21
100 11
100 219
100 47
100 363
100 55
100 229
100 20
100 246
100 99
100 67
100 89
100 55
100 19
100 32
100 41
100 146
100 38
100 4
100 66
100 12
100 9
100 28
100 102
100 275
100 21
100 230
100 130
100 71
100 179
100 59
100 209
100 54
100 55
100 116
100 238
100 331
100 96
100 48
100 57
100 37
100 101
100 14
100 1
100 180
100 149
100 422
100 432
100 251
100 300
100 95
100 149
100 81
100 60
100 69
100 31
100 19
100 21
100 11
100 163
100 26
100 90
100 131
100 226
100 146
100 66
100 170
100 167
100 33
100 23
100 159
100 97
100 29
100 84
100 244
100 262
100 148
100 82
100 8
100 52
100 219
100 202
100 134
100 44
100 166
100 19
100 16
100 23
100 295
100 99
100 63
100 61
100 294
100 243
100 131
100 553
100 0
100 3
100 63
100 43
100 24
100 9
100 86
100 188
100 264
100 13
100 101
100 33
100 65
100 7
100 187
100 138
100 282
100 100
100 73
100 84
100 46
100 108
100 263
100 0
100 18
100 184
100 235
100 212
100 0
100 33
100 167
100 96
100 19
100 61
100 25
100 58
100 69
100 41
100 569
100 239
100 5
100 221
100 73
100 99
100 479
100 125
100 70
100 304
100 326
100 57
100 51
100 127
100 108
100 49
100 214
100 54
100 115
100 17
100 333
100 192
100 34
100 165
100 49
100 134
100 168
100 149
100 0
100 276
100 55
100 28
100 126
100 9
100 79
100 62
100 96
100 18
100 111
100 160
100 26
100 137
100 210
100 17
100 205
100 204
100 253
100 26
100 40
100 30
100 88
100 177
100 6
100 12
100 101
100 1
100 167
100 91
100 14
100 8
100 43
100 114
100 441
100 102
100 126
100 22
100 81
100 16
100 252
100 117
100 10
100 78
100 34
100 72
100 143
100 2
100 63
100 62
100 70
100 94
100 170
100 261
100 24
100 134
100 10
100 73
100 136
100 77
100 140
100 74
100 41
100 500
100 24
100 287
100 235
100 11
100 49
100 53
100 46
100 66
100 199
100 5
100 169
100 207
100 110
100 343
100 23
100 167
100 11
100 38
100 83
100 215
100 131
100 66
100 29
100 136
100 241
100 230
100 129
100 349
100 167
100 200
100 31
100 241
100 283
100 231
100 8
100 368
100 35
100 13
100 84
100 87
100 253
100 52
100 51
100 33
100 75
100 58
100 20
100 224
100 10
100 334
100 0
100 65
100 56
100 94
100 20
100 76
100 17
100 20
100 156
100 44
100 26
100 17
100 114
100 61
100 164
100 29
100 139
100 222
100 105
100 94
100 167
100 55
100 104
100 24
100 88
100 44
100 95
100 47
100 35
100 58
100 113
100 6
100 243
100 145
100 466
100 41
100 177
100 93
100 80
100 168
100 143
100 47
100 23
100 25
100 19
100 542
100 182
100 66
100 116
100 40
100 28
100 29
100 2
100 190
100 57
100 60
100 121
100 69
100 310
100 29
100 249
100 325
100 211
100 245
100 140
100 2
100 150
100 443
100 121
100 175
100 3
100 145
100 312
100 0
100 31
100 55
100 134
100 52
100 123
100 91
100 20
100 220
100 157
100 306
100 48
100 84
100 134
100 13
100 6
100 144
100 17
100 138
100 25
100 5
100 42
100 127
100 310
100 108
100 447
100 144
100 61
100 69
100 92
100 56
100 236
100 93
100 14
100 58
100 123
100 109
100 32
100 23
100 289
100 293
100 196
100 31
100 658
100 32
100 294
100 20
100 108
100 49
100 32
100 19
100 152
100 16
100 7
100 22
100 148
100 177
100 201
100 24
100 18
100 495
100 134
100 113
100 114
100 18
100 121
100 186
100 2
100 169
100 136
100 13
100 157
100 783
100 95
100 1
100 319
100 8
100 142
100 13
100 126
100 12
100 166
100 63
100 141
100 140
100 206
100 861
100 12
100 5
100 182
100 18
100 201
100 131
100 422
100 62
100 92
100 98
100 2
100 21
100 12
100 242
100 111
100 73
100 300
100 0
100 425
100 304
100 75
100 40
100 67
100 44
100 288
100 38
100 110
100 81
100 91
100 121
100 716
100 296
100 80
100 1
100 440
100 16
100 110
100 32
100 80
100 172
100 73
100 295
100 13
100 58
100 97
100 118
100 29
100 48
100 81
100 12
100 118
100 9
100 458
100 288
100 36
100 82
100 9
100 18
100 20
100 59
100 99
100 40
100 116
100 339
100 63
100 168
100 477
100 227
100 71
100 28
100 123
100 132
100 205
100 214
100 0
100 75
100 84
100 216
100 50
100 55
100 96
100 185
100 89
100 206
100 150
100 18
100 74
100 80
100 274
100 205
100 7
100 165
100 29
100 60
100 125
100 13
100 81
100 49
100 58
100 174
100 65
100 43
100 48
100 204
100 25
100 161
100 38
100 85
100 4
100 256
100 118
100 46
100 221
100 481
100 220
100 28
100 179
100 79
100 82
100 294
100 209
100 88
100 66
100 79
100 53
100 34
100 47
100 367
100 20
100 164
100 252
100 16
100 22
100 44
100 112
100 154
100 102
100 242
100 12
100 147
100 42
100 117
100 253
100 179
100 215
100 556
100 214
100 131
100 226
100 1
100 53
100 65
100 454
100 81
100 29
100 46
100 131
100 256
100 52
100 19
100 68
100 84
100 86
100 62
100 422
100 200
100 223
100 107
100 171
100 43
100 112
100 190
100 145
100 237
100 74
100 206
100 275
100 176
100 620
100 7
100 93
100 187
100 114
100 70
100 34
100 145
100 155
100 49
100 49
100 2
100 20
100 135
100 97
100 392
100 31
100 77
100 51
100 79
100 197
100 62
100 7
100 211
100 87
100 101
100 323
100 2
100 181
100 177
100 9
100 34
100 51
100 117
100 190
100 359
100 40
100 28
100 242
100 80
100 156
100 73
100 343
100 179
100 135
100 7
100 18
100 62
100 66
100 128
100 77
100 89
100 29
100 75
100 167
100 66
100 156
100 93
100 33
100 50
100 51
100 15
100 117
100 43
100 68
100 331
100 5
100 87
100 27
100 153
100 591
100 212
100 168
100 68
100 200
100 63
100 14
100 74
100 1
100 101
100 201
100 23
100 384
100 75
100 233
100 92
100 25
100 21
100 33
100 14
100 2
100 112
100 260
100 165
100 3
100 61
100 107
100 198
100 244
100 19
100 26
100 27
100 47
100 38
100 144
100 18
100 282
100 228
100 245
100 26
100 39
100 7
100 263
100 52
100 21
100 168
100 131
100 38
100 772
100 123
100 19
100 173
100 116
100 165
100 33
100 56
100 47
100 89
100 7
100 227
100 57
100 18
100 293
100 125
100 35
100 174
100 161
100 141
100 159
100 206
100 54
100 335
100 245
100 67
100 126
100 19
100 125
100 12
100 54
100 489
100 52
100 54
100 222
100 87
100 28
100 93
100 131
100 155
100 58
100 139
100 190
100 275
100 33
100 214
100 497
100 316
100 78
100 426
100 25
100 96
100 43
100 23
100 58
100 241
100 206
100 6
100 1
100 16
100 117
100 231
100 93
100 80
100 200
100 183
100 95
100 27
100 46
100 73
100 137
100 56
100 51
100 122
100 108
100 32
100 63
100 53
100 40
100 35
100 5
100 8
100 213
100 51
100 77
100 178
100 29
100 141
100 9
100 88
100 53
100 100
100 49
100 668
100 104
100 179
100 241
100 118
100 197
100 269
100 10
100 42
100 227
100 6
100 117
100 119
100 134
100 646
100 396
100 197
100 14
100 42
100 169
100 55
100 163
100 143
100 14
100 79
100 70
100 22
100 33
100 222
100 1
100 18
100 122
100 2
100 179
100 38
100 60
100 110
100 0
100 31
100 29
100 25
100 29
100 137
100 295
100 10
100 101
100 48
100 166
100 32
100 45
100 139
100 10
100 168
100 6
100 309
100 267
100 1042
100 134
100 259
100 47
100 29
100 11
100 100
100 115
100 457
100 116
100 19
100 3
100 177
100 884
100 277
100 117
100 0
100 17
100 139
100 29
100 127
100 160
100 157
100 318
100 15
100 44
100 151
100 105
100 48
100 161
100 113
100 49
100 48
100 0
100 246
100 65
100 62
100 80
100 112
100 30
100 374
100 61
100 26
100 652
