100 74
100 275
100 124
100 88
100 37
100 69
100 71
100 20
100 64
100 19
100 40
100 112
100 74
100 138
100 31
100 21
100 292
100 109
100 119
100 44
100 57
100 10
100 146
100 72
100 21
100 237
100 44
100 45
100 63
100 542
100 18
100 32
100 32
100 266
100 324
100 48
100 75
100 90
100 178
100 18
100 260
100 37
100 242
100 208
100 288
100 112
100 54
100 48
100 12
100 36
100 54
100 65
100 26
100 344
100 22
100 6
100 91
100 50
100 160
100 53
100 172
100 144
100 30
100 362
100 172
100 67
100 197
100 241
100 22
100 112
100 141
100 82
100 69
100 383
100 82
100 135
100 145
100 142
100 75
100 176
100 472
100 38
100 247
100 2
100 46
100 65
100 193
100 546
100 1
100 147
100 95
100 80
100 8
100 33
100 217
100 79
100 56
100 14
100 151
100 64
100 10
100 13
100 107
100 21
100 252
100 56
100 6
100 25
100 216
100 58
100 513
100 43
100 77
100 69
100 0
100 39
100 7
100 68
100 311
100 138
100 29
100 48
100 33
100 204
100 29
100 89
100 139
100 245
100 0
100 352
100 56
100 24
100 197
100 85
100 34
100 18
100 31
100 101
100 158
100 148
100 41
100 146
100 243
100 93
100 45
100 16
100 194
100 246
100 22
100 172
100 87
100 64
100 86
100 17
100 17
100 31
100 3
100 13
100 189
100 105
100 167
100 73
100 16
100 47
100 145
100 105
100 146
100 36
100 141
100 18
100 289
100 31
100 60
100 95
100 142
100 163
100 182
100 322
100 5
100 316
100 78
100 205
100 357
100 294
100 25
100 89
100 226
100 25
100 126
100 177
100 21
100 63
100 2
100 126
100 48
100 27
100 110
100 46
100 129
100 1
100 8
100 151
100 223
100 98
100 2
100 80
100 14
100 53
100 138
100 28
100 300
100 152
100 377
100 232
100 199
100 15
100 70
100 46
100 80
100 94
100 161
100 31
100 23
100 241
100 218
100 82
100 8
100 67
100 33
100 152
100 3
100 99
100 201
100 43
100 112
100 7
100 0
100 33
100 5
100 43
100 76
100 26
100 306
100 95
100 3
100 49
100 86
100 3
100 21
100 226
100 116
100 121
100 352
100 214
100 155
100 39
100 9
100 19
100 66
100 63
100 21
100 75
100 20
100 193
100 324
100 24
100 53
100 191
100 448
100 0
100 79
100 159
100 255
100 113
100 307
100 81
100 87
100 108
100 10
100 107
100 6
100 123
100 81
100 7
100 70
100 122
100 47
100 574
100 75
100 180
100 69
100 223
100 206
100 299
100 108
100 22
100 152
100 144
100 397
100 23
100 143
100 23
100 119
100 37
100 185
100 132
100 222
100 6
100 92
100 8
100 58
100 158
100 44
100 238
100 141
100 74
100 79
100 167
100 171
100 6
100 298
100 13
100 66
100 131
100 22
100 58
100 1
100 19
100 15
100 54
100 177
100 20
100 470
100 4
100 394
100 118
100 67
100 31
100 217
100 249
100 16
100 76
100 171
100 69
100 16
100 27
100 203
100 117
100 0
100 15
100 57
100 50
100 163
100 352
100 452
100 145
100 12
100 64
100 36
100 31
100 61
100 1
100 10
100 142
100 262
100 217
100 98
100 36
100 25
100 159
100 212
100 25
100 91
100 50
100 212
100 214
100 58
100 164
100 310
100 152
100 224
100 73
100 96
100 8
100 629
100 283
100 2
100 176
100 2
100 74
100 305
100 205
100 8
100 91
100 91
100 180
100 454
100 168
100 176
100 11
100 69
100 27
100 13
100 134
100 25
100 107
100 0
100 19
100 24
100 245
100 132
100 23
100 273
100 146
100 32
100 3
100 4
100 170
100 148
100 63
100 146
100 155
100 23
100 62
100 82
100 46
100 27
100 162
100 77
100 2
100 246
100 308
100 66
100 28
100 43
100 276
100 481
100 13
100 129
100 10
100 125
100 25
100 187
100 14
100 4
100 34
100 157
100 37
100 222
100 1
100 13
100 59
100 64
100 41
100 52
100 3
100 83
100 110
100 78
100 68
100 94
100 18
100 53
100 86
100 231
100 491
100 33
100 99
100 23
100 215
100 54
100 149
100 151
100 199
100 14
100 176
100 119
100 151
100 132
100 206
100 28
100 134
100 139
100 116
100 68
100 158
100 196
100 84
100 47
100 23
100 12
100 79
100 50
100 111
100 203
100 113
100 13
100 5
100 66
100 63
100 51
100 13
100 76
100 673
100 171
100 59
100 95
100 181
100 236
100 242
100 62
100 281
100 3
100 140
100 264
100 20
100 142
100 53
100 99
100 40
100 327
100 354
100 50
100 11
100 24
100 6
100 18
100 58
100 109
100 94
100 111
100 110
100 619
100 59
100 114
100 308
100 209
100 304
100 71
100 12
100 292
100 10
100 44
100 137
100 106
100 179
100 334
100 27
100 82
100 151
100 109
100 3
100 36
100 17
100 145
100 56
100 2
100 268
100 194
100 42
100 415
100 81
100 182
100 69
100 189
100 219
100 83
100 102
100 69
100 62
100 145
100 189
100 13
100 34
100 182
100 18
100 35
100 52
100 50
100 307
100 78
100 104
100 240
100 0
100 289
100 79
100 192
100 419
100 153
100 108
100 291
100 64
100 127
100 60
100 164
100 112
100 23
100 44
100 269
100 49
100 20
100 69
100 564
100 174
100 6
100 122
100 11
100 121
100 15
100 381
100 218
100 99
100 276
100 382
100 43
100 28
100 188
100 98
100 47
100 57
100 139
100 147
100 189
100 94
100 118
100 255
100 44
100 107
100 187
100 70
100 37
100 237
100 157
100 32
100 216
100 242
100 405
100 0
100 2
100 237
100 323
100 22
100 8
100 36
100 95
100 29
100 263
100 162
100 44
100 55
100 34
100 429
100 262
100 37
100 72
100 94
100 97
100 63
100 206
100 14
100 2
100 246
100 29
100 44
100 2
100 102
100 50
100 8
100 357
100 111
100 15
100 18
100 59
100 99
100 43
100 203
100 346
100 61
100 189
100 79
100 382
100 34
100 194
100 20
100 2
100 59
100 57
100 107
100 19
100 84
100 126
100 136
100 51
100 34
100 181
100 100
100 103
100 7
100 120
100 2
100 710
100 28
100 13
100 9
100 143
100 33
100 145
100 104
100 83
100 53
100 101
100 14
100 347
100 37
100 104
100 131
100 8
100 5
100 45
100 5
100 47
100 7
100 55
100 85
100 102
100 16
100 1
100 62
100 111
100 70
100 47
100 127
100 111
100 29
100 74
100 57
100 425
100 24
100 43
100 29
100 215
100 87
100 2
100 22
100 147
100 80
100 37
100 52
100 91
100 1
100 15
100 62
100 42
100 109
100 405
100 30
100 148
100 138
100 156
100 125
100 99
100 72
100 45
100 3
100 64
100 33
100 74
100 22
100 39
100 38
100 71
100 468
100 125
100 8
100 311
100 38
100 91
100 11
100 179
100 29
100 56
100 43
100 102
100 149
100 14
100 58
100 7
100 2
100 278
100 108
100 28
100 44
100 0
100 207
100 58
100 56
100 47
100 149
100 16
100 46
100 52
100 272
100 10
100 218
100 27
100 142
100 21
100 123
100 22
100 240
100 34
100 2
100 10
100 9
100 82
100 0
100 60
100 192
100 97
100 25
100 268
100 72
100 127
100 367
100 7
100 329
100 1
100 262
100 55
100 23
100 40
100 31
100 254
100 33
100 62
100 91
100 386
100 282
100 151
100 7
100 201
100 188
100 318
100 76
100 132
100 31
100 106
100 254
100 87
100 12
100 99
100 4
100 92
100 48
100 321
100 101
100 105
100 296
100 92
100 9
100 182
100 9
100 71
100 75
100 9
100 0
100 93
100 64
100 116
100 48
100 62
100 33
100 43
100 123
100 103
100 69
100 99
100 99
100 10
100 23
100 116
100 305
100 31
100 144
100 23
100 17
100 56
100 269
100 13
100 437
100 330
100 104
100 27
100 439
100 515
100 101
100 290
100 175
100 137
100 338
100 109
100 60
100 169
100 9
100 26
100 26
100 17
100 122
100 137
100 311
100 8
100 41
100 5
100 56
100 226
100 19
100 14
100 81
100 149
100 136
100 86
100 17
100 91
100 90
100 53
100 1
100 20
100 127
100 141
100 128
100 110
100 27
100 16
100 91
100 3
100 25
100 62
100 264
100 66
100 45
100 130
100 198
100 8
100 362
100 46
100 37
100 82
100 87
100 58
100 307
100 337
100 125
100 4
100 141
100 138
100 265
100 13
100 161
100 232
100 23
100 11
100 20
100 441
100 65
100 37
100 95
100 147
100 58
100 99
100 64
100 236
100 23
100 7
100 101
100 5
100 63
100 48
100 36
100 21
100 167
100 154
100 119
100 21
100 6
100 91
100 168
100 377
100 70
100 25
100 146
100 291
100 49
100 86
100 23
100 333
100 65
100 109
100 83
100 174
100 67
100 101
100 55
100 25
100 48
100 19
100 169
100 190
100 23
100 12
100 20
100 225
100 6
100 207
100 34
100 110
100 7
100 66
100 124
100 278
100 29
100 14
100 10
100 465
100 539
100 241
100 50
100 229
100 251
100 22
100 71
100 85
100 219
100 167
100 69
100 33
100 43
100 5
100 133
100 116
100 231
100 172
100 170
100 274
100 128
100 612
100 58
100 5
100 24
100 37
100 77
100 46
100 230
100 125
100 76
100 98
100 201
100 64
100 296
100 74
100 127
100 102
100 134
100 379
100 25
100 56
100 156
100 58
100 150
100 79
100 101
100 125
100 13
100 17
100 128
100 11
100 305
100 160
100 259
100 79
100 3
100 195
100 12
100 228
100 291
100 39
100 44
100 18
100 41
100 33
100 1
100 128
100 135
100 121
100 234
100 100
100 17
100 89
100 296
100 60
100 139
100 172
100 59
100 50
100 5
100 256
100 264
100 15
100 29
100 51
100 174
100 49
100 102
100 448
100 48
100 196
100 40
100 75
100 3
100 13
100 94
100 64
100 11
100 34
100 1
100 257
100 11
100 6
100 1
100 7
100 98
100 1
100 105
100 59
100 407
100 27
100 246
100 100
100 93
100 243
100 22
100 75
100 25
100 28
100 77
100 109
100 11
100 50
100 8
100 115
100 78
100 92
100 171
100 31
100 81
100 72
100 23
100 39
100 103
100 20
100 235
100 526
100 165
100 88
100 23
100 8
100 85
100 4
100 23
100 133
100 106
100 37
100 39
100 111
100 20
100 46
100 76
100 183
100 16
100 124
100 74
100 119
100 398
100 38
100 250
100 188
100 65
100 12
100 113
100 113
100 160
100 123
100 1
100 69
100 15
100 36
100 186
100 126
100 197
100 3
100 50
100 0
100 155
100 106
100 156
100 25
100 94
100 150
100 16
100 236
100 14
100 31
100 29
100 1
100 237
100 17
100 255
100 365
100 129
100 23
100 28
100 356
100 7
100 44
100 70
100 472
100 171
100 409
100 45
100 83
100 403
100 24
100 10
100 7
100 87
100 154
100 20
100 22
100 84
100 156
100 70
100 19
100 7
100 154
100 14
100 131
100 37
100 57
100 9
100 2
100 122
100 467
100 21
100 174
100 95
100 15
100 5
100 41
100 14
100 166
100 85
100 1
100 106
100 36
100 51
100 26
100 72
100 92
100 61
100 327
100 15
100 30
100 404
100 122
100 24
100 303
100 155
100 17
100 41
100 187
100 115
100 23
100 67
100 59
100 198
100 0
100 81
100 37
100 274
100 63
100 107
100 178
100 184
100 151
100 69
100 205
100 173
100 707
100 163
100 4
100 115
100 139
100 202
100 134
100 118
100 216
100 59
100 346
100 149
100 75
100 28
100 161
100 19
100 139
100 31
100 27
100 115
100 23
100 48
100 45
100 248
100 3
100 72
100 167
100 451
100 243
100 112
100 194
100 131
100 18
100 8
100 35
100 147
100 21
100 118
100 93
100 28
100 389
100 1
100 30
100 37
100 140
100 223
100 203
100 24
100 192
100 50
100 7
100 121
100 207
100 45
100 1
100 56
100 636
100 370
100 92
100 28
100 38
100 40
100 129
100 48
100 115
100 1
100 139
100 5
100 11
100 25
100 82
100 152
100 46
100 24
100 3
100 351
100 516
100 93
100 109
100 36
100 22
100 285
100 235
100 81
100 100
100 155
100 271
100 145
100 122
100 121
100 109
100 75
100 169
100 148
100 38
100 22
100 20
100 3
100 211
100 33
100 165
100 332
100 105
100 112
100 102
100 60
100 19
100 267
100 237
100 16
100 115
100 50
100 277
100 95
100 97
100 54
100 127
100 20
100 39
100 128
100 39
100 23
100 55
100 29
100 42
100 185
100 14
100 23
100 42
100 38
100 165
100 44
100 3
100 172
100 153
100 73
100 372
100 60
100 57
100 2
100 127
100 207
100 127
100 2
100 131
100 367
100 36
100 90
100 255
100 201
100 48
100 179
100 71
100 71
100 228
100 162
100 50
100 193
100 82
100 69
100 145
100 20
100 115
100 19
100 30
100 45
100 316
100 5
100 118
100 68
100 219
100 260
100 166
100 127
100 297
100 44
100 191
100 10
100 70
100 78
100 44
100 160
100 287
100 10
100 181
100 46
100 75
100 124
100 65
100 438
100 96
100 120
100 70
100 534
100 70
100 8
100 109
100 104
100 53
100 240
100 68
100 201
100 39
100 126
100 220
100 299
100 147
100 28
100 3
100 113
100 186
100 42
100 11
100 69
100 138
100 19
100 84
100 111
100 37
100 25
100 72
100 25
100 209
100 78
100 3
100 157
100 156
100 49
100 25
100 5
100 44
100 33
100 110
100 332
100 97
100 14
100 55
100 9
100 64
100 204
100 45
100 36
100 31
100 115
100 80
100 74
100 61
100 147
100 486
100 5
100 10
100 230
100 72
100 123
100 8
100 45
100 250
100 0
100 146
100 126
100 110
100 66
100 3
100 238
100 349
100 70
100 18
100 71
100 65
100 11
100 76
100 27
100 63
100 12
100 178
100 23
100 318
100 47
100 109
100 63
100 494
100 36
100 158
100 39
100 247
100 621
100 78
100 100
100 321
100 76
100 243
100 87
100 41
100 92
100 37
100 46
100 46
100 9
100 271
100 95
100 3
100 111
100 83
100 139
100 148
100 230
100 19
100 65
100 5
100 103
100 29
100 115
100 13
100 30
100 26
100 13
100 1
100 82
100 82
100 41
100 41
100 79
100 182
100 70
100 40
100 160
100 80
100 55
100 184
100 5
100 19
100 46
100 110
100 5
100 353
100 147
100 73
100 171
100 59
100 283
100 332
100 74
100 318
100 41
100 110
100 159
100 93
100 197
100 27
100 71
100 12
100 88
100 63
100 31
100 161
100 189
100 98
100 47
100 1
100 79
100 35
100 117
100 51
100 37
100 25
100 165
100 34
100 275
100 41
100 15
100 101
100 201
100 400
100 48
100 46
100 88
100 62
100 2
100 63
100 92
100 105
100 152
100 13
100 8
100 99
100 45
100 86
100 53
100 114
100 85
100 191
100 96
100 36
100 4
100 145
100 195
100 0
100 377
100 64
100 45
100 43
100 84
100 66
100 19
100 54
100 358
100 71
100 101
100 199
100 199
100 188
100 125
100 16
100 64
100 51
100 4
100 43
100 55
100 110
100 76
100 152
100 5
100 175
100 53
100 21
100 16
100 146
100 18
100 38
100 82
100 287
100 282
100 393
100 132
100 87
100 67
100 95
100 65
100 127
100 42
100 159
100 229
100 20
100 26
100 172
100 221
100 38
100 35
100 56
100 200
100 39
100 198
100 116
100 270
100 119
100 206
100 5
100 210
100 97
100 242
100 20
100 63
100 40
100 15
100 8
100 69
100 192
100 2
100 88
100 3
100 6
100 76
100 63
100 57
100 192
100 144
100 47
100 20
100 107
100 166
100 16
100 99
100 11
100 0
100 18
100 245
100 112
100 185
100 57
100 98
100 25
100 48
100 90
100 239
100 8
100 102
100 60
100 50
100 122
100 16
100 118
100 26
100 49
100 39
100 11
100 90
100 417
100 12
100 51
100 145
100 105
100 24
100 37
100 294
100 21
100 30
100 9
100 303
100 149
100 0
100 11
100 95
100 28
100 41
100 192
100 29
100 18
100 38
100 106
100 4
100 117
100 40
100 46
100 490
100 75
100 237
100 215
100 544
100 138
100 9
100 80
100 37
100 276
100 195
100 133
100 227
100 5
100 23
100 65
100 90
100 317
100 41
100 289
100 120
100 1
100 23
100 144
100 52
100 13
100 49
100 56
100 309
100 40
100 55
100 36
100 6
100 3
100 92
100 50
100 157
100 270
100 49
100 33
100 22
100 98
100 12
100 77
100 24
100 361
100 144
100 25
100 34
100 165
100 63
100 345
100 27
100 90
100 352
100 33
100 32
100 133
100 270
100 102
100 411
100 335
100 156
100 12
100 3
100 194
100 104
100 1
100 411
100 5
100 7
100 20
100 17
100 33
100 138
100 6
100 54
100 256
100 73
100 153
100 440
100 254
100 18
100 57
100 163
100 164
100 248
100 157
100 3
100 89
100 93
100 37
100 57
100 68
100 237
100 15
100 59
100 47
100 37
100 76
100 107
100 57
100 594
100 84
100 15
100 295
100 238
100 123
100 198
100 116
100 126
100 3
100 56
100 74
100 27
100 62
100 220
100 73
100 169
100 136
100 7
100 187
100 192
100 20
100 5
100 1
100 15
100 81
100 267
100 28
100 157
100 30
100 55
100 17
100 267
100 312
100 2
100 136
100 47
100 87
100 316
100 245
100 23
100 27
100 5
100 423
100 83
100 278
100 78
100 288
100 122
100 61
100 335
100 204
100 461
100 218
100 23
100 246
100 79
100 51
100 473
100 90
100 16
100 875
100 50
100 87
100 36
100 92
100 213
100 31
100 140
100 159
100 30
100 74
100 83
100 18
100 34
100 48
100 66
100 188
100 40
100 76
100 8
100 39
100 15
100 103
100 48
100 244
100 162
100 20
100 74
100 175
100 358
100 102
100 69
100 142
100 3
100 169
100 5
100 32
100 3
100 122
100 95
100 55
100 142
100 264
100 15
100 199
100 239
100 245
100 66
100 28
100 36
100 63
100 5
100 388
100 25
100 94
100 22
100 13
100 82
100 72
100 289
100 141
100 22
100 89
100 3
100 154
100 171
100 154
100 16
100 133
100 14
100 134
100 33
100 82
100 24
100 143
100 12
100 161
100 37
100 3
100 9
100 11
100 65
100 69
100 102
100 67
100 28
100 171
100 58
100 146
100 160
100 96
100 0
100 145
100 55
100 142
100 133
100 43
100 31
100 194
100 185
100 170
100 73
100 233
100 66
100 6
100 240
100 11
100 529
100 107
100 98
100 198
100 214
100 112
100 140
100 219
100 205
100 161
100 208
100 7
100 52
100 30
100 176
100 131
100 22
100 114
100 2
100 112
100 207
100 74
100 7
100 220
100 67
100 76
100 6
100 40
100 26
100 359
100 35
100 83
100 48
100 7
100 76
100 121
100 92
100 44
100 287
100 430
100 157
100 18
100 17
100 32
100 60
100 38
100 212
100 99
100 112
100 19
100 174
100 41
100 33
100 295
100 315
100 66
100 26
100 248
100 18
100 289
100 42
100 537
100 269
100 308
100 65
100 129
100 166
100 6
100 92
100 140
100 36
100 462
100 84
100 348
100 74
100 393
100 272
100 27
100 360
100 64
100 97
100 40
100 373
100 72
100 76
100 188
100 106
100 14
100 15
100 166
100 181
100 95
100 425
100 32
100 168
100 5
100 21
100 55
100 87
100 148
100 6
100 40
100 91
100 23
100 6
100 288
100 119
100 138
100 99
100 186
100 10
100 43
100 208
100 295
100 19
100 100
100 95
100 191
100 23
100 102
100 138
100 17
100 24
100 91
100 488
100 24
100 193
100 203
100 9
100 80
100 25
100 165
100 146
100 10
100 68
100 207
100 7
100 7
100 270
100 50
100 170
100 263
100 21
100 51
100 7
100 10
100 4
100 4
100 135
100 125
100 116
100 79
100 54
100 58
100 74
100 88
100 161
100 27
100 59
100 63
100 54
100 1
100 166
100 40
100 26
100 39
100 371
100 54
100 73
100 164
100 41
100 7
100 257
100 84
100 18
100 90
100 304
100 66
100 40
100 121
100 1
100 114
100 124
100 55
100 185
100 74
100 37
100 0
100 72
100 18
100 136
100 50
100 243
100 9
100 53
100 92
100 96
100 304
100 339
100 26
100 282
100 216
100 13
100 125
100 230
100 194
100 364
100 245
100 133
100 237
100 30
100 111
100 136
100 302
100 136
100 41
100 72
100 599
100 355
100 61
100 49
100 54
100 199
100 179
100 65
100 269
100 475
100 102
100 69
100 67
100 65
100 83
100 82
100 11
100 7
100 103
100 53
100 40
100 44
100 174
100 186
100 106
100 0
100 153
100 242
100 15
100 5
100 273
100 16
100 68
100 125
100 17
100 122
100 386
100 223
100 199
100 98
100 53
100 154
100 289
100 173
100 58
100 3
100 133
100 64
100 218
100 308
100 56
100 43
100 339
100 112
100 374
100 261
100 9
100 213
100 75
100 80
100 319
100 188
100 135
100 285
100 87
100 26
100 362
100 221
100 333
100 27
100 61
100 197
100 110
100 119
100 104
100 20
100 207
100 125
100 4
100 98
100 19
100 94
100 105
100 106
100 37
100 7
100 232
100 387
100 19
100 23
100 165
100 25
100 249
100 28
100 15
100 16
100 258
100 37
100 2
100 57
100 0
100 38
100 3
100 18
100 115
100 165
100 3
100 158
100 59
100 68
100 108
100 98
100 203
100 76
100 183
100 71
100 146
100 69
100 333
100 20
100 41
100 71
100 18
100 31
100 57
100 12
100 27
100 158
100 100
100 8
100 52
100 179
100 9
100 39
100 19
100 162
100 247
100 65
100 75
100 248
100 72
100 67
100 145
100 235
100 435
100 3
100 610
100 82
100 275
100 55
100 47
100 84
100 86
100 0
100 159
100 171
100 109
100 51
100 66
100 161
100 68
100 328
100 43
100 79
100 358
100 79
100 171
100 532
100 34
100 325
100 14
100 100
100 46
100 280
100 97
100 127
100 120
100 65
100 72
100 145
100 217
100 95
100 37
100 64
100 117
100 356
100 272
100 25
100 25
100 60
100 24
100 327
100 43
100 19
100 228
100 55
100 239
100 36
100 28
100 191
100 100
100 127
100 46
100 1
100 179
100 98
100 192
100 60
100 44
100 71
100 22
100 44
100 6
100 6
100 79
100 101
100 19
100 29
100 123
100 83
100 153
100 78
100 44
100 253
100 24
100 50
100 297
100 12
100 23
100 70
100 20
100 19
100 35
100 67
100 20
100 383
100 32
100 31
100 215
100 135
100 48
100 98
100 108
100 181
100 298
100 173
100 36
100 77
100 80
100 187
100 103
100 51
100 153
100 47
100 140
100 361
100 42
100 26
100 105
100 44
100 100
100 30
100 61
100 83
100 25
100 42
100 37
100 38
100 14
100 56
100 53
100 25
100 156
100 26
100 256
100 121
100 352
100 95
100 41
100 52
100 117
100 116
100 270
100 33
100 85
100 114
100 162
100 295
100 125
100 87
100 352
100 157
100 1
100 79
100 240
100 40
100 247
100 122
100 44
100 68
100 169
100 69
100 64
100 15
100 82
100 8
100 125
100 49
100 53
100 27
100 59
100 16
100 34
100 309
100 123
100 115
100 27
100 79
100 114
100 15
100 81
100 66
100 34
100 27
100 132
100 105
100 44
100 77
100 37
100 46
100 187
100 186
100 237
100 80
100 15
100 0
100 562
100 284
100 10
100 175
100 7
100 129
100 153
100 39
100 104
100 54
100 23
100 316
100 105
100 65
100 223
100 88
100 260
100 23
100 230
100 98
100 126
100 27
100 166
100 160
100 93
100 82
100 79
100 127
100 32
100 15
100 119
100 94
100 64
100 19
100 19
100 5
100 84
100 17
100 511
100 37
100 91
100 5
100 86
100 132
100 44
100 7
100 160
100 175
100 162
100 23
100 61
100 78
100 44
100 76
100 89
100 88
100 110
100 256
100 131
100 61
100 15
100 229
100 82
100 132
100 73
100 22
100 287
100 113
100 22
100 95
100 67
100 30
100 295
100 30
100 68
100 0
100 217
100 57
100 254
100 125
100 131
100 66
100 10
100 85
100 68
100 229
100 35
100 21
100 7
100 132
100 20
100 51
100 70
100 380
100 323
100 11
100 28
100 128
100 72
100 33
100 112
100 43
100 114
100 42
100 269
100 36
100 18
100 17
100 149
100 30
100 4
100 234
100 134
100 98
100 25
100 24
100 28
100 218
100 10
100 50
100 32
100 66
100 73
100 34
100 114
100 33
100 96
100 46
100 32
100 1
100 533
100 232
100 36
100 74
100 92
100 160
100 42
100 106
100 199
100 493
100 71
100 13
100 107
100 87
100 66
100 24
100 409
100 51
100 43
100 28
100 97
100 43
100 107
100 1
100 96
100 191
100 11
100 52
100 146
100 57
100 89
100 85
100 490
100 20
100 2
100 172
100 73
100 32
100 47
100 106
100 448
100 121
100 116
100 5
100 11
100 201
100 26
100 23
100 67
100 12
100 37
100 17
100 353
100 128
100 193
100 133
100 18
100 113
100 4
100 17
100 31
100 325
100 39
100 74
100 135
100 77
100 121
100 80
100 49
100 4
100 58
100 140
100 103
100 355
100 134
100 94
100 169
100 11
100 47
100 63
100 12
100 6
100 17
100 68
100 102
100 35
100 38
100 14
100 52
100 301
100 279
100 209
100 158
100 17
100 58
100 258
100 33
100 111
100 520
100 21
100 105
100 117
100 201
100 134
100 21
100 243
100 88
100 73
100 114
100 168
100 243
100 134
100 90
100 9
100 28
100 17
100 71
100 82
100 20
100 73
100 106
100 237
100 67
100 127
100 23
100 111
100 49
100 410
100 32
100 236
100 150
100 294
100 76
100 30
100 44
100 47
100 172
100 117
100 124
100 47
100 42
100 28
100 3
100 5
100 87
100 1
100 55
100 46
100 130
100 155
100 90
100 45
100 61
100 57
100 25
100 59
100 43
100 106
100 34
100 104
100 114
100 40
100 191
100 173
100 62
100 88
100 5
100 36
100 89
100 57
100 39
100 16
100 259
100 88
100 130
100 189
100 211
100 73
100 2
100 31
100 142
100 35
100 118
100 211
100 259
100 147
100 82
100 209
100 34
100 105
100 367
100 23
100 125
100 35
100 297
100 137
100 125
100 3
100 64
100 105
100 191
100 197
100 56
100 376
100 394
100 100
100 27
100 26
100 8
100 288
100 50
100 16
100 128
100 24
100 54
100 77
100 199
100 69
100 139
100 55
100 254
100 126
100 205
100 382
100 126
100 37
100 67
100 104
100 19
100 27
100 1139
100 10
100 22
100 159
100 197
100 71
100 64
100 33
100 150
100 7
100 181
100 337
100 77
100 19
100 92
100 8
100 58
100 223
100 86
100 113
100 177
100 10
100 32
100 30
100 27
100 132
100 1
100 88
100 33
100 195
100 53
100 386
100 171
100 81
100 173
100 35
100 67
100 185
100 22
100 5
100 48
100 253
100 103
100 29
100 253
100 39
100 18
100 92
100 3
100 16
100 394
100 28
100 5
100 35
100 29
100 111
100 129
100 62
100 374
100 14
100 131
100 46
100 21
100 117
100 212
100 11
100 23
100 270
100 329
100 147
100 153
100 1
100 78
100 262
100 148
100 131
100 83
100 114
100 91
100 162
100 23
100 111
100 11
100 288
100 325
100 3
100 365
100 269
100 97
100 114
100 228
100 190
100 23
100 142
100 78
100 70
100 110
100 214
100 66
100 16
100 182
100 27
100 11
100 268
100 41
100 64
100 72
100 229
100 46
100 48
100 154
100 4
100 44
100 5
100 69
100 206
100 60
100 42
100 55
100 221
100 515
100 144
100 20
100 130
100 8
100 266
100 246
100 99
100 140
100 30
100 146
100 98
100 75
100 18
100 84
100 40
100 62
100 30
100 1
100 69
100 112
100 1
100 5
100 99
100 2
100 83
100 18
100 5
100 169
100 23
100 47
100 37
100 84
100 66
100 67
100 27
100 69
100 70
100 79
100 18
100 152
100 0
100 49
100 211
100 68
100 3
100 390
100 243
100 52
100 20
100 19
100 120
100 7
100 36
100 202
100 61
100 255
100 34
100 165
100 81
100 114
100 40
100 239
100 58
100 39
100 2
100 270
100 249
100 84
100 71
100 271
100 276
100 36
100 0
100 10
100 10
100 100
100 371
100 77
100 3
100 4
100 208
100 437
100 47
100 174
100 113
100 42
100 183
100 58
100 373
100 49
100 474
100 202
100 204
100 39
100 27
100 193
100 29
100 173
100 114
100 3
100 90
100 168
100 102
100 192
100 97
100 4
100 96
100 0
100 264
100 116
100 23
100 680
100 90
100 128
100 99
100 1
100 83
100 103
100 237
100 1
100 151
100 123
100 383
100 48
100 68
100 96
100 9
100 1
100 109
100 30
100 54
100 13
100 27
100 350
100 15
100 63
100 20
100 111
100 97
100 344
100 210
100 577
100 34
100 450
100 291
100 38
100 183
100 52
100 57
100 110
100 189
100 29
100 169
100 284
100 168
100 10
100 25
100 43
100 68
100 151
100 44
100 301
100 241
100 203
100 117
100 10
100 108
100 254
100 179
100 148
100 241
100 124
100 411
100 77
100 37
100 15
100 21
100 91
100 7
100 24
100 57
100 52
100 117
100 1
100 105
100 266
100 23
100 6
100 42
100 589
100 208
100 115
100 52
100 60
100 8
100 64
100 92
100 76
100 36
100 61
100 36
100 207
100 151
100 131
100 122
100 345
100 358
100 594
100 56
100 86
100 196
100 66
100 82
100 3
100 22
100 18
100 7
100 48
100 58
100 105
100 18
100 70
100 53
100 35
100 500
100 98
100 97
100 36
100 255
100 113
100 481
100 57
100 49
100 200
100 66
100 148
100 186
100 359
100 6
100 95
100 79
100 12
100 13
100 159
100 47
100 20
100 45
100 36
100 122
100 28
100 104
100 59
100 167
100 27
100 92
100 33
100 176
100 340
100 183
100 24
100 148
100 10
100 66
100 44
100 89
100 103
100 30
100 23
100 63
100 204
100 241
100 239
100 66
100 173
100 99
100 71
100 5
100 23
100 9
100 82
100 324
100 158
100 58
100 146
100 60
100 68
100 27
100 133
100 26
100 628
100 310
100 146
100 30
100 219
100 124
100 45
100 105
100 8
100 172
100 42
100 129
100 496
100 15
100 9
100 52
100 250
100 14
100 79
100 67
100 135
100 31
100 16
100 268
100 210
100 43
100 479
100 46
100 4
100 178
100 32
100 123
100 19
100 135
100 166
100 280
100 246
100 152
100 161
100 29
100 361
100 18
100 80
100 37
100 96
100 21
100 268
100 35
100 266
100 28
100 290
100 100
100 91
100 45
100 422
100 14
100 60
100 65
100 139
100 211
100 11
100 78
100 167
100 215
100 203
100 217
100 41
100 447
100 7
100 142
100 24
100 160
100 168
100 414
100 0
100 22
100 78
100 227
100 120
100 288
100 39
100 0
100 275
100 20
100 120
100 90
100 295
100 166
100 72
100 25
100 2
100 104
100 133
100 22
100 226
100 275
100 13
100 5
100 14
100 26
100 131
100 12
100 100
100 129
100 167
100 187
100 98
100 131
100 2
100 43
100 27
100 158
100 64
100 27
100 269
100 144
100 304
100 139
100 185
100 218
100 29
100 212
100 3
100 165
100 69
100 16
100 41
100 17
100 11
100 4
100 65
100 5
100 272
100 9
100 373
100 90
100 70
100 92
100 8
100 181
100 96
100 107
100 1
100 91
100 248
100 11
100 35
100 25
100 84
100 135
100 76
100 116
100 15
100 3
100 14
100 7
100 12
100 139
100 52
100 270
100 3
100 193
100 167
100 38
100 391
100 87
100 111
100 107
100 34
100 269
100 33
100 254
100 7
100 30
100 63
100 90
100 27
100 112
100 95
100 245
100 236
100 103
100 1
100 0
100 206
100 179
100 18
100 112
100 23
100 82
100 21
100 94
100 341
100 57
100 125
100 354
100 58
100 43
100 77
100 101
100 178
100 103
100 58
100 6
100 62
100 68
100 130
100 21
100 105
100 131
100 39
100 3
100 107
100 95
100 582
100 44
100 31
100 121
100 36
100 80
100 66
100 88
100 156
100 9
100 57
100 153
100 200
100 35
100 132
100 38
100 104
100 218
100 107
100 59
100 56
100 179
100 313
100 44
100 97
100 315
100 29
100 67
100 4
100 80
100 98
100 30
100 74
100 143
100 45
100 97
100 66
100 28
100 22
100 258
100 11
100 48
100 9
100 36
100 282
100 47
100 21
100 127
100 108
100 81
100 44
100 4
100 444
100 59
100 434
100 247
100 54
100 50
100 581
100 279
100 9
100 22
100 229
100 78
100 232
100 125
100 44
100 1
100 70
100 5
100 91
100 113
100 56
100 4
100 72
100 127
100 322
100 66
100 80
100 12
100 134
100 117
100 491
100 22
100 76
100 50
100 52
100 213
100 79
100 107
100 113
100 291
100 120
100 36
100 98
100 276
100 448
100 154
100 19
100 13
100 102
100 99
100 247
100 25
100 102
100 44
100 179
100 437
100 119
100 24
100 11
100 117
100 50
100 59
100 20
100 179
100 97
100 329
100 148
100 171
100 93
100 27
100 431
100 113
100 188
100 175
100 261
100 200
100 68
100 33
100 48
100 4
100 239
100 27
100 16
100 289
100 15
100 4
100 109
100 297
100 162
100 26
100 19
100 237
100 99
100 14
100 84
100 178
100 97
100 105
100 160
100 29
100 9
100 215
100 58
100 128
100 113
100 370
100 14
100 202
100 34
100 12
100 64
100 209
100 6
100 74
100 39
100 55
100 169
100 160
100 101
100 140
100 255
100 81
100 138
100 212
100 331
100 240
100 132
100 369
100 13
100 186
100 66
100 412
100 15
100 80
100 62
100 191
100 2
100 6
100 116
100 47
100 185
100 79
100 101
100 29
100 401
100 442
100 240
100 216
100 127
100 26
100 70
100 150
100 123
100 469
100 149
100 3
100 140
100 69
100 81
100 56
100 52
100 88
100 89
100 233
100 130
100 42
100 116
100 89
100 13
100 234
100 5
100 38
100 73
100 138
100 14
100 22
100 63
100 219
100 46
100 39
100 70
100 108
100 19
100 21
100 167
100 20
100 55
100 0
100 104
100 104
100 4
100 342
100 154
100 190
100 37
100 292
100 22
100 163
100 236
100 2
100 15
100 24
100 409
100 111
100 58
100 310
100 189
100 169
100 162
100 2
100 21
100 8
100 268
100 115
100 8
100 274
100 93
100 31
100 185
100 2
100 64
100 235
100 86
100 9
100 109
100 104
100 97
100 121
100 168
100 41
100 169
100 51
100 41
100 45
100 403
100 121
100 34
100 597
100 129
100 7
100 121
100 309
100 12
100 134
100 161
100 175
100 161
100 5
100 124
100 0
100 21
100 107
100 3
100 61
100 600
100 8
100 461
100 152
100 66
100 7
100 392
100 75
100 44
100 16
100 208
100 17
100 177
100 0
100 197
100 9
100 6
100 113
100 12
100 29
100 204
100 54
100 64
100 2
100 40
100 31
100 22
100 200
100 35
100 162
100 10
100 28
100 12
100 75
100 279
100 37
100 44
100 1
100 117
100 289
100 181
100 205
100 9
100 200
100 13
100 10
100 211
100 560
100 213
100 32
100 23
100 30
100 60
100 47
100 82
100 94
100 54
100 48
100 289
100 213
100 51
100 43
100 211
100 4
100 91
100 24
100 118
100 170
100 228
100 244
100 50
100 7
100 65
100 35
100 95
100 17
100 16
100 42
100 130
100 18
100 54
100 55
100 29
100 122
100 112
100 170
100 37
100 53
100 21
100 31
100 69
100 1024
100 98
100 80
100 21
100 122
100 295
100 256
100 99
100 164
100 88
100 14
100 218
100 82
100 296
100 333
100 18
100 63
100 174
100 78
100 201
100 44
100 27
100 45
100 14
100 132
100 128
100 74
100 154
100 133
100 10
100 74
100 279
100 43
100 0
100 102
100 350
100 33
100 59
100 9
100 226
100 111
100 22
100 77
100 188
100 76
100 188
100 832
100 113
100 6
100 241
100 60
100 45
100 155
100 90
100 105
100 75
100 32
100 96
100 15
100 101
100 1
100 114
100 19
100 74
100 45
100 66
100 36
100 63
100 151
100 204
100 51
100 63
100 68
100 4
100 270
100 107
100 20
100 226
100 56
100 211
100 121
100 128
100 812
100 270
100 9
100 51
100 23
100 68
100 104
100 194
100 210
100 242
100 131
100 124
100 61
100 58
100 34
100 218
100 67
100 66
100 220
100 32
100 82
100 67
100 21
100 160
100 100
100 65
100 104
100 48
100 18
100 20
100 83
100 14
100 18
100 153
100 17
100 52
100 221
100 145
100 32
100 76
100 159
100 102
100 23
100 72
100 38
100 79
100 27
100 565
100 126
100 239
100 39
100 66
100 26
100 78
100 269
100 8
100 289
100 10
100 79
100 13
100 170
100 115
100 40
100 19
100 24
100 5
100 27
100 50
100 147
100 42
100 14
100 21
100 234
100 217
100 73
100 98
100 355
100 15
100 41
100 191
100 55
100 26
100 79
100 9
100 317
100 11
100 52
100 307
100 216
100 29
100 122
100 135
100 4
100 107
100 28
100 366
100 145
100 41
100 68
100 5
100 269
100 33
100 99
100 281
100 497
100 106
100 36
100 288
100 78
100 218
100 101
100 166
100 7
100 237
100 447
100 59
100 81
100 136
100 73
100 9
100 115
100 138
100 249
100 9
100 325
100 124
100 94
100 38
100 126
100 116
100 176
100 3
100 95
100 215
100 245
100 262
100 25
100 65
100 38
100 40
100 70
100 81
100 155
100 3
100 120
100 178
100 19
100 107
100 18
100 212
100 3
100 351
100 26
100 478
100 183
100 37
100 54
100 5
100 8
100 11
100 495
100 17
100 133
100 9
100 788
100 115
100 29
100 154
100 453
100 39
100 19
100 4
100 210
100 113
100 18
100 30
100 227
100 176
100 528
100 39
100 36
100 21
100 379
100 192
100 77
100 160
100 47
100 29
100 181
100 243
100 206
100 155
100 304
100 43
100 9
100 114
100 83
100 23
100 1119
100 25
100 189
100 135
100 4
100 119
100 52
100 76
100 58
100 87
100 92
100 10
100 107
100 31
100 19
100 189
100 268
100 90
100 124
100 109
100 274
100 202
100 137
100 264
100 70
100 6
100 219
100 15
100 364
100 102
100 39
100 3
100 35
100 105
100 162
100 164
100 276
100 72
100 252
100 78
100 168
100 268
100 16
100 40
100 206
100 88
100 4
100 48
100 24
100 209
100 23
100 66
100 17
100 46
100 187
100 5
100 136
100 145
100 4
100 48
100 119
100 36
100 277
100 516
100 195
100 430
100 55
100 282
100 60
100 59
100 73
100 1
100 95
100 126
100 26
100 85
100 8
100 63
100 79
100 161
100 60
100 6
100 8
100 161
100 73
100 2
100 89
100 44
100 390
100 129
100 161
100 198
100 34
100 199
100 93
100 10
100 0
100 145
100 136
100 203
100 108
100 73
100 64
100 27
100 10
100 382
100 28
100 313
100 0
100 131
100 29
100 204
100 75
100 51
100 141
100 239
100 87
100 24
100 32
100 6
100 360
100 89
100 129
100 124
100 22
100 49
100 18
100 217
100 32
100 7
100 0
100 112
100 203
100 33
100 3
100 42
100 156
100 33
100 27
100 553
100 10
100 27
100 422
100 235
100 335
100 165
100 48
100 31
100 160
100 6
100 182
100 52
100 77
100 32
100 65
100 42
100 61
100 36
100 121
100 114
100 87
100 97
100 52
100 117
100 18
100 110
100 56
100 166
100 55
100 7
100 132
100 5
100 73
100 457
100 127
100 144
100 92
100 204
100 47
100 15
100 280
100 119
100 227
100 113
100 21
100 141
100 177
100 27
100 290
100 140
100 38
100 30
100 36
100 171
100 45
100 91
100 55
100 304
100 19
100 0
100 73
100 239
100 41
100 80
100 245
100 53
100 66
100 34
100 52
100 204
100 161
100 34
100 4
100 405
100 29
100 51
100 229
100 46
100 167
100 176
100 67
100 23
100 124
100 72
100 171
100 40
100 200
100 250
100 16
100 307
100 553
100 41
100 17
100 144
100 164
100 29
100 23
100 179
100 296
100 164
100 44
100 26
100 279
100 11
100 17
100 73
100 227
100 796
100 71
100 358
100 72
100 18
100 1
100 157
100 119
100 90
100 16
100 26
100 42
100 127
100 198
100 417
100 48
100 293
100 9
100 0
100 9
100 28
100 374
100 202
100 14
100 467
100 157
100 483
100 401
100 104
100 51
100 132
100 201
100 291
100 21
100 142
100 162
100 73
100 174
100 90
100 9
100 131
100 63
100 366
100 39
100 75
100 68
100 178
100 55
100 58
100 74
100 44
100 195
100 18
100 200
100 22
100 106
100 104
100 147
100 72
100 26
100 71
100 211
100 38
100 76
100 202
100 122
100 164
100 62
100 161
100 31
100 43
100 90
100 166
100 64
100 192
100 222
100 53
100 140
100 31
100 19
100 20
100 6
100 26
100 148
100 125
100 17
100 69
100 200
100 143
100 291
100 29
100 242
100 278
100 84
100 7
100 114
100 39
100 77
100 80
100 331
100 81
100 50
100 257
100 449
100 87
100 77
100 8
100 41
100 419
100 142
100 56
100 8
100 27
100 95
100 13
100 328
100 48
100 108
100 313
100 5
100 84
100 38
100 408
100 23
100 115
100 172
100 154
100 64
100 323
100 104
100 73
100 68
100 42
100 70
100 531
100 27
100 138
100 106
100 53
100 126
100 21
100 39
100 38
100 81
100 22
100 150
100 8
100 80
100 70
100 16
100 2
100 47
100 254
100 184
100 124
100 14
100 145
100 126
100 4
100 27
100 70
100 4
100 74
100 16
100 50
100 331
100 53
100 192
100 158
100 136
100 86
100 71
100 125
100 77
100 114
100 57
100 110
100 17
100 216
100 97
100 6
100 35
100 85
100 22
100 7
100 72
100 53
100 278
100 91
100 80
100 61
100 312
100 103
100 184
100 38
100 235
100 113
100 11
100 243
100 5
100 6
100 34
100 7
100 170
100 28
100 358
100 121
100 32
100 113
100 71
100 24
100 179
100 30
100 65
100 181
100 41
100 75
100 73
100 98
100 20
100 36
100 46
100 20
100 13
100 51
100 4
100 53
100 6
100 184
100 295
100 260
100 27
100 150
100 26
100 90
100 167
100 288
100 232
100 88
100 136
100 29
100 34
100 80
100 27
100 89
100 53
100 52
100 157
100 10
100 95
100 236
100 16
100 65
100 21
100 74
100 16
100 300
100 0
100 252
100 36
100 70
100 5
100 143
100 125
100 19
100 187
100 136
100 122
100 9
100 10
100 38
100 51
100 136
100 0
100 37
100 5
100 198
100 60
100 115
100 112
100 59
100 518
100 60
100 112
100 85
100 39
100 5
100 102
100 85
100 149
100 112
100 21
100 1
100 189
100 147
100 119
100 44
100 173
100 189
100 76
100 72
100 118
100 195
100 67
100 64
100 357
100 32
100 337
100 22
100 6
100 11
100 606
100 166
100 14
100 105
100 110
100 112
100 114
100 71
100 119
100 160
100 13
100 76
100 40
100 10
100 52
100 147
100 154
100 213
100 160
100 198
100 135
100 9
100 120
100 55
100 4
100 7
100 42
100 28
100 116
100 67
100 35
100 8
100 320
100 248
100 25
100 17
100 152
100 6
100 178
100 115
100 252
100 169
100 0
100 0
100 135
100 127
100 69
100 63
100 402
100 13
100 333
100 136
100 96
100 96
100 43
100 59
100 30
100 110
100 148
100 174
100 18
100 166
100 44
100 61
100 192
100 27
100 59
100 555
100 92
100 202
100 90
100 76
100 164
100 53
100 10
100 516
100 224
100 19
100 117
100 284
100 76
100 211
100 251
100 88
100 156
100 5
100 14
100 52
100 17
100 29
100 24
100 61
100 146
100 39
100 91
100 39
100 102
100 231
100 95
100 127
100 55
100 55
100 328
100 47
100 35
100 153
100 161
100 60
100 29
100 219
100 187
100 323
100 41
100 33
100 64
100 2
100 7
100 72
100 103
100 21
100 60
100 454
100 205
100 153
100 16
100 12
100 37
100 188
100 185
100 28
100 78
100 56
100 231
100 59
100 19
100 12
100 47
100 0
100 90
100 33
100 64
100 22
100 267
100 200
100 117
100 32
100 74
100 265
100 157
100 89
100 167
100 438
100 70
100 194
100 129
100 106
100 42
100 6
100 224
100 115
100 88
100 199
100 69
100 368
100 9
100 19
100 327
100 6
100 42
100 21
100 36
100 84
100 213
100 11
100 89
100 63
100 66
100 27
100 202
100 163
100 41
100 37
100 53
100 139
100 23
100 35
100 20
100 228
100 20
100 9
100 116
100 266
100 141
100 111
100 90
100 13
100 142
100 131
100 37
100 263
100 279
100 144
100 12
100 212
100 30
100 135
100 68
100 199
100 65
100 125
100 182
100 149
100 93
100 158
100 0
100 60
100 96
100 183
100 74
100 230
100 51
100 1
100 85
100 40
100 178
100 138
100 40
100 85
100 120
100 47
100 138
100 358
100 204
100 25
100 277
100 35
100 104
100 162
100 54
100 19
100 247
100 90
100 91
100 12
100 119
100 133
100 259
100 96
100 30
100 9
100 27
100 30
100 39
100 55
100 110
100 8
100 95
100 53
100 32
100 13
100 9
100 114
100 238
100 14
100 123
100 110
100 17
100 146
100 466
100 47
100 235
100 23
100 51
100 139
100 17
100 83
100 112
100 68
100 34
100 113
100 33
100 87
100 190
100 4
100 97
100 13
100 1
100 81
100 229
100 53
100 2
100 63
100 120
100 258
100 60
100 114
100 79
100 46
100 10
100 193
100 31
100 9
100 210
100 105
100 23
100 8
100 38
100 25
100 33
100 74
100 425
100 152
100 53
100 97
100 27
100 52
100 125
100 5
100 324
100 77
100 350
100 76
100 61
100 55
100 53
100 59
100 50
100 46
100 263
100 228
100 139
100 430
100 217
100 5
100 59
100 76
100 197
100 164
100 60
100 144
100 19
100 128
100 74
100 80
100 0
100 217
100 76
100 260
100 169
100 59
100 35
100 4
100 17
100 672
100 26
100 24
100 214
100 10
100 163
100 104
100 673
100 79
100 8
100 148
100 166
100 0
100 10
100 23
100 279
100 609
100 367
100 4
100 132
100 232
100 103
100 72
100 43
100 100
100 185
100 89
100 29
100 52
100 292
100 188
100 125
100 80
100 7
100 60
100 497
100 21
100 315
100 76
100 143
100 134
100 94
100 129
100 222
100 6
100 12
100 4
100 97
100 27
100 52
100 43
100 271
100 247
100 215
100 1
100 17
100 46
100 155
100 131
100 26
100 6
100 114
100 241
100 70
100 25
100 83
100 318
100 122
100 291
100 104
100 6
100 98
100 129
100 110
100 49
100 6
100 152
100 156
100 28
100 99
100 69
100 352
100 151
100 89
100 109
100 450
100 582
100 9
100 223
100 165
100 137
100 71
100 164
100 231
100 18
100 69
100 5
100 166
100 67
100 39
100 152
100 195
100 5
100 8
100 10
100 51
100 16
100 38
100 194
100 52
100 150
100 194
100 164
100 19
100 4
100 48
100 159
100 253
100 47
100 99
100 80
100 84
100 25
100 46
100 212
100 104
100 95
100 170
100 240
100 45
100 1
100 7
100 146
100 69
100 70
100 28
100 27
100 16
100 212
100 221
100 72
100 189
100 50
100 365
100 279
100 163
100 19
100 143
100 96
100 97
100 132
100 256
100 7
100 40
100 231
100 90
100 61
100 41
100 7
100 21
100 271
100 235
100 6
100 123
100 143
100 363
100 149
100 144
100 76
100 47
100 158
100 0
100 193
100 101
100 10
100 107
100 17
100 114
100 86
100 225
100 121
100 206
100 189
100 17
100 99
100 126
100 9
100 16
100 100
100 64
100 14
100 104
100 349
100 190
100 295
100 4
100 54
100 47
100 93
100 199
100 33
100 249
100 254
100 3
100 44
100 43
100 15
100 243
100 1
100 272
100 70
100 204
100 10
100 159
100 73
100 43
100 186
100 105
100 4
100 75
100 327
100 108
100 550
100 153
100 316
100 60
100 3
100 217
100 311
100 317
100 67
100 19
100 5
100 335
100 85
100 195
100 266
100 102
100 32
100 42
100 27
100 338
100 449
100 38
100 97
100 281
100 70
100 44
100 9
100 44
100 49
100 33
100 96
100 121
100 139
100 49
100 381
100 95
100 106
100 264
100 185
100 4
100 5
100 9
100 34
100 17
100 90
100 166
100 472
100 129
100 6
100 193
100 3
100 10
100 16
100 105
100 80
100 62
100 16
100 70
100 122
100 2
100 398
100 2
100 242
100 67
100 142
100 91
100 235
100 42
100 107
100 10
100 306
100 31
100 197
100 0
100 52
100 16
100 4
100 75
100 252
100 278
100 186
100 55
100 240
100 159
100 181
100 3
100 7
100 383
100 558
100 118
100 42
100 70
100 121
100 134
100 112
100 232
100 31
100 229
100 157
100 46
100 44
100 96
100 46
100 159
100 457
100 58
100 14
100 127
100 260
100 182
100 16
100 83
100 78
100 32
100 704
100 68
100 198
100 64
100 78
100 21
100 27
100 27
100 38
100 75
100 220
100 27
100 8
100 10
100 24
100 252
100 247
100 324
100 81
100 46
100 73
100 163
100 171
100 30
100 77
100 42
100 3
100 17
100 5
100 94
100 72
100 62
100 1
100 205
100 84
100 38
100 101
100 133
100 119
100 172
100 28
100 378
100 321
100 150
100 23
100 9
100 47
100 188
100 64
100 151
100 40
100 97
100 103
100 452
100 169
100 92
100 135
100 24
100 75
100 106
100 79
100 20
100 0
100 111
100 23
100 23
100 5
100 65
100 216
100 186
100 43
100 19
100 42
100 64
100 66
100 49
100 122
100 378
100 77
100 20
100 22
100 54
100 56
100 8
100 2
100 61
100 441
100 146
100 11
100 61
100 302
100 102
100 34
100 226
100 111
100 12
100 112
100 44
100 36
100 145
100 55
100 222
100 143
100 77
100 54
100 4
100 119
100 3
100 470
100 104
100 23
100 21
100 176
100 95
100 24
100 61
100 432
100 50
100 112
100 35
100 163
100 121
100 229
100 91
100 27
100 0
100 48
100 79
100 123
100 17
100 158
100 110
100 225
100 331
100 31
100 9
100 0
100 265
100 201
100 260
100 6
100 41
100 2
100 47
100 89
100 128
100 10
100 499
100 44
100 39
100 173
100 591
100 2
100 75
100 37
100 103
100 83
100 23
100 31
100 47
100 610
100 180
100 155
100 372
100 24
100 38
100 297
100 97
100 41
100 76
100 52
100 155
100 267
100 1
100 17
100 211
100 3
100 0
100 207
100 367
100 31
100 1
100 153
100 11
100 102
100 59
100 15
100 54
100 54
100 95
100 59
100 43
100 4
100 24
100 200
100 63
100 293
100 394
100 65
100 105
100 29
100 77
100 242
100 211
100 357
100 15
100 110
100 131
100 100
100 113
100 275
100 2
100 7
100 62
100 5
100 23
100 84
100 135
100 62
100 26
100 212
100 149
100 14
100 78
100 157
100 26
100 269
100 5
100 261
100 23
100 3
100 2
100 399
100 4
100 5
100 106
100 167
100 151
100 54
100 12
100 54
100 150
100 105
100 4
100 2
100 70
100 17
100 14
100 49
100 23
100 50
100 151
100 121
100 43
100 8
100 17
100 52
100 384
100 214
100 34
100 210
100 128
100 10
100 16
100 171
100 64
100 8
100 86
100 205
100 173
100 21
100 88
100 109
100 136
100 101
100 9
100 27
100 24
100 45
100 97
100 34
100 17
100 178
100 56
100 5
100 133
100 121
100 189
100 400
100 98
100 75
100 109
100 36
100 224
100 99
100 139
100 5
100 84
100 25
100 61
100 8
100 57
100 38
100 63
100 30
100 63
100 69
100 4
100 23
100 34
100 88
100 7
100 36
100 90
100 10
100 172
100 96
100 136
100 2
100 6
100 138
100 614
100 60
100 4
100 88
100 78
100 166
100 67
100 44
100 388
100 4
100 48
100 29
100 63
100 42
100 379
100 14
100 95
100 177
100 19
100 13
100 135
100 32
100 149
100 184
100 64
100 58
100 57
100 23
100 140
100 20
100 3
100 254
100 159
100 282
100 8
100 43
100 36
100 195
100 186
100 11
100 163
100 25
100 284
100 46
100 6
100 8
100 76
100 1
100 11
100 270
100 53
100 22
100 135
100 60
100 17
100 68
100 87
100 93
100 171
100 23
100 74
100 29
100 8
100 12
100 41
100 11
100 10
100 123
100 60
100 10
100 2
100 96
100 57
100 198
100 18
100 167
100 49
100 168
100 249
100 81
100 111
100 220
100 44
100 6
100 48
100 52
100 41
100 36
100 98
100 144
100 151
100 138
100 29
100 2
100 70
100 67
100 239
100 77
100 136
100 133
100 131
100 66
100 101
100 184
100 79
100 48
100 49
100 108
100 52
100 89
100 253
100 168
100 38
100 0
100 181
100 84
100 69
100 19
100 3
100 68
100 27
100 51
100 39
100 75
100 6
100 133
100 15
100 9
100 23
100 23
100 154
100 359
100 265
100 8
100 37
100 277
100 119
100 180
100 55
100 12
100 171
100 165
100 149
100 274
100 111
100 187
100 192
100 29
100 22
100 275
100 27
100 18
100 97
100 52
100 72
100 124
100 147
100 92
100 105
100 131
100 75
100 163
100 4
100 108
100 38
100 39
100 39
100 111
100 173
100 54
100 107
100 7
100 14
100 94
100 165
100 67
100 150
100 93
100 301
100 43
100 42
100 26
100 445
100 15
100 179
100 142
100 82
100 73
100 111
100 66
100 44
100 273
100 95
100 4
100 201
100 169
100 548
100 38
100 279
100 11
100 157
100 43
100 25
100 103
100 258
100 70
100 97
100 444
100 15
100 37
100 1
100 309
100 457
100 14
100 148
100 54
100 3
100 358
100 126
100 4
100 181
100 241
100 28
100 139
100 154
100 94
100 75
100 351
100 35
100 70
100 91
100 70
100 8
100 41
100 58
100 16
100 179
100 72
100 27
100 2
100 52
100 8
100 26
100 280
100 7
100 92
100 47
100 176
100 86
100 232
100 50
100 163
100 144
100 124
100 0
100 5
100 52
100 21
100 23
100 28
100 5
100 260
100 101
100 181
100 25
100 241
100 311
100 37
100 29
100 72
100 262
100 100
100 271
100 46
100 42
100 193
100 45
100 158
100 102
100 14
100 13
100 127
100 124
100 204
100 155
100 108
100 123
100 84
100 170
100 43
100 243
100 42
100 192
100 75
100 139
100 241
100 275
100 48
100 14
100 70
100 28
100 30
100 5
100 64
100 77
100 4
100 117
100 228
100 49
100 113
100 58
100 77
100 344
100 2
100 192
100 183
100 2
100 57
100 31
100 25
100 9
100 24
100 161
100 36
100 215
100 55
100 47
100 77
100 55
100 32
100 197
100 4
100 112
100 115
100 4
100 101
100 45
100 51
100 90
100 42
100 65
100 67
100 86
100 11
100 27
100 106
100 68
100 377
100 106
100 11
100 65
100 235
100 91
100 22
100 15
100 72
100 311
100 38
100 65
100 29
100 114
100 1
100 59
100 26
100 40
100 174
100 13
100 301
100 4
100 154
100 33
100 284
100 146
100 335
100 48
100 52
100 91
100 598
100 31
100 62
100 83
100 293
100 162
100 202
100 172
100 116
100 109
100 360
100 27
100 42
100 11
100 11
100 279
100 17
100 111
100 122
100 118
100 55
100 59
100 146
100 49
100 30
100 0
100 123
100 157
100 31
100 91
100 80
100 227
100 41
100 24
100 350
100 161
100 137
100 79
100 21
100 13
100 94
100 97
100 125
100 158
100 17
100 238
100 25
100 56
100 196
100 140
100 29
100 4
100 49
100 165
100 132
100 15
100 28
100 11
100 24
100 39
100 49
100 512
100 177
100 74
100 24
100 305
100 142
100 40
100 90
100 51
100 289
100 77
100 73
100 150
100 22
100 257
100 12
100 8
100 22
100 91
100 99
100 120
100 22
100 125
100 155
100 22
100 64
100 131
100 271
100 4
100 97
100 277
100 1
100 108
100 89
100 360
100 106
100 115
100 259
100 90
100 116
100 37
100 178
100 102
100 34
100 177
100 283
100 228
100 352
100 12
100 67
100 447
100 129
100 177
100 229
100 244
100 189
100 173
100 207
100 375
100 35
100 99
100 6
100 65
100 189
100 27
100 468
100 16
100 2
100 24
100 34
100 67
100 307
100 47
100 4
100 138
100 215
100 99
100 103
100 301
100 2
100 0
100 326
100 332
100 10
100 277
100 40
100 245
100 117
100 85
100 151
100 18
100 34
100 272
100 17
100 116
100 143
100 86
100 66
100 61
100 235
100 80
100 311
100 22
100 18
100 155
100 190
100 10
100 4
100 42
100 189
100 30
100 225
100 146
100 71
100 177
100 76
100 63
100 101
100 301
100 5
100 248
100 51
100 319
100 2
100 33
100 116
100 27
100 203
100 55
100 6
100 14
100 72
100 74
100 19
100 29
100 247
100 111
100 44
100 51
100 2
100 73
100 386
100 123
100 307
100 219
100 337
100 95
100 2
100 11
100 127
100 187
100 123
100 131
100 73
100 50
100 13
100 20
100 642
100 156
100 46
100 304
100 73
100 14
100 59
100 167
100 123
100 20
100 26
100 18
100 80
100 138
100 216
100 85
100 58
100 68
100 2
100 21
100 36
100 35
100 29
100 249
100 256
100 28
100 28
100 56
100 2
100 45
100 15
100 73
100 33
100 120
100 95
100 313
100 390
100 225
100 2
100 33
100 149
100 107
100 128
100 217
100 29
100 11
100 122
100 178
100 27
100 47
100 7
100 328
100 49
100 265
100 339
100 187
100 149
100 91
100 34
100 134
100 37
100 130
100 108
100 63
100 75
100 67
100 137
100 12
100 47
100 202
100 21
100 55
100 26
100 215
100 247
100 255
100 50
100 565
100 94
100 11
100 264
100 116
100 271
100 18
100 236
100 38
100 60
100 116
100 51
100 211
100 44
100 61
100 75
100 152
100 303
100 24
100 62
100 0
100 76
100 5
100 33
100 615
100 88
100 81
100 7
100 47
100 133
100 51
100 119
100 24
100 111
100 129
100 147
100 109
100 79
100 9
100 182
100 69
100 7
100 144
100 25
100 46
100 377
100 39
100 79
100 111
100 39
100 74
100 363
100 239
100 2
100 12
100 33
100 12
100 190
100 85
100 144
100 162
100 149
100 47
100 165
100 351
100 135
100 46
100 50
100 593
100 192
100 89
100 110
100 125
100 88
100 72
100 189
100 43
100 48
100 37
100 46
100 49
100 17
100 62
100 109
100 117
100 86
100 52
100 60
100 87
100 92
100 301
100 8
100 653
100 44
100 18
100 30
100 9
100 24
100 28
100 41
100 50
100 52
100 46
100 115
100 44
100 67
100 182
100 205
100 156
100 89
100 124
100 47
100 17
100 106
100 101
100 191
100 42
100 28
100 22
100 571
100 68
100 130
100 116
100 286
100 387
100 0
100 20
100 216
100 50
100 41
100 72
100 39
100 11
100 15
100 15
100 89
100 319
100 0
100 75
100 183
100 58
100 21
100 41
100 41
100 297
100 44
100 87
100 28
100 20
100 95
100 5
100 183
100 6
100 141
100 3
100 106
100 16
100 268
100 204
100 24
100 161
100 167
100 66
100 151
100 121
100 225
100 281
100 37
100 185
100 38
100 13
100 6
100 11
100 50
100 12
100 32
100 45
100 87
100 5
100 55
100 188
100 149
100 74
100 94
100 84
100 111
100 70
100 88
100 222
100 272
100 27
100 59
100 98
100 4
100 44
100 15
100 144
100 35
100 273
100 63
100 0
100 142
100 27
100 30
100 80
100 27
100 80
100 96
100 12
100 41
100 18
100 131
100 73
100 299
100 286
100 28
100 145
100 60
100 64
100 94
100 79
100 22
100 28
100 96
100 59
100 211
100 42
100 45
100 27
100 0
100 102
100 55
100 281
100 171
100 349
100 117
100 169
100 44
100 18
100 314
100 22
100 111
100 21
100 128
100 59
100 41
100 16
100 269
100 411
100 195
100 178
100 23
100 173
100 77
100 63
100 81
100 103
100 77
100 90
100 191
100 42
100 36
100 116
100 126
100 130
100 20
100 204
100 39
100 165
100 86
100 67
100 111
100 185
100 38
100 127
100 31
100 170
100 19
100 12
100 237
100 249
100 39
100 17
100 247
100 30
100 66
100 84
100 13
100 88
100 313
100 107
100 354
100 129
100 245
100 37
100 54
100 162
100 90
100 305
100 36
100 113
100 100
100 24
100 83
100 64
100 2
100 126
100 13
100 0
100 175
100 113
100 70
100 98
100 62
100 114
100 296
100 55
100 13
100 150
100 146
100 31
100 247
100 316
100 0
100 60
100 184
100 171
100 229
100 103
100 8
100 1
100 235
100 43
100 15
100 129
100 2
100 50
100 89
100 28
100 101
100 62
100 68
100 7
100 238
100 292
100 158
100 30
100 48
100 44
100 52
100 99
100 59
100 8
100 340
100 79
100 19
100 25
100 357
100 61
100 93
100 142
100 26
100 132
100 132
100 149
100 21
100 211
100 49
100 3
100 87
100 14
100 105
100 56
100 26
100 995
100 225
100 178
100 38
100 16
100 181
100 158
100 339
100 24
100 273
100 28
100 1
100 20
100 26
100 82
100 226
100 60
100 148
100 31
100 16
100 144
100 3
100 517
100 94
100 44
100 257
100 15
100 0
100 46
100 203
100 26
100 53
100 0
100 197
100 41
100 57
100 166
100 1
100 159
100 204
100 214
100 47
100 43
100 11
100 269
100 185
100 101
100 81
100 96
100 136
100 28
100 2
100 404
100 8
100 250
100 177
100 50
100 42
100 96
100 10
100 96
100 44
100 9
100 263
100 36
100 346
100 25
100 61
100 5
100 24
100 144
100 113
100 121
100 201
100 18
100 32
100 178
100 91
100 257
100 416
100 95
100 111
100 85
100 206
100 25
100 76
100 7
100 157
100 248
100 114
100 118
100 311
100 209
100 51
100 4
100 84
100 124
100 86
100 107
100 116
100 549
100 15
100 1
100 137
100 129
100 37
100 81
100 291
100 54
100 87
100 102
100 100
100 40
100 13
100 147
100 275
100 6
100 8
100 190
100 45
100 254
100 69
100 36
100 5
100 3
100 135
100 78
100 23
100 44
100 62
100 324
100 47
100 104
100 67
100 76
100 74
100 143
100 188
100 656
100 76
100 72
100 177
100 28
100 18
100 205
100 89
100 188
100 85
100 35
100 65
100 207
100 35
100 1
100 22
100 27
100 171
100 4
100 72
100 26
100 11
100 161
100 106
100 13
100 61
100 76
100 53
100 10
100 60
100 29
100 19
100 116
100 12
100 67
100 32
100 171
100 121
100 13
100 321
100 260
100 260
100 195
100 71
100 17
100 233
100 422
100 40
100 76
100 58
100 96
100 309
100 115
100 36
100 5
100 160
100 26
100 144
100 32
100 74
100 28
100 210
100 92
100 134
100 9
100 600
100 26
100 2
100 136
100 15
100 41
100 293
100 160
100 111
100 128
100 318
100 172
100 8
100 95
100 29
100 75
100 70
100 37
100 77
100 127
100 17
100 53
100 18
100 109
100 82
100 16
100 14
100 184
100 26
100 421
100 142
100 120
100 246
100 7
100 37
100 113
100 79
100 91
100 73
100 171
100 186
100 115
100 18
100 17
100 124
100 139
100 115
100 199
100 4
100 624
100 187
100 196
100 19
100 14
100 87
100 101
100 128
100 65
100 146
100 36
100 207
100 51
100 164
100 52
100 193
100 24
100 8
100 32
100 47
100 6
100 365
100 54
100 25
100 23
100 82
100 164
100 123
100 59
100 37
100 4
100 14
100 152
100 71
100 149
100 53
100 64
100 55
100 25
100 129
100 58
100 133
100 158
100 65
100 185
100 30
100 37
100 85
100 116
100 40
100 131
100 130
100 140
100 1
100 39
100 76
100 8
100 346
100 129
100 124
100 76
100 222
100 66
100 155
100 61
100 69
100 143
100 160
100 21
100 49
100 1
100 123
100 546
100 62
100 24
100 313
100 426
100 235
100 64
100 40
100 45
100 47
100 70
100 6
100 77
100 89
100 776
100 23
100 99
100 0
100 56
100 253
100 46
100 4
100 148
100 37
100 108
100 5
100 207
100 131
100 294
100 27
100 295
100 214
100 38
100 8
100 22
100 9
100 171
100 140
100 40
100 26
100 191
100 172
100 10
100 334
100 335
100 9
100 248
100 192
100 33
100 116
100 28
100 188
100 109
100 90
100 153
100 9
100 406
100 307
100 73
100 86
100 92
100 134
100 82
100 33
100 262
100 8
100 49
100 88
100 35
100 205
100 184
100 140
100 184
100 39
100 478
100 398
100 318
100 160
100 37
100 235
100 53
100 107
100 19
100 41
100 11
100 108
100 28
100 136
100 188
100 285
100 112
100 28
100 325
100 270
100 56
100 66
100 355
100 165
100 83
100 71
100 285
100 245
100 13
100 6
100 47
100 317
100 74
100 142
100 28
100 78
100 310
100 89
100 112
100 261
100 90
100 302
100 286
100 47
100 48
100 26
100 100
100 24
100 54
100 100
100 221
100 19
100 332
100 62
100 117
100 134
100 36
100 48
100 2
100 51
100 160
100 76
100 106
100 97
100 309
100 28
100 65
100 299
100 58
100 166
100 12
100 85
100 206
100 186
100 188
100 151
100 18
100 232
100 2
100 131
100 693
100 45
100 305
100 74
100 110
100 199
100 167
100 60
100 51
100 42
100 186
100 25
100 27
100 122
100 208
100 47
100 54
100 293
100 471
100 116
100 134
100 44
100 4
100 91
100 198
100 101
100 72
100 126
100 6
100 71
100 37
100 56
100 518
100 62
100 249
100 299
100 38
100 108
100 206
100 220
100 98
100 54
100 66
100 472
100 46
100 148
100 142
100 302
100 142
100 423
100 35
100 35
100 189
100 27
100 87
100 121
100 21
100 112
100 0
100 14
100 98
100 39
100 26
100 53
100 242
100 7
100 31
100 291
100 54
100 57
100 80
100 37
100 12
100 61
100 9
100 9
100 126
100 93
100 133
100 44
100 240
100 26
100 57
100 68
100 119
100 9
100 313
100 97
100 217
100 190
100 161
100 231
100 16
100 208
100 373
100 37
100 35
100 11
100 2
100 24
100 7
100 223
100 61
100 130
100 1026
100 0
100 268
100 28
100 4
100 107
100 9
100 110
100 56
100 0
100 38
100 11
100 51
100 20
100 39
100 168
100 238
100 11
100 51
100 234
100 37
100 13
100 140
100 214
100 509
100 207
100 61
100 75
100 80
100 124
100 19
100 356
100 32
100 0
100 134
100 13
100 24
100 61
100 21
100 153
100 39
100 180
100 180
100 67
100 171
100 13
100 62
100 15
100 34
100 209
100 89
100 44
100 7
100 90
100 124
100 201
100 184
100 27
100 147
100 16
100 274
100 124
100 54
100 14
100 19
100 44
100 75
100 52
100 10
100 83
100 117
100 496
100 235
100 151
100 90
100 23
100 360
100 5
100 64
100 80
100 0
100 101
100 143
100 76
100 10
100 151
100 136
100 430
100 112
100 83
100 566
100 47
100 216
100 185
100 182
100 511
100 74
100 88
100 171
100 16
100 302
100 15
100 16
100 225
100 40
100 93
100 12
100 19
100 68
100 18
100 107
100 11
100 32
100 298
100 105
100 39
100 105
100 69
100 844
100 3
100 43
100 74
100 98
100 309
100 18
100 2
100 179
100 132
100 74
100 31
100 74
100 38
100 83
100 201
100 10
100 51
100 109
100 330
100 32
100 63
100 94
100 14
100 5
100 2
100 142
100 1
100 23
100 41
100 176
100 0
100 117
100 98
100 58
100 60
100 16
100 84
100 25
100 104
100 308
100 138
100 57
100 69
100 28
100 6
100 73
100 54
100 25
100 166
100 71
100 26
100 259
100 118
100 47
100 235
100 23
100 52
100 18
100 22
100 227
100 211
100 73
100 86
100 34
100 192
100 27
100 46
100 889
100 8
100 3
100 479
100 136
100 129
100 50
100 409
100 185
100 94
100 54
100 7
100 186
100 90
100 156
100 257
100 35
100 105
100 28
100 97
100 547
100 118
100 101
100 31
100 76
100 235
100 95
100 20
100 202
100 93
100 13
100 201
100 51
100 95
100 18
100 188
100 51
100 26
100 158
100 197
100 50
100 147
100 79
100 63
100 154
100 17
100 22
100 74
100 203
100 30
100 17
100 179
100 8
100 100
100 304
100 83
100 268
100 99
100 97
100 300
100 377
100 526
100 175
100 19
100 64
100 27
100 1
100 291
100 155
100 1
100 70
100 91
100 86
100 212
100 7
100 11
100 48
100 60
100 90
100 279
100 52
100 85
100 37
100 189
100 24
100 126
100 62
100 89
100 137
100 9
100 273
100 221
100 177
100 49
100 330
100 434
100 5
100 209
100 52
100 83
100 108
100 646
100 60
100 340
100 72
100 216
100 47
100 201
100 208
100 15
100 161
100 41
100 158
100 151
100 118
100 411
100 49
100 321
100 153
100 143
100 70
100 48
100 2
100 34
100 166
100 66
100 53
100 97
100 24
100 39
100 66
100 275
100 5
100 20
100 52
100 65
100 109
100 335
100 26
100 213
100 86
100 168
100 2
100 115
100 44
100 47
100 42
100 5
100 205
100 108
100 149
100 4
100 240
100 24
100 61
100 86
100 53
100 91
100 2
100 85
100 33
100 230
100 10
100 123
100 309
100 211
100 515
100 167
100 98
100 27
100 217
100 168
100 118
100 15
100 93
100 64
100 449
100 1
100 69
100 21
100 55
100 427
100 2
100 14
100 195
100 89
100 126
100 210
100 253
100 151
100 9
100 101
100 157
100 33
100 197
100 89
100 1
100 33
100 472
100 162
100 622
100 46
100 67
100 10
100 174
100 10
100 81
100 92
100 9
100 112
100 153
100 87
100 4
100 8
100 36
100 322
100 83
100 211
100 25
100 99
100 47
100 166
100 136
100 126
100 45
100 277
100 115
100 56
100 47
100 159
100 13
100 95
100 65
100 118
100 131
100 109
100 62
100 292
100 372
100 45
100 169
100 23
100 59
100 72
100 17
100 164
100 2
100 121
100 172
100 25
100 76
100 119
100 548
100 450
100 175
100 14
100 34
100 97
100 39
100 105
100 2
100 201
100 197
100 117
100 22
100 45
100 31
100 250
100 76
100 42
100 619
100 156
100 53
100 52
100 40
100 34
100 306
100 13
100 320
100 14
100 61
100 73
100 160
100 28
100 25
100 70
100 161
100 74
100 244
100 150
100 50
100 4
100 36
100 89
100 199
100 25
100 388
100 173
100 60
100 83
100 437
100 1
100 97
100 82
100 279
100 99
100 8
100 12
100 80
100 390
100 154
100 102
100 302
100 108
100 135
100 139
100 9
100 132
100 156
100 16
100 132
100 66
100 92
100 130
100 221
100 7
100 106
100 74
100 211
100 233
100 372
100 8
100 173
100 156
100 43
100 105
100 89
100 64
100 19
100 49
100 99
100 147
100 162
100 16
100 94
100 20
100 258
100 142
100 84
100 100
100 83
100 42
100 2
100 144
100 16
100 18
100 11
100 112
100 33
100 6
100 38
100 261
100 59
100 102
100 182
100 3
100 38
100 287
100 35
100 266
100 473
100 287
100 99
100 146
100 217
100 33
100 26
100 239
100 8
100 138
100 320
100 333
100 51
100 110
100 1
100 278
100 126
100 107
100 54
100 47
100 201
100 63
100 176
100 149
100 7
100 65
100 177
100 102
100 132
100 91
100 73
100 41
100 90
100 45
100 216
100 12
100 7
100 113
100 113
100 101
100 50
100 140
100 0
100 52
100 106
100 185
100 41
100 200
100 6
100 80
100 324
100 210
100 3
100 17
100 1
100 99
100 196
100 64
100 120
100 40
100 11
100 0
100 200
100 181
100 60
100 89
100 55
100 109
100 119
100 115
100 462
100 73
100 200
100 33
100 409
100 43
100 15
100 7
100 102
100 70
100 123
100 430
100 84
100 66
100 13
100 165
100 96
100 18
100 114
100 323
100 67
100 153
100 52
100 29
100 25
100 37
100 82
100 25
100 110
100 159
100 44
100 219
100 54
100 263
100 26
100 119
100 428
100 73
100 5
100 7
100 36
100 77
100 14
100 11
100 286
100 0
100 212
100 33
100 14
100 2
100 27
100 27
100 17
100 0
100 30
100 118
100 286
100 152
100 10
100 134
100 242
100 13
100 148
100 154
100 52
100 327
100 10
100 101
100 210
100 56
100 213
100 6
100 91
100 115
100 132
100 51
100 230
100 58
100 144
100 84
100 7
100 49
100 206
100 212
100 20
100 78
100 118
100 100
100 303
100 447
100 86
100 224
100 4
100 144
100 18
100 16
100 185
100 208
100 193
100 95
100 148
100 50
100 39
100 14
100 43
100 518
100 29
100 23
100 169
100 180
100 29
100 140
100 139
100 14
100 47
100 220
100 128
100 78
100 34
100 132
100 123
100 2
100 126
100 16
100 18
100 15
100 121
100 69
100 7
100 10
100 94
100 202
100 199
100 11
100 141
100 2
100 221
100 91
100 67
100 69
100 5
100 50
100 22
100 318
100 5
100 72
100 64
100 174
100 254
100 19
100 17
100 66
100 145
100 76
100 266
100 14
100 124
100 35
100 410
100 49
100 92
100 92
100 85
100 46
100 331
100 12
100 200
100 140
100 96
100 89
100 240
100 46
100 37
100 97
100 158
100 282
100 6
100 252
100 55
100 195
100 405
100 108
100 229
100 82
100 529
100 513
100 52
100 24
100 25
100 276
100 24
100 43
100 151
100 84
100 238
100 391
100 261
100 96
100 269
100 77
100 48
100 38
100 82
100 56
100 285
100 230
100 36
100 122
100 35
100 147
100 158
100 3
100 37
100 107
100 156
100 6
100 47
100 217
100 309
100 75
100 67
100 287
100 40
100 1
100 9
100 91
100 110
100 8
100 49
100 166
100 20
100 287
100 68
100 146
100 38
100 319
100 21
100 94
100 18
100 83
100 15
100 106
100 24
100 376
100 196
100 214
100 405
100 136
100 253
100 51
100 42
100 99
100 57
100 133
100 2
100 239
100 55
100 39
100 7
100 11
100 33
100 6
100 107
100 3
100 101
100 79
100 46
100 223
100 137
100 30
100 766
100 44
100 291
100 39
100 83
100 133
100 16
100 76
100 19
100 291
100 70
100 29
100 256
100 62
100 24
100 49
100 244
100 87
100 133
100 217
100 122
100 158
100 87
100 103
100 30
100 25
100 215
100 154
100 93
100 78
100 33
100 82
100 77
100 14
100 30
100 268
100 168
100 80
100 133
100 73
100 112
100 181
100 19
100 48
100 329
100 62
100 144
100 226
100 28
100 2
100 57
100 62
100 153
100 75
100 210
100 132
100 350
100 244
100 192
100 47
100 39
100 156
100 353
100 51
100 24
100 25
100 125
100 95
100 163
100 181
100 44
100 89
100 16
100 29
100 158
100 75
100 167
100 338
100 4
100 91
100 43
100 22
100 9
100 55
100 178
100 121
100 25
100 155
100 13
100 30
100 89
100 7
100 354
100 130
100 331
100 109
100 131
100 6
100 70
100 60
100 1
100 3
100 29
100 165
100 384
100 59
100 35
100 384
100 65
100 23
100 84
100 37
100 18
100 12
100 29
100 18
100 193
100 178
100 22
100 17
100 1
100 299
100 110
100 43
100 56
100 292
100 58
100 272
100 271
100 195
100 35
100 4
100 95
100 134
100 37
100 1
100 145
100 114
100 151
100 22
100 39
100 18
100 9
100 42
100 115
100 49
100 77
100 196
100 78
100 37
100 51
100 50
100 121
100 117
100 99
100 10
100 77
100 14
100 89
100 39
100 301
100 11
100 167
100 212
100 149
100 45
100 183
100 37
100 114
100 95
100 35
100 233
100 294
100 60
100 351
100 0
100 87
100 162
100 11
100 150
100 16
100 45
100 392
100 120
100 9
100 288
100 278
100 215
100 48
100 11
100 275
100 66
100 575
100 103
100 148
100 5
100 57
100 39
100 5
100 7
100 67
100 47
100 98
100 264
100 257
100 192
100 110
100 343
100 208
100 279
100 239
100 204
100 88
100 115
100 2
100 95
100 20
100 76
100 72
100 76
100 48
100 33
100 164
100 66
100 46
100 62
100 27
100 4
100 73
100 151
100 76
100 139
100 341
100 44
100 30
100 101
100 6
100 173
100 33
100 423
100 233
100 321
100 42
100 141
100 10
100 17
100 102
100 18
100 1
100 83
100 54
100 163
100 19
100 90
100 275
100 88
100 383
100 30
100 61
100 142
100 82
100 88
100 77
100 71
100 10
100 35
100 24
100 8
100 27
100 140
100 140
100 74
100 130
100 368
100 19
100 165
100 161
100 83
100 27
100 124
100 257
100 32
100 13
100 385
100 94
100 137
100 7
100 168
100 77
100 159
100 209
100 133
100 140
100 47
100 43
100 45
100 128
100 175
100 25
100 35
100 6
100 124
100 5
100 44
100 141
100 183
100 4
100 22
100 151
100 166
100 202
100 63
100 84
100 10
100 219
100 76
100 97
100 5
100 82
100 154
100 177
100 112
100 217
100 357
100 40
100 105
100 18
100 266
100 92
100 41
100 39
100 96
100 78
100 17
100 206
100 235
100 177
100 74
100 225
100 17
100 10
100 31
100 65
100 70
100 89
100 18
100 42
100 1
100 135
100 13
100 166
100 133
100 54
100 283
100 206
100 114
100 66
100 5
100 17
100 104
100 208
100 32
100 27
100 386
100 15
100 20
100 71
100 116
100 36
100 40
100 15
100 74
100 131
100 28
100 14
100 310
100 127
100 71
100 290
100 56
100 50
100 36
100 93
100 19
100 72
100 9
100 23
100 210
100 81
100 222
100 91
100 21
100 6
100 39
100 63
100 168
100 138
100 21
100 76
100 173
100 114
100 105
100 282
100 31
100 45
100 70
100 220
100 12
100 93
100 62
100 87
100 1
100 76
100 173
100 55
100 79
100 471
100 18
100 92
100 0
100 114
100 24
100 12
100 1
100 167
100 198
100 26
100 106
100 237
100 3
100 371
100 29
100 40
100 20
100 252
100 9
100 129
100 231
100 33
100 478
100 52
100 206
100 476
100 0
100 321
100 2
100 89
100 5
100 25
100 56
100 21
100 159
100 76
100 94
100 238
100 90
100 39
100 160
100 66
100 41
100 253
100 25
100 70
100 404
100 249
100 46
100 104
100 13
100 77
100 84
100 141
100 27
100 24
100 349
100 117
100 32
100 51
100 221
100 90
100 4
100 18
100 96
100 6
100 148
100 307
100 147
100 135
100 49
100 11
100 78
100 28
100 160
100 24
100 1
100 0
100 70
100 27
100 58
100 82
100 4
100 79
100 227
100 184
100 30
100 6
100 95
100 2
100 62
100 24
100 46
100 64
100 152
100 139
100 81
100 152
100 288
100 84
100 99
100 43
100 160
100 157
100 149
100 317
100 64
100 36
100 39
100 51
100 36
100 20
100 26
100 0
100 86
100 43
100 39
100 297
100 172
100 6
100 24
100 99
100 55
100 122
100 63
100 196
100 195
100 63
100 6
100 100
100 16
100 61
100 117
100 177
100 299
100 94
100 138
100 309
100 13
100 43
100 46
100 38
100 85
100 108
100 24
100 94
100 29
100 0
100 0
100 81
100 3
100 87
100 41
100 31
100 54
100 581
100 29
100 25
100 239
100 204
100 26
100 104
100 99
100 37
100 280
100 25
100 31
100 25
100 23
100 49
100 107
100 211
100 145
100 27
100 3
100 4
100 152
100 24
100 118
100 136
100 5
100 118
100 47
100 10
100 121
100 67
100 217
100 141
100 265
100 16
100 128
100 45
100 54
100 4
100 113
100 26
100 151
100 41
100 24
100 61
100 94
100 119
100 185
100 217
100 70
100 516
100 111
100 247
100 108
100 182
100 33
100 14
100 133
100 50
100 75
100 37
100 5
100 187
100 64
100 77
100 61
100 43
100 282
100 53
100 61
100 148
100 150
100 88
100 834
100 25
100 189
100 56
100 12
100 33
100 372
100 45
100 4
100 17
100 120
100 105
100 6
100 3
100 0
100 47
100 180
100 139
100 13
100 52
100 225
100 21
100 24
100 0
100 38
100 30
100 146
100 118
100 180
100 43
100 191
100 3
100 332
100 48
100 86
100 179
100 31
100 143
100 4
100 31
100 103
100 63
100 7
100 95
100 103
100 18
100 177
100 104
100 136
100 77
100 47
100 66
100 104
100 2
100 91
100 152
100 101
100 26
100 93
100 323
100 27
100 10
100 37
100 21
100 47
100 50
100 124
100 37
100 4
100 72
100 79
100 339
100 12
100 52
100 17
100 5
100 2
100 285
100 122
100 269
100 99
100 66
100 97
100 132
100 267
100 43
100 18
100 226
100 35
100 62
100 10
100 177
100 45
100 414
100 194
100 28
100 7
100 50
100 21
100 524
100 60
100 295
100 258
100 1
100 8
100 122
100 308
100 373
100 90
100 86
100 412
100 20
100 122
100 74
100 92
100 43
100 53
100 15
100 136
100 257
100 78
100 19
100 65
100 145
100 145
100 400
100 46
100 39
100 90
100 428
100 555
100 38
100 193
100 45
100 65
100 88
100 89
100 169
100 5
100 32
100 197
100 11
100 387
100 67
100 63
100 145
100 5
100 110
100 16
100 37
100 30
100 70
100 25
100 138
100 202
100 11
100 110
100 27
100 1
100 122
100 277
100 20
100 35
100 178
100 301
100 83
100 32
100 199
100 38
100 62
100 50
100 170
100 19
100 245
100 8
100 252
100 7
100 66
100 10
100 52
100 28
100 51
100 201
100 4
100 234
100 40
100 4
100 277
100 30
100 44
100 4
100 274
100 34
100 31
100 64
100 63
100 97
100 99
100 155
100 92
100 213
100 231
100 357
100 146
100 272
100 66
100 52
100 10
100 120
100 233
100 87
100 11
100 111
100 155
100 100
100 50
100 109
100 164
100 52
100 294
100 46
100 126
100 85
100 131
100 271
100 304
100 287
100 13
100 164
100 84
100 136
100 48
100 63
100 132
100 78
100 105
100 82
100 4
100 55
100 81
100 38
100 152
100 318
100 155
100 94
100 29
100 358
100 200
100 333
100 60
100 75
100 19
100 244
100 239
100 6
100 8
100 109
100 17
100 168
100 330
100 115
100 46
100 89
100 238
100 34
100 266
100 107
100 75
100 23
100 122
100 9
100 32
100 169
100 23
100 84
100 40
100 90
100 112
100 44
100 160
100 45
100 298
100 237
100 19
100 624
100 26
100 187
100 31
100 208
100 40
100 52
100 34
100 57
100 73
100 56
100 116
100 14
100 13
100 88
100 75
100 4
100 338
100 219
100 58
100 15
100 14
100 124
100 42
100 15
100 16
100 106
100 19
100 231
100 7
100 115
100 67
100 195
100 177
100 18
100 36
100 139
100 3
100 144
100 32
100 414
100 182
100 3
100 197
100 124
100 16
100 43
100 5
100 1
100 55
100 72
100 312
100 8
100 22
100 59
100 104
100 17
100 11
100 13
100 103
100 318
100 37
100 74
100 119
100 123
100 248
100 155
100 245
100 31
100 16
100 108
100 153
100 68
100 138
100 20
100 267
100 49
100 314
100 48
100 18
100 32
100 14
100 116
100 151
100 15
100 35
100 138
100 193
100 84
100 187
100 52
100 0
100 24
100 47
100 2
100 427
100 112
100 118
100 136
100 458
100 27
100 59
100 33
100 191
100 115
100 75
100 1
100 40
100 0
100 79
100 7
100 20
100 54
100 101
100 84
100 13
100 102
100 2
100 149
100 69
100 80
100 41
100 97
100 409
100 247
100 69
100 13
100 58
100 33
100 44
100 244
100 94
100 101
100 27
100 48
100 34
100 33
100 71
100 74
100 369
100 25
100 131
100 90
100 132
100 200
100 153
100 57
100 32
100 14
100 7
100 149
100 10
100 129
100 174
100 27
100 109
100 14
100 195
100 360
100 42
100 5
100 55
100 136
100 9
100 8
100 13
100 189
100 78
100 12
100 51
100 18
100 39
100 146
100 110
100 29
100 54
100 174
100 150
100 80
100 29
100 8
100 267
100 84
100 53
100 50
100 151
100 58
100 79
100 297
100 6
100 93
100 440
100 31
100 42
100 105
100 78
100 67
100 35
100 244
100 35
100 50
100 376
100 103
100 98
100 243
100 204
100 2
100 188
100 74
100 1169
100 277
100 120
100 1
100 172
100 132
100 274
100 161
100 6
100 12
100 7
100 47
100 83
100 267
100 37
100 26
100 381
100 57
100 135
100 169
100 58
100 50
100 98
100 176
100 67
100 9
100 13
100 315
100 32
100 76
100 42
100 433
100 195
100 564
100 31
100 18
100 33
100 115
100 23
100 90
100 34
100 198
100 23
100 92
100 0
100 79
100 0
100 15
100 321
100 3
100 63
100 94
100 312
100 117
100 43
100 61
100 48
100 278
100 35
100 262
100 46
100 42
100 184
100 256
100 145
100 6
100 400
100 97
100 132
100 42
100 46
100 231
100 195
100 121
100 32
100 146
100 16
100 500
100 16
100 4
100 34
100 66
100 18
100 98
100 67
100 40
100 31
100 229
100 148
100 145
100 148
100 225
100 196
100 170
100 254
100 338
100 107
100 39
100 0
100 254
100 38
100 149
100 373
100 33
100 309
100 1
100 80
100 150
100 13
100 45
100 5
100 2
100 17
100 322
100 99
100 69
100 81
100 78
100 497
100 208
100 128
100 319
100 102
100 168
100 80
100 290
100 23
100 146
100 450
100 136
100 17
100 84
100 50
100 496
100 226
100 1
100 61
100 1
100 109
100 178
100 893
100 0
100 59
100 139
100 114
100 10
100 52
100 116
100 67
100 119
100 86
100 418
100 270
100 9
100 42
100 325
100 10
100 40
100 98
100 68
100 53
100 22
100 37
100 40
100 161
100 10
100 5
100 519
100 5
100 114
100 43
100 65
100 195
100 98
100 28
100 238
100 19
100 162
100 20
100 27
100 40
100 39
100 253
100 88
100 2
100 477
100 282
100 129
100 235
100 19
100 51
100 116
100 58
100 171
100 6
100 78
100 147
100 291
100 86
100 170
100 228
100 204
100 45
100 42
100 26
100 23
100 92
100 45
100 368
100 70
100 58
100 117
100 7
100 538
100 56
100 199
100 8
100 194
100 54
100 121
100 56
100 11
100 247
100 194
100 23
100 36
100 19
100 206
100 141
100 9
100 198
100 349
100 94
100 17
100 189
100 43
100 14
100 76
100 32
100 46
100 8
100 135
100 0
100 3
100 33
100 74
100 20
100 2
100 20
100 459
100 70
100 11
100 208
100 265
100 54
100 6
100 11
100 19
100 7
100 6
100 32
100 104
100 227
100 37
100 215
100 143
100 122
100 69
100 127
100 72
100 170
100 12
100 158
100 287
100 96
100 21
100 234
100 153
100 11
100 27
100 66
100 1
100 22
100 3
100 2
100 7
100 145
100 73
100 184
100 7
100 22
100 10
100 62
100 174
100 18
100 273
100 281
100 103
100 70
100 106
100 273
100 33
100 484
100 12
100 3
100 546
100 32
100 99
100 267
100 49
100 11
100 151
100 167
100 13
100 204
100 98
100 151
100 437
100 4
100 8
100 79
100 400
100 23
100 336
100 217
100 77
100 90
100 94
100 65
100 0
100 37
100 120
100 161
100 302
100 144
100 173
100 26
100 416
100 21
100 76
100 19
100 118
100 189
100 60
100 286
100 9
100 20
100 25
100 11
100 45
100 399
100 76
100 11
100 100
100 481
100 28
100 241
100 146
100 24
100 172
100 555
100 51
100 40
100 176
100 170
100 110
100 64
100 298
100 167
100 48
100 139
100 320
100 133
100 249
100 40
100 67
100 124
100 105
100 100
100 40
100 570
100 22
100 83
100 35
100 17
100 15
100 220
100 50
100 119
100 70
100 148
100 156
100 189
100 15
100 12
100 101
100 611
100 199
100 322
100 27
100 27
100 134
100 126
100 59
100 352
100 121
100 14
100 180
100 181
100 50
100 129
100 66
100 1
100 2
100 95
100 12
100 33
100 157
100 143
100 0
100 17
100 34
100 107
100 268
100 9
100 20
100 70
100 15
100 17
100 35
100 74
100 12
100 40
100 264
100 124
100 51
100 187
100 70
100 125
100 15
100 13
100 44
100 104
100 176
100 112
100 270
100 49
100 27
100 88
100 153
100 75
100 340
100 155
100 179
100 180
100 37
100 62
