25 4951
25 26826
112 150
25 54767
25 125
25 75
25 5898
25 25
75 2348
25 3100
50 2904
25 50
362 21826
25 25
50 5452
25 39230
50 25
25 250
25 100
50 75
25 25
75 150
25 6681
25 4386
50 75
25 88
25 3580
50 62691
25 2875
25 25
25 175
25 150
25 250
50 105453
25 50
25 4443
25 45037
25 426
25 151
25 50
25 5044
25 1960
50 175
25 50
25 25
50 547
25 50
25 100
25 982
50 50
25 100
25 25
25 9188
25 15890
50 225
25 175
25 17297
25 200
25 100
25 8096
75 175
2917 200
75 25614
25 27812
25 25
25 175
25 594
25 25
25 25
25 25
25 2548
25 125
25 4464
243 25
150 400
25 75
25 1638
25 50
25 25
25 75
25 355
100 25
700 25
25 175
50 9733
25 175
25 75
25 175
25 225
50 25
50 25461
25 182694
26 522
25 125
50 300
50 75
25 175
25 376
25 50
25 240
25 50
100 25
25 25
25 75
25 25
25 25
100 25
25 175
25 293
125 75
25 25
25 150
25 75
75 175
25 150
25 58773
25 75
50 1103
75 25
50 13029
25 60
25 50
531 75
25 47624
50 2212
25 75
25 8043
25 75
25 2272
75 14353
25 2286
25 12030
50 25
50 275
25 269
25 175
25 1033
25 17566
25 25
25 75
125 39912
25 150
25 75
50 50
25 150
25 175
50 1474
25 50
50 150
25 59
150 551
25 75
75 25
178 175
50 50
25 26591
50 100
250 100
50 890
50 175
125 208
50 2200
25 224
25 75
75 125
25 9817
25 175
25 50
25 50
75 351
25 946
100 100
25 74276
50 50
25 50
75 75
340 175
75 5814
165 25
25 150
25 75
25 50
25 401
25 5242
25 50
25 11372
25 175
25 150
50 25
25 75
25 14982
25 96
50 25
25 1284
25 25
100 4565
711 1407
25 22156
25 200
25 150
427 25
25 9282
25 25
280 25
125 25
25 150
25 100
25 23413
25 43399
50 25
25 75
25 17185
25 25
25 3283
50 100
25 50
25 401
25 25
25 3041
25 25
25 50
25 75
75 100
25 50
25 493
25 75
25 5120
50 1049
25 100
50 75
50 426
25 175
25 889
25 1196
25 50
100 326
25 75
25 203
25 3993
25 25
25 150
25 31872
29 50
25 175
25 50
25 88774
50 75
25 430
25 18790
25 1168
25 50
75 275
25 13853
25 203
25 13658
75 75
25 188
75 75
25 2324
75 5637
50 50
125 75
25 150
25 25
25 150
50 26091
25 53010
25 100
25 25
25 75
25 125
25 11720
25 150
150 150
25 50
25 125
75 75
354 16159
25 50
25 225
25 25
25 4105
25 23680
125 175
75 175
100 100
25 562
50 50
25 200
150 9446
25 75
25 75
25 250
75 25
25 175
50 25
25 104
50 150
25 326
25 50
25 225
50 126
25 100
25 22712
50 33355
25 276
25 75
25 30455
25 75
25 1217
50 1317
25 8199
25 25
25 73572
25 50
25 13500
25 2146
25 50
25 476
25 12287
25 175
25 25
25 175
50 276
100 310
25 150
25 5348
25 150
25 125
25 40520
50 25
50 4743
25 75
50 50
25 75
95 125
74 150
25 125
75 30625
25 676
25 27054
75 175
25 75
25 49435
25 2215
403 78
221 61656
25 50
25 50
25 25
25 75
50 75
25 100
25 175
33 100
25 175
100 75
25 100
25 214
50 914
25 24896
41 150
25 2769
50 250
25 175
75 50
100 75
25 25
50 7998
50 75
50 75
25 50
50 14865
75 1328
25 100
72 25
25 75
75 9399
25 5070
50 75
25 75
25 451
25 10740
25 100
25 25
50 50
25 100
50 1645
55 75
25 19210
25 75
25 100
25 175
25 125
75 25
25 25
25 25
75 676
25 25
25 150
25 3628
25 701
25 25
25 50
50 1870
25 50
50 175
75 25
75 50
100 200
25 50
50 25
25 50
45 50
25 50
75 20643
100 25
25 50
25 1191
25 100
75 75
25 130401
25 75
50 2842
25 3686
100 150
34 150
50 200
50 50
25 175
25 50
100 200
25 180
25 18622
100 8071
25 75
25 25
4335 254
50 949
25 75
75 50
49 12061
25 1880
50 25
50 175
25 150
25 4555
25 50
50 200
25 50
50 376
25 50
100 75
25 75
25 50
25 75
25 796
150 125
50 25
25 33919
25 75
25 127
125 75
75 25
50 17782
25 50
75 150
25 25
25 48116
25 31688
25 1762
50 75
25 175
25 50
25 6658
125 50
25 150
25 52932
25 50
25 98
50 33
25 13006
125 50
25 302
25 50
25 25
75 125
25 3521
242 29845
25 37427
25 250
25 150
50 192
100 175
25 50
25 25
25 1305
25 81
50 50
150 505
25 175
200 2050
25 644
25 422
50 11071
50 31628
25 25
50 8110
25 25
25 150
50 75
25 9025
25 15586
25 2028
25 110328
25 45788
50 68160
25 79
25 75
25 300
25 25
25 279
50 31147
50 175
25 7963
25 25
75 912
25 25
50 175
25 200
25 91
125 50
25 18063
25 200
75 175
25 15164
25 50
50 25
50 116
25 7091
25 247
25 15318
50 100
25 50
75 122370
25 100
25 2493
25 25
50 75
75 28
25 1301
100 25
25 25
75 7270
25 4781
25 1019
25 50
25 150
25 75
100 427
25 125
25 250
150 57267
25 75
25 5712
100 50
25 150
25 100
25 130
25 50
25 125
25 25
25 25
25 125
25 25
25 40751
25 176
25 33503
25 75
50 25
25 175
25 115169
25 25
25 16786
25 50
25 107984
25 75
25 225
25 175
394 75
25 225
25 2712
150 150
25 25
25 89
25 82
25 8164
25 9868
50 79
25 64
25 2679
25 125
25 75
25 25
25 18434
50 81
50 100
25 276
25 50
25 526
75 50
50 1882
25 49
25 75
100 175
25 50
25 50
50 75
25 50
25 175
25 50
25 551
50 50
50 50
25 219681
25 1014
75 100
25 25
25 551
25 38363
100 350
25 75
25 12181
25 150
25 75
25 815
50 65
25 75
25 125
25 50
25 23996
25 175
50 39
50 100
25 25
25 11898
75 25
25 1463
25 250
75 175
25 75
25 1760
50 35599
50 100
25 150
100 175
50 50
25 50
225 857
25 200
25 326
25 25
25 75
25 100
75 476
25 529
50 6322
25 150
50 1626
25 1104
25 75
25 25
25 125
50 34416
25 75
25 175
25 5922
25 25
25 75
50 25
25 175
25 50
25 1468
75 50
25 5559
192 200
1344 25
25 1332
25 429
75 25
25 301
25 100
50 75
75 25
25 6387
25 232
25 175
50 200
75 44297
25 75
50 11890
25 230
25 125
25 100
25 150
25 25
25 75
225 25
25 25
25 75
1216 1064
75 726
50 150
100 25
25 150
25 25
50 225
25 244
315 75
25 25
25 75
100 75
25 65145
50 50
25 25
75 6806
25 100
25 27717
50 50
25 175
25 125
50 100
25 2528
25 100
25 4708
25 25
25 7755
25 1253
125 1867
25 50
50 75
175 175
25 4873
25 25
25 476
50 1105
25 125
50 476
25 100
52 25
25 125
50 451
50 25
50 25
25 175
25 75
25 2185
125 175
25 37171
25 4355
25 3543
75 5499
25 75
50 75
25 3204
25 1996
25 50
25 2021
25 406
50 2129
50 75
150 50
25 100
25 15359
25 4420
25 17507
50 75
25 75
50 3659
50 125
25 75
25 75
25 175
100 6209
75 50
200 100
25 197
25 25
25 90022
25 175
25 50
25 50
25 2280
25 12493
100 75
25 75
25 100
25 75
25 75
50 2560
125 12204
25 50
75 50
50 75
25 3373
25 584
25 25
75 75
75 75
50 75
25 150
25 25
25 125
25 175
25 50
75 50
25 350
25 50
50 25
25 50
25 50
75 250
25 250
25 2522
50 75
25 2207
25 6302
25 40047
25 75
25 75
50 25
25 57
25 4686
25 75
161 25
25 50
175 50
25 8394
25 125
50 51128
50 2599
25 100
50 25
50 25
25 10063
269 13690
125 5933
150 2259
25 50
75 2829
50 25
25 36784
25 25
25 75
50 50
125 150
25 75
25 75
25 50
50 12697
25 175
25 100
25 75
797 25
25 298
150 50
25 100
100 9606
25 175
25 69742
25 25
50 19308
75 17325
25 75
25 12093
25 125
25 125
25 999
25 71
25 25
25 1175
80 75
64 125
25 250
50 25
25 250
25 75
149 24712
25 100
25 50396
50 75
25 50
25 175
25 25
25 1832
25 501
50 10523
25 75
25 175
25 125
25 11539
50 200
25 275
25 25
25 75
100 23990
25 679
50 85
25 100
25 173
50 11730
75 200
25 10061
25 75
25 225
25 25
25 100
75 5182
25 8057
25 1051
25 26302
25 50
25 75
25 75
150 3649
25 25
25 3464
25 22991
25 75
50 75
150 75
50 25
25 1419
25 50
275 361
25 16123
25 100
25 12086
75 75
25 25
25 38243
25 75
50 352
25 125
25 100
25 183
175 125
25 11475
100 25
25 125
25 28060
25 150
25 25
25 100
25 25
25 6458
75 25
25 3310
25 10751
75 75
50 100
25 248
25 175
25 74
25 228
25 175
25 50
25 326
25 2276
25 200
25 75
25 150
75 25
25 11561
25 21508
25 75
27 225
25 50
25 401
25 50
25 75
25 50
25 50
25 75
25 6328
25 25
25 50
25 2167
50 4817
25 4294
25 25
25 11823
50 200
50 50
25 25
25 150
25 75
25 50
75 175
50 1731
25 1301
50 75
50 50
25 150
25 25
25 100
59 33512
50 75
25 25
25 75
25 15528
25 25
25 125
50 100
25 175
25 5992
25 100
25 175
25 50
25 100
25 25
25 7531
25 1375
25 75
25 50
50 150
25 43421
25 75
25 25
50 7647
25 75
50 353
25 50
25 100
25 275
25 175
50 376
50 150
25 7376
25 153
25 4170
25 451
25 50
25 125
25 25
25 38883
25 175
50 11898
25 6921
25 4457
25 175
25 50
75 50
25 11429
25 25
25 50
25 1142
75 41072
25 99
50 62
25 75
50 685
75 96746
50 687
50 181
25 75
25 1334
50 25
25 25
50 75
100 61968
25 476
75 3032
25 2070
25 226
25 6904
25 25
25 2273
100 205
25 25
25 277
25 5873
25 100
25 100
25 50
25 21812
50 150
25 42231
50 75
50 25
75 100
25 25
25 8899
25 50
100 822
25 25
25 1543
25 75
25 25
25 100
100 58
50 49
25 125
25 20130
25 25
25 75
25 1385
25 3054
25 25
25 50
25 125
25 75
50 2307
25 1689
50 75
75 4810
75 75
75 50
25 100
25 10461
54 100
25 849
25 275
50 8246
50 175
25 50
25 726
25 1333
25 25
25 25
50 150
25 25
25 601
25 100
25 40
25 75
225 626
25 8062
25 175
25 200
25 2087
50 100
25 50
25 75
25 75
25 100
25 50
25 75
25 86827
25 167
25 175
25 100
25 376
25 1224
50 425
50 2276
25 461
100 75
25 75
50 9952
226 133
25 75
25 50
50 25
50 25602
25 50
25 17185
100 75
25 75
25 75
75 25
25 1893
75 726
25 25
25 250
25 25
25 2880
213 100
50 25
50 25
50 75
25 44889
25 376
29 150
25 20032
75 3687
25 323
150 25
75 125
27 25
25 50
50 401
25 75
25 50
25 25
25 200
25 216
54 75
25 100
25 75
50 626
25 546
25 50
75 75
25 50
25 126
25 25
25 50
25 150
25 150
25 125
25 175
25 225
25 25
25 13288
25 2456
25 538
50 55839
75 747
25 25
25 275
25 50
25 75
25 25
50 75
125 17372
25 150
25 2603
25 150
25 125
25 175
25 6999
25 150
25 14357
25 22205
25 133
25 1794
25 25
75 25
25 200
50 25
25 79
25 75
25 25
25 4549
25 17977
150 175
25 1704
25 32588
25 175
50 75
75 50
25 100
25 604
25 50
50 25
75 25
25 125
25 75
50 50
50 1418
25 60
25 545
50 2471
75 50
25 50
100 125
25 5144
225 50
125 75
25 150
25 40572
25 50
25 75
50 251
75 150
25 25
50 25
25 25
75 175
175 75
25 25
25 6435
25 25
25 100
25 100
125 50
50 50
125 6699
25 50
25 3723
25 50
25 125
25 175
25 175
25 150
25 175
25 300
25 75
25 275
25 225
50 25
25 75
25 582
25 75
25 5213
75 46985
50 100
25 42133
25 25
25 125
75 214
25 50
25 51
50 25
25 50
50 50
50 383
50 375
25 75
299 100
25 469
50 175
25 22555
25 50
25 75
75 25
125 50
25 11376
25 25
50 50
25 175
25 75
25 75
25 50
225 25
25 13654
75 50
25 808
25 75
25 516
25 75
125 300
43 451
75 75
25 75
75 50
25 130238
50 100
75 125
25 1758
75 702
25 18286
25 175
50 150
105 26472
50 25
25 75
75 50
150 25
75 451
25 1273
50 250
50 20477
25 50
25 8517
125 613
25 230
25 100
25 50
175 75
75 50
50 55
25 25
75 7540
25 350
25 9395
25 2391
25 75
25 11007
25 175
75 200
25 50
50 2612
25 25
25 25
25 175
25 100
75 175
75 1958
25 75
25 75
25 25
25 7514
25 25
50 2754
50 50
25 25
25 576
25 75
25 9187
100 118
25 376
50 6759
50 50
50 70103
75 1836
25 33278
25 175
25 75
25 75
75 100
25 25
225 246
25 50
25 75
50 26569
25 75
25 50
602 175
25 737
25 376
25 50
25 576
150 299
25 150
25 10741
125 50
50 150
25 726
25 8556
25 9563
50 2955
25 50
26 75
50 75
25 325
50 25120
287 50
25 325
50 14902
50 100
75 957
125 50
25 150
25 75
25 125
25 21846
25 75
25 75
25 125
25 27
25 175
25 75
25 25
25 150
50 75
75 25
125 100
25 16932
25 100
25 75
75 5598
25 25
75 150
25 30716
25 526
25 6326
25 75
25 125
25 21714
25 1105
25 63372
100 150
25 1019
50 125
477 13633
100 25
25 7592
25 25
25 25
50 141
25 25
50 877
25 150
75 75
50 25
50 125
25 1135
25 25
25 13163
2715 7882
50 326
25 50
25 125
50 100
50 428
25 100
25 150
25 50
25 15465
125 125
50 25
25 1426
25 75
25 25
25 22316
25 6392
25 540
25 25
80 14634
25 14968
25 175
50 999
75 75
25 30795
25 7732
50 150
25 100
25 50
25 50
25 562
25 2950
31 25
25 25
25 25
25 25
25 39102
25 13587
50 25
25 200
25 175
25 50
25 150
25 75
150 397
25 50
25 75
50 200
25 95
40 75
50 50
150 11936
25 50
25 225
25 25
25 125
50 75
25 10499
150 150
25 76
25 22472
25 100
25 175
25 150
50 694
25 150
25 25
50 21650
50 25
25 1768
54 13287
50 3063
25 125812
50 59479
100 3375
25 75
50 75
25 150
25 100
25 50
303 50
25 75
75 150
25 13867
25 20494
25 50
75 100
25 6879
50 50
25 401
25 200
50 50
25 18151
25 25
75 25
25 50
25 5984
125 1881
25 25
25 39245
25 200
25 1962
25 100
25 526
125 75
100 225
25 3618
75 7873
50 25
100 75
25 24249
25 25
50 150
25 75
25 182
25 705
175 175
25 150
25 175
25 50
50 125
25 100
25 50
25 75
25 150
50 25
25 25
25 25
25 2755
75 50
50 7648
25 25
25 18693
25 25
50 225
25 25
50 8324
50 100
25 11575
175 150
25 50
25 21785
50 50
25 75
25 50
100 326
25 2211
25 604
50 1722
50 100
25 25
25 426
50 5455
25 150
25 830
25 179
25 161
25 50
25 75
25 27249
125 175
25 207
25 50
25 25
50 6910
175 125
25 26512
25 2412
50 513
50 56
25 25
25 75
50 25
50 50
100 25
50 576
90 75
25 25
25 175
25 75
25 291
25 75
25 79
251 243
25 100
25 75
50 24623
25 75
25 228
25 150
25 5928
25 37277
25 2056
25 50
25 937
100 25
25 809
100 25
25 3753
100 100
25 79
125 50
75 4284
200 50
25 2734
50 225
150 325
25 3042
25 10971
25 100
25 25
25 255
25 4933
25 476
50 13195
75 50
25 50
50 337
25 75
50 39839
75 984
25 150
25 125
41 5992
25 2308
25 25
25 175
3107 25
25 25
25 4701
50 25
75 8586
75 25
25 3664
25 150
25 75
25 207
25 54
25 1369
50 4643
50 250
25 3046
25 25
25 50
222 4222
25 50
25 50
75 75
25 150
125 1119
25 280
75 50
25 200
25 680
50 75
75 175
25 50
288 184
25 50
25 50
25 75
25 401
25 23773
25 232
25 25
25 1472
25 50
25 651
25 125
25 276
50 150
25 150
50 50
125 25
25 125
25 50
25 50
50 75
25 6442
25 39908
25 225
25 45995
25 35255
25 75
75 50
25 25
50 50
25 200
25 3168
50 50
75 75
25 4042
25 7864
25 150
50 228
25 2086
50 150
50 25
25 100
50 5038
25 50
40 49789
25 175
25 50
75 175
25 175
225 14155
25 38635
25 75
25 40059
25 1999
50 25
25 25
25 1352
50 317
25 16612
25 1733
25 50
25 13144
50 1038
50 50
50 9351
50 50
25 25
25 137
25 881
50 59
100 2390
75 25
25 25
50 42891
25 25
50 75
50 178
25 150
25 50
25 50
25 25
25 25
25 175
50 2155
25 175
25 326
276 951
25 175
50 25
125 25
25 25
50 25
50 25
25 451
25 33268
25 230
125 643
25 50
25 25
25 25
100 25
50 4454
25 10224
25 75
50 250
175 300
25 150
25 75
25 156
25 25
25 25768
25 50
50 50
100 100
25 545
25 150
125 50
25 54652
25 25
25 1405
50 25
25 25
25 25
100 25
100 15885
75 11786
25 150
50 175
25 75
50 50
50 1230
25 4918
25 3868
25 175
75 25
25 1381
25 25
25 325
25 25
50 50
75 75
25 75
75 50
75 75
25 50
25 75
25 23894
50 50
25 353
25 50
25 25
50 7171
25 75
25 50
25 25
25 275
25 100
25 75
25 37637
54 75
25 701
100 301
25 9099
50 1137
50 251
25 2899
25 1008
75 175
25 8159
25 125
25 75
25 75
25 13894
75 58
25 125
25 41403
25 25
25 501
75 5313
50 50
25 25
50 3819
328 75
50 25
50 21538
125 12016
75 25
25 1026
25 125
25 10778
25 25
75 50
25 451
25 225
25 50
25 100
75 50
25 50
50 75
50 751
25 25
25 25
25 25
25 8135
50 75
75 25
25 50
25 3211
25 23239
62 25
50 175
100 599
25 6928
50 64
25 12964
25 7892
25 150
50 351
25 175
50 50
25 75
25 75
50 50
438 1492
25 125
25 200
25 5407
25 1526
25 1497
125 25
50 504
25 54846
25 32935
25 35292
50 25
50 25
50 75
75 25
25 31879
25 75
25 75
25 175
25 1230
25 517
25 81
50 75001
25 11742
25 100
75 92868
25 125
75 303
25 92326
25 150
25 150
50 100
25 50
50 75
25 50
761 1160
50 25
50 2778
75 50
25 125
25 15128
25 1446
25 75
50 75
25 631
50 25
25 150
25 75
25 50
25 50
25 50
50 100
25 175
25 175
50 75
50 100
25 150
214 3253
25 50
25 175
150 18400
100 50
50 1029
25 25
25 75
25 427
25 250
25 16283
25 75
25 125
50 337
25 3075
25 86
175 100
25 125
25 150
50 11484
25 175
25 50
25 19928
25 20423
25 14175
25 125
75 125
25 51601
50 25
50 25
25 411
25 86
75 75
25 75
50 150
25 25
25 4430
80 50
71 100
25 150
25 98
25 25
25 25
25 100
25 200
25 100
75 50
25 121
25 75
25 4143
75 1400
50 1528
25 401
25 25
25 13903
25 75
25 50
25 25
25 150
25 1296
25 5731
25 100
50 75
125 75
50 50
25 102584
25 50
25 50
25 25
25 150
25 75
53 75
25 100
50 25
50 150
25 28023
25 75
75 175
25 25
50 2271
25 75
25 27693
25 2041
25 326
25 25
25 50
50 7204
50 75
50 150
25 1058
50 175
50 75
25 150
50 3377
25 16523
50 651
27 150
50 58
25 45613
125 25
25 50
25 69208
25 50
75 752
50 75
25 25
50 78675
25 10655
25 30722
50 100
25 50
25 50
25 105019
25 150
50 25
25 25
75 376
25 200
25 25
25 75
30 325
25 325
25 794
25 3492
25 7658
50 25
200 14101
100 2071
25 11130
75 75
25 726
50 25
25 75
25 75
25 175
25 7295
25 175
125 25
25 25
25 25
25 3384
50 25
50 25
25 175
25 75
25 100
100 25
50 804
25 1503
25 1741
25 150
25 25
25 7718
25 75
50 25
75 175
50 50
50 25
25 65071
50 8929
25 50
75 16896
25 3342
169 3232
25 75
50 25
150 75
150 275
50 34
150 38244
50 17845
75 55325
25 25
25 42391
75 75
25 75
25 125
25 100
25 25
25 100
50 37609
25 75
150 8211
75 50
25 25
25 82463
75 7447
25 1608
25 25
25 75
75 55757
25 100
25 25
25 50
410 9541
25 50
50 77
50 135
100 200
25 50
50 50
25 275
25 75
50 29613
25 50
25 25
25 175
25 150
50 50
50 25
25 6775
25 40279
25 125
25 150
100 377
25 50
25 200
25 451
25 1124
75 50
50 5345
75 25
25 250
25 255
25 75
25 25
50 75
25 200
25 175
25 25
25 200
50 2061
25 145465
50 401
50 150
25 90987
50 176
25 3996
25 75
25 1628
25 75
25 6275
25 25
50 25
50 83
25 50
25 292
50 25
25 50
75 150
50 50
25 3787
25 100
25 25
50 75
55 175
25 125
150 175
50 11572
75 573
25 25
25 25
25 150
25 75
25 50
25 75
25 25
50 25
50 25
25 18984
25 125
25 200
25 75
50 50
25 175
25 262
25 7521
25 551
497 50
25 100
25 125
25 75
25 25
25 2311
25 100
25 50
25 100
25 50
100 3770
50 526
50 125
25 100
25 2690
25 1458
25 280
25 25
25 501
25 601
100 200
25 100
25 50
25 590
25 75
25 178
50 36112
25 50
50 220
25 25
25 25
25 75
102 50
25 25
25 50
25 25884
25 25
25 76
50 75
75 50
25 1622
25 6848
25 440
50 75
25 25
50 150
25 25
25 2208
25 41361
150 100
50 175
50 451
50 25
30 476
50 25
25 8974
25 25
25 1877
25 150
75 140
25 125
50 9312
25 4264
251 75
25 25
25 76
25 404
50 75
25 50
25 75
25 50
50 50
50 942
50 150
25 19379
25 25
25 50
25 175
50 75
25 50
50 1040
25 182
25 34683
50 2886
25 25
75 2307
50 25
25 75
25 75
125 11835
50 58360
25 8895
25 100
25 75
25 50
25 25
25 9643
25 25
25 25
25 2123
25 100
50 409
25 25
25 25
25 100
25 100
50 5386
25 50
25 25
75 14192
25 8711
25 968
75 175
25 416
25 50
25 175
50 299
25 75
25 486
25 25
25 2484
75 426
25 50
25 25
50 151
25 100
25 25
25 25
25 101
125 6540
75 25
25 17944
25 25
25 32075
25 50
25 100
25 100
25 75
25 175
25 911
25 175
25 25
25 50
25 81
189 50
50 50
50 55
25 34
50 175
25 25
25 50316
25 25
25 25
50 25
25 701
50 75
25 51
25 501
25 25
50 100
25 75
25 23499
25 50
25 2168
167 25
50 6570
25 75
25 125
50 684
25 100
50 100
25 805
25 75
50 50
25 50
254 25
50 18989
25 25
25 100
25 222
75 50
50 50
25 175
50 75
25 175
25 250
25 940
50 75
25 200
25 25
25 50
25 25
25 50
25 378
25 3198
25 75
25 100
50 42713
75 17719
25 50
75 301
25 25
25 50
100 623
25 1418
25 50
50 50
150 972
25 25
25 200
25 25
25 175
50 12963
25 74142
75 3669
25 25
25 175
25 1490
25 175
25 148
25 50
50 125
25 25
25 7903
150 75
25 25
25 50
50 2379
50 125
50 857
25 125
75 175
50 107
50 50
25 75
25 50
25 75
50 75
50 100
25 125
25 75
25 175
25 7977
50 5398
50 150
25 3256
150 177
25 175
25 75
25 75
25 250
100 219
55 94
149 551
25 11470
125 10095
75 2543
25 25
25 50
25 426
25 125
25 1118
50 100
175 50
25 75
25 2430
50 71249
25 50
50 200
50 25
25 837
25 100
25 75
25 150
25 50
50 99
50 175
25 2536
50 150
25 75
100 25
100 25
25 125
25 50
50 3950
50 25
25 501
25 100
25 25
25 175
25 18320
50 100
25 25
50 250
25 75
25 125
75 25
25 25
25 75
25 25
25 1248
25 14641
75 75
25 175
50 25
50 25
50 1614
50 25
75 626
50 3599
25 433
25 77
25 7065
25 53774
50 125
25 175
25 5578
25 781
75 175
25 78558
25 325
25 75
25 125
50 25
25 1949
25 50
25 100
25 275
25 125
50 150
25 188
75 15698
25 3763
100 50
25 50
25 75
100 25
25 150
25 2957
25 25
25 100
25 626
100 69469
151 25
25 125
25 75
25 50
25 75
25 50
25 4414
25 7621
25 75
25 9685
25 25
25 676
75 50
25 25
50 50
60 25
25 1494
75 75
25 4314
25 25
25 1241
50 50
25 50
25 50
25 25
25 50
50 50
25 297
25 26
25 75
50 150
75 50
25 100
225 50
50 100
36 77
25 50
349 2463
25 162
25 50
25 50
25 401
25 150
25 29426
50 6913
25 50
75 25
75 20098
100 125
25 50
25 840
25 25
25 150
25 75
25 25
25 25
125 25
75 275
25 139
25 80
25 400
25 100
25 75
25 25
25 50
25 50
50 14967
25 82
50 50
25 225
25 350
25 300
25 14579
75 23848
300 19684
25 18354
125 100
50 150
50 225
25 50
25 125
25 25
75 618
50 9180
75 50
25 25
25 75
28 100
25 75
25 75
25 75
25 25
392 175
50 25
26 125
25 50
25 4065
25 50
50 54653
50 50
25 150
25 25
25 25
50 25
25 75
25 50
25 75
50 350
100 100
125 14870
25 451
25 50
25 601
25 75
25 50
25 507
25 100
50 150
25 75
25 50
25 9976
25 6195
50 6103
75 75
25 82
25 100
25 125
50 8277
50 25
25 3873
50 350
25 25
25 75
25 100
25 75
75 25
25 50
25 75
25 150
25 136
25 50
25 175
25 150
25 75
25 9103
25 75
129 2588
25 75
25 50
105 150
75 25
25 25
25 18939
100 6389
25 100
25 75
50 25
50 74
25 50
25 275
50 50
25 175
25 50
25 3361
25 150
25 75
25 50
25 26084
25 451
75 75
25 75
25 50
25 1047
25 27763
25 75
50 125
75 358
175 50
25 25
50 50
25 25
50 23880
25 123026
25 75
25 75
25 50
25 175
75 50
50 44
50 75
50 5051
25 100
25 100
50 197
25 331
25 25
75 175
25 150
25 16451
25 576
25 2075
25 576
25 496
25 41741
25 50
50 200
25 1093
25 100
25 50
25 129
25 9392
25 50
75 75
25 26032
25 25
50 25
25 101
50 50
50 50
50 24225
50 300
25 75
25 11245
25 25
175 175
125 3373
25 125
150 25
25 65
25 50
25 75
25 59859
25 9235
25 10278
50 509
25 200
25 150
25 125
125 75
25 15360
25 19695
50 75
25 1072
70 1129
25 25
50 1460
125 50
25 23185
100 14032
25 121171
25 50
50 23430
25 17060
200 50
25 175
50 225
50 25
175 75
25 25
50 25
50 150
75 175
50 25
50 351
50 298
25 150
25 150
75 150
50 25
25 125
25 7049
50 25
25 125
75 50
25 100
25 75
25 25
175 175
50 75
25 50
25 13704
25 340
25 2271
25 2626
25 13280
25 75
25 75
25 75
264 251
50 75
25 7835
25 50
293 647
25 1694
25 4990
50 7971
50 150
25 200
35 50
25 150
50 176
25 125
225 3768
25 3198
25 25
50 3565
75 50
25 75
25 1352
75 75
25 2135
25 50
25 200
50 75
50 651
50 25
25 19938
25 175
25 100
50 12437
50 50
50 25
25 100
25 50
25 2137
75 50
25 75
25 25
25 125
25 925
50 25
50 152281
25 11492
25 25
25 1549
50 75
100 75
75 9771
25 14014
25 125
25 86
25 25
25 175
75 225
125 150
50 16470
25 50
25 25
50 706
25 205
50 47213
25 75
50 50
25 187
25 150
25 50
25 125
25 2456
25 50
25 47833
25 147534
25 100
25 150
25 175
25 6351
25 175
25 20735
100 25
25 75
50 75
75 75
50 175
25 75
50 50
50 100
25 50
50 125
25 7393
50 175
25 276
125 75
25 25
25 125
75 75
25 125
25 175
25 150
25 25
25 3207
25 18271
225 75
25 100
162 25
75 100
50 7817
223 50
50 451
50 21371
25 25
25 100
25 150
50 100
125 25
25 75
25 2355
25 25
25 25
78 25
50 150
50 6423
50 25
50 25
25 6916
25 75
75 125
75 301
25 2094
25 1219
25 7064
25 25
25 50
25 150
25 25
50 50
75 701
25 250
25 21177
25 561
50 50
25 25
276 25
25 50
25 75
25 62803
75 50
25 125
25 50
25 75
25 25
25 50
25 6798
25 13992
25 43640
79 100
50 50
50 150
50 50
273 75
25 50
25 125
25 75
75 3178
389 27571
25 7780
25 75
25 50
119 499
25 1784
269 50
125 50
50 50
80 23420
25 75
50 100
161 6181
50 27597
25 175
25 25
25 50
75 75
25 250
50 50
25 25
25 25
25 526
25 100
50 9089
25 75
25 150
50 2484
75 200
25 25
50 25
100 175
25 25
25 6740
50 25
25 50
25 5709
25 25
75 1009
25 7540
58 37876
25 557
75 236
50 100
75 50
25 50
25 25
75 4455
75 25
25 34642
174 175
25 25
25 969
50 50
25 75
25 75
25 150
25 25
25 3822
25 100
25 25
25 2341
25 75
25 75
25 196
25 75
25 75
50 76
25 225
25 100
75 50
25 86
25 15183
25 157
25 50
25 100
25 50
25 213508
25 5463
50 75
50 25
25 172
25 225
25 262
25 75
75 150
25 326
50 1562
25 376
25 19807
100 175
25 75
25 175
50 50
50 25
50 100
25 2544
25 2257
25 50
50 75
50 14136
26 6675
25 75
25 14667
25 150
50 150
25 75
25 25
25 39479
25 6708
25 276
50 1765
50 125
25 24063
25 25
50 32702
50 25
50 6480
50 5551
50 20695
125 50
25 175
25 50
25 16619
25 100
25 551
25 4157
25 6998
25 696
50 125
50 726
25 3368
25 2495
25 25
25 77
50 25
25 1006
25 300
25 150
50 125
81 8309
25 526
25 25
25 350
25 11828
75 18846
25 50
125 1239
25 75
25 50
25 75
25 75
50 1526
50 25
25 1124
100 4485
50 202
25 77
100 175
25 1713
75 50
50 75
125 175
50 75
25 50
25 213
25 150
50 50
25 75
50 2757
150 46003
25 75
25 175
125 125
25 25
25 1581
25 767
50 4880
50 15294
25 381
25 175
124 10057
75 25
25 75
25 50
50 26873
25 75
25 25
25 125
125 75
50 50
25 175
25 150
25 75
50 75
25 25
25 25
25 225
25 1584
25 75
25 150
25 25
25 75
25 203
25 305
50 175
25 2971
50 2174
75 75
25 11004
25 25
50 22936
25 1786
25 100
25 25
50 1105
50 9893
50 80
50 50
25 1032
75 63657
50 225
25 5684
25 1648
25 193
75 476
25 25
25 25
25 25
25 216477
25 125
25 300
25 26017
75 50
75 6286
25 225
25 50
25 50
25 50
50 9223
25 3005
25 25
75 75
25 325
50 15289
25 75
25 26535
25 75
25 12575
25 113
25 651
25 90849
50 25772
25 150
25 651
200 275
50 100
75 75
75 1754
25 100
175 50
25 2548
25 125
25 25
25 25
50 275
25 175
25 125
25 25
50 25
25 175
75 24438
75 50
25 75
25 32684
25 626
50 11252
25 50
25 175
25 23748
209 50
27 1646
25 831
168 75
25 100
25 250
25 75
25 50
25 75
25 100
50 75
25 25
25 50
25 25
25 200
50 75
50 75
125 323
50 66
137 25
150 25
25 25
50 50
25 75
25 175
283 9878
25 25
100 651
25 50
50 100
25 22935
25 75
394 25
25 125
25 11690
75 971
28 25
25 4665
25 50
75 576
25 125
25 50
25 50
25 25
100 25
25 25
25 6299
25 9919
25 36004
25 100
25 225
25 25
25 173
25 75
25 25
25 75
25 3677
25 75
25 12258
75 17729
50 150
50 6699
75 6372
25 75
25 87
25 790
50 25
25 5598
25 75
75 150
75 14496
25 75
25 175
25 3761
50 50
25 125
25 25
25 75
25 451
25 70130
25 50
25 75
25 225
25 75
25 75
25 50
75 25
25 100
25 150
25 75
25 50
25 75
25 50
50 9880
25 11781
25 25
25 150
25 250
25 863
50 4830
50 75
25 28689
25 25
75 12654
125 50
50 50
25 25
25 100
50 124984
50 25
100 200
50 451
25 25
25 50
25 113013
50 75
25 50
25 1254
25 15793
25 6990
25 75
25 175
25 125
25 27448
25 100
25 150
25 197078
751 50
25 2230
100 75
25 440
25 106
50 1662
25 75
25 50
25 125
25 175
25 175
25 1427
50 75
25 2979
50 200
25 13323
25 75
25 125
50 100
25 24677
75 50
125 31717
25 25
25 50
25 9215
25 50
25 100
25 3845
50 50
75 75
25 75
25 10403
75 75
25 75
25 75
25 376
25 4153
25 175
50 150
50 156
50 50
25 278
25 175
25 50
75 626
25 75
50 125
25 175
25 75
25 248
25 125
25 21981
25 50
25 11519
25 973
25 50
100 50
25 50
50 354
25 25
25 75
25 7969
75 964
50 50
25 75
100 5417
25 548
25 25
75 75
25 50
25 50
25 50
25 50
25 175
25 758
25 1100
50 51415
25 125
25 25
25 3272
25 27936
25 375
29 50
50 75
114 125
25 75
100 50
75 50
50 28128
50 25
25 250
50 75
75 75
25 175
25 9868
25 25
25 25
25 7913
50 150
25 18304
100 75
25 25
75 25
25 1243
50 25
125 43
75 6198
25 8459
50 75
25 12686
25 50
25 100
50 1055
175 150
25 175
50 50
25 75
25 50
25 3901
75 105807
25 3950
50 75
25 75
150 6082
75 17294
25 15580
25 1294
25 29237
25 11273
50 75
25 25
25 25
25 7986
75 25
25 43124
25 50
25 3194
25 125
25 15656
25 25
25 25
25 75
50 75
25 4964
75 125
25 25
25 25
25 175
50 100
50 175
25 25
100 200
25 50
50 25
25 25
25 50
25 150
25 125
25 175
25 75
25 25
25 25
290 25
75 25786
25 35066
25 215
25 100
75 23333
25 175
50 2469
50 25
25 178
25 125
50 16776
25 25
75 25
25 7514
25 22841
25 4997
75 150
25 50
25 4160
25 100
25 25
25 100
100 150
25 75
75 39844
25 75
25 158764
55 50
25 75
25 12397
25 16474
25 1208
25 100
50 75
25 75
50 200
25 100
25 150
25 62
25 957
25 25
25 100
54 25
75 175
25 75
75 402
25 100
25 100
175 150
50 175
75 156
25 75
25 75
25 50
25 50
50 25
25 25
25 50
25 75
50 50508
125 5082
25 50
25 3465
25 75
50 175
25 1488
25 25
50 50
75 25
75 125
25 491
25 150
25 25
25 25
25 44007
174 131702
25 75
94 175
25 50
25 200
25 200
25 50
25 25
25 3089
25 29767
25 100
25 62643
50 50
25 125
25 125
50 75
50 225
50 3430
25 501
25 451
25 9635
50 25
25 50
25 25
75 100
25 25
25 275
25 426
75 21933
25 75
25 272
50 50
25 25
25 50
50 100
25 50
617 75
25 9839
25 2340
25 1623
25 25
25 175
50 75
50 25
25 324
176 75
25 3394
50 100
25 225
25 133703
25 2392
25 476
25 50
50 75
25 50
25 1207
50 30526
25 50
25 75
25 175
25 79414
25 50
25 75
25 75
50 75
25 175
25 194
25 75
50 275
25 61
25 25
100 611
25 936
25 12082
50 200
80 75
25 25
50 60
125 526
25 75
25 75
75 90
50 111
176 1786
25 50
50 200
50 19785
25 2529
25 100
25 100
75 26
75 175
200 125
50 25
25 50
1269 14568
125 75
25 1895
25 25
100 75
50 150
25 19446
25 9815
50 12435
25 526
915 225
50 50
25 6099
50 75
50 10567
25 25
75 8882
125 100
50 50
50 175
25 75
25 25
25 50
25 175
25 8165
25 37482
25 25
25 25
25 128
25 50
50 1743
25 50
25 75
25 25
25 200
100 925
25 175
50 200
25 2185
25 50
25 175
50 375
50 11614
50 250
25 25
25 75
25 75
50 25
25 25
25 3990
93 6447
25 175
25 50
25 75
25 50
25 50
75 150
50 100
50 200
25 100
75 150
25 2801
25 25
50 50
25 125
25 150
25 1075
25 883
109 651
25 25007
50 1190
50 150
25 2290
25 25
25 149
25 34832
25 376
25 75
25 75
25 25504
40 1837
25 75
25 25
25 75
25 175
25 150
50 125
50 50
25 50
25 30882
25 25989
25 4072
50 75
25 125
25 6189
50 50
25 50
50 3140
25 3353
50 250
100 150
25 25
125 2960
25 75
25 9659
25 225
25 3037
25 2275
25 50
25 93
25 150
25 150
25 25
25 75
125 25
25 75
25 25
25 1431
75 451
50 25
25 50
25 1290
50 25
50 75
177 27026
75 75
25 10508
25 50
100 43
25 2080
25 43473
25 175
75 5083
50 7177
25 50
25 50
25 12300
50 3903
50 50
100 75
50 224
25 75
50 26802
75 78475
25 75
25 50
25 225
75 100
50 100
25 100
50 100
25 75
25 5129
25 100
50 555
25 175
25 50
50 25
25 75
100 30657
25 75
100 50
50 75
125 50
25 27472
75 9555
25 25
75 75
100 25
25 50
25 25
50 4367
275 75
25 2974
25 2423
25 25
50 25839
25 5327
25 125
25 25
25 50
25 100
50 426
25 2070
50 75
25 75
25 75
25 125
25 8575
25 1945
100 125
25 2745
50 50
50 30917
25 75
25 5644
50 25
167 1182
25 1112
25 8016
25 1568
25 9944
150 25
25 125
104 200
50 150
25 75
50 50
25 262
25 75
125 75
25 250
25 175
25 75
50 50
25 125
50 174
100 50
50 75
25 200
25 75
25 3300
25 50
50 150
100 50
25 55374
25 250
50 50
25 1543
25 100
50 50
25 25
25 50
25 175
25 4232
25 100
25 100
25 551
25 50
25 200
25 150
25 26706
25 75
25 152
25 50
50 125
25 17592
25 50
25 3229
25 48221
100 25
25 75
25 326
125 75
107 150
25 888
25 26
75 145193
232 2998
25 10510
25 25
25 200
25 100
50 75
75 243
25 150
225 2211
25 75
25 75
25 75
25 175
50 491
25 125
25 75
25 6399
25 75
25 25
25 50
25 25
50 50
25 75
25 50
50 41786
75 175
25 376
25 149
25 150
75 25
50 254
25 519
25 50
25 125
25 75
50 100
25 175
25 1201
25 25
25 75
100 518
75 944
50 9739
25 115057
25 4448
382 859
30 301
50 476
25 100
75 50
173 25
50 50
25 75
25 25
103 100
50 2177
25 22097
50 25
150 44127
25 385
50 75
25 50357
25 25
50 5136
25 25
75 325
25 50
50 125
50 25
50 9326
50 100
25 54685
25 60
50 75
25 100
50 75
25 100
50 2635
75 50
25 11587
25 175
25 19489
75 20063
77 2180
25 50
25 50
75 576
125 3288
50 81702
25 26537
25 325
75 178
25 25
25 30221
25 166496
25 50
25 446
50 125
100 50
25 150
25 1638
25 12236
25 10814
50 75
25 1049
75 25
100 75
25 19395
50 49519
50 50
50 158623
75 75
100 150
50 792
25 20521
25 31781
25 5775
25 75
25 200
25 668
25 75
50 75
25 75
25 50
25 37622
25 200
25 1856
25 9208
75 841
25 50
25 50
25 150
25 11465
25 25
25 25
25 25
50 75
25 350
75 26762
25 25
50 200
50 175
25 50
50 4801
25 125
75 75
25 2673
25 114
25 3319
25 16408
100 125
25 132738
50 7438
50 175
25 5659
25 175
25 1075
50 7783
25 36
75 7583
25 75
25 25
25 125
25 25
50 25
50 2641
50 200
25 100
25 250
100 50
50 877
150 50
50 25
25 80416
25 25
25 50
25 50
112 496
25 95
25 285
50 2470
25 75
25 75
50 350
25 18828
25 46877
25 25
25 1385
50 25
25 125
25 25
50 75
170 50
75 376
25 25
25 1137
100 100
25 87124
25 131429
50 782
100 5161
25 12114
100 123
25 25
25 858
100 50
384 50
25 100
25 18033
75 100
25 100
25 75
75 25
25 6278
25 154
25 175
25 75
25 84590
25 75
50 75
25 701
25 100
25 75
150 224
25 1222
25 3467
75 200
25 200
25 100
25 1396
108 100
25 1077
25 17717
25 376
71 175
50 25
25 973
75 54442
50 50
50 25
250 1296
25 6247
25 830
50 25
25 100
25 50
275 21903
125 25284
125 3268
25 50
25 31429
25 175
25 1713
50 75
25 150
25 100
25 48802
100 75
25 10490
50 8499
125 243
50 25
25 75
25 1396
50 1283
25 1941
50 1862
50 3326
25 175
50 5152
50 36257
25 75
25 75
50 50
25 13948
75 53326
50 50
25 146
25 75
50 1056
25 544
25 75
25 21093
50 2699
25 2255
75 185
25 150
50 75
75 50
25 25
25 50
25 100
50 8508
25 100
25 2712
25 75
25 25
25 1662
25 75
25 100
25 75
50 50
50 190
75 50
75 125
25 25
50 11732
25 100
25 147
25 576
25 1437
25 1160
125 100
25 1709
25 50
50 25
25 451
25 25
125 89312
25 75
75 75
25 75
25 75
25 2419
25 26048
50 2306
25 4214
25 150
25 175
25 619
25 175
50 1216
50 175
25 8845
50 100
25 4136
25 326
25 75
25 175
75 121964
25 25158
50 3073
25 2002
25 75
25 50
25 150
75 66970
50 100
75 25
25 1345
125 601
25 50
50 100
75 4552
75 75
75 50
25 50
75 26591
25 748
25 175
50 25
50 75
50 75
25 526
25 15843
50 100
25 75
75 175
25 100
50 125
25 100
25 50
75 25
25 544
25 451
25 75
25 151
25 50
25 13157
25 200
25 2042
150 50
50 27730
25 125
25 25
25 25
25 11343
25 4540
50 25
25 75
25 75
25 175
25 200
25 175
25 25
25 1408
25 75
175 175
75 75
25 125
25 25
25 9451
25 830
25 5307
25 2983
25 51348
25 50
25 75
25 1502
25 125
25 100
25 50
25 50
50 75
54 150
25 1778
75 175
25 55
25 52
25 54993
25 762
25 75
25 25
75 2791
50 25
50 150
25 651
25 25
25 50
100 75
75 75
25 75
35 25
25 50
50 150
25 4170
25 1109
25 125
50 150
25 125
25 75
25 75
25 123148
50 125
50 5216
25 150
25 50
25 50
75 25
25 50
25 25
96 75
25 3990
175 50
25 25
25 15073
25 200
25 52441
50 75
25 25
25 50
25 75
25 99
25 25
50 175
25 50
25 25
25 304
75 125
25 4713
25 99
25 75
50 3048
25 25
25 100
25 175
25 50
75 50
100 50
25 75
100 488
125 125
50 89
50 175
75 163
50 5949
25 25
25 100
25 50
25 6546
50 75
25 25
75 50
25 25
25 985
75 50
2879 14493
50 25
25 25
50 75
100 50
25 75
25 100
30 50
25 25
25 175
25 175
50 150
25 125
25 12408
25 76
25 25
50 50
25 150
25 351
25 3300
25 175
25 50
175 50
25 75
25 51
50 125
25 25
50 18476
25 1463
50 102
25 300
75 25
25 50
25 25
25 75
25 75
50 125
25 75
50 175
25 125
25 13234
50 75
25 129
25 50
25 1824
125 200
25 180
25 25
100 175
25 50
75 4605
25 150
25 50
25 75
50 25
25 125
25 25
75 50
75 495
100 75
50 50
50 100
50 676
50 75
25 75
50 50
25 75
25 1461
75 8015
25 75
25 250
52 175
25 796
25 25
25 150
25 3876
25 75
75 50
25 1685
50 1380
25 75
25 75
125 75
25 25
25 376
75 50
50 75
25 5160
25 50
25 75
25 200
25 100
25 200
25 25
50 3697
25 50
25 4412
50 75
50 100
25 50
202 25
25 150
50 401
25 75
25 75
25 25
75 175
25 150
55 726
25 75
25 2031
50 25
50 125
50 46
25 2114
36 75
25 2546
475 75
75 1447
25 1488
25 2424
25 100
125 759
25 50
25 3375
75 50
25 75
25 75
25 50
50 25
25 2306
25 50
25 50
50 175
50 75
25 376
75 75
25 25
50 200
25 75
25 50
25 1039
50 23164
25 25
100 125
50 25
25 1567
100 22305
25 75
50 75
50 426
50 25
25 50
25 75
25 75
75 137514
50 1855
50 2504
75 8526
25 25
25 150
25 103881
25 175
25 50
25 910
384 100
25 175
50 25
25 50
50 11836
25 25599
288 75
50 1376
25 350
50 150
25 50
50 50
25 150
50 30570
25 1089
50 75
25 25
25 200
25 25
25 1555
75 50
25 25
25 1003
25 41161
25 61
25 176
25 1325
25 175
50 75
25 5067
25 201
25 25
25 175
25 75
25 576
25 1333
50 150
75 10451
25 476
25 25
25 100
26 31331
25 50
50 100
25 200
25 25
25 75
25 25
50 125
75 100
25 50
50 8602
50 150
25 100
25 15601
50 75
50 1815
25 175
276 50
25 25
25 300
25 75
25 125
50 2272
25 25298
25 23999
25 150
50 1500
75 25
25 75
25 75
25 6240
50 200
75 250
50 50
75 100
25 25
50 50
25 50
25 8146
25 5070
25 75
75 62797
25 75
25 200
25 51755
25 25
25 69314
25 200
25 75
50 63300
25 200
50 100
25 75
50 401
25 125
25 75
25 175
25 2236
100 16195
25 3165
75 50
50 25
25 100
25 50
75 200
25 75
50 149
100 100
100 75
25 150
25 601
25 2711
50 25
100 200
75 25
50 22609
25 4907
50 25
75 75
50 175
25 50
25 349
25 50
75 4203
125 75
50 150
50 25
50 150
25 100
25 150
25 75
25 75
25 100
50 9135
25 75
25 50
25 50
25 12143
25 100
25 125
50 75
50 75
50 75
25 14623
50 5203
25 29182
75 50
25 12833
25 37388
50 25
25 9978
25 125
150 1439
25 829
25 25
25 100
25 175
25 1299
25 726
25 50
25 50
25 50
25 14220
29 25
25 150
50 160687
50 872
50 9688
50 175
100 75
25 75
25 12715
25 50
25 100
25 25
50 2575
25 25
25 50
50 25
25 275
27 12340
25 75
25 150
25 25
25 27215
50 1869
25 175
75 5336
25 25
25 38540
50 35480
50 451
25 75
75 25
150 25
25 53025
25 125
25 25
25 77
50 225
25 3000
25 13561
25 2350
25 150
25 25
25 75
50 125
25 50
50 75
25 25
25 25
83 426
75 50
25 3571
25 25
50 13040
50 50
50 25
25 200
25 377
25 100
25 200
25 12634
25 792
25 2274
25 75
25 1649
25 4840
25 5150
50 125
50 50
25 75
25 435
50 20450
25 229
50 75
75 25
25 75
50 8070
50 3088
25 175
75 291
25 12141
25 25
75 75
50 50
50 25
25 104
175 75
25 8914
25 50
25 50
100 50
100 855
25 125
68 1967
25 75
1078 31
25 50
50 231
25 175
50 75
25 25
25 25
25 75
25 25
50 75
25 50
25 4205
25 125
25 131105
50 29
50 9575
25 9006
25 2651
25 12781
25 521
50 225
75 25
25 375
25 175
25 829
25 75
75 75
25 364
75 75
25 14283
25 100
75 4155
25 175
25 651
50 50
50 25
125 200
25 6278
50 4814
25 75
25 4720
25 75
25 401
150 8574
50 25
25 1365
50 18376
25 75
75 50
25 125
25 9203
50 20740
400 25
50 2808
50 50
25 50
25 75
25 125
25 25
75 1967
50 1789
100 175365
25 983
25 14319
50 150
25 6269
50 5136
25 121
50 2995
50 75
50 25
25 9441
25 75
50 175
50 75
50 50
50 25
50 150
25 50
25 8075
25 75
25 8643
25 993
25 247
178 50
50 175
25 8572
25 150
50 5948
50 75
25 75
25 275
50 50
75 25
25 175
25 25
25 50
25 50
25 150
100 228
50 3631
25 50
25 50
50 2714
50 25
50 50
25 6135
25 13587
25 175
25 25
50 75
50 6218
25 25
25 25
174 50
25 175
142 25
25 100
75 25
25 15979
385 75
25 16807
150 16216
50 175
25 75
25 274
226 75
50 4764
50 804
31 50
50 100
25 25
25 4135
25 130200
75 25
25 8469
25 175
25 100
50 751
25 150
75 175
50 11867
25 175
25 243
25 82341
25 75
25 251
50 150
25 125
25 2841
125 8579
25 75
25 50
176 7373
25 75
25 25
25 2470
25 200
50 175
75 100
50 100
25 150
50 151
225 1790
25 75
25 25
25 25
100 59
25 25
50 75
75 6382
25 17160
50 25
25 75
25 50
50 72
50 25
100 75
75 150
25 50
25 25
50 100
25 50
25 25
25 350
25 50
25 2962
25 1510
25 126
25 75
25 175
50 150
25 50
25 43741
275 4036
25 726
25 125
125 476
25 175
25 50
25 75
25 36
25 25
100 125
25 25
25 25
25 50
25 325
25 40849
50 25
75 200
25 1194
275 1269
50 50
50 26575
25 2496
25 1761
25 1457
50 75
25 200
50 25
25 1724
25 21178
25 465
50 100
25 125
32 7006
50 501
25 12238
25 251
25 50
25 200
50 75
25 1859
75 150
25 75
50 4588
25 125
25 2820
25 75
25 125
50 32249
50 2994
25 135
75 75
25 125
50 100
25 54884
74 50
25 50
25 75
50 54
50 1056
25 25
25 730
75 50
50 75
25 25
50 121296
75 50
25 175
25 50
100 42
25 37
100 50
100 75
25 7108
25 50
25 21844
25 175
25 301
100 225
25 150
25 18622
25 1079
25 100
25 125
25 6787
75 125
50 15380
25 4475
25 75
25 25
25 100
25 30057
25 2163
25 150
25 25
50 422
25 3647
25 11567
50 5300
100 159
25 150
25 25
75 100
25 75
25 8595
50 25
75 75
25 9552
25 125
25 237
75 7502
25 175
25 75
25 200
50 125
25 1275
50 1712
25 25
50 2332
25 691
25 106
25 676
40 16433
25 75
25 6430
60 35980
25 50
25 21356
100 75
50 175
25 25
225 445
25 150
25 75
25 25
50 250
25 75
25 175
25 75
25 2259
25 25
25 175
50 50
25 150
25 75
25 50
25 224
25 175
50 6592
50 50
25 25
50 250
25 3636
25 125
25 100
25 2769
25 100
25 25
50 75
25 1208
150 61439
25 877
25 225
25 325
150 1319
50 4761
25 100
25 4669
150 75
75 175
50 9599
25 50
100 5648
25 30256
50 50
25 65
25 77
150 62
200 5670
25 50
50 50
75 50
25 25
248 75
25 116
25 250
25 1592
50 75
50 75
25 41860
25 152
25 497
25 100
25 476
25 325
25 150
100 5372
75 32
50 771
25 44246
125 304
25 15977
25 50
25 188
75 150
50 50
125 13166
25 175
75 75
100 3367
50 25
75 4443
25 11334
25 388
25 75
25 1007
25 25
100 75
25 50
25 75
25 75704
75 4236
25 150
25 100
75 25
25 1769
25 25
75 175
25 125
25 7540
25 50
125 50
25 250
25 6122
75 100
25 1121
25 275
99 150
50 25
50 66073
25 25
25 1982
50 75
25 50
25 175
25 50
25 250
25 50
75 75
25 100
25 5001
75 25
25 175
25 75
25 1339
25 651
25 50
25 175
25 7648
25 13426
25 50
25 9070
25 75
25 25
25 20229
25 56172
25 51
25 125
25 12678
25 25
25 325
25 79
25 75
25 8449
25 175
50 4991
100 50
50 175
25 175
50 130
25 50
25 2765
25 4483
25 50
50 75
25 300
125 510
25 25
50 50
25 100
25 75
25 246
50 376
25 25
25 75
25 13661
25 4262
100 107
25 50
50 25
25 937
50 172
25 50
75 325
25 75
250 50
193 125
25 175
25 1915
25 25
50 75
393 701
25 175
25 25
25 546
121 25
50 14646
50 1225
25 50
25 50
100 50
25 100
25 50
50 1962
100 25
50 22129
25 25
25 25
25 1603
50 225
25 70
25 75
25 107
25 451
25 50
100 50
50 20113
25 78
50 4509
75 182
25 1034
25 80
25 25
25 75
25 25
25 50
25 25
25 200
25 38425
25 75
25 25
75 155
25 1820
50 25
25 25
25 75
25 275
25 12306
25 50
25 125
50 26462
50 250
150 450
150 75
25 25
25 25
25 150
50 34915
25 7336
25 175
50 25
50 13662
25 5747
25 105
75 57
25 50
75 175
25 25
25 125
125 75
50 250
50 100
25 75
75 50
25 3488
50 50
50 25
25 25
25 75
25 300
25 25
25 25
50 14069
25 175
50 4108
50 75
25 209
25 100
25 125
25 75
50 25
25 1317
25 9657
25 175
25 10389
50 4470
250 175
50 25
25 275
25 75
25 7477
25 25
50 75
25 132370
25 8069
25 125
50 100
100 19099
25 75
25 125
50 175
25 150
75 15369
25 11548
25 75
25 25
25 46657
50 15495
25 25
25 50
25 3593
25 75
25 527
25 25
50 200
25 75
25 25180
25 452
50 150
50 54
25 150
50 50
175 175
75 1074
50 150
25 175
25 100
25 75
25 50
25 100
25 29726
25 100
25 54
50 75
75 25
25 150
25 50
25 75
25 75
25 25
25 175
25 175
25 4844
25 100
25 75
25 150
50 200
25 31388
50 175
50 2168
25 46
25 50
25 2466
25 150
25 1714
25 5177
25 75
125 3784
25 1730
25 75
50 75
25 100
25 698
25 75
100 10927
75 50
25 205457
25 7658
50 25
25 25
25 497
50 75
75 75
25 100
200 300
25 25
25 4241
50 1699
25 5257
50 8076
25 100
25 175
50 18253
25 75
25 75
25 75
75 25
25 100
100 25
100 25
25 29806
25 9614
50 970
25 13383
50 11398
25 24063
25 1020
25 17198
25 12977
25 25
25 376
25 380
150 75
112 175
25 376
25 526
25 501
100 540
25 25
50 75
125 16963
125 50
25 1833
50 150
25 42
306 25
25 50
25 20825
25 3400
25 25
25 6175
25 150
25 100
50 225
25 75
25 50
25 25
25 75
25 25
25 150
25 15386
25 75
25 188
25 175
25 25
25 75
25 25
25 175
25 13728
50 50
25 50
25 632
50 430
25 325
50 1695
25 25
25 4426
25 25
25 75
25 50
25 5400
25 476
25 22271
25 75
50 2849
25 25
25 75
50 1143
75 2394
262 601
28 214
50 100
25 100
25 180
50 179
25 150
50 50
50 29965
50 25
50 57679
25 92045
25 50
72 66
25 75
67 150
25 50
25 150
25 75
50 20948
25 25
75 75
50 50
25 3151
25 75
25 762
25 2271
50 63
25 326
25 25
25 46
25 25
251 75
25 75
25 75
25 2779
50 150
25 25
25 226
25 25
25 50
25 75
25 25
50 2515
75 75
100 50
25 50
25 100
25 200
25 4773
25 199
25 768
25 125
25 25
100 125
50 2174
60 1111
50 75
50 71441
50 50
25 150
25 75
25 75
50 25
25 3150
125 25
50 20301
25 125
50 75
100 376
125 2363
50 15437
50 25
50 50
25 125
25 125
25 2523
25 75
50 100
25 25
50 125
50 25
25 25
25 50
25 1481
25 175
25 18136
25 25
25 121506
100 451
100 626
25 76
25 50
50 666
25 25
25 225
25 100
25 75
25 17004
25 175
50 11763
50 75
25 75
50 75
75 150
25 3316
25 36798
262 2166
75 7091
25 150
75 880
25 1302
25 2236
50 18643
25 75
25 100
25 18990
25 25
25 125
50 25
25 396
25 25
25 2163
25 176
25 25
25 50
50 53052
25 50
25 100
100 98
25 75
25 5739
25 225
25 75
25 75
25 50
50 546
25 2958
50 8268
25 1187
25 23943
25 64
25 350
50 50
25 187
50 25
25 13318
25 150
25 25
25 25
125 378
25 5124
25 25
25 75
25 50
25 5081
50 3472
25 25
50 25
100 75
50 16603
25 40203
25 50
75 2519
25 75
50 30796
25 639
25 2883
25 25703
50 150
25 9919
25 25
25 501
25 13841
75 476
50 2929
25 2420
50 175
25 175
75 3757
25 175
25 100
50 1385
25 8328
50 100
75 24636
50 50
50 50
50 16190
25 150
50 11375
25 217
25 150
25 100
25 5253
25 432
25 200
25 23037
50 125
25 50
50 25
25 12235
25 25
50 75
25 21357
50 28830
25 25
25 14493
25 100
75 275
100 151
25 20795
50 25
25 125
25 34
50 57
50 75
25 1974
25 75
25 25
25 125
50 50
75 350
25 25
50 11756
75 200
25 592
50 125
75 50
25 26
50 15406
25 125
25 26775
50 25
25 275
50 201
50 100
50 75
175 25
50 25
25 125
75 200
25 13818
25 4360
125 50
50 25
25 25
25 175
25 75
50 125
25 49
25 50
25 50
25 200
25 790
25 75
25 250
116 25
25 200
25 75
25 19042
100 100
75 50
25 22705
125 75
25 45446
25 50
25 75
25 100
150 120335
25 50
50 200
25 3004
25 16740
25 2111
25 3027
25 7935
25 50
50 693
25 50
25 75
150 1974
50 125
27 3517
25 175
50 54464
25 4981
50 50
25 82
75 11615
25 6335
25 4003
25 3935
25 150
25 2160
75 17445
50 25
50 125
25 50
50 15757
50 886
25 5977
25 50
25 2956
25 16854
150 1302
100 881
50 75
25 75
25 13793
25 929
25 913
25 174
75 75
25 25
25 120317
25 977
25 527
25 50
25 3020
75 50
50 75
25 21852
25 25
50 75
50 2488
25 50
100 8647
25 103
125 175
25 305
25 50
75 77994
25 10173
25 1803
25 626
25 50
25 25
75 169
50 8297
25 75
25 9926
25 75
25 34957
50 50
50 25
25 50
25 200
25 250
25 13078
25 50
25 75
25 25
25 2180
25 100
25 200
25 75
25 2860
25 150
25 25
174 44
25 11985
25 50
25 25
25 10855
25 50
604 175
25 25
25 50
25 50
25 50
25 25
25 50974
25 172
531 50
75 7394
25 50
25 124470
25 5880
25 25
25 50
26 75
51 124
50 84
25 1547
25 25
25 14894
25 100
25 25
50 426
25 100
25 75
50 175
75 3209
25 100
50 7756
25 25
25 75
25 100
75 75
25 27962
50 25
25 58
25 819
25 50
25 50
75 25
25 36462
25 100
50 175
75 50
100 150
37 3077
25 5632
25 16398
25 4386
25 25
50 2954
25 175
100 150
25 150
50 50
50 75
25 25
25 50
25 75
75 50
25 25
125 125
25 25
25 25
25 25
50 25
50 100
25 75
25 25
25 75
75 125
75 75
225 150
25 25
25 75
25 20852
25 25
25 75
25 25
25 75
25 9786
25 100
25 75
25 150
25 200
50 25
75 25
175 75
50 100
25 25
25 75
25 200
25 100
25 401
25 75
25 100
25 50
175 100
150 56443
25 150
25 100
100 75
25 1956
25 75
86 50
25 125
27 50
25 177
25 100
50 175
50 75
50 75
25 15117
25 576
25 75
50 175
25 100
25 200
1305 25
25 5336
50 5523
25 75
50 25
75 75
50 325
25 197
25 8443
25 125
25 125
108 50
25 75
25 11085
25 4115
25 100
25 25
25 117509
25 25
125 582
25 150
25 4033
111 150
25 931
50 75
25 175
25 25
340 200
50 75
25 175
25 100
50 175
25 50
225 4461
50 25
25 7413
25 25
25 175
75 25
25 7196
50 125
25 125
25 1790
50 75
25 150
25 576
50 125
100 6207
25 25
25 100
50 6689
25 10209
25 1380
25 125
25 290
75 13699
50 25
50 75
50 60101
75 175
25 50
25 250
25 25
25 50
25 676
25 6216
50 28588
50 28822
25 50
25 100
25 75
25 25
25 182373
25 3265
50 75
25 18185
25 50
25 51
25 25
75 100
125 25
25 175
25 1182
75 50
221 75
25 12764
25 131
50 75
50 50
100 147
150 150
25 25
50 300
25 175
25 50
25 25
50 25
50 79528
25 225
25 300
50 50
50 50
25 39959
25 175
50 25
75 75
25 50
25 3259
75 25
50 2396
25 3866
125 150
25 9013
100 1938
25 4108
25 75
25 75
50 175
25 2451
25 25
25 25
66 13785
25 25
25 25
25 5648
25 75
25 50
50 50
25 125
25 5827
25 13098
25 100
50 75
25 175
50 1019
25 25
36 25
175 50
50 25
50 2506
25 196838
25 25
75 2530
25 125
25 8797
25 25
25 5893
25 75
25 25
25 50
25 18416
25 24903
25 24184
25 2866
25 100
25 100
25 75
25 200
25 75
25 125
75 50
25 109964
50 200
25 250
25 269
25 100
25 266
25 5950
25 21671
75 175
25 100
25 275
75 50
25 27781
25 25
50 25
50 200
25 11537
50 31256
25 50
25 125
25 150
50 125
50 75
50 25
100 75
25 12705
25 125
50 491
100 25
25 75
25 50
25 75
25 100
75 25
50 25
25 19182
25 75
25 6909
50 47202
50 200
25 75
25 50
25 75
25 1117
25 15216
25 1725
25 50
25 209
50 75
25 35760
125 1419
25 50
25 8073
25 25
25 38526
50 75
50 175
25 50
25 1352
50 175
25 25
25 125
50 126704
25 75
25 361
25 576
25 12601
25 50
25 52290
25 150
25 2251
50 50
25 17811
25 576
25 2722
25 250
50 24279
50 8978
25 75
25 75
25 25
25 150
25 3248
25 100
125 75
132 25
25 75
25 75
25 25
25 2622
25 3051
150 100
25 75
25 75
25 25
25 251
100 175
25 75
25 175
25 125
25 25
25 150
50 815
75 13840
25 125
50 50
75 225
25 50
150 50
25 50
25 25
25 50
50 1456
50 225
50 1385
25 3249
150 151
50 2174
25 50
75 19529
100 1636
25 175
75 75
25 18860
25 25
25 25
25 175
25 11295
25 47473
50 200
100 25
25 25
50 75
25 25
25 94666
25 225
50 50
250 150
25 37934
25 9314
50 25
25 1498
99 75
25 25
25 200056
75 451
50 100
75 2768
25 50
50 150
25 25
25 50
25 99
25 100
25 75
50 75
75 272
75 25
25 75
25 125
25 50
150 3960
25 100
25 4586
125 828
250 75
25 50
25 75
25 134428
25 2113
25 25
125 26082
50 289
25 103
25 224
25 539
25 75
25 25
50 25
25 50
25 12699
25 75
25 5749
25 75
50 125
100 150
25 19407
25 53
25 5033
25 478
25 175
25 51380
50 75
25 100
75 273
25 150
25 225
50 25
75 175
25 125
75 50
25 125
25 175
25 175
25 3104
25 75
25 100
25 2257
25 100
25 1343
25 250
50 22056
25 146
50 200
75 120214
25 150
50 125
25 75
100 175
50 75
75 18023
50 50
685 75
25 45807
50 100
25 526
75 27609
25 175
25 100
125 50
50 25
205 161311
25 25
25 29344
50 75
50 811
75 508
25 50
75 25
25 125
25 150
25 75
25 10208
25 50
50 4347
25 200
100 125
25 9657
25 25
25 50
25 75
100 75
25 75
25 1784
25 34759
25 50
25 26573
25 824
25 50
100 75
25 50
50 125
25 50
25 75
25 25
25 25
25 50
50 25
50 1684
50 50
25 4390
50 50
25 651
25 13813
25 75
25 75
50 8998
50 25
75 25
25 25
25 939
25 15268
25 25
50 50
25 25
25 25
75 3333
25 125
25 75
25 50
50 175
25 75
25 200
25 150
25 1371
25 75
25 725
25 100
50 75
50 100
25 100
25 58668
75 175
75 38842
25 50
100 125
25 47991
50 50
25 50
25 125
26 150
75 125
25 50
176 25
75 497
25 1001
75 23260
175 175
25 1900
125 100
25 125
25 25
125 75
25 75
25 150
50 75
25 3014
50 2097
25 75
25 150
25 225
75 325
25 24580
50 50
25 50
25 175
25 701
40 75
50 24686
25 50
25 30502
50 1297
25 223
25 75
75 555
150 125
25 175
25 31193
50 50
50 75
50 175
25 7477
25 25192
25 712
50 25
50 100
25 25
25 50
25 50
25 50
75 25
75 25
50 175
25 75
25 295
25 1137
50 25
75 25
25 25
25 50
50 1808
25 200
50 75
50 100
25 100
25 31438
50 188
25 100
25 150
25 100
25 125
25 2440
25 125
25 57
50 14655
25 50
25 50
50 376
25 50
25 251
25 150
25 175
50 50
75 969
25 27004
50 75
25 175
50 526
75 2315
25 50
50 65631
25 1108
50 75
150 61417
50 503
25 231
25 833
25 326
25 25
25 7813
50 25
125 2071
25 75
25 326
225 25
34 50
668 50
25 75
50 75
100 4248
25 25
25 50
133 2974
25 14322
25 25
25 175
25 6123
75 10265
25 75
25 5674
25 25
25 1932
25 50
25 50
50 4706
25 125
25 5227
125 50
25 15155
25 513
25 175
25 75
175 50
25 3198
25 75
59 24162
25 75
50 150
25 4555
25 6992
25 75
50 75
25 2842
25 75
50 2760
25 25
25 984
25 25
25 125
25 81
25 1920
25 50
25 175
50 11577
25 25
25 75
25 275
25 37
25 25
25 25
25 100
25 5752
25 11402
25 1624
25 100
25 20801
25 467
25 25
25 3190
25 15076
25 10870
25 25
75 3236
75 125
25 16889
25 150
75 25
50 50
50 75
25 11224
25 100
25 75
25 50
25 4195
25 75
25 75
25 75
25 250
50 3336
50 1861
50 956
25 100
25 75
25 175
100 125
150 175
25 25
50 100
25 225
25 25
25 175
25 1062
25 4498
25 55646
50 123
25 75
25 50
25 25
75 75
25 25
25 175
25 100
25 25
25 17893
75 100
25 4864
25 4480
50 50
25 125
25 100
25 3841
25 81
50 225
25 125
25 75
50 75
125 131
50 972
25 7986
25 4874
25 125
125 50
25 30924
50 19323
225 75
50 75
25 4244
25 75
25 275
25 175
25 125
25 50
50 8802
25 199
50 175
200 11967
25 18118
25 150
25 827
75 75
25 26194
45 1225
25 2099
50 735
25 151
50 50
50 26
25 75
25 9805
75 25
25 376
25 3743
25 50
25 50
25 25
25 25
25 25
25 22011
25 75
25 75
25 25
25 31028
50 175
25 75
50 18330
50 426
25 5865
25 6095
25 108
25 829
25 100
50 14478
25 125
25 100
25 100
25 1128
25 925
175 40311
50 49529
175 13944
25 25
25 1803
50 50
214 150
25 50
25 426
100 50
75 25
25 150
50 25
25 45235
25 25
100 25
25 21179
25 150
50 200
50 1811
25 25
25 75
75 75
25 125
25 3989
50 896
25 3151
75 75
75 25
25 2723
25 25
125 75
75 12741
25 12798
125 100
25 100
25 150
25 50
1072 50
25 75
50 100
25 107
150 3069
25 25
50 106
25 1927
25 200
25 100
75 25
25 100
25 2835
25 75
25 7512
25 75
125 601
75 100
25 1807
25 2135
25 50
25 100
225 639
75 827
25 205
50 53465
75 69941
25 25
25 150
50 376
25 50
25 25
25 100
50 50
25 167
25 20670
50 50
25 200
50 75
25 25
50 3450
226 200
25 25
25 121
25 75
25 50
25 75
25 75
25 50
50 175
25 35027
25 25
75 32785
25 326
50 651
50 3186
25 25
25 75
25 200
125 150
75 75
25 75
25 50
25 175
25 191
175 549
50 150
25 993
25 80064
25 100
75 25
25 175
25 175
25 50
125 200
25 50
25 25
50 25
25 3698
50 150
25 150
25 25
50 150
50 25
25 75
50 14168
1208 75
50 50
50 75
25 225
50 2632
25 25
75 175
25 50
25 75
25 878
50 125
177 100
50 125
25 25
25 13213
25 27964
25 25
50 4138
75 100
25 75
25 100
75 175
75 25
50 75
25 5963
50 125
25 250
25 22518
50 125
25 125
25 26
25 25
75 40146
50 18556
75 17159
25 25
50 300
25 25
75 25
75 25
225 25
25 100
50 175
50 50
50 200
75 1913
75 275
50 125
25 175
25 200
25 100
25 9658
25 14005
50 655
175 353
25 175
25 75
25 8685
25 595
25 100
25 25
25 125
125 50
75 525
25 25
25 25
25 25
25 25
50 451
100 88
25 50
250 25
75 25
50 175
50 75
175 75
25 11650
50 150
25 175
25 626
50 150
25 150
25 1334
25 50
25 22885
25 75
50 56
25 100
25 14576
25 25
50 447
25 25
25 100
75 75
25 25
25 26975
25 9646
25 50
25 325
75 150
230 501
25 25
50 150
25 25
25 25
25 7698
50 75
25 75
81 175
25 576
25 476
25 25
25 75
25 138861
75 100
25 50
50 125
25 75
50 44275
25 75
25 25
25 175
75 100
25 20747
100 175
25 1552
25 3446
50 126
50 6919
25 300
25 50
25 25
25 25
25 45120
25 75
25 75
50 9416
25 50
50 100
75 175
25 17721
25 25
25 75
50 50
25 25
268 50
25 100
50 376
25 68284
75 25
25 39
25 25
25 75
25 25
150 50
50 25
25 50
25 75
25 4843
25 100
25 75
25 75
25 75
50 11687
25 75
25 75
25 77450
25 3407
25 75
25 25
25 96478
25 11958
50 125
25 250
25 75
75 125
25 50
25 50
25 1416
25 75
25 25
50 150
75 626
279 175
25 103889
25 150
80 225
25 75
25 75
25 29556
125 125
25 150
25 100
50 25
606 25
100 25682
4947 50
25 100
50 350
50 9805
25 25
100 75
25 751
50 25
75 350
25 75
25 25
25 125
50 25
25 75
25 353
25 75
25 2597
25 1872
25 50
25 923
25 726
25 246
25 25
25 41790
25 200
50 1609
25 8298
25 25
25 75
25 50
25 2990
25 39051
25 25
25 50
25 50
25 756
25 75
25 125
100 3945
25 3905
50 853
25 100
50 75
25 25
25 75
25 75
50 100
50 9168
25 75
25 200
175 50
50 25
25 25
25 75
25 25
53 150
50 10820
25 100
25 25
75 75
50 12076
25 25
25 1643
50 25
50 225
25 9994
25 150
25 3893
25 25
50 325
25 248
25 25958
25 150
50 75
50 83
75 125
25 1098
25 75
50 75
25 175
25 651
75 29110
50 103
25 175
25 150
50 50
25 100
25 25
25 25
50 164
50 25
25 15383
25 2866
25 75
50 3822
25 50
25 125
50 175
25 13243
25 100
25 50
25 225
50 10831
50 14793
100 1460
25 50
25 4551
25 25
99 175
25 132530
25 50
50 8363
50 1109
176 5498
25 59528
25 9108
50 150
25 150
25 102900
25 125
25 275
25 25
25 5496
25 353
75 175
50 50
25 3107
100 2611
25 75
25 75
25 25
125 175
25 175
25 150
388 125
25 151
50 150
50 150
25 75
50 8423
50 175
75 11668
25 1878
100 3516
25 25
75 2666
50 150
25 84273
50 75
25 200
25 50
25 50
50 25
50 175
25 150
25 75
25 75
25 2004
50 75
75 161
25 75
25 2474
25 75
25 200
25 224
50 8305
25 9912
25 3618
25 155
50 25
25 50
25 125
50 660
25 50
25 200
50 50
75 400
100 50
25 25
25 150
25 1962
50 75
25 25
50 25
25 6569
200 75
25 150
25 125
25 36573
25 200
25 7473
50 143
75 9965
25 225
25 50
25 75
25 175
25 10265
75 20846
25 8760
25 25
25 100
25 1676
25 376
25 2997
50 175
75 111
100 25
25 50
50 856
49 50
50 75
25 22190
25 119397
50 50
50 351
50 9825
25 4769
25 25980
50 31073
100 129
100 25
25 100
25 75
25 401
25 150
25 352
25 275
50 5176
25 125
100 25
25 75
25 75
25 5270
25 50
25 100
100 75
50 50
50 125
50 100
25 25
25 82
50 75
175 2585
25 551
75 151
25 175
25 50
25 50
25 50
25 75
25 75
50 9744
25 25
25 25
25 50
25 250
50 100
75 75
50 451
25 175
50 426
25 175
50 25
25 75
25 31208
25 25
50 11782
25 75
25 175
81 9331
50 50
50 125
50 137
100 23988
25 150
50 25
50 150
25 50
25 125
25 1189
25 50
50 100
25 1307
75 16766
75 20806
25 50
50 125
50 29397
50 325
25 25
25 75
25 75
50 606
25 50
75 75
50 7716
25 50
50 175
50 75
25 100
25 200
25 75
25 100
25 50
25 76061
50 50
25 25
25 75
50 13866
25 100
150 125
25 115302
25 50
50 75
25 50
50 100
100 8052
50 175
25 100
25 4625
25 3077
25 2380
50 3353
25 50
25 100
275 75
50 626
75 100
25 175
50 2478
50 50
50 1726
25 150
25 1061
25 75
100 57
50 300
75 163
25 50
150 50
50 75
25 25
50 25
25 14317
25 34029
50 5671
25 125
50 159962
25 50
25 178
25 75
25 50
25 63
25 25
34 150
50 50
25 100
75 25
25 200
25 75
25 79
101 10693
25 441
75 100
25 15311
50 175
25 1966
150 6074
75 25
25 50
75 2451
25 225
25 275
25 75
100 175
25 7490
75 350
100 25
25 75
25 100
275 25
25 100
50 25
25 75
463 4195
25 50
75 55
25 2279
25 125
25 30
25 75
50 100
50 75
25 175
25 25
50 724
25 100
25 8720
50 8415
75 175
25 125
26 1797
25 25
25 75
50 150
25 26369
25 175
25 125
25 56646
25 150
50 175
25 1314
25 33562
50 1942
25 32398
293 203
50 25
25 3415
25 50
50 25
336 50
50 50
25 247
25 25
25 75
25 25
75 301
25 11632
25 225
50 24548
25 365
25 10363
75 50
25 75
50 50
75 160
25 125
25 100
25 150
100 50
25 125
25 440
25 18838
75 175
25 50
50 75
25 150
25 25
25 9759
25 4790
25 100
50 2503
25 50
75 382
25 100
50 150
25 25
25 12167
25 75
75 25
25 75
50 75
25 5084
25 50
75 626
25 152
25 1602
50 4127
25 3563
25 125
25 50
25 100
25 50
25 182
25 100
25 50
75 100
25 2161
25 50
25 250
25 100
25 75
25 300
179 100
25 75
25 100
50 37219
25 90
175 299
25 25
25 140
25 175
25 1678
25 9060
50 150
25 50
50 25
25 50
50 100
50 1656
25 50
25 175
25 175
25 150
25 200
100 75
75 300
50 2952
50 25
200 50
79 621
25 25
25 50
25 916
50 150
25 1254
25 50
75 75
25 9359
125 25
25 100
25 40263
50 7264
25 1968
225 25
75 175
25 50
25 25
25 75
25 5519
25 75
35 25
25 100
50 105
33 175
25 28466
50 10947
25 175
50 515
25 1612
25 250
25 10409
25 1016
54 50
25 75
25 5001
25 404
25 7986
25 75
25 25
25 225
25 100
25 25
50 275
50 78
25 3950
25 118473
50 10937
25 276
25 25
25 25
25 125
50 50
25 150
25 3070
50 25
75 2344
25 100
25 100
25 1394
25 75
25 50
50 65
75 25
25 25
75 25
25 31791
50 1970
50 548
25 4772
25 50
25 225
25 50
25 50
25 3655
25 16565
25 4009
25 4005
25 6015
25 13961
25 7511
25 11523
25 125
25 75
25 153
250 150
25 12648
25 100
50 75
25 3370
25 50
25 25
25 25
50 6049
25 75
25 275
50 5742
25 175
50 150
25 325
25 389
25 125
50 125
200 75
25 3569
25 4997
25 75
25 25
25 264
25 9961
50 25
125 4382
25 1734
50 150
25 100
50 10056
25 100
25 770
25 326
25 250
25 6900
50 48990
25 50
25 25
50 25
25 14287
50 276
50 25
25 50
50 25
50 7321
25 27422
25 39912
959 175
25 100
25 33648
25 34222
25 25
25 75
25 100
125 175
25 2341
25 150
25 16531
50 75
25 6465
25 33452
25 43
75 100
25 932
25 32677
25 50
314 178
25 25
25 50
75 50
50 50
75 25
50 75
75 50
25 226
25 25
25 4429
25 4538
25 1368
50 150
25 557
25 75
25 73647
25 21613
75 4190
50 150
25 175
100 25
25 701
25 326
50 12231
25 326
25 125
75 50
25 150
25 401
25 150
50 75
25 175
25 6191
25 41327
25 100
25 1306
25 25751
125 184
50 47009
50 50
25 75
125 131
100 50
25 175
25 50
25 147460
25 6192
50 100
225 50
50 25
25 75
25 79
25 5422
25 53392
25 26642
25 401
25 501
25 376
50 25
25 15906
25 150
25 225
26 401
50 104
50 2523
50 25
25 150
25 75
25 129
25 3601
25 100
50 175
25 50
25 100
25 1138
25 69593
25 2842
25 75
25 55
75 6319
25 75
50 50
50 40058
50 2630
25 75
25 34851
50 8431
25 300
50 25
25 90
25 125
100 50
25 50
25 5400
25 75
25 250
25 1383
25 75
25 129
25 150
25 9678
25 33214
50 3267
25 75
25 17373
25 50
50 175
25 200
25 1129
25 50
25 100
50 50
25 50
50 3301
25 50
25 150
25 225
175 378
25 50
25 411
25 8595
50 28
25 100
125 50
125 1053
25 25
25 49
25 75
25 71680
100 50
25 583
100 100
25 7562
25 16225
41 75
25 100
50 50
75 25
25 125
25 50
50 2367
25 100
25 25
25 50
100 175
25 20646
50 100
25 50
25 50
50 75
25 159
25 651
25 100
25 52205
25 50
50 31
25 412
50 175
50 63962
50 25
322 25
50 175
50 75
25 13146
50 107
25 100
25 25
25 25
75 1662
25 38145
75 9741
25 150
25 162
50 75
125 75
75 13497
100 2163
25 100
125 75
25 50
627 25
25 75
50 312
75 124
100 5427
75 1228
50 75
50 50
50 25
50 50
25 551
25 25
128 150
100 125
25 162
25 100
25 100
25 200
50 224
25 100
25 25
50 32036
25 50
25 50
25 25
25 33631
25 531
25 3158
25 30333
257 75
25 2456
50 18639
25 2896
25 150
25 25
50 200
25 275
75 350
50 11610
25 50
25 225
25 50
50 1919
25 25
25 75
25 175
25 3361
25 200
25 25
100 75
25 125
25 25
50 1179
50 166
25 100
25 125
25 50
50 75
25 200
100 25
25 75
25 150
25 75
25 175
50 50
25 100
25 2817
25 25
100 75
25 50
25 125
50 175
25 50
25 326
25 25
25 50
50 326
25 175
25 9251
25 25
25 716
25 100
25 175
25 75
175 1799
75 300
25 587
25 5855
411 1484
25 25
25 7664
25 50
25 977
25 3841
50 100
25 50
25 300
25 75
25 75
75 75
25 22858
25 25
25 25
100 25
25 100
50 2717
50 150
25 75
25 75
25 175
25 175
25 25
25 25
75 50
25 75
50 50
50 75
75 100
118 50
25 75
25 75
25 113376
100 494
50 125
25 150
50 1787
25 75
25 17074
25 50
25 75
50 88583
25 50
50 50
25 50
50 25
75 75
50 401
25 6304
25 945
25 75
25 2834
25 75
25 175
25 75
75 25
25 251
50 50
25 100
25 175
100 301
25 2128
25 150
25 25
50 125
25 2186
50 21689
250 6008
50 200
25 14577
50 25
25 3342
25 6065
25 150
50 50
25 351
50 75
25 643
25 150
25 376
176 225
25 1639
25 125
53 1400
50 5513
50 125
150 50
50 25
100 50
175 25
25 75
399 25
25 50
25 19272
25 75
25 50
25 16509
25 25
25 25
25 24172
25 75
25 150
25 75
25 726
25 200
75 50
60 794
75 100
125 75
25 25
25 9848
150 11583
50 100
25 25
50 25
25 50
25 75
25 125
25 75
50 25
25 50
25 150
50 25
25 50
25 25
25 25
100 50
25 452
25 50
50 150
50 200
25 25
25 175
25 620
25 204
25 200
25 25
25 1128
25 175
25 25
25 100
50 75
25 150
25 25
25 25
25 25
25 26784
25 10040
25 25
25 3457
50 75
25 6398
200 50
25 50
75 75
25 100
25 25
264 175
50 2959
25 22346
25 323
25 175
25 175
25 75
25 50
25 1083
175 50
25 250
25 50
50 25
25 75
50 106
25 433
226 125
50 20901
25 39
25 75
50 50
25 25
25 25
25 9826
75 3243
25 3605
3959 200
25 439
25 25
75 175
25 125
25 75
50 1200
25 50
25 50
25 125
25 2529
25 150
387 516
25 301
25 125
25 75
25 1540
25 50
50 125
75 24058
25 9022
150 25
25 75
75 22957
25 25
25 50
25 576
50 175
150 175
25 150
153 2143
25 50
50 942
25 50
568 25
25 75
25 25
25 75
25 50
50 75
50 175
25 5633
25 150
25 50
25 100
25 125
25 75
25 50
25 50
50 426
25 75
25 50
25 50
25 25
25 7823
125 2982
25 75
25 75
50 50
25 27488
75 50
50 25
25 150
25 25
50 50
25 1952
50 163
25 25
25 25
25 225
100 2701
392 150
25 75
75 275
50 25
25 25
25 25
25 25
50 175
25 175
25 25
25 512
25 75
50 2619
150 25
25 25
25 200
25 25
25 50
50 50
50 75
25 125
25 50
90 526
25 25
25 75
25 1093
25 88104
124 331
50 200
25 100
267 75
25 175
100 125
50 20311
50 361
25 326
25 820
50 8080
25 4844
25 5968
25 25
25 100
25 25
25 75
25 75
25 19236
25 50
25 75
25 2720
25 631
75 50
25 75
1831 50
25 155
25 125
25 75
25 10042
25 175
25 225
25 50
50 326
25 100
25 275
125 75
25 125
25 150
50 50
25 50
25 5440
25 75
25 100
25 125
25 48293
25 75
25 25
25 25
25 25
25 75
75 25
25 50
251 2497
25 25
25 25
25 25
25 1342
25 25
50 75
25 150
25 75
25 50
50 25
50 175
25 271
705 50
25 25
25 451
25 351
75 9615
25 175
25 75
50 75
50 41428
75 150
25 25
25 50
275 250
150 75
25 75
25 100
25 100
25 173
25 1135
25 200
25 50
25 1732
25 50
75 25
25 125
25 12752
150 43143
99 50
25 50
25 175
125 75
25 225
25 1438
25 200
25 50
25 28452
75 746
50 4751
25 275
25 50
25 25
25 32071
25 175
25 125
25 829
25 25
25 25
25 1549
50 50
25 150
25 75
25 50
33 50
25 60
25 1297
25 25
25 25
25 25
25 175
25 33864
25 3081
25 150
25 275
25 8229
25 3041
25 3171
50 100
25 275
75 75
75 75
50 25
25 25
75 200
75 352
25 7075
50 25
25 125
175 75
25 250
100 1835
25 25
25 785
50 269
75 100
25 75
50 878
25 213
100 829
25 40119
25 1521
25 75
25 85141
50 225
25 100
275 50
25 251
25 50
25 173
25 1883
25 25
25 125
25 30504
125 75
25 125
25 75
25 25
25 50
75 150
25 75
25 150
25 75
25 100
25 90
75 3485
25 100
25 496
25 208
100 75
50 25
50 129
50 100
25 75
25 50
25 23658
25 25
25 125
25 50
100 7380
25 50
50 3189
25 17108
25 25
25 64523
50 75
25 25177
75 25
25 50
25 100
25 50
125 3573
75 75
25 144
75 50
25 50
25 7309
175 150
25 125
50 50
25 6687
50 175
25 150
50 125
25 175
50 125
25 75
25 75
25 50
50 25
75 75
25 25
25 25
25 401
25 75
25 25
100 25
50 15946
105 150
50 75
50 1444
25 25
25 75
25 25
25 4090
496 873
206 50
25 13178
150 175
25 275
100 6590
25 225
25 37405
25 3993
125 75
25 25
75 732
25 125
25 1241
50 25
50 701
25 31673
25 150
478 8930
25 300
25 2969
50 50
50 1464
25 325
25 3181
25 50
25 25
100 118
25 75
50 25
25 75
25 75
25 5504
50 7862
50 276
25 75
25 50
25 250
25 7392
25 5584
25 25
25 7546
25 75
28 50
50 75
25 25
125 50
25 100
25 1511
25 125
25 75
25 75
25 779
25 50
25 250
25 125
25 250
75 64305
25 25
50 3758
50 87148
25 701
25 50
50 16404
25 25
25 25
25 25
25 123532
25 200
50 175
75 9189
25 25
25 225
25 3025
100 75
50 21298
25 301
50 7425
75 100
25 434
25 6799
25 75
50 75
75 15409
25 100
27 25
25 451
25 426
25 17796
50 10075
50 2398
25 173
50 75
50 125
50 25
25 7977
25 86
75 32041
200 125
25 25
75 50
25 75
50 2049
25 1631
25 289
50 178
25 9756
87 175
25 75
75 25
25 75
25 100
25 8055
25 25
86 821
25 75
125 125
25 359
25 25
25 50
75 75
50 52958
25 175
50 200
25 150
30 75
25 75
50 25
32 25
25 50
25 200
25 175
75 25
25 50
25 13031
50 50
25 2188
25 250
25 6294
25 1048
50 526
25 27471
25 50
50 125
25 25
50 175
25 75
25 13952
25 735
25 100
50 100
25 125
25 150
50 150
50 77
25 1184
159 14521
50 783
175 936
25 1407
25 175
25 2986
25 19842
25 75
188 150
25 107
25 15298
25 150
50 7317
25 125
25 50
75 24900
25 150
25 25
25 125
25 1644
25 9089
4508 7202
25 394
25 2085
25 100
25 25
25 75
25 75
25 2119
25 175
25 25
25 25
25 15730
25 50
50 880
75 175
25 667
25 75
25 25
25 225
374 100
25 26927
50 25
25 175
50 50
75 981
25 50
125 726
25 2265
25 43955
50 526
50 2208
50 175
25 25
25 55624
50 9357
25 25
50 200
25 9300
25 50
25 25
175 75
25 43592
25 159
25 175
25 75
50 2182
25 307
25 107
25 1934
75 75
25 75
199 20126
25 25
50 150
25 350
50 17057
25 1597
50 175
25 952
29 27609
25 100
25 25
50 25
25 75
75 57079
25 2164
25 344
25 676
25 15171
25 1910
25 840
75 75
50 75
25 25
25 151420
25 75
50 50
25 50
25 40023
25 125
25 6163
50 16266
117 175
25 6816
50 10527
125 43980
25 72214
25 50
25 11110
25 125
25 6154
25 175
25 863
25 25
100 75
25 25
100 100
25 50
50 250
25 75
25 85180
175 75
25 5091
25 200
75 125
25 149
25 125
25 8168
25 3332
25 100
100 25
453 100
143 26241
25 3836
25 50
75 75
25 25
25 25
25 100
75 576
25 75
75 175
25 1563
75 2337
150 75
25 75
25 33782
50 100
25 61294
25 75
50 150
25 25
50 25
50 25
25 75
25 53415
25 1269
25 250
25 2636
25 3553
25 25
25 175
75 125
75 50
25 100
25 375
25 16576
50 4175
25 75
25 25
25 1177
100 25
25 25
50 347
25 100
150 576
25 15510
25 75
125 23751
50 274
25 100
25 25
25 40004
25 50
25 75
25 6261
194 92
25 175
25 50
50 75
125 2358
50 83590
25 651
25 1811
25 1625
25 1255
50 1195
25 1938
25 4544
102 75
50 51714
25 175
50 75
387 50
25 4735
50 25
75 175
25 3491
50 50
175 110
50 75
25 125
25 5074
50 75
100 25
25 175
25 50
50 25
25 100
50 150
25 75
25 2004
25 34019
50 50
25 75
175 71841
25 3197
25 50
25 623
75 376
50 125
25 18494
25 25
57 100
25 100
50 6015
25 59
25 50
25 50
25 25
25 25
25 326
25 50
50 150
50 100
50 61738
25 25
25 75
50 50
75 75
25 100
25 10814
50 2261
25 50
25 34439
25 638
25 25
100 325
25 50
25 50
25 100
25 25
25 12295
75 150
25 75
25 125
25 4214
25 75
25 67
50 1991
50 32980
25 4173
125 28701
125 2982
25 75
25 75
25 100
50 2792
25 505
25 25
50 25
25 526
50 25
50 1107
75 25
25 100
25 300
25 22979
50 9728
25 50
25 859
25 8718
50 25
25 75
25 1293
100 75
50 75
25 1132
50 25
25 501
50 239
75 50
50 150
50 10633
100 50
25 6117
75 50
50 3209
25 75
25 1951
25 50
75 6876
25 16823
50 26098
25 28
75 1105
25 50
25 1693
25 25
25 190
25 175
25 50
25 25
25 75
25 75
25 1968
25 882
25 827
25 50
25 175
25 200
25 126
25 50
50 25
75 75
50 100
50 50
25 50
25 8005
25 50
25 75
25 17174
75 7727
25 150
25 11081
75 1393
25 100
25 100
50 20068
25 175
25 17977
25 175
25 75
50 50
25 75
25 1146
25 200
25 114750
25 8727
25 75
25 50
25 150
50 75
250 11196
221 50
25 51835
50 125
25 235
25 25
25 75
25 125
25 25
25 125
25 25
25 25
25 150
25 401
50 150
25 328
25 3116
25 75
25 125
25 25
25 50
25 25
100 50
50 16098
25 67
25 21571
25 50
50 175
25 48
25 351
75 25
25 125
25 75
25 50
25 50
25 50
50 25
50 50
25 1095
25 25
25 375
100 1665
25 75
25 32
125 50
25 175
25 100
25 25
75 44611
25 100
25 100
25 100
25 50
25 50
25 4912
25 156
75 75
25 25
25 4357
166 18008
25 25
25 75
25 482
25 100
25 25
25 12955
50 143705
25 16426
25 75
125 75
25 175
50 75
25 1103
25 1305
25 75
25 25
25 50
25 100
75 4233
75 17146
25 1726
25 29973
25 75
25 13623
50 75
25 100
25 216
34 75
25 75
75 7076
25 100
50 50
25 1310
50 75
25 25
50 50
25 1065
25 51
50 50
267 10150
75 25
25 25
25 125
25 75
25 21976
25 25
25 100
25 75
50 502
50 25
25 85
25 156
25 50
50 526
390 4903
25 426
25 25
25 50
125 25
25 275
50 125
50 7243
50 26398
25 25
25 100
25 50
25 3307
25 250
50 225
200 200
75 75
25 75
50 100
25 87470
25 75
25 1436
50 75
25 425
25 752
25 390
125 7629
25 66
25 25
25 41
25 75
25 50
25 50
25 7091
50 25
25 5677
25 100
25 50
25 50
50 156
25 50
50 125
25 25
50 75
50 75
50 100
75 25
25 50
100 5110
25 200
25 38442
100 50
100 4273
25 125
25 50
25 25
25 75
25 150
782 813
25 25
25 50
25 343
50 25
25 75
25 67479
351 401
75 52596
75 174
25 175
25 820
25 25
25 150
25 26399
25 25
75 200
50 50
50 8123
50 50
50 2627
25 50
50 33332
25 50
25 37405
25 50
391 870
27 3518
25 6767
25 5115
50 25
25 70643
25 25
25 25
50 25
50 425
25 50
25 10313
25 150
25 275
25 2632
25 50
50 12093
27 895
25 25
50 1252
25 125
25 100
100 50
25 25
25 25
25 25
25 50
50 3977
175 100
50 1828
75 25
175 100
75 5080
50 25
829 50
25 386
25 100
25 125
150 13183
50 225
25 100
25 175
25 100
25 25
50 175
25 20588
25 50
50 25
50 125
25 313
25 75
25 150
50 125
25 182
25 50
50 25
25 781
25 5166
50 50
25 100
50 110187
25 100
243 50
50 6100
25 50
25 125
25 158
50 42668
25 50
125 75
100 274
25 50
25 100
25 125
25 50
50 25
25 269
25 50
50 150
25 50
25 25
25 50
25 75
50 75
50 10725
25 25
25 75
75 150
50 175
25 10313
25 30359
75 50
25 125
50 2701
25 25
25 100
75 275
100 75
25 426
25 200
50 75
25 50
25 25
25 7373
50 175
25 75
25 2114
50 105
25 50
25 25
25 225
50 9796
100 100
30 21141
25 25
25 175
100 25
25 250
25 150
100 626
125 9022
25 175
50 50
25 100
25 225
50 25
25 1318
50 626
50 50
25 75
25 307
25 75
25 875
25 75
75 50
25 175
25 25
75 175
25 538
50 25
75 25
25 50
75 3320
25 29
25 100
50 50
25 1105
25 50
50 175
25 50
25 150
25 275
50 50
50 50
50 2261
25 25
25 300
25 50
25 125
25 715
25 25
25 150
150 175
50 175
25 25
25 50
25 30
25 75
25 25
50 75
50 50
75 25
25 25
50 9929
25 30912
25 175
75 50
75 11220
25 150
25 150
175 274
25 601
25 651
150 25
50 100
25 50
25 50
50 50
50 75
25 50
100 9757
25 25
25 1412
50 150
100 151
50 25
25 85620
25 10629
50 75
25 2338
50 58377
25 25
25 50
25 2239
25 150
25 75
25 100
25 25
25 75
25 401
25 50
50 50
25 50
50 50
25 5572
50 50
25 75
25 75
50 698
50 1024
25 182
25 80
25 50
25 21674
50 150
25 2316
25 2228
25 75
25 526
25 25
25 1261
100 150
75 125
25 275
25 19626
25 492
25 484
25 275
25 100
25 50
50 75
25 50
50 75
25 15380
25 401
50 50
25 70387
50 726
25 125
25 924
25 150
25 100
25 179
50 50
100 3972
50 174
25 176
50 251
25 150
25 25
25 100
50 25
50 5833
25 75
25 25579
25 25
331 352
25 1666
150 50
25 25
25 100
50 75
100 25
25 175
25 3224
25 11969
25 50
25 50
25 175
25 16628
100 150
175 42810
250 12887
25 75
25 75
25 50
25 2327
50 100
25 3918
25 75
25 50
25 14072
50 75
25 10623
25 50
50 50
25 25
25 150
25 251
125 25
25 6490
25 200
25 100
50 75
25 175
25 25
25 25
25 150
25 25
50 200
25 11954
25 9005
25 125
150 52
50 75
75 50
25 200
25 4754
25 50
75 50
100 2189
50 50
25 50
25 75
50 376
25 38
25 150
25 105991
25 601
25 50
25 75
25 147
125 125
25 50
25 52
100 50
150 391
25 36333
939 50
50 100
25 25
75 50
75 175
50 25
50 100
25 150
50 50
150 6199
50 401
25 27866
25 239
25 458
25 75
55 50
75 25
25 73
50 50
25 376
25 9358
50 50
25 70
283 25
231 200
25 75
225 376
25 25
25 175
25 2927
25 125
25 175
25 7832
100 25
50 100
2872 25
25 75
25 501
25 20487
25 150
25 75
25 276
50 6893
25 75
25 6456
25 22718
50 75
25 50
75 75
50 21892
50 75
75 25
50 31693
25 75
25 10279
25 25
50 50
25 100
50 100
75 150
25 2961
50 35939
25 100
64 175
125 125
25 200
25 325
25 25
25 125
25 75
25 5925
50 50
50 75
25 50
25 906
25 1615
25 50
25 20715
25 175
25 668
25 25
25 75
25 50
50 153
25 48277
50 800
25 25
25 100
50 175
25 50
25 226
25 100
25 25
25 175
25 13933
25 326
25 50
125 25
25 5551
25 1060
50 3746
25 125
25 50
25 7759
25 162
50 9996
25 6008
25 50
100 25
25 2148
25 25
175 11457
50 50
75 25
25 75
25 75
25 10824
50 175
25 75
27 45258
50 43244
25 1210
25 75
25 136
25 501
25 75
25 75
25 18384
25 200
75 18013
100 75
100 25
50 275
25 21039
50 20999
25 125
25 250
25 838
